id,name,Status,5K_cum,10K_cum,15K_cum,20K_cum,25K_cum,30K_cum,35K_cum,40K_cum,split_5K_to_10K,split_10K_to_15K,split_15K_to_20K,split_20K_to_25K,split_25K_to_30K,split_30K_to_35K,split_35K_to_40K
26599,"Hayle, Lemi Berhanu",elite,947,1880,2827,3794,4755,5657,6624,7559,933,947,967,961,902,967,935
26600,"Desisa, Lelisa",elite,947,1881,2828,3794,4755,5657,6624,7559,934,947,966,961,902,967,935
26601,"Tsegay, Yemane Adhane",elite,946,1880,2827,3793,4755,5685,6648,7607,934,947,966,962,930,963,959
26602,"Korir, Wesley",elite,946,1881,2827,3794,4756,5685,6648,7607,935,946,967,962,929,963,959
26603,"Lonyangata, Paul",elite,946,1881,2828,3794,4758,5686,6690,7691,935,947,966,964,928,1004,1001
26604,"Kitwara, Sammy",elite,946,1881,2828,3794,4757,5703,6739,7747,935,947,966,963,946,1036,1008
26605,"Chebogut, Stephen",elite,947,1881,2827,3794,4766,5685,6649,7692,934,946,967,972,919,964,1043
26606,"Nageeye, Abdi",elite,947,1881,2828,3795,4756,5692,6684,7718,934,947,967,961,936,992,1034
26607,"Feleke, Getu",elite,946,1880,2827,3793,4757,5739,6832,7857,934,947,966,964,982,1093,1025
26608,"Hine, Zachary",elite,963,1928,2894,3865,4838,5846,6886,7967,965,966,971,973,1008,1040,1081
26609,"Nyasango, Cutbert",elite,947,1881,2828,3794,4757,5709,6790,7908,934,947,966,963,952,1081,1118
26610,"Mekonnen, Tsegaye",elite,946,1880,2827,3794,4755,5716,6879,8063,934,947,967,961,961,1163,1184
26611,"Burrell, Ian",elite,954,1907,2873,3884,4905,5964,7022,8079,953,966,1011,1021,1059,1058,1057
26612,"Kiprop, Jackson",elite,946,1880,2826,3793,4755,5708,6824,8073,934,946,967,962,953,1116,1249
26613,"Okuti, Harbert",elite,953,1920,2903,3911,4936,5985,7072,8182,967,983,1008,1025,1049,1087,1110
26614,"Da Silva, Solonei",elite,946,1880,2828,3794,4806,5864,7026,8189,934,948,966,1012,1058,1162,1163
26615,"Wells, Clint",elite,986,1972,2970,3989,5022,6078,7156,8211,986,998,1019,1033,1056,1078,1055
26616,"Kamijo, Norio",elite,947,1882,2828,3795,4778,5860,7027,8226,935,946,967,983,1082,1167,1199
26617,"Igarashi, Shingo",elite,1016,1900,2926,3962,5000,6092,7215,8299,884,1026,1036,1038,1092,1123,1084
26618,"Kipyego, Michael",elite,947,1881,2828,3794,4781,5845,7059,8271,934,947,966,987,1064,1214,1212
26619,"Williams, Andy",elite,981,1983,3017,4074,5123,6203,7305,8364,1002,1034,1057,1049,1080,1102,1059
26620,"Boudalia, Said Sr.",elite,981,1971,2970,4010,5063,6156,7270,8373,990,999,1040,1053,1093,1114,1103
26621,"Carpenter, Joseph K",elite,1024,2052,3079,4120,5159,6222,7311,8396,1028,1027,1041,1039,1063,1089,1085
26622,"Eustance, Tyler J.",elite,1006,2019,3056,4098,5134,6217,7320,8399,1013,1037,1042,1036,1083,1103,1079
26623,"Sanabria, Alvaro",elite,951,1918,2900,3907,4901,5967,7153,8354,967,982,1007,994,1066,1186,1201
26624,"Maravilla, Jorge",elite,1032,2059,3086,4128,5166,6229,7324,8427,1027,1027,1042,1038,1063,1095,1103
26625,"Ikeda, Mahoro",elite,1007,1920,2904,3921,4958,6042,7216,8402,913,984,1017,1037,1084,1174,1186
26626,"Villescas, Dylan M",elite,1045,2079,3111,4145,5170,6261,7386,8467,1034,1032,1034,1025,1091,1125,1081
26627,"Baysa, Atsede",elite,1102,2181,3239,4304,5357,6418,7506,8509,1079,1058,1065,1053,1061,1088,1003
26628,"Ornelas, Zachary",elite,1002,1998,3017,4057,5102,6187,7298,8435,996,1019,1040,1045,1085,1111,1137
26629,"Bromka, Peter M",elite,1036,2080,3141,4205,5256,6322,7408,8480,1044,1061,1064,1051,1066,1086,1072
26630,"Coon, Craig R.",elite,1056,2085,3126,4171,5208,6283,7393,8486,1029,1041,1045,1037,1075,1110,1093
26631,"Tsegaye, Tirfi",elite,1102,2181,3240,4305,5353,6392,7469,8516,1079,1059,1065,1048,1039,1077,1047
26632,"Wolfe, Brandon T.",elite,1043,2094,3138,4187,5251,6345,7454,8543,1051,1044,1049,1064,1094,1109,1089
26633,"Bond, Robert J.",elite,1032,2080,3139,4201,5259,6327,7431,8525,1048,1059,1062,1058,1068,1104,1094
26634,"Chepkirui, Joyce",elite,1102,2181,3240,4305,5353,6393,7469,8539,1079,1059,1065,1048,1040,1076,1070
26635,"Fiz, Martin",elite,1021,2060,3088,4167,5242,6353,7479,8564,1039,1028,1079,1075,1111,1126,1085
26636,"Reaves, Patrick",elite,1032,2095,3137,4200,5252,6320,7424,8544,1063,1042,1063,1052,1068,1104,1120
26637,"Ash, Alan",elite,1091,2166,3249,4332,5406,6491,7576,8617,1075,1083,1083,1074,1085,1085,1041
26638,"Mckay, David R.",elite,1047,2094,3146,4208,5272,6375,7497,8601,1047,1052,1062,1064,1103,1122,1104
26639,"Wardian, Michael",elite,1006,2024,3069,4123,5179,6288,7433,8573,1018,1045,1054,1056,1109,1145,1140
26640,"Wakimoto, Yuji",elite,1032,2081,3140,4202,5275,6396,7530,8630,1049,1059,1062,1073,1121,1134,1100
26641,"Joyce, Jonathan",elite,1025,2053,3081,4143,5238,6367,7500,8620,1028,1028,1062,1095,1129,1133,1120
26642,"Prokopcuka, Jelena",elite,1102,2182,3249,4329,5399,6481,7592,8675,1080,1067,1080,1070,1082,1111,1083
26643,"Leuchanka, Aliaksandr",elite,989,2003,3041,4090,5150,6293,7473,8643,1014,1038,1049,1060,1143,1180,1170
26644,"Ayr, Jason M.",elite,1063,2127,3187,4245,5301,6387,7493,8637,1064,1060,1058,1056,1086,1106,1144
26645,"Guillen, Ramiro C.",elite,999,2001,3017,4076,5160,6289,7444,8634,1002,1016,1059,1084,1129,1155,1190
26647,"Kipketer, Valentine",elite,1102,2181,3239,4304,5352,6393,7470,8637,1079,1058,1065,1048,1041,1077,1167
26648,"Vangampleare, Stephen",elite,1063,2133,3196,4270,5348,6451,7566,8727,1070,1063,1074,1078,1103,1115,1161
26649,"Mauro, Alex A.",elite,1035,2073,3133,4199,5265,6358,7498,8675,1038,1060,1066,1066,1093,1140,1177
26650,"Turner, Wesley C",elite,1025,2048,3080,4123,5183,6297,7470,8655,1023,1032,1043,1060,1114,1173,1185
26651,"Daniel, Flomena Cheyech",elite,1102,2181,3240,4305,5353,6394,7519,8689,1079,1059,1065,1048,1041,1125,1170
26652,"Arnald, Scott",elite,1078,2158,3245,4334,5420,6542,7667,8757,1080,1087,1089,1086,1122,1125,1090
26653,"O'Leary, Brendon P.",elite,1028,2064,3131,4221,5307,6448,7598,8730,1036,1067,1090,1086,1141,1150,1132
26654,"Deba, Buzunesh",elite,1102,2180,3240,4304,5368,6450,7623,8730,1078,1060,1064,1064,1082,1173,1107
26656,"Jackson, Jonathan",elite,1016,2027,3066,4120,5183,6304,7485,8695,1011,1039,1054,1063,1121,1181,1210
26657,"Larson, Kyle",elite,1028,2066,3122,4189,5283,6413,7572,8741,1038,1056,1067,1094,1130,1159,1169
26658,"Fellows, Donovan",elite,1079,2175,3269,4365,5446,6550,7670,8774,1096,1094,1096,1081,1104,1120,1104
26659,"Madrid, Javier",elite,977,1986,2995,4020,5036,6117,7268,8628,1009,1009,1025,1016,1081,1151,1360
26660,"Klecker, Jack",elite,1084,2169,3253,4346,5433,6541,7663,8757,1085,1084,1093,1087,1108,1122,1094
26661,"Mercier, Christian",elite,999,2025,3082,4181,5283,6452,7640,8765,1026,1057,1099,1102,1169,1188,1125
26662,"Kowalski, Justin",elite,1107,2217,3311,4404,5485,6572,7694,8789,1110,1094,1093,1081,1087,1122,1095
26663,"Tola, Fate",elite,1102,2181,3240,4305,5360,6460,7610,8749,1079,1059,1065,1055,1100,1150,1139
26664,"Brigham, John M.",elite,1028,2067,3121,4194,5249,6382,7569,8784,1039,1054,1073,1055,1133,1187,1215
26665,"Briskman, Jonathan",elite,1035,2073,3134,4200,5266,6388,7570,8761,1038,1061,1066,1066,1122,1182,1191
26666,"Bedoya, David",elite,1013,2033,3075,4129,5270,6478,7653,8796,1020,1042,1054,1141,1208,1175,1143
26667,"Spence Gracey, Neely",elite,1102,2181,3264,4379,5495,6630,7764,8835,1079,1083,1115,1116,1135,1134,1071
26668,"Kaiser, Ryan",elite,1104,2195,3291,4392,5487,6587,7712,8819,1091,1096,1101,1095,1100,1125,1107
26669,"Valenzona, Damon",elite,1058,2117,3180,4266,5373,6513,7661,8806,1059,1063,1086,1107,1140,1148,1145
26670,"Goodfellow, Kenny M.",elite,1058,2115,3179,4229,5293,6393,7575,8792,1057,1064,1050,1064,1100,1182,1217
26671,"Van Veen, Jeremy",elite,1028,2050,3078,4160,5265,6428,7624,8805,1022,1028,1082,1105,1163,1196,1181
26672,"Macdonald, Adrian",elite,1056,2114,3184,4272,5369,6516,7692,8829,1058,1070,1088,1097,1147,1176,1137
26673,"Hutson, Greg",elite,993,2009,3046,4122,5218,6389,7601,8790,1016,1037,1076,1096,1171,1212,1189
26674,"Stein, Russell",elite,1067,2127,3190,4266,5338,6474,7636,8818,1060,1063,1076,1072,1136,1162,1182
26675,"Kasperski, Jake M",elite,1024,2065,3128,4216,5320,6473,7646,8823,1041,1063,1088,1104,1153,1173,1177
26676,"Martin, Dustin Q.",elite,1074,2151,3242,4328,5407,6507,7629,8801,1077,1091,1086,1079,1100,1122,1172
26677,"Liebl, Gregory",elite,1109,2206,3303,4404,5515,6647,7782,8892,1097,1097,1101,1111,1132,1135,1110
26678,"Davies, Geraint H",elite,1055,2111,3171,4239,5316,6506,7682,8845,1056,1060,1068,1077,1190,1176,1163
26679,"Hurtado, Oswaldo",elite,1056,2124,3221,4337,5442,6569,7727,8847,1068,1097,1116,1105,1127,1158,1120
26680,"Aitken, Miles",elite,1074,2162,3263,4392,5494,6631,7770,8883,1088,1101,1129,1102,1137,1139,1113
26681,"Merkle, Israel",elite,1024,2063,3127,4231,5364,6526,7700,8864,1039,1064,1104,1133,1162,1174,1164
26682,"Ohara, Chip",elite,1001,2032,3104,4216,5326,6509,7700,8866,1031,1072,1112,1110,1183,1191,1166
26683,"Hanson, Erik",elite,1015,2045,3113,4214,5344,6522,7739,8894,1030,1068,1101,1130,1178,1217,1155
26684,"Donovan, Ryan",elite,1061,2112,3172,4261,5365,6528,7725,8907,1051,1060,1089,1104,1163,1197,1182
26685,"Engtrakul, Chaiwat",elite,1085,2181,3286,4397,5513,6659,7811,8931,1096,1105,1111,1116,1146,1152,1120
26686,"Ratliff, Chase A.",elite,1068,2146,3234,4323,5387,6498,7671,8873,1078,1088,1089,1064,1111,1173,1202
26687,"Madison, Andrew J",elite,1032,2058,3109,4176,5266,6408,7614,8873,1026,1051,1067,1090,1142,1206,1259
26688,"Blas, Wayne",elite,1063,2136,3215,4299,5377,6505,7720,8935,1073,1079,1084,1078,1128,1215,1215
26690,"Neill, Ian",elite,1039,2096,3162,4244,5330,6480,7676,8904,1057,1066,1082,1086,1150,1196,1228
26691,"Sprieser, Steven",elite,1088,2190,3298,4398,5503,6645,7813,8951,1102,1108,1100,1105,1142,1168,1138
26692,"Daska, Mamitu",elite,1102,2180,3240,4305,5374,6493,7724,8925,1078,1060,1065,1069,1119,1231,1201
26693,"Simpson, Jason M.",elite,954,1921,2923,3962,5049,6265,7516,8850,967,1002,1039,1087,1216,1251,1334
26694,"Burdick, Brett S",elite,1083,2189,3301,4411,5511,6643,7811,8955,1106,1112,1110,1100,1132,1168,1144
26695,"Crouch, Sarah",elite,1102,2181,3264,4380,5495,6630,7779,8938,1079,1083,1116,1115,1135,1149,1159
26696,"Zhou, Fan",elite,1093,2200,3313,4426,5537,6671,7828,8965,1107,1113,1113,1111,1134,1157,1137
26697,"Steidl, Ulrich",elite,999,2037,3113,4217,5336,6521,7759,8949,1038,1076,1104,1119,1185,1238,1190
26698,"Hartshorn, Chris",elite,1053,2111,3192,4297,5411,6568,7761,8934,1058,1081,1105,1114,1157,1193,1173
26699,"Doan, Conor R",elite,1058,2119,3180,4252,5341,6503,7735,8924,1061,1061,1072,1089,1162,1232,1189
26700,"Ritchie, Tom",elite,1107,2183,3257,4345,5449,6593,7797,8970,1076,1074,1088,1104,1144,1204,1173
26701,"O'Leary, Paddy",elite,1115,2228,3331,4449,5557,6694,7848,8961,1113,1103,1118,1108,1137,1154,1113
26702,"Schneider, Ben",elite,1041,2102,3185,4308,5448,6637,7830,8994,1061,1083,1123,1140,1189,1193,1164
26703,"Yitref, Gedion",elite,1113,2226,3343,4465,5579,6703,7807,8951,1113,1117,1122,1114,1124,1104,1144
26704,"Metzger, David",elite,1036,2093,3157,4243,5349,6511,7694,8958,1057,1064,1086,1106,1162,1183,1264
26705,"Hallman, Stephen",elite,1044,2106,3174,4251,5335,6493,7702,8936,1062,1068,1077,1084,1158,1209,1234
26706,"Harmon, Christopher A.",elite,1059,2120,3176,4244,5321,6451,7669,8937,1061,1056,1068,1077,1130,1218,1268
26707,"Allen, Scott T",elite,1098,2203,3320,4443,5565,6728,7904,9024,1105,1117,1123,1122,1163,1176,1120
26708,"Williams, Evan D",elite,1142,2255,3362,4475,5597,6741,7887,9001,1113,1107,1113,1122,1144,1146,1114
26709,"Brandt, Jaiden L.",elite,1033,2049,3090,4152,5218,6370,7610,8904,1016,1041,1062,1066,1152,1240,1294
26710,"Klapper, Jeremy A",elite,1106,2216,3334,4462,5593,6745,7910,9018,1110,1118,1128,1131,1152,1165,1108
26711,"Chernikoff, Facundo",elite,1103,2197,3294,4394,5491,6614,7785,8969,1094,1097,1100,1097,1123,1171,1184
26712,"Whitlow, Dustin M.",elite,1083,2157,3232,4297,5365,6474,7672,8903,1074,1075,1065,1068,1109,1198,1231
26713,"Hyland, Sean P.",elite,1091,2179,3275,4388,5513,6642,7832,9017,1088,1096,1113,1125,1129,1190,1185
26714,"Schneider, Brent",elite,1066,2144,3256,4378,5494,6669,7868,9038,1078,1112,1122,1116,1175,1199,1170
26715,"McGrath, Colin",elite,1094,2199,3311,4421,5533,6702,7902,9028,1105,1112,1110,1112,1169,1200,1126
26716,"La Gerche, Andre",elite,1057,2122,3193,4284,5381,6547,7776,8988,1065,1071,1091,1097,1166,1229,1212
26717,"Skurski, Joseph",elite,1074,2164,3263,4383,5492,6628,7813,9007,1090,1099,1120,1109,1136,1185,1194
26718,"Tribble, Graham",elite,1001,2029,3071,4114,5157,6287,7580,8966,1028,1042,1043,1043,1130,1293,1386
26719,"Mocko, Chris",elite,1029,2075,3132,4223,5316,6500,7738,9000,1046,1057,1091,1093,1184,1238,1262
26720,"Venable, Bronson",elite,1164,2290,3408,4548,5636,6728,7842,9013,1126,1118,1140,1088,1092,1114,1171
26721,"Shimokado, Miharu",elite,1102,2182,3264,4379,5511,6678,7897,9056,1080,1082,1115,1132,1167,1219,1159
26722,"Bedbury, Nicholas",elite,1025,2070,3133,4238,5368,6548,7785,9029,1045,1063,1105,1130,1180,1237,1244
26723,"Schram, Michael T.",elite,1183,2284,3384,4481,5584,6727,7897,9054,1101,1100,1097,1103,1143,1170,1157
26724,"Beriso, Amane",elite,1103,2181,3240,4305,5357,6539,7830,9052,1078,1059,1065,1052,1182,1291,1222
26725,"Logsdon, Cory",elite,1038,2085,3157,4279,5420,6628,7847,9063,1047,1072,1122,1141,1208,1219,1216
26726,"Norris, Kyle",elite,1086,2173,3269,4382,5507,6692,7895,9095,1087,1096,1113,1125,1185,1203,1200
26727,"Novak, Miroslav",elite,1084,2185,3299,4416,5547,6730,7918,9077,1101,1114,1117,1131,1183,1188,1159
26728,"Snoberger, William D",elite,1078,2164,3252,4351,5462,6636,7870,9060,1086,1088,1099,1111,1174,1234,1190
26729,"Pliska, Kenneth",elite,1072,2153,3266,4394,5528,6703,7900,9080,1081,1113,1128,1134,1175,1197,1180
26730,"Barrows, Michael",elite,1105,2197,3300,4403,5502,6662,7865,9052,1092,1103,1103,1099,1160,1203,1187
26731,"Hayashi, Kunihiko",elite,1105,2225,3337,4455,5585,6726,7895,9081,1120,1112,1118,1130,1141,1169,1186
26732,"Boyce, Mark R.",elite,1101,2184,3291,4400,5515,6675,7912,9089,1083,1107,1109,1115,1160,1237,1177
26733,"Pearson, Neil F.",elite,1030,2081,3151,4236,5375,6583,7859,9073,1051,1070,1085,1139,1208,1276,1214
26734,"Maisey, Josh",elite,1084,2189,3287,4397,5508,6666,7866,9061,1105,1098,1110,1111,1158,1200,1195
26735,"Timko, Kyle",elite,1081,2179,3280,4403,5532,6709,7919,9097,1098,1101,1123,1129,1177,1210,1178
26736,"Schorr, Ari",elite,1059,2133,3233,4342,5473,6658,7880,9088,1074,1100,1109,1131,1185,1222,1208
26737,"Takeda, Nobuyori",elite,1086,2191,3310,4434,5570,6754,7954,9122,1105,1119,1124,1136,1184,1200,1168
26738,"Zelazny, Derek J",elite,1117,2219,3321,4427,5537,6695,7892,9100,1102,1102,1106,1110,1158,1197,1208
26739,"Darda, Joseph",elite,1057,2115,3179,4280,5417,6617,7841,9094,1058,1064,1101,1137,1200,1224,1253
26740,"Chaisson, Stan",elite,1099,2211,3325,4440,5552,6703,7891,9084,1112,1114,1115,1112,1151,1188,1193
26741,"Segura, Mario M",elite,1085,2182,3281,4383,5495,6656,7864,9066,1097,1099,1102,1112,1161,1208,1202
26742,"Jorgensen, Blake A",elite,1067,2110,3180,4385,5497,6683,7927,9143,1043,1070,1205,1112,1186,1244,1216
26743,"Goldsby, Thomas J.",elite,1077,2175,3286,4422,5549,6725,7939,9124,1098,1111,1136,1127,1176,1214,1185
26744,"Kuehler, Jon",elite,1121,2235,3348,4479,5608,6774,7954,9138,1114,1113,1131,1129,1166,1180,1184
26745,"Salas, Eduardo",elite,1158,2271,3378,4502,5620,6789,7970,9141,1113,1107,1124,1118,1169,1181,1171
26746,"Truesdell, Carson W",elite,1025,2052,3079,4122,5215,6412,7632,9055,1027,1027,1043,1093,1197,1220,1423
26747,"Lutz, Zachary A",elite,1114,2225,3339,4460,5563,6720,7936,9131,1111,1114,1121,1103,1157,1216,1195
26748,"Jones, Mark",elite,1196,2317,3422,4539,5658,6811,7981,9142,1121,1105,1117,1119,1153,1170,1161
26749,"Enke, Jacob J.",elite,1122,2254,3383,4512,5628,6786,7976,9148,1132,1129,1129,1116,1158,1190,1172
26750,"Halme, Tomi",elite,1040,2107,3197,4329,5485,6676,7916,9128,1067,1090,1132,1156,1191,1240,1212
26751,"King, Justin G",elite,1097,2193,3296,4404,5514,6647,7855,9093,1096,1103,1108,1110,1133,1208,1238
26752,"Appman, William D Jr.",elite,1101,2193,3291,4394,5509,6657,7887,9097,1092,1098,1103,1115,1148,1230,1210
26753,"Croker, Nick",elite,1067,2150,3243,4350,5475,6642,7865,9095,1083,1093,1107,1125,1167,1223,1230
26754,"Alban, Bradley",elite,1079,2158,3247,4337,5444,6602,7839,9100,1079,1089,1090,1107,1158,1237,1261
26755,"Keyserling, Kaleb",elite,1053,2111,3180,4283,5409,6599,7866,9133,1058,1069,1103,1126,1190,1267,1267
26756,"Guzick, William F.",elite,1084,2169,3259,4359,5453,6604,7817,9095,1085,1090,1100,1094,1151,1213,1278
26757,"Gilbert, Mitchell",elite,1095,2202,3315,4427,5528,6671,7898,9137,1107,1113,1112,1101,1143,1227,1239
26758,"Cater-Cyker, Zach",elite,1107,2214,3328,4452,5564,6735,7961,9180,1107,1114,1124,1112,1171,1226,1219
26759,"Marks, Kyle",elite,1039,2097,3163,4267,5414,6727,7997,9171,1058,1066,1104,1147,1313,1270,1174
26760,"Huberty, Bryan",elite,1028,2070,3130,4208,5339,6514,7812,9155,1042,1060,1078,1131,1175,1298,1343
26761,"Christiansen, Hugh E",elite,1097,2211,3335,4466,5594,6763,7960,9157,1114,1124,1131,1128,1169,1197,1197
26762,"Pierce, Douglas",elite,1122,2230,3346,4482,5619,6795,8010,9203,1108,1116,1136,1137,1176,1215,1193
26763,"Veldt, Luke Nate",elite,1080,2152,3261,4389,5551,6782,8013,9201,1072,1109,1128,1162,1231,1231,1188
26764,"Horn, Michael",elite,1107,2204,3297,4393,5484,6623,7820,9108,1097,1093,1096,1091,1139,1197,1288
26765,"Schnitter, Joseph M.",elite,1141,2272,3415,4574,5713,6880,8062,9221,1131,1143,1159,1139,1167,1182,1159
26766,"Stadolnik, Michael",elite,1079,2161,3266,4404,5561,6774,8004,9194,1082,1105,1138,1157,1213,1230,1190
26767,"Girard, Mathieu",elite,1125,2240,3369,4515,5651,6827,8025,9198,1115,1129,1146,1136,1176,1198,1173
26768,"Leone, Simo",elite,1111,2231,3369,4515,5664,6849,8044,9204,1120,1138,1146,1149,1185,1195,1160
26769,"Peterson, Nicholas D.",elite,1135,2275,3411,4546,5689,6847,8035,9214,1140,1136,1135,1143,1158,1188,1179
26770,"Fifield, Tracy S",elite,1095,2196,3308,4425,5539,6705,7919,9154,1101,1112,1117,1114,1166,1214,1235
26771,"Dekoker, Steve",elite,1010,2038,3098,4203,5346,6563,7855,9157,1028,1060,1105,1143,1217,1292,1302
26772,"Boyle, Brendan",elite,1057,2139,3230,4331,5427,6576,7798,9106,1082,1091,1101,1096,1149,1222,1308
26773,"Mere, Javier",elite,1123,2231,3348,4482,5622,6795,8030,9220,1108,1117,1134,1140,1173,1235,1190
26774,"Anis, Michael",elite,1093,2186,3365,4483,5611,6770,7957,9188,1093,1179,1118,1128,1159,1187,1231
26775,"Collins, Matthew",elite,1148,2296,3439,4598,5738,6915,8091,9260,1148,1143,1159,1140,1177,1176,1169
26776,"Fitzpatrick, Sean",elite,1069,2142,3234,4356,5512,6734,7988,9208,1073,1092,1122,1156,1222,1254,1220
26777,"Bain, Christopher",elite,1123,2256,3387,4522,5640,6789,7994,9197,1133,1131,1135,1118,1149,1205,1203
26778,"Byers, Scott E.",elite,1073,2153,3254,4397,5568,6795,8029,9244,1080,1101,1143,1171,1227,1234,1215
26779,"Hyde, Rob",elite,1137,2276,3411,4551,5691,6855,8044,9215,1139,1135,1140,1140,1164,1189,1171
26780,"Kaczmarek, Bruce",elite,1151,2308,3465,4630,5772,6928,8098,9245,1157,1157,1165,1142,1156,1170,1147
26781,"Eysenbach, Ben",elite,1138,2276,3422,4592,5765,6954,8127,9268,1138,1146,1170,1173,1189,1173,1141
26782,"Farkas, Matthew",elite,1135,2249,3367,4496,5610,6765,7989,9204,1114,1118,1129,1114,1155,1224,1215
26783,"Quijada, Francisco J Jr.",elite,1157,2288,3421,4554,5689,6850,8049,9225,1131,1133,1133,1135,1161,1199,1176
26784,"Sayer, Steffan",elite,1075,2160,3259,4381,5508,6671,7893,9148,1085,1099,1122,1127,1163,1222,1255
26785,"Falk, Phillip",elite,1041,2101,3177,4297,5455,6686,7976,9208,1060,1076,1120,1158,1231,1290,1232
26786,"Gelana, Tiki",elite,1102,2180,3240,4305,5478,6748,8049,9231,1078,1060,1065,1173,1270,1301,1182
26787,"Ingram, Walter",elite,1150,2299,3452,4601,5741,6906,8078,9239,1149,1153,1149,1140,1165,1172,1161
26788,"Cacciapaglia, Christopher W",elite,1137,2262,3392,4516,5627,6787,7998,9215,1125,1130,1124,1111,1160,1211,1217
26789,"Sloan, Bradley",elite,1110,2225,3342,4496,5664,6869,8070,9259,1115,1117,1154,1168,1205,1201,1189
26790,"Guldan, Ryan W",elite,1138,2255,3367,4507,5650,6847,8058,9237,1117,1112,1140,1143,1197,1211,1179
26791,"Briskman, Colin J",elite,1035,2073,3134,4217,5346,6563,7859,9170,1038,1061,1083,1129,1217,1296,1311
26792,"Langley, Hugh G Jr.",elite,1049,2117,3215,4346,5514,6723,8016,9241,1068,1098,1131,1168,1209,1293,1225
26793,"Wann, Connor",elite,1118,2211,3302,4422,5579,6783,7990,9224,1093,1091,1120,1157,1204,1207,1234
26794,"Beauchamp, Thomas E",elite,1114,2221,3336,4472,5622,6828,8063,9240,1107,1115,1136,1150,1206,1235,1177
26795,"Quick, Michael",elite,1171,2338,3506,4658,5780,6926,8101,9263,1167,1168,1152,1122,1146,1175,1162
26796,"Weston, Rob",elite,1069,2142,3231,4342,5459,6649,7877,9164,1073,1089,1111,1117,1190,1228,1287
26797,"Gervais, David A Jr.",elite,1127,2218,3328,4447,5585,6779,8010,9235,1091,1110,1119,1138,1194,1231,1225
26798,"Kelly, Bryan",elite,1085,2184,3301,4430,5568,6757,8012,9252,1099,1117,1129,1138,1189,1255,1240
26799,"Whitmill, Rob",elite,1095,2188,3280,4398,5534,6734,7988,9221,1093,1092,1118,1136,1200,1254,1233
26800,"Sordello, Jerome",elite,1123,2276,3447,4613,5775,6959,8142,9286,1153,1171,1166,1162,1184,1183,1144
26801,"Donaghy, Roger",elite,1146,2305,3462,4619,5784,6962,8149,9287,1159,1157,1157,1165,1178,1187,1138
26802,"Garner, Stephen IV",elite,1152,2274,3414,4571,5712,6885,8093,9275,1122,1140,1157,1141,1173,1208,1182
26803,"Lindbo, Torrey",elite,1155,2275,3406,4540,5684,6875,8098,9295,1120,1131,1134,1144,1191,1223,1197
26804,"Arcand, Pierre-Michel",elite,1102,2208,3326,4466,5627,6832,8066,9251,1106,1118,1140,1161,1205,1234,1185
26805,"Deeg, Thomas J",elite,1133,2258,3403,4567,5752,6935,8138,9293,1125,1145,1164,1185,1183,1203,1155
26806,"Hoof, Marcus",elite,1049,2120,3203,4333,5525,6795,7995,9258,1071,1083,1130,1192,1270,1200,1263
26807,"Ryland, David",elite,1093,2164,3262,4384,5514,6721,7976,9233,1071,1098,1122,1130,1207,1255,1257
26808,"Berger, Olin",elite,1126,2246,3360,4521,5655,6837,8069,9278,1120,1114,1161,1134,1182,1232,1209
26809,"Cichon, Scott G.",elite,1151,2306,3451,4597,5732,6876,8040,9235,1155,1145,1146,1135,1144,1164,1195
26810,"Woldesilassie, Daniel",elite,1097,2204,3316,4429,5552,6746,7960,9255,1107,1112,1113,1123,1194,1214,1295
26811,"Koneazny, Jim",elite,1114,2241,3378,4526,5698,6924,8107,9275,1127,1137,1148,1172,1226,1183,1168
26812,"Twomey, Alan",elite,1135,2275,3411,4546,5689,6867,8079,9278,1140,1136,1135,1143,1178,1212,1199
26813,"Wegscheider, Erich R",elite,1126,2247,3377,4521,5674,6880,8097,9291,1121,1130,1144,1153,1206,1217,1194
26814,"Talhelm, Alan",elite,1109,2206,3309,4447,5591,6765,7998,9273,1097,1103,1138,1144,1174,1233,1275
26815,"Wang, Xiao",elite,1106,2219,3332,4457,5589,6759,8009,9255,1113,1113,1125,1132,1170,1250,1246
26816,"Mertens, Billy",elite,1116,2231,3363,4512,5682,6897,8125,9301,1115,1132,1149,1170,1215,1228,1176
26817,"Mogavero, Jeff",elite,1127,2265,3387,4540,5712,6926,8112,9315,1138,1122,1153,1172,1214,1186,1203
26818,"Gennaro, Thomas R Jr.",elite,1160,2288,3418,4569,5734,6915,8120,9306,1128,1130,1151,1165,1181,1205,1186
26819,"Fraser, Kyle",elite,1053,2101,3175,4270,5395,6599,7882,9202,1048,1074,1095,1125,1204,1283,1320
26820,"Leonard, Isaiah",elite,1153,2296,3441,4599,5756,6951,8162,9318,1143,1145,1158,1157,1195,1211,1156
26821,"Ferguson, Shawn P.",elite,1088,2185,3279,4390,5512,6721,7998,9253,1097,1094,1111,1122,1209,1277,1255
26823,"Buell, Jon",elite,1045,2156,3287,4445,5602,6811,8053,9293,1111,1131,1158,1157,1209,1242,1240
26824,"Best, Avery",elite,1146,2291,3450,4622,5777,6966,8168,9321,1145,1159,1172,1155,1189,1202,1153
26825,"Weissinger, Mathew J.",elite,1064,2128,3188,4250,5333,6621,8025,9304,1064,1060,1062,1083,1288,1404,1279
26826,"Roberts, Duncan",elite,1066,2135,3240,4380,5527,6751,8017,9282,1069,1105,1140,1147,1224,1266,1265
26827,"Mazzotta, Mike G.",elite,1139,2279,3429,4582,5736,6904,8108,9309,1140,1150,1153,1154,1168,1204,1201
26828,"Kaiser, Tim J.",elite,1148,2253,3356,4479,5614,6805,8037,9265,1105,1103,1123,1135,1191,1232,1228
26829,"Boule, Alexandre",elite,1050,2115,3238,4391,5548,6754,8031,9316,1065,1123,1153,1157,1206,1277,1285
26830,"Larosa, Mark",elite,1115,2244,3368,4524,5679,6869,8091,9301,1129,1124,1156,1155,1190,1222,1210
26831,"Cancre, Felix L",elite,1157,2287,3418,4551,5667,6823,8057,9303,1130,1131,1133,1116,1156,1234,1246
26833,"Howell, Jason A",elite,1107,2210,3325,4439,5566,6743,8034,9297,1103,1115,1114,1127,1177,1291,1263
26834,"Selke, Gregory M.",elite,1055,2118,3185,4265,5356,6512,7770,9248,1063,1067,1080,1091,1156,1258,1478
26835,"Bain, Ross D",elite,1094,2192,3287,4433,5613,6860,8097,9321,1098,1095,1146,1180,1247,1237,1224
26836,"Saviano, Louis III",elite,1083,2188,3300,4410,5507,6648,7852,9177,1105,1112,1110,1097,1141,1204,1325
26837,"Ansett, John J.",elite,1140,2269,3402,4544,5695,6889,8100,9301,1129,1133,1142,1151,1194,1211,1201
26838,"Goodman, William D.",elite,1159,2318,3488,4650,5816,6999,8192,9342,1159,1170,1162,1166,1183,1193,1150
26839,"Sousa, Kyle L",elite,1088,2180,3291,4421,5573,6772,8040,9301,1092,1111,1130,1152,1199,1268,1261
26840,"Brink, Robert",elite,1099,2200,3319,4476,5641,6857,8100,9308,1101,1119,1157,1165,1216,1243,1208
26841,"Newman, Loren D.",elite,1120,2267,3411,4552,5696,6886,8118,9325,1147,1144,1141,1144,1190,1232,1207
26842,"Simard, Justin L.",elite,1055,2111,3171,4239,5322,6507,7808,9248,1056,1060,1068,1083,1185,1301,1440
26843,"Mika, Shad",elite,1161,2300,3454,4619,5778,6960,8164,9340,1139,1154,1165,1159,1182,1204,1176
26844,"Molony, Brendan",elite,1063,2097,3141,4221,5388,6669,8032,9303,1034,1044,1080,1167,1281,1363,1271
26845,"Bekele, Tadelech",elite,1103,2181,3240,4305,5374,6561,7949,9271,1078,1059,1065,1069,1187,1388,1322
26846,"Medeiros, J Matthew",elite,1131,2224,3342,4497,5651,6857,8092,9325,1093,1118,1155,1154,1206,1235,1233
26847,"Schuler, Jeff",elite,1098,2194,3291,4393,5503,6664,7943,9299,1096,1097,1102,1110,1161,1279,1356
26848,"Wright, Aharon",elite,1143,2272,3407,4549,5698,6894,8130,9338,1129,1135,1142,1149,1196,1236,1208
26849,"Bradley, Owen",elite,1144,2281,3428,4590,5739,6915,8122,9332,1137,1147,1162,1149,1176,1207,1210
26850,"Landry, Paul",elite,1106,2213,3336,4486,5645,6861,8100,9327,1107,1123,1150,1159,1216,1239,1227
26851,"Mulia, Adam",elite,1133,2268,3406,4550,5692,6903,8141,9346,1135,1138,1144,1142,1211,1238,1205
26852,"Regalado, Dan R",elite,1053,2100,3165,4280,5434,6656,7935,9263,1047,1065,1115,1154,1222,1279,1328
26853,"She, Chunfeng",elite,1163,2319,3474,4632,5794,6980,8204,9364,1156,1155,1158,1162,1186,1224,1160
26854,"Lecointre, Jacques-Sylvain",elite,1039,2091,3164,4256,5365,6545,7831,9271,1052,1073,1092,1109,1180,1286,1440
26855,"Hugo, Jesse",elite,1119,2211,3303,4420,5551,6759,8022,9342,1092,1092,1117,1131,1208,1263,1320
26856,"Jones, Ryan B",elite,1143,2278,3421,4604,5784,6970,8184,9390,1135,1143,1183,1180,1186,1214,1206
26857,"Beatty, Kevin",elite,1097,2218,3378,4550,5723,6940,8176,9364,1121,1160,1172,1173,1217,1236,1188
26858,"Farley, John J.",elite,1129,2262,3390,4519,5654,6843,8057,9322,1133,1128,1129,1135,1189,1214,1265
26859,"Hasler, Patrick",elite,1116,2228,3349,4480,5628,6868,8129,9364,1112,1121,1131,1148,1240,1261,1235
26861,"Varner, Alexander",elite,1115,2228,3332,4449,5577,6732,8069,9382,1113,1104,1117,1128,1155,1337,1313
26862,"Holroyd, Jason",elite,1124,2250,3392,4544,5687,6885,8133,9372,1126,1142,1152,1143,1198,1248,1239
26863,"Urbanski, Matthew",elite,1084,2179,3291,4398,5521,6716,8022,9334,1095,1112,1107,1123,1195,1306,1312
26864,"Phares, Marshall",elite,1137,2293,3445,4598,5752,6917,8113,9334,1156,1152,1153,1154,1165,1196,1221
26865,"Leese, Ben J",elite,1042,2099,3160,4308,5478,6723,8039,9351,1057,1061,1148,1170,1245,1316,1312
26866,"Parsons, Don",elite,1136,2248,3361,4487,5632,6821,8065,9335,1112,1113,1126,1145,1189,1244,1270
26867,"Casey, Tony",elite,1079,2161,3248,4362,5496,6685,7946,9302,1082,1087,1114,1134,1189,1261,1356
26868,"Sado, Fatuma",elite,1103,2181,3240,4305,5415,6672,8058,9371,1078,1059,1065,1110,1257,1386,1313
26869,"Schafbuch, Ryan M.",elite,1100,2183,3269,4379,5507,6711,7985,9315,1083,1086,1110,1128,1204,1274,1330
26870,"Knowles, Laurie M.",elite,1120,2253,3397,4547,5696,6916,8188,9398,1133,1144,1150,1149,1220,1272,1210
26871,"Battaglino, Peter",elite,1176,2335,3497,4664,5828,7018,8217,9404,1159,1162,1167,1164,1190,1199,1187
26872,"Carrington, Boyd J.",elite,1110,2234,3378,4546,5730,6965,8216,9408,1124,1144,1168,1184,1235,1251,1192
26873,"Mckevitt, Joe",elite,1071,2196,3324,4466,5629,6843,8098,9346,1125,1128,1142,1163,1214,1255,1248
26874,"Lindsey, Brian Jr.",elite,1165,2333,3501,4663,5818,7009,8211,9394,1168,1168,1162,1155,1191,1202,1183
26875,"Malone, Matthew",elite,1136,2246,3362,4490,5611,6816,8116,9392,1110,1116,1128,1121,1205,1300,1276
26876,"Jara, Ryan",elite,1068,2156,3264,4382,5527,6724,8006,9346,1088,1108,1118,1145,1197,1282,1340
26877,"Thorson, Cleve M",elite,1077,2167,3269,4374,5475,6676,7954,9308,1090,1102,1105,1101,1201,1278,1354
26878,"Saad, Mohammad",elite,1100,2200,3323,4474,5634,6846,8114,9374,1100,1123,1151,1160,1212,1268,1260
26879,"Taylor, Trent A",elite,1104,2220,3348,4504,5661,6874,8142,9374,1116,1128,1156,1157,1213,1268,1232
26880,"Parry, Steven W.",elite,1104,2224,3354,4511,5680,6891,8146,9376,1120,1130,1157,1169,1211,1255,1230
26881,"Cipriano, Robert",elite,1180,2324,3482,4648,5812,6993,8228,9437,1144,1158,1166,1164,1181,1235,1209
26882,"Yang, Shuai",elite,995,2009,3053,4126,5210,6416,7670,9237,1014,1044,1073,1084,1206,1254,1567
26883,"Deblander, Matthew D",elite,1054,2114,3222,4381,5548,6779,8082,9382,1060,1108,1159,1167,1231,1303,1300
26884,"Walters, Dave",elite,1120,2268,3428,4604,5766,6987,8223,9427,1148,1160,1176,1162,1221,1236,1204
26885,"Knudsen, Andreas",elite,1144,2279,3432,4589,5752,6967,8204,9413,1135,1153,1157,1163,1215,1237,1209
26886,"Nelkie, Martin J.",elite,1131,2257,3375,4576,5728,6924,8149,9395,1126,1118,1201,1152,1196,1225,1246
26887,"Fisher, Robert J",elite,1152,2305,3462,4630,5799,6985,8201,9419,1153,1157,1168,1169,1186,1216,1218
26888,"Pangrac, Adam",elite,1063,2138,3235,4357,5503,6721,8025,9335,1075,1097,1122,1146,1218,1304,1310
26889,"Burnham, Scott T.",elite,1184,2363,3533,4695,5859,7056,8264,9456,1179,1170,1162,1164,1197,1208,1192
26890,"Pires, Corey",elite,1131,2253,3397,4546,5710,6918,8178,9432,1122,1144,1149,1164,1208,1260,1254
26891,"Ausen, Cameron R",elite,1116,2230,3344,4467,5600,6798,8122,9394,1114,1114,1123,1133,1198,1324,1272
26892,"Revenis, Bradley D",elite,1163,2291,3421,4572,5745,6965,8210,9422,1128,1130,1151,1173,1220,1245,1212
26893,"Galaviz, Jose Francisco Sr.",elite,1155,2320,3475,4630,5789,6986,8213,9418,1165,1155,1155,1159,1197,1227,1205
26894,"Harkin, David E.",elite,1116,2217,3324,4443,5568,6808,8136,9399,1101,1107,1119,1125,1240,1328,1263
26895,"Gonzalez, Francisco Sr.",elite,1116,2234,3353,4497,5645,6855,8128,9384,1118,1119,1144,1148,1210,1273,1256
26896,"Mackrell, Peter R.",elite,1068,2149,3251,4395,5563,6827,8132,9380,1081,1102,1144,1168,1264,1305,1248
26897,"McCarron, Lee",elite,1171,2345,3530,4721,5915,7149,8342,9479,1174,1185,1191,1194,1234,1193,1137
26898,"Wood, Justin Y",elite,1107,2209,3332,4479,5651,6879,8152,9417,1102,1123,1147,1172,1228,1273,1265
26899,"Sugathadasa, Gamini P.",elite,1134,2272,3417,4580,5751,6988,8248,9435,1138,1145,1163,1171,1237,1260,1187
26900,"Hoffmann, Hayden",elite,1123,2252,3387,4525,5663,6846,8088,9372,1129,1135,1138,1138,1183,1242,1284
26901,"Hutchins, Darren M.",elite,1076,2184,3320,4492,5675,6896,8156,9425,1108,1136,1172,1183,1221,1260,1269
26902,"Schmidt, Roger J.",elite,1094,2190,3300,4445,5603,6907,8164,9447,1096,1110,1145,1158,1304,1257,1283
26903,"Biddle, Richard",elite,1195,2324,3465,4618,5775,6979,8228,9438,1129,1141,1153,1157,1204,1249,1210
26904,"Haskett, Brian",elite,1113,2243,3391,4567,5746,6963,8203,9426,1130,1148,1176,1179,1217,1240,1223
26905,"Mcelligott, Steven",elite,1066,2120,3195,4355,5562,6867,8143,9394,1054,1075,1160,1207,1305,1276,1251
26906,"Munera, Esteban",elite,1152,2305,3469,4645,5823,7026,8239,9440,1153,1164,1176,1178,1203,1213,1201
26907,"Russell, Stuart",elite,1096,2199,3317,4518,5649,6856,8124,9390,1103,1118,1201,1131,1207,1268,1266
26908,"Bounds, Richard B.",elite,1100,2250,3422,4607,5797,7014,8251,9462,1150,1172,1185,1190,1217,1237,1211
26909,"Boyce, Albert",elite,1104,2208,3339,4512,5692,6908,8172,9428,1104,1131,1173,1180,1216,1264,1256
26910,"Tomaszewski, Jeff",elite,1178,2329,3503,4680,5849,7056,8270,9465,1151,1174,1177,1169,1207,1214,1195
26911,"Pierce, Clayton J.",elite,1149,2277,3453,4605,5741,6929,8158,9417,1128,1176,1152,1136,1188,1229,1259
26912,"Garnier, Louis-Philippe",elite,1117,2240,3376,4541,5714,6940,8177,9421,1123,1136,1165,1173,1226,1237,1244
26913,"Miwa, Yoshikazu",elite,1114,2299,3447,4634,5802,7026,8274,9466,1185,1148,1187,1168,1224,1248,1192
26914,"Buschman, Mark",elite,1138,2267,3410,4556,5705,6901,8192,9479,1129,1143,1146,1149,1196,1291,1287
26915,"Hiatt, Jon M",elite,1169,2317,3499,4658,5812,6998,8228,9451,1148,1182,1159,1154,1186,1230,1223
26916,"Reiff, Derek A",elite,1186,2338,3492,4656,5818,7029,8258,9460,1152,1154,1164,1162,1211,1229,1202
26917,"Kurtz, Jordan",elite,1124,2238,3359,4493,5639,6858,8147,9433,1114,1121,1134,1146,1219,1289,1286
26918,"Chruniak, Dan T",elite,1173,2341,3477,4638,5793,7006,8256,9474,1168,1136,1161,1155,1213,1250,1218
26919,"Scoville, Morgan B.",elite,1158,2320,3487,4658,5821,7014,8242,9468,1162,1167,1171,1163,1193,1228,1226
26920,"Orloff, Conrad F",elite,1136,2294,3466,4648,5825,7040,8278,9500,1158,1172,1182,1177,1215,1238,1222
26921,"McDonald, Eric R.",elite,1187,2350,3497,4620,5762,6949,8184,9439,1163,1147,1123,1142,1187,1235,1255
26922,"Ricardi, Joshua P.",elite,1146,2288,3426,4574,5735,6939,8202,9455,1142,1138,1148,1161,1204,1263,1253
26923,"Mead, Matthew J",elite,1103,2221,3366,4523,5692,6912,8168,9444,1118,1145,1157,1169,1220,1256,1276
26924,"Follo, Jonathan",elite,1169,2341,3519,4692,5866,7053,8272,9498,1172,1178,1173,1174,1187,1219,1226
26925,"Byler, Chad",elite,1077,2156,3258,4397,5569,6813,8112,9444,1079,1102,1139,1172,1244,1299,1332
26926,"Dolney, Daniel",elite,1146,2307,3475,4647,5818,7058,8287,9495,1161,1168,1172,1171,1240,1229,1208
26927,"Glotzbach, John W",elite,1164,2320,3473,4635,5800,6998,8235,9470,1156,1153,1162,1165,1198,1237,1235
26928,"Lacy, Garrett S",elite,1095,2200,3323,4489,5667,6925,8222,9489,1105,1123,1166,1178,1258,1297,1267
26929,"Caron, Patrick C.",elite,1158,2316,3512,4704,5861,7089,8328,9510,1158,1196,1192,1157,1228,1239,1182
26930,"Mena, Kyle",elite,1063,2096,3141,4221,5363,6646,8034,9414,1033,1045,1080,1142,1283,1388,1380
26931,"List, Jay",elite,1153,2297,3458,4632,5797,6989,8204,9486,1144,1161,1174,1165,1192,1215,1282
26932,"Swain, Dan",elite,1025,2051,3079,4121,5182,6385,7695,9114,1026,1028,1042,1061,1203,1310,1419
26933,"Burleigh, W. Isaac",elite,1185,2357,3541,4713,5900,7106,8293,9504,1172,1184,1172,1187,1206,1187,1211
26934,"Hill, John",elite,1086,2210,3344,4508,5685,6939,8244,9489,1124,1134,1164,1177,1254,1305,1245
26935,"Zamore, Turner",elite,1180,2308,3428,4563,5700,6900,8185,9472,1128,1120,1135,1137,1200,1285,1287
26936,"Kamikawa, Eiichiro",elite,1159,2328,3493,4667,5833,7049,8274,9497,1169,1165,1174,1166,1216,1225,1223
26937,"Williams, Colson R",elite,1032,2104,3229,4400,5587,6812,8090,9411,1072,1125,1171,1187,1225,1278,1321
26938,"Aitken, Kyle",elite,1132,2278,3432,4594,5771,6992,8257,9481,1146,1154,1162,1177,1221,1265,1224
26939,"Kaczka, Greg",elite,1116,2229,3418,4545,5696,6895,8166,9471,1113,1189,1127,1151,1199,1271,1305
26940,"Burns, Pat",elite,1149,2302,3456,4605,5745,6934,8174,9494,1153,1154,1149,1140,1189,1240,1320
26941,"Bowen, Nate",elite,1158,2318,3477,4650,5804,6994,8263,9497,1160,1159,1173,1154,1190,1269,1234
26942,"Poliquit, Rafael M. Jr.",elite,1004,2045,3126,4253,5475,6790,8140,9457,1041,1081,1127,1222,1315,1350,1317
26943,"Basmajian, Alden",elite,1147,2301,3460,4634,5804,6995,8224,9476,1154,1159,1174,1170,1191,1229,1252
26944,"Santos, Juan A.",elite,1190,2377,3558,4745,5924,7130,8330,9520,1187,1181,1187,1179,1206,1200,1190
26945,"Fitzsimmons, Alec J",elite,1132,2264,3427,4610,5805,7034,8283,9506,1132,1163,1183,1195,1229,1249,1223
26946,"Cifuentes, Miguel Angel Sr.",elite,1182,2340,3503,4688,5870,7094,8328,9535,1158,1163,1185,1182,1224,1234,1207
26947,"Wiewauters, Dries",elite,1144,2286,3441,4638,5833,7054,8300,9517,1142,1155,1197,1195,1221,1246,1217
26948,"Rand, Austin T",elite,1188,2353,3528,4698,5867,7064,8289,9504,1165,1175,1170,1169,1197,1225,1215
26949,"Jackson, Christopher W",elite,1170,2328,3490,4652,5822,7032,8252,9499,1158,1162,1162,1170,1210,1220,1247
26950,"Kimba Djado, Abdoul Aziz",elite,1006,2045,3128,4256,5401,6661,8061,9404,1039,1083,1128,1145,1260,1400,1343
26951,"Davidson, Terry",elite,1169,2317,3471,4636,5810,7006,8296,9511,1148,1154,1165,1174,1196,1290,1215
26952,"Singer, Reid",elite,1094,2199,3335,4495,5692,6957,8260,9508,1105,1136,1160,1197,1265,1303,1248
26953,"Giandelone, Eric J",elite,1125,2229,3343,4478,5657,6889,8171,9461,1104,1114,1135,1179,1232,1282,1290
26954,"Nachtwey, Rob",elite,1101,2226,3375,4568,5757,7006,8279,9540,1125,1149,1193,1189,1249,1273,1261
26955,"Gonzalez Prieto, Omar Julian",elite,1174,2319,3462,4613,5783,6984,8209,9466,1145,1143,1151,1170,1201,1225,1257
26956,"Echevarria, Angel D.",elite,1107,2234,3378,4552,5732,6963,8242,9484,1127,1144,1174,1180,1231,1279,1242
26957,"Robinson, Knox",elite,1124,2229,3343,4464,5599,6806,8126,9459,1105,1114,1121,1135,1207,1320,1333
26958,"Roulier, Sebastien",elite,1133,2254,3402,4580,5759,6979,8247,9506,1121,1148,1178,1179,1220,1268,1259
26959,"Ruffo, Brad",elite,1104,2212,3342,4494,5664,6907,8189,9480,1108,1130,1152,1170,1243,1282,1291
26960,"Pittam, Byron",elite,1111,2215,3339,4479,5647,6901,8215,9493,1104,1124,1140,1168,1254,1314,1278
26961,"Ozahowski, Matt P",elite,1135,2266,3425,4606,5792,7013,8269,9514,1131,1159,1181,1186,1221,1256,1245
26962,"Lloyd, James",elite,1219,2435,3649,4864,6050,7242,8420,9573,1216,1214,1215,1186,1192,1178,1153
26963,"Lambright, Atlee F.",elite,1139,2276,3420,4595,5786,7015,8271,9530,1137,1144,1175,1191,1229,1256,1259
26964,"Reed, Erik",elite,1149,2304,3456,4616,5762,6974,8203,9505,1155,1152,1160,1146,1212,1229,1302
26965,"Bentley, Justin",elite,1222,2434,3609,4782,5954,7137,8341,9542,1212,1175,1173,1172,1183,1204,1201
26966,"Frechette, Mathieu",elite,1141,2257,3360,4495,5631,6821,8077,9466,1116,1103,1135,1136,1190,1256,1389
26967,"Esposito, Steve J.",elite,1194,2379,3545,4715,5881,7063,8290,9529,1185,1166,1170,1166,1182,1227,1239
26968,"Ashby, Robert S",elite,1135,2280,3437,4621,5817,7047,8316,9538,1145,1157,1184,1196,1230,1269,1222
26969,"Dorval, Guy",elite,1149,2296,3456,4635,5816,7038,8283,9502,1147,1160,1179,1181,1222,1245,1219
26970,"Kaehr, Andrew T.",elite,1123,2231,3347,4482,5643,6905,8211,9501,1108,1116,1135,1161,1262,1306,1290
26971,"Syed, Aaqib L.",elite,1112,2208,3324,4484,5659,6919,8200,9490,1096,1116,1160,1175,1260,1281,1290
26972,"Frome, Gavin V.",elite,1167,2336,3517,4708,5892,7113,8356,9558,1169,1181,1191,1184,1221,1243,1202
26973,"Maldonado, Ricardo",elite,1149,2290,3438,4605,5788,7052,8303,9534,1141,1148,1167,1183,1264,1251,1231
26974,"Silker, Chad D.",elite,1149,2284,3435,4620,5822,7051,8301,9535,1135,1151,1185,1202,1229,1250,1234
26975,"Small, Jonathan P.",elite,1090,2203,3346,4500,5648,6879,8184,9485,1113,1143,1154,1148,1231,1305,1301
26976,"Cohen, Adam B.",elite,1176,2350,3534,4728,5904,7117,8345,9562,1174,1184,1194,1176,1213,1228,1217
26977,"Oppedal, Jonas",elite,1138,2275,3422,4569,5713,6901,8121,9497,1137,1147,1147,1144,1188,1220,1376
26978,"Becker, Aaron",elite,1135,2281,3437,4599,5751,6982,8285,9545,1146,1156,1162,1152,1231,1303,1260
26979,"Callahan, Patrick M.",elite,1151,2311,3476,4660,5836,7044,8311,9541,1160,1165,1184,1176,1208,1267,1230
26980,"Grasela, Michael J",elite,1131,2275,3432,4609,5788,7003,8258,9541,1144,1157,1177,1179,1215,1255,1283
26981,"Bell, Patrick",elite,1176,2345,3535,4730,5919,7145,8379,9570,1169,1190,1195,1189,1226,1234,1191
26982,"Thomas, Malcolm M.",elite,1131,2252,3386,4532,5726,6958,8248,9539,1121,1134,1146,1194,1232,1290,1291
26983,"Balmer, Paul M",elite,1050,2097,3169,4298,5527,6836,8158,9503,1047,1072,1129,1229,1309,1322,1345
26984,"Mikami, Yuka",elite,1139,2289,3433,4601,5801,7019,8253,9508,1150,1144,1168,1200,1218,1234,1255
26985,"Rodrigues, Vitor",elite,1176,2336,3497,4683,5873,7106,8360,9574,1160,1161,1186,1190,1233,1254,1214
26986,"Hopper, Ryan M.",elite,1194,2382,3562,4753,5923,7123,8345,9561,1188,1180,1191,1170,1200,1222,1216
26987,"Perdomo, Javier C.",elite,1202,2380,3559,4753,5929,7134,8353,9565,1178,1179,1194,1176,1205,1219,1212
26988,"Murillo, Jorge E. Sr.",elite,1185,2350,3512,4688,5860,7093,8347,9572,1165,1162,1176,1172,1233,1254,1225
26989,"Brady, Shamus",elite,1134,2285,3447,4613,5786,7007,8278,9543,1151,1162,1166,1173,1221,1271,1265
26990,"Unger, Tj",elite,1138,2279,3420,4569,5731,6927,8154,9503,1141,1141,1149,1162,1196,1227,1349
26991,"Takaoka, Masahiro",elite,1118,2250,3383,4527,5668,6854,8190,9515,1132,1133,1144,1141,1186,1336,1325
26992,"Mish, Bradley",elite,1022,2050,3077,4120,5204,6390,7740,9332,1028,1027,1043,1084,1186,1350,1592
26993,"Agostinetto, Carlo",elite,1089,2188,3293,4421,5560,6749,7987,9506,1099,1105,1128,1139,1189,1238,1519
26994,"McCue, Daniel T.",elite,1150,2304,3463,4625,5776,6989,8259,9559,1154,1159,1162,1151,1213,1270,1300
26995,"Wallace, Jeremy",elite,1168,2325,3490,4654,5811,7030,8284,9485,1157,1165,1164,1157,1219,1254,1201
26996,"Korzeniowski, Robert V",elite,1107,2236,3385,4577,5805,7053,8310,9562,1129,1149,1192,1228,1248,1257,1252
26997,"Calzada Zubiria, Jorge",elite,1181,2365,3540,4728,5924,7145,8377,9591,1184,1175,1188,1196,1221,1232,1214
26998,"McQuade, Colin D.",elite,1165,2318,3483,4662,5850,7081,8331,9566,1153,1165,1179,1188,1231,1250,1235
26999,"Fukuchi, Yoshinori",elite,1139,2293,3457,4638,5812,7024,8286,9561,1154,1164,1181,1174,1212,1262,1275
27000,"Shute, Geoffrey",elite,1106,2217,3342,4492,5653,6915,8246,9548,1111,1125,1150,1161,1262,1331,1302
27001,"Miller, Tim",elite,1164,2303,3453,4620,5794,7001,8266,9553,1139,1150,1167,1174,1207,1265,1287
27002,"Juan De Dios, Riveros Gonzalez D. Sr.",elite,1141,2278,3429,4609,5773,6995,8266,9557,1137,1151,1180,1164,1222,1271,1291
27003,"Loudon-Brown, Mark A.",elite,1169,2327,3491,4666,5838,7060,8323,9567,1158,1164,1175,1172,1222,1263,1244
27004,"Maj, Piotr",elite,1195,2383,3580,4775,5968,7182,8392,9597,1188,1197,1195,1193,1214,1210,1205
27005,"Brandebura, Michal",elite,1088,2212,3349,4518,5698,6945,8268,9567,1124,1137,1169,1180,1247,1323,1299
27006,"Koster, Henry W. IV",elite,1093,2181,3276,4389,5519,6790,8128,9460,1088,1095,1113,1130,1271,1338,1332
27007,"Kurosawa, Kana",elite,1121,2281,3434,4602,5799,7017,8304,9589,1160,1153,1168,1197,1218,1287,1285
27008,"Muench, Dirk",elite,1154,2316,3475,4649,5843,7092,8365,9590,1162,1159,1174,1194,1249,1273,1225
27009,"Beganics, Kevin L.",elite,1055,2116,3190,4302,5438,6726,8079,9500,1061,1074,1112,1136,1288,1353,1421
27010,"Powell, Richard J.",elite,1241,2464,3649,4829,5995,7181,8384,9581,1223,1185,1180,1166,1186,1203,1197
27011,"Corno, Hilary L.",elite,1158,2305,3472,4650,5836,7066,8321,9551,1147,1167,1178,1186,1230,1255,1230
27012,"Harder, Tim",elite,1117,2247,3379,4550,5753,7018,8324,9606,1130,1132,1171,1203,1265,1306,1282
27013,"Gabris, Stephen",elite,1165,2345,3549,4740,5927,7141,8377,9592,1180,1204,1191,1187,1214,1236,1215
27014,"Kosters, Eric S.",elite,1206,2400,3595,4798,5998,7207,8406,9602,1194,1195,1203,1200,1209,1199,1196
27015,"Sarkovics, Rodney T",elite,1221,2439,3660,4884,6101,7324,8522,9646,1218,1221,1224,1217,1223,1198,1124
27016,"Kuehl, Craig",elite,1123,2242,3367,4507,5662,6889,8196,9549,1119,1125,1140,1155,1227,1307,1353
27017,"Huber, Martin F.",elite,1086,2190,3308,4454,5653,6919,8235,9554,1104,1118,1146,1199,1266,1316,1319
27018,"Nishimura, Akira",elite,1122,2263,3439,4627,5821,7053,8310,9562,1141,1176,1188,1194,1232,1257,1252
27019,"Zuniga, Esteban",elite,1164,2343,3516,4695,5870,7073,8307,9582,1179,1173,1179,1175,1203,1234,1275
27020,"Callais, Chad M.",elite,1166,2333,3516,4727,5937,7174,8410,9612,1167,1183,1211,1210,1237,1236,1202
27021,"Brubaker, Michael",elite,1136,2282,3417,4560,5709,6918,8202,9552,1146,1135,1143,1149,1209,1284,1350
27022,"Billa, Pierre",elite,1145,2272,3404,4565,5757,7018,8308,9572,1127,1132,1161,1192,1261,1290,1264
27023,"Merrin, Zach P.",elite,1168,2326,3498,4683,5867,7097,8352,9584,1158,1172,1185,1184,1230,1255,1232
27024,"Tabal, Mary J.",elite,1121,2290,3434,4606,5816,7041,8318,9552,1169,1144,1172,1210,1225,1277,1234
27025,"Traver, Scott M",elite,1065,2154,3312,4534,5778,7018,8302,9560,1089,1158,1222,1244,1240,1284,1258
27026,"Metzger, Peter T II",elite,1149,2308,3471,4639,5816,7041,8324,9595,1159,1163,1168,1177,1225,1283,1271
27027,"Bumbulsky, Jim A",elite,1165,2323,3484,4655,5828,7043,8297,9573,1158,1161,1171,1173,1215,1254,1276
27028,"Gyr, Kiran A.",elite,1173,2332,3504,4686,5878,7112,8361,9607,1159,1172,1182,1192,1234,1249,1246
27029,"Trampe, Travis",elite,1171,2345,3510,4700,5883,7100,8348,9581,1174,1165,1190,1183,1217,1248,1233
27030,"Kelley, Daniel",elite,1190,2374,3573,4770,5963,7185,8410,9619,1184,1199,1197,1193,1222,1225,1209
27031,"Pfruender, Justin",elite,1067,2133,3210,4319,5480,6715,8055,9500,1066,1077,1109,1161,1235,1340,1445
27032,"Hung, Chung Yam",elite,1106,2245,3392,4558,5732,6954,8225,9535,1139,1147,1166,1174,1222,1271,1310
27033,"Lu, Phil",elite,1135,2275,3449,4653,5874,7125,8395,9626,1140,1174,1204,1221,1251,1270,1231
27034,"Li, Guannan",elite,1132,2277,3426,4590,5839,7088,8356,9613,1145,1149,1164,1249,1249,1268,1257
27035,"Gunnink, Gabe",elite,1104,2205,3313,4416,5527,6739,8227,9613,1101,1108,1103,1111,1212,1488,1386
27036,"Dimas, Mario",elite,1201,2395,3578,4758,5935,7162,8402,9625,1194,1183,1180,1177,1227,1240,1223
27037,"Christenson, B.J.",elite,1142,2277,3422,4583,5753,6939,8192,9572,1135,1145,1161,1170,1186,1253,1380
27038,"Stanton, Daniel J Jr.",elite,1210,2402,3589,4768,5953,7154,8382,9619,1192,1187,1179,1185,1201,1228,1237
27039,"Bourque, Yves",elite,1195,2363,3540,4729,5903,7126,8377,9603,1168,1177,1189,1174,1223,1251,1226
27040,"Samland, Marc C.",elite,1153,2313,3477,4664,5856,7097,8353,9623,1160,1164,1187,1192,1241,1256,1270
27041,"Gallagher, Sean",elite,1096,2164,3250,4385,5536,6795,8134,9528,1068,1086,1135,1151,1259,1339,1394
27042,"Ramirez, Armando",elite,1086,2202,3345,4515,5705,6959,8318,9611,1116,1143,1170,1190,1254,1359,1293
27043,"Kirouac, Justin-Kingsley",elite,1103,2203,3338,4528,5730,6987,8291,9591,1100,1135,1190,1202,1257,1304,1300
27044,"Sprague, Kenneth R.",elite,1074,2155,3263,4398,5566,6832,8160,9544,1081,1108,1135,1168,1266,1328,1384
27045,"Graham, Nolan R",elite,1196,2384,3587,4795,5995,7211,8434,9637,1188,1203,1208,1200,1216,1223,1203
27046,"Deeg, Justin",elite,1132,2257,3403,4567,5751,6989,8270,9624,1125,1146,1164,1184,1238,1281,1354
27047,"Silva, Ryan J.",elite,1173,2352,3523,4717,5920,7144,8380,9616,1179,1171,1194,1203,1224,1236,1236
27048,"Martinez, Jeffrey M.",elite,1080,2178,3303,4476,5639,6892,8244,9624,1098,1125,1173,1163,1253,1352,1380
27049,"Pierson, Roy",elite,1200,2402,3603,4820,6021,7235,8455,9644,1202,1201,1217,1201,1214,1220,1189
27050,"Mcginness, Chris",elite,1154,2280,3406,4557,5801,7136,8386,9596,1126,1126,1151,1244,1335,1250,1210
27051,"Coloma, Ignacio A. Sr.",elite,1159,2339,3530,4739,5951,7205,8471,9670,1180,1191,1209,1212,1254,1266,1199
27052,"Sweeney, Derrik W.",elite,1164,2313,3475,4635,5795,6987,8234,9564,1149,1162,1160,1160,1192,1247,1330
27053,"Hamilton, Sean",elite,1184,2318,3458,4632,5802,7030,8281,9588,1134,1140,1174,1170,1228,1251,1307
27054,"Shirley, Ian",elite,1177,2351,3525,4701,5871,7081,8347,9627,1174,1174,1176,1170,1210,1266,1280
27055,"Fennon, Myles",elite,1167,2324,3484,4651,5840,7084,8385,9652,1157,1160,1167,1189,1244,1301,1267
27056,"Kramer, Robert",elite,1162,2319,3494,4686,5885,7124,8373,9615,1157,1175,1192,1199,1239,1249,1242
27057,"Mathews, Brandon",elite,1116,2238,3392,4592,5807,7071,8374,9626,1122,1154,1200,1215,1264,1303,1252
27058,"Chatfield, Caleb N.",elite,1146,2282,3427,4589,5762,6971,8297,9645,1136,1145,1162,1173,1209,1326,1348
27059,"Daniels, Adam",elite,1196,2380,3563,4748,5942,7157,8398,9634,1184,1183,1185,1194,1215,1241,1236
27060,"Lopez, Antonio",elite,1254,2463,3679,4904,6122,7332,8527,9687,1209,1216,1225,1218,1210,1195,1160
27061,"Alvarez, Eric",elite,1178,2359,3557,4762,5964,7175,8390,9622,1181,1198,1205,1202,1211,1215,1232
27062,"Mullen, Jay M.",elite,1204,2384,3560,4748,5931,7133,8367,9609,1180,1176,1188,1183,1202,1234,1242
27063,"Sharman, Ian",elite,1166,2351,3550,4748,5961,7224,8462,9666,1185,1199,1198,1213,1263,1238,1204
27064,"Genand, Arnaud",elite,1141,2289,3460,4638,5819,7059,8335,9602,1148,1171,1178,1181,1240,1276,1267
27065,"Baker, Joshua",elite,1175,2340,3515,4711,5921,7158,8413,9662,1165,1175,1196,1210,1237,1255,1249
27066,"Power, Rich M.",elite,1191,2342,3509,4708,5913,7182,8434,9659,1151,1167,1199,1205,1269,1252,1225
27067,"Kelly, Joe",elite,1162,2291,3420,4571,5747,6983,8330,9666,1129,1129,1151,1176,1236,1347,1336
27068,"Sbach, William",elite,1188,2335,3483,4648,5828,7060,8335,9622,1147,1148,1165,1180,1232,1275,1287
27069,"Moniak, Daniel J III",elite,1235,2460,3684,4902,6086,7309,8523,9668,1225,1224,1218,1184,1223,1214,1145
27070,"Huang, Chen",elite,1168,2311,3478,4658,5840,7076,8353,9656,1143,1167,1180,1182,1236,1277,1303
27071,"Chung, Meng Ting",elite,1110,2218,3348,4527,5759,7080,8391,9651,1108,1130,1179,1232,1321,1311,1260
27072,"Hall, Alden W",elite,1140,2289,3466,4671,5888,7149,8411,9639,1149,1177,1205,1217,1261,1262,1228
27073,"Blynas, Dainius",elite,1164,2308,3462,4644,5834,7079,8351,9608,1144,1154,1182,1190,1245,1272,1257
27074,"Bernstein, Matthew",elite,1206,2404,3614,4808,5964,7162,8404,9602,1198,1210,1194,1156,1198,1242,1198
27075,"McKenzie, Nicholas A.",elite,1208,2399,3577,4775,5972,7205,8453,9667,1191,1178,1198,1197,1233,1248,1214
27076,"Howard, Doug",elite,1254,2499,3689,4880,6062,7273,8463,9659,1245,1190,1191,1182,1211,1190,1196
27077,"Van Winkle, Eric M",elite,1195,2364,3523,4700,5882,7106,8375,9641,1169,1159,1177,1182,1224,1269,1266
27078,"Cadotte, Christopher",elite,1160,2321,3493,4681,5870,7096,8372,9635,1161,1172,1188,1189,1226,1276,1263
27079,"Bogousslavsky, Vincent",elite,1113,2220,3341,4476,5617,6840,8169,9567,1107,1121,1135,1141,1223,1329,1398
27080,"Morera Malcolm, Leonardo",elite,1127,2290,3451,4634,5832,7082,8375,9643,1163,1161,1183,1198,1250,1293,1268
27081,"Bojczuk, Paul",elite,1197,2387,3568,4762,5949,7168,8408,9665,1190,1181,1194,1187,1219,1240,1257
27082,"MacDonald, Ailsa",elite,1115,2253,3421,4602,5799,7021,8325,9591,1138,1168,1181,1197,1222,1304,1266
27083,"Siegel, Samuel P.",elite,1218,2421,3631,4828,6021,7233,8448,9659,1203,1210,1197,1193,1212,1215,1211
27084,"Arend, Rob",elite,1194,2389,3571,4771,5975,7211,8452,9674,1195,1182,1200,1204,1236,1241,1222
27085,"Reisenauer, Matthew",elite,1144,2284,3428,4584,5743,6956,8241,9641,1140,1144,1156,1159,1213,1285,1400
27086,"Wegener, Joel D",elite,1149,2315,3492,4690,5879,7090,8356,9626,1166,1177,1198,1189,1211,1266,1270
27087,"Preslar, Matt",elite,1210,2372,3517,4681,5861,7100,8391,9643,1162,1145,1164,1180,1239,1291,1252
27088,"Buckingham, Todd",elite,1028,2057,3113,4213,5355,6679,8148,9625,1029,1056,1100,1142,1324,1469,1477
27089,"Tops, Reinis",elite,1170,2362,3556,4768,5974,7235,8494,9689,1192,1194,1212,1206,1261,1259,1195
27090,"Bjork, Eric",elite,1196,2390,3598,4799,5964,7156,8387,9628,1194,1208,1201,1165,1192,1231,1241
27091,"Landeo, Oliver Sr.",elite,1154,2339,3517,4714,5918,7170,8438,9667,1185,1178,1197,1204,1252,1268,1229
27092,"Appman, Timothy G",elite,1154,2308,3488,4702,5911,7164,8419,9668,1154,1180,1214,1209,1253,1255,1249
27093,"Welch, Jefferson D",elite,1180,2342,3490,4659,5857,7100,8375,9663,1162,1148,1169,1198,1243,1275,1288
27094,"Wheating, Julian",elite,1117,2225,3352,4506,5658,6913,8228,9592,1108,1127,1154,1152,1255,1315,1364
27095,"Seigneur, Chad",elite,1078,2137,3235,4373,5566,6901,8272,9618,1059,1098,1138,1193,1335,1371,1346
27096,"Judge, Jeremy",elite,1138,2242,3353,4493,5670,6962,8271,9639,1104,1111,1140,1177,1292,1309,1368
27097,"Knobloch, Aaron J",elite,1153,2309,3466,4641,5834,7078,8366,9642,1156,1157,1175,1193,1244,1288,1276
27098,"Boulay, Pierre",elite,1148,2287,3451,4639,5837,7085,8358,9628,1139,1164,1188,1198,1248,1273,1270
27099,"Hamilton, Joel P.",elite,1168,2330,3498,4689,5891,7135,8433,9674,1162,1168,1191,1202,1244,1298,1241
27100,"Perez, Josue J. Sr.",elite,1183,2373,3568,4782,5992,7235,8501,9697,1190,1195,1214,1210,1243,1266,1196
27101,"Do, Calvin",elite,1192,2393,3594,4806,6008,7240,8491,9694,1201,1201,1212,1202,1232,1251,1203
27102,"Messina, Michael",elite,1131,2287,3451,4622,5796,7025,8290,9643,1156,1164,1171,1174,1229,1265,1353
27103,"Singer, Nate",elite,1100,2207,3336,4497,5670,6924,8254,9620,1107,1129,1161,1173,1254,1330,1366
27104,"Togami, Katsuhiro",elite,1206,2412,3609,4835,6041,7276,8514,9710,1206,1197,1226,1206,1235,1238,1196
27105,"Groff, Adam C",elite,1127,2249,3390,4595,5836,7132,8436,9694,1122,1141,1205,1241,1296,1304,1258
27106,"Whitney, Blake K",elite,1114,2241,3381,4617,5842,7089,8366,9672,1127,1140,1236,1225,1247,1277,1306
27107,"Couture, Nathaniel",elite,1185,2347,3519,4701,5876,7085,8335,9590,1162,1172,1182,1175,1209,1250,1255
27108,"Desjardins, Amos A",elite,1151,2291,3450,4628,5829,7058,8353,9671,1140,1159,1178,1201,1229,1295,1318
27109,"Griffin, Tyler",elite,1149,2302,3455,4624,5799,7006,8285,9625,1153,1153,1169,1175,1207,1279,1340
27110,"Hackney, Joseph P.",elite,1224,2411,3600,4799,5996,7203,8434,9676,1187,1189,1199,1197,1207,1231,1242
27111,"Peters, Daniel",elite,1163,2330,3496,4672,5844,7046,8284,9589,1167,1166,1176,1172,1202,1238,1305
27112,"Picklesimer, Gregory",elite,1129,2269,3425,4604,5790,7017,8293,9627,1140,1156,1179,1186,1227,1276,1334
27113,"Ferguson, Mark D.",elite,1149,2294,3456,4635,5831,7051,8294,9622,1145,1162,1179,1196,1220,1243,1328
27114,"Coughlin, Benjamin",elite,1106,2206,3315,4502,5632,6850,8200,9606,1100,1109,1187,1130,1218,1350,1406
27115,"Valicka, Christopher G",elite,1109,2227,3365,4535,5734,6989,8342,9674,1118,1138,1170,1199,1255,1353,1332
27116,"Alderson, Skip",elite,1205,2380,3567,4771,5997,7236,8477,9692,1175,1187,1204,1226,1239,1241,1215
27117,"Richard-Campeau, Robin",elite,1060,2158,3282,4455,5650,6913,8252,9611,1098,1124,1173,1195,1263,1339,1359
27118,"O'Sullivan, James",elite,1249,2460,3656,4883,6086,7334,8538,9731,1211,1196,1227,1203,1248,1204,1193
27119,"Herrera, Michael",elite,1165,2309,3460,4641,5836,7082,8367,9674,1144,1151,1181,1195,1246,1285,1307
27120,"Shue, Billy",elite,1120,2257,3417,4625,5852,7127,8414,9682,1137,1160,1208,1227,1275,1287,1268
27121,"Mescal, Jeff",elite,1097,2226,3385,4553,5770,7031,8358,9658,1129,1159,1168,1217,1261,1327,1300
27122,"Roy, Daniel",elite,1070,2146,3313,4526,5782,7141,8410,9671,1076,1167,1213,1256,1359,1269,1261
27123,"Tyner, Alexander",elite,1072,2153,3268,4446,5660,6996,8389,9705,1081,1115,1178,1214,1336,1393,1316
27124,"Ashworth-Beaumont, Jim E.",elite,1137,2283,3443,4632,5839,7094,8394,9677,1146,1160,1189,1207,1255,1300,1283
27125,"Shemyakin, Mikhail",elite,1128,2270,3425,4593,5764,6990,8310,9664,1142,1155,1168,1171,1226,1320,1354
27126,"Jackson, Jacob",elite,1114,2240,3384,4533,5710,6987,8364,9672,1126,1144,1149,1177,1277,1377,1308
27127,"Richards, Geoffrey",elite,1195,2409,3614,4830,6031,7247,8463,9679,1214,1205,1216,1201,1216,1216,1216
27128,"Johnston, Christoffer",elite,1166,2324,3484,4683,5889,7128,8404,9685,1158,1160,1199,1206,1239,1276,1281
27129,"Greenwald, Russell S",elite,1184,2361,3543,4731,5921,7159,8419,9685,1177,1182,1188,1190,1238,1260,1266
27130,"Waco, Shawn",elite,1141,2281,3425,4595,5796,7053,8384,9701,1140,1144,1170,1201,1257,1331,1317
27131,"Frechette, Samuel",elite,1155,2294,3460,4654,5910,7141,8402,9674,1139,1166,1194,1256,1231,1261,1272
27132,"Reilly, Jason T.",elite,1058,2140,3251,4400,5606,6939,8354,9665,1082,1111,1149,1206,1333,1415,1311
27133,"Widtfeldt, Daniel P",elite,1143,2295,3445,4609,5789,7040,8337,9655,1152,1150,1164,1180,1251,1297,1318
27134,"Tremblay, Remi",elite,1192,2360,3546,4735,5931,7165,8418,9688,1168,1186,1189,1196,1234,1253,1270
27135,"Swenson, Will",elite,1166,2339,3509,4693,5884,7132,8387,9655,1173,1170,1184,1191,1248,1255,1268
27136,"Picek, Radim",elite,1153,2310,3466,4642,5822,7050,8346,9659,1157,1156,1176,1180,1228,1296,1313
27137,"Antonov, Dmitry",elite,1093,2222,3365,4540,5731,6976,8259,9654,1129,1143,1175,1191,1245,1283,1395
27138,"Bennie, Jeremy M.",elite,1019,2044,3081,4210,5437,6784,8133,9555,1025,1037,1129,1227,1347,1349,1422
27139,"Joslyn, C Fred",elite,1017,2055,3087,4181,5373,6673,8131,9610,1038,1032,1094,1192,1300,1458,1479
27140,"De Larraechea, Felipe Sr.",elite,1158,2315,3482,4673,5871,7119,8408,9672,1157,1167,1191,1198,1248,1289,1264
27141,"Fernandez, Doug",elite,1110,2247,3423,4651,5875,7135,8432,9700,1137,1176,1228,1224,1260,1297,1268
27142,"Defilippi, James",elite,1214,2393,3575,4780,6000,7230,8487,9728,1179,1182,1205,1220,1230,1257,1241
27143,"Dionne, Hilary K.",elite,1120,2255,3422,4609,5818,7091,8457,9700,1135,1167,1187,1209,1273,1366,1243
27144,"Goldberg, Samuel L",elite,1071,2147,3260,4415,5621,6913,8242,9633,1076,1113,1155,1206,1292,1329,1391
27145,"Kovalchick, Christopher",elite,1184,2391,3606,4821,6031,7265,8499,9707,1207,1215,1215,1210,1234,1234,1208
27146,"Clemens, Kevin M.",elite,1194,2395,3587,4777,5977,7204,8447,9699,1201,1192,1190,1200,1227,1243,1252
27147,"Yazzie, Andrew R. Sr.",elite,1114,2221,3324,4454,5599,6852,8174,9603,1107,1103,1130,1145,1253,1322,1429
27148,"Starbuck, Ryan",elite,1187,2360,3541,4734,5931,7164,8419,9684,1173,1181,1193,1197,1233,1255,1265
27149,"Islas, Leopoldo",elite,1055,2165,3341,4652,5956,7288,8522,9751,1110,1176,1311,1304,1332,1234,1229
27150,"Nelsen, Jon B",elite,1221,2419,3624,4824,6030,7251,8496,9722,1198,1205,1200,1206,1221,1245,1226
27151,"Stomiany, Michael T",elite,1205,2399,3580,4772,5974,7221,8510,9738,1194,1181,1192,1202,1247,1289,1228
27152,"Ryan, Elizabeth M.",elite,1158,2312,3478,4669,5883,7162,8466,9702,1154,1166,1191,1214,1279,1304,1236
27153,"Quispe, Michael",elite,1152,2332,3527,4747,5950,7191,8433,9704,1180,1195,1220,1203,1241,1242,1271
27154,"Mariani, Mirko",elite,1088,2216,3359,4531,5713,6954,8285,9687,1128,1143,1172,1182,1241,1331,1402
27155,"Ching, Chou",elite,1209,2375,3560,4758,5920,7150,8409,9672,1166,1185,1198,1162,1230,1259,1263
27156,"Avalos, Ray A.",elite,1179,2357,3542,4722,5903,7118,8367,9645,1178,1185,1180,1181,1215,1249,1278
27157,"Enright, Thomas L",elite,1184,2371,3561,4756,5945,7152,8417,9714,1187,1190,1195,1189,1207,1265,1297
27158,"Baldick, Philip J",elite,1134,2267,3425,4612,5802,7069,8371,9686,1133,1158,1187,1190,1267,1302,1315
27159,"Donahey, James L",elite,1224,2425,3634,4840,6061,7299,8537,9745,1201,1209,1206,1221,1238,1238,1208
27160,"Gibbons, Ren J.",elite,1190,2367,3550,4747,5918,7131,8386,9696,1177,1183,1197,1171,1213,1255,1310
27161,"Gustafson, Kate",elite,1200,2378,3568,4764,5968,7217,8479,9715,1178,1190,1196,1204,1249,1262,1236
27162,"Fazioli, Samuel K",elite,1083,2188,3310,4470,5676,6979,8314,9674,1105,1122,1160,1206,1303,1335,1360
27163,"Allan, Kirsten N.",elite,1207,2393,3591,4802,6016,7261,8506,9735,1186,1198,1211,1214,1245,1245,1229
27164,"Cook, Matthew L",elite,1035,2098,3245,4430,5645,6961,8295,9679,1063,1147,1185,1215,1316,1334,1384
27165,"Dombrowski, Zeke M",elite,1230,2463,3687,4923,6129,7358,8595,9766,1233,1224,1236,1206,1229,1237,1171
27166,"Paullin, Matthew J",elite,1157,2331,3503,4687,5865,7079,8375,9717,1174,1172,1184,1178,1214,1296,1342
27167,"Snell, Ryan",elite,1211,2383,3571,4775,5972,7209,8472,9718,1172,1188,1204,1197,1237,1263,1246
27168,"Hess, Ryan K",elite,1152,2295,3437,4588,5758,6997,8290,9660,1143,1142,1151,1170,1239,1293,1370
27169,"Mininger, Norman H",elite,1185,2362,3541,4778,5974,7224,8478,9733,1177,1179,1237,1196,1250,1254,1255
27170,"Bonvillain, Frederic X",elite,1206,2402,3608,4831,6036,7255,8505,9735,1196,1206,1223,1205,1219,1250,1230
27171,"Slepov, Ilya",elite,1128,2273,3451,4655,5862,7123,8402,9687,1145,1178,1204,1207,1261,1279,1285
27172,"Bruyere, Adam J",elite,1225,2443,3652,4865,6071,7312,8541,9750,1218,1209,1213,1206,1241,1229,1209
27173,"Newcomb, Jt",elite,1222,2419,3592,4782,5998,7207,8453,9712,1197,1173,1190,1216,1209,1246,1259
27174,"Fujishiro, Ken",elite,1105,2262,3426,4617,5810,7050,8362,9678,1157,1164,1191,1193,1240,1312,1316
27175,"Wilson, Graeme S",elite,1053,2119,3223,4359,5524,6772,8162,9616,1066,1104,1136,1165,1248,1390,1454
27176,"Ito, Atsushi",elite,1187,2368,3562,4756,5950,7170,8401,9685,1181,1194,1194,1194,1220,1231,1284
27177,"Sillivant, Daniel",elite,1192,2372,3557,4749,5911,7124,8397,9689,1180,1185,1192,1162,1213,1273,1292
27178,"Tucker, Aaron",elite,1207,2395,3579,4782,5992,7237,8502,9736,1188,1184,1203,1210,1245,1265,1234
27179,"Fisher, James A",elite,1134,2284,3442,4612,5820,7091,8390,9710,1150,1158,1170,1208,1271,1299,1320
27180,"Lopez Borboy, Alfredo Sr.",elite,1155,2338,3530,4743,5961,7221,8503,9759,1183,1192,1213,1218,1260,1282,1256
27181,"Corona, John L.",elite,1145,2256,3369,4491,5624,6839,8205,9711,1111,1113,1122,1133,1215,1366,1506
27182,"Penny, J",elite,1041,2084,3140,4238,5429,6710,8085,9678,1043,1056,1098,1191,1281,1375,1593
27183,"Onigkeit, James",elite,1220,2390,3565,4758,5955,7199,8469,9727,1170,1175,1193,1197,1244,1270,1258
27184,"Tadesse, Fasil",elite,1161,2324,3495,4732,5938,7206,8461,9719,1163,1171,1237,1206,1268,1255,1258
27185,"Edwards, Glenn",elite,1106,2221,3361,4533,5708,6981,8357,9688,1115,1140,1172,1175,1273,1376,1331
27186,"Jantzen, Gregory T.",elite,1111,2235,3378,4547,5723,6958,8255,9663,1124,1143,1169,1176,1235,1297,1408
27187,"Perry, Tim",elite,1194,2373,3589,4775,5977,7230,8509,9763,1179,1216,1186,1202,1253,1279,1254
27188,"Dordai, Nathaniel G.",elite,1110,2211,3337,4509,5709,6983,8344,9701,1101,1126,1172,1200,1274,1361,1357
27189,"Ripa, Vojta",elite,1101,2222,3361,4573,5805,7149,8472,9744,1121,1139,1212,1232,1344,1323,1272
27190,"Canitz, Corina",elite,1162,2343,3533,4739,5948,7202,8489,9733,1181,1190,1206,1209,1254,1287,1244
27191,"Hine, Christopher M.",elite,1203,2401,3585,4783,5980,7210,8482,9749,1198,1184,1198,1197,1230,1272,1267
27192,"Khryashchev, Oleg",elite,1206,2394,3598,4827,6046,7291,8542,9756,1188,1204,1229,1219,1245,1251,1214
27193,"Preston, Billy",elite,1179,2341,3507,4692,5899,7143,8412,9689,1162,1166,1185,1207,1244,1269,1277
27194,"Carrier, Chris P.",elite,1128,2242,3368,4540,5754,7043,8380,9714,1114,1126,1172,1214,1289,1337,1334
27195,"Morris, Erik",elite,1122,2254,3441,4651,5887,7158,8454,9735,1132,1187,1210,1236,1271,1296,1281
27196,"Patterson, Christopher F.",elite,1235,2435,3640,4860,6058,7272,8509,9762,1200,1205,1220,1198,1214,1237,1253
27197,"Naughton, Neal M",elite,1148,2283,3421,4567,5725,6946,8285,9724,1135,1138,1146,1158,1221,1339,1439
27198,"Camara, Cesar Sr.",elite,1160,2324,3492,4683,5880,7139,8438,9712,1164,1168,1191,1197,1259,1299,1274
27199,"Horstman, Robert W. Jr.",elite,1179,2350,3530,4749,5975,7227,8514,9766,1171,1180,1219,1226,1252,1287,1252
27200,"Cale, Eric",elite,1216,2417,3614,4817,6032,7263,8512,9758,1201,1197,1203,1215,1231,1249,1246
27201,"Fox, Austin R.",elite,1140,2279,3467,4692,5902,7167,8452,9746,1139,1188,1225,1210,1265,1285,1294
27202,"Takano, Walter Sr.",elite,1155,2338,3524,4723,5918,7167,8437,9723,1183,1186,1199,1195,1249,1270,1286
27203,"Sustersic, Nathan",elite,1194,2356,3530,4728,5930,7174,8486,9753,1162,1174,1198,1202,1244,1312,1267
27204,"Cossette, Philippe",elite,1150,2290,3441,4615,5810,7086,8413,9710,1140,1151,1174,1195,1276,1327,1297
27205,"Gherardi, Benjamin",elite,1095,2212,3353,4539,5737,7020,8382,9726,1117,1141,1186,1198,1283,1362,1344
27206,"Brauer, Thomas",elite,1219,2429,3640,4853,6066,7298,8547,9772,1210,1211,1213,1213,1232,1249,1225
27207,"Fong, Raymond",elite,1231,2433,3634,4828,6011,7227,8493,9774,1202,1201,1194,1183,1216,1266,1281
27208,"Quarford, Jason",elite,1193,2360,3506,4668,5850,7087,8391,9721,1167,1146,1162,1182,1237,1304,1330
27209,"Fernandez De Bobadilla, Pablo",elite,1193,2341,3502,4687,5877,7114,8378,9693,1148,1161,1185,1190,1237,1264,1315
27210,"Mullaney, Jack",elite,1186,2365,3563,4780,5992,7233,8499,9761,1179,1198,1217,1212,1241,1266,1262
27211,"Thind, Sunny S",elite,1164,2303,3460,4653,5851,7109,8414,9737,1139,1157,1193,1198,1258,1305,1323
27212,"Zand, Rob",elite,1197,2393,3594,4794,5988,7203,8446,9723,1196,1201,1200,1194,1215,1243,1277
27213,"Geldman, Greg",elite,1138,2276,3463,4665,5905,7167,8493,9758,1138,1187,1202,1240,1262,1326,1265
27214,"Manning, Matthew T",elite,1084,2207,3345,4518,5710,6988,8340,9699,1123,1138,1173,1192,1278,1352,1359
27215,"Schumacher, Martin A. Jr.",elite,1216,2403,3599,4811,6019,7257,8509,9761,1187,1196,1212,1208,1238,1252,1252
27216,"Glasson, Rachel",elite,1190,2373,3574,4775,5981,7223,8500,9751,1183,1201,1201,1206,1242,1277,1251
27217,"Divergilio, Adam",elite,1155,2277,3406,4542,5712,6972,8437,9790,1122,1129,1136,1170,1260,1465,1353
27218,"Kwok, Sin Hung",elite,1218,2431,3646,4868,6098,7333,8569,9779,1213,1215,1222,1230,1235,1236,1210
27219,"Schnitter, John C",elite,1141,2271,3416,4588,5808,7095,8423,9740,1130,1145,1172,1220,1287,1328,1317
27220,"De Bruijn, Cliff",elite,1173,2327,3517,4743,5962,7235,8506,9767,1154,1190,1226,1219,1273,1271,1261
27221,"Kremer, John R",elite,1177,2356,3542,4734,5933,7181,8438,9723,1179,1186,1192,1199,1248,1257,1285
27222,"Lehoczki, Mauricio A. Sr.",elite,1189,2377,3575,4786,5996,7235,8513,9755,1188,1198,1211,1210,1239,1278,1242
27223,"Newnham, Paul R",elite,1183,2356,3531,4724,5919,7179,8484,9739,1173,1175,1193,1195,1260,1305,1255
27224,"Grant, Michael J",elite,1132,2257,3386,4564,5788,7081,8376,9682,1125,1129,1178,1224,1293,1295,1306
27225,"Williams, Mike",elite,1124,2265,3396,4530,5659,6866,8241,9658,1141,1131,1134,1129,1207,1375,1417
27226,"Gonzalez, Manuel A",elite,1204,2410,3618,4824,5920,7081,8372,9694,1206,1208,1206,1096,1161,1291,1322
27227,"Sather, Evan H.",elite,1198,2426,3634,4834,6030,7253,8502,9774,1228,1208,1200,1196,1223,1249,1272
27228,"Munoz, Diego A. Sr.",elite,1184,2379,3583,4801,6007,7250,8510,9752,1195,1204,1218,1206,1243,1260,1242
27229,"Perez, Christian",elite,1167,2323,3498,4700,5913,7177,8471,9773,1156,1175,1202,1213,1264,1294,1302
27230,"Woodward, Anthony L.",elite,1106,2225,3373,4554,5745,7022,8364,9701,1119,1148,1181,1191,1277,1342,1337
27231,"Solomon, Brian",elite,1107,2205,3329,4494,5690,6997,8394,9734,1098,1124,1165,1196,1307,1397,1340
27232,"Morrison, Mathieu",elite,1136,2290,3457,4639,5837,7108,8420,9744,1154,1167,1182,1198,1271,1312,1324
27233,"Lundblade, Eric",elite,1184,2374,3574,4779,5990,7243,8517,9794,1190,1200,1205,1211,1253,1274,1277
27234,"Bark, Rob",elite,1166,2315,3475,4644,5819,7046,8361,9727,1149,1160,1169,1175,1227,1315,1366
27235,"Jones, Michael E",elite,1184,2380,3573,4782,6000,7283,8567,9816,1196,1193,1209,1218,1283,1284,1249
27236,"Mandel, Corey",elite,1225,2445,3663,4869,6073,7298,8532,9775,1220,1218,1206,1204,1225,1234,1243
27237,"Pearsall, Graham",elite,1194,2389,3575,4772,5973,7218,8493,9779,1195,1186,1197,1201,1245,1275,1286
27238,"Michalski, Steven L",elite,1160,2319,3492,4681,5887,7150,8446,9762,1159,1173,1189,1206,1263,1296,1316
27239,"Hambrock, Christian J.",elite,1233,2433,3637,4848,6051,7284,8533,9786,1200,1204,1211,1203,1233,1249,1253
27240,"Berntsen, Seth J",elite,1168,2330,3509,4692,5882,7108,8418,9751,1162,1179,1183,1190,1226,1310,1333
27241,"Mills, Ryan S",elite,1126,2274,3451,4648,5850,7103,8417,9744,1148,1177,1197,1202,1253,1314,1327
27242,"Ring, Brendan",elite,1216,2388,3547,4722,5902,7102,8372,9742,1172,1159,1175,1180,1200,1270,1370
27243,"Barker, Zachary T",elite,1112,2201,3309,4446,5613,6909,8270,9750,1089,1108,1137,1167,1296,1361,1480
27244,"Juurlink, Mike",elite,1170,2345,3530,4721,5915,7150,8462,9762,1175,1185,1191,1194,1235,1312,1300
27245,"Jarvis, Scott P",elite,1234,2455,3683,4918,6140,7338,8578,9796,1221,1228,1235,1222,1198,1240,1218
27246,"Vernochet, Baptiste",elite,1149,2302,3464,4637,5855,7088,8415,9773,1153,1162,1173,1218,1233,1327,1358
27247,"St-Pierre, Martin",elite,1215,2425,3627,4845,6047,7276,8526,9770,1210,1202,1218,1202,1229,1250,1244
27248,"Clash, Daniel C",elite,1210,2376,3534,4713,5906,7156,8457,9763,1166,1158,1179,1193,1250,1301,1306
27249,"Dever, Shaun R",elite,1085,2177,3295,4478,5685,6959,8291,9712,1092,1118,1183,1207,1274,1332,1421
27250,"Winkler, Guillermo",elite,1186,2377,3572,4774,5968,7220,8500,9764,1191,1195,1202,1194,1252,1280,1264
27251,"Widmann, Bryan L",elite,1165,2329,3514,4719,5935,7211,8518,9801,1164,1185,1205,1216,1276,1307,1283
27252,"Pond, Kyle K",elite,1220,2430,3645,4864,6090,7323,8568,9808,1210,1215,1219,1226,1233,1245,1240
27253,"Pak, Junyong",elite,1151,2313,3499,4750,6080,7337,8597,9834,1162,1186,1251,1330,1257,1260,1237
27254,"Michell, Robert G",elite,1129,2284,3460,4662,5891,7139,8452,9764,1155,1176,1202,1229,1248,1313,1312
27255,"Chen, Zhe",elite,1206,2410,3593,4798,6006,7256,8536,9788,1204,1183,1205,1208,1250,1280,1252
27256,"Traeger, Michael S",elite,1167,2321,3485,4661,5849,7080,8399,9751,1154,1164,1176,1188,1231,1319,1352
27257,"Seeley, Tim",elite,1065,2134,3220,4327,5479,6759,8231,9693,1069,1086,1107,1152,1280,1472,1462
27258,"Sajulga, Felipe L. III",elite,1178,2356,3552,4784,6012,7280,8568,9800,1178,1196,1232,1228,1268,1288,1232
27259,"Stanley, Michael John",elite,1203,2406,3604,4824,6031,7284,8542,9789,1203,1198,1220,1207,1253,1258,1247
27260,"Coomer, Colin",elite,1171,2320,3474,4643,5827,7078,8397,9732,1149,1154,1169,1184,1251,1319,1335
27261,"Piers, Sheri",elite,1177,2387,3571,4777,5979,7222,8466,9752,1210,1184,1206,1202,1243,1244,1286
27262,"Fitzgerald, Timothy",elite,1210,2423,3640,4865,6081,7302,8548,9811,1213,1217,1225,1216,1221,1246,1263
27263,"Fiske, Scott",elite,1209,2429,3628,4819,6011,7233,8499,9794,1220,1199,1191,1192,1222,1266,1295
27264,"Raffetto, Louis",elite,1115,2251,3400,4572,5780,7024,8396,9802,1136,1149,1172,1208,1244,1372,1406
27265,"Lenaghan, Patrick",elite,1177,2346,3520,4705,5889,7143,8425,9734,1169,1174,1185,1184,1254,1282,1309
27266,"Dunklee, Jason",elite,1172,2321,3491,4681,5856,7103,8400,9721,1149,1170,1190,1175,1247,1297,1321
27267,"Mertens, Mike M",elite,1207,2403,3592,4801,6003,7262,8547,9801,1196,1189,1209,1202,1259,1285,1254
27268,"Calvario, Rich",elite,1120,2267,3424,4610,5818,7104,8458,9786,1147,1157,1186,1208,1286,1354,1328
27269,"Schwarz, Chris",elite,1173,2346,3541,4761,5966,7240,8543,9803,1173,1195,1220,1205,1274,1303,1260
27270,"Gilden, Jacob",elite,1131,2283,3470,4768,6035,7290,8626,9822,1152,1187,1298,1267,1255,1336,1196
27271,"Curran, Ken",elite,1239,2458,3677,4896,6109,7366,8595,9818,1219,1219,1219,1213,1257,1229,1223
27272,"Royston, J P. II",elite,1180,2370,3553,4767,5993,7235,8510,9793,1190,1183,1214,1226,1242,1275,1283
27273,"Leonardo, Robert",elite,1110,2256,3421,4611,5821,7105,8442,9763,1146,1165,1190,1210,1284,1337,1321
27274,"Barczak, Travis",elite,1089,2180,3279,4439,5644,6940,8339,9776,1091,1099,1160,1205,1296,1399,1437
27275,"King, Jeffrey S.",elite,1138,2290,3465,4672,5872,7123,8409,9741,1152,1175,1207,1200,1251,1286,1332
27276,"Kartanowicz, Paul M",elite,1234,2454,3669,4884,6093,7336,8590,9831,1220,1215,1215,1209,1243,1254,1241
27277,"Farley, Chris",elite,1223,2422,3621,4842,6063,7292,8538,9797,1199,1199,1221,1221,1229,1246,1259
27278,"Lewin, Kyle",elite,1164,2335,3500,4670,5853,7108,8451,9786,1171,1165,1170,1183,1255,1343,1335
27279,"Kropelnicki, Jesse",elite,1216,2433,3650,4872,6083,7324,8572,9808,1217,1217,1222,1211,1241,1248,1236
27280,"McCue, James Butters",elite,1294,2549,3784,5014,6229,7437,8672,9865,1255,1235,1230,1215,1208,1235,1193
27281,"White, Alex",elite,1151,2294,3463,4655,5891,7169,8525,9802,1143,1169,1192,1236,1278,1356,1277
27282,"Holcomb, Shane D",elite,1081,2166,3294,4503,5752,7085,8425,9747,1085,1128,1209,1249,1333,1340,1322
27283,"Morris, Jonathan",elite,1169,2334,3511,4711,5912,7170,8482,9789,1165,1177,1200,1201,1258,1312,1307
27284,"Burciaga, Erik",elite,1102,2245,3382,4537,5735,7071,8443,9779,1143,1137,1155,1198,1336,1372,1336
27285,"Hagley, Laura",elite,1152,2309,3498,4720,5936,7218,8552,9828,1157,1189,1222,1216,1282,1334,1276
27286,"Hanson, Derek",elite,1132,2330,3539,4774,6020,7305,8613,9840,1198,1209,1235,1246,1285,1308,1227
27287,"Atkinson, David",elite,1157,2329,3507,4703,5908,7158,8469,9784,1172,1178,1196,1205,1250,1311,1315
27288,"Maas, Eric",elite,1171,2337,3525,4736,5958,7222,8514,9800,1166,1188,1211,1222,1264,1292,1286
27289,"Chapman, Stephen",elite,1216,2414,3591,4793,5987,7252,8549,9830,1198,1177,1202,1194,1265,1297,1281
27290,"Michmerhuizen, Nicole",elite,1153,2323,3521,4750,5988,7255,8539,9823,1170,1198,1229,1238,1267,1284,1284
27291,"Clifford, Thomas G.",elite,1071,2129,3180,4240,5474,6877,8426,9788,1058,1051,1060,1234,1403,1549,1362
27292,"Longo, John",elite,1218,2353,3497,4680,5883,7152,8479,9804,1135,1144,1183,1203,1269,1327,1325
27293,"Bugbee, Patrick",elite,1190,2381,3581,4794,6022,7285,8553,9802,1191,1200,1213,1228,1263,1268,1249
27294,"Concannon, Christopher S.",elite,1136,2269,3407,4592,5860,7179,8479,9804,1133,1138,1185,1268,1319,1300,1325
27295,"Greszler, Timothy D",elite,1213,2430,3644,4877,6096,7332,8591,9843,1217,1214,1233,1219,1236,1259,1252
27296,"Bowling, Kyle H",elite,1252,2465,3652,4844,6012,7230,8509,9787,1213,1187,1192,1168,1218,1279,1278
27297,"Close, Evan",elite,1154,2304,3462,4630,5808,7139,8470,9789,1150,1158,1168,1178,1331,1331,1319
27298,"O'Hora, Paul",elite,1228,2435,3644,4856,6071,7317,8579,9833,1207,1209,1212,1215,1246,1262,1254
27299,"Sutton, Chad B.",elite,1179,2331,3499,4681,5886,7148,8465,9796,1152,1168,1182,1205,1262,1317,1331
27300,"Arsenault, Evan",elite,1150,2290,3445,4621,5809,7084,8441,9785,1140,1155,1176,1188,1275,1357,1344
27301,"Littledike, Harrison",elite,1222,2388,3582,4813,6036,7289,8557,9834,1166,1194,1231,1223,1253,1268,1277
27302,"Simonson, Matthew D.",elite,1148,2346,3569,4805,6026,7271,8524,9827,1198,1223,1236,1221,1245,1253,1303
27303,"Lammers, Jeffrey R",elite,1176,2347,3531,4733,5934,7209,8520,9805,1171,1184,1202,1201,1275,1311,1285
27304,"Staton, Pamela J",elite,1200,2414,3632,4857,6069,7301,8563,9818,1214,1218,1225,1212,1232,1262,1255
27305,"Lui, Ben",elite,1245,2467,3684,4911,6116,7367,8637,9867,1222,1217,1227,1205,1251,1270,1230
27306,"Krieche, Issam",elite,1197,2385,3591,4809,6018,7266,8548,9821,1188,1206,1218,1209,1248,1282,1273
27307,"Smith, David R",elite,1209,2417,3635,4867,6099,7347,8606,9849,1208,1218,1232,1232,1248,1259,1243
27308,"McCauley, Sean T.",elite,1158,2317,3490,4684,5899,7164,8483,9808,1159,1173,1194,1215,1265,1319,1325
27309,"Eld, Alex T.",elite,1204,2400,3584,4795,5978,7205,8491,9795,1196,1184,1211,1183,1227,1286,1304
27310,"Norcross, Robert A III",elite,1167,2294,3440,4610,5851,7174,8517,9832,1127,1146,1170,1241,1323,1343,1315
27311,"Galli, David",elite,1200,2382,3572,4778,5973,7223,8507,9803,1182,1190,1206,1195,1250,1284,1296
27312,"Hohmann, Bruno C.",elite,1209,2408,3616,4825,6039,7290,8566,9825,1199,1208,1209,1214,1251,1276,1259
27313,"Wrigley, Ryan",elite,1172,2329,3532,4738,5936,7275,8575,9831,1157,1203,1206,1198,1339,1300,1256
27314,"Dunford, Joseph I.",elite,1162,2308,3470,4649,5835,7091,8414,9771,1146,1162,1179,1186,1256,1323,1357
27315,"Triick, Matt J",elite,1237,2451,3658,4893,6099,7336,8593,9840,1214,1207,1235,1206,1237,1257,1247
27316,"Chesto, Jon",elite,1163,2324,3497,4691,5892,7144,8453,9797,1161,1173,1194,1201,1252,1309,1344
27317,"Maag, Patrick",elite,1129,2239,3367,4518,5767,7050,8408,9784,1110,1128,1151,1249,1283,1358,1376
27318,"Mcdonald, Alex",elite,1156,2314,3488,4704,5943,7208,8507,9838,1158,1174,1216,1239,1265,1299,1331
27319,"Mcclung, Joshua",elite,1211,2420,3622,4827,6024,7259,8530,9805,1209,1202,1205,1197,1235,1271,1275
27320,"Adams, Michael",elite,1214,2394,3565,4768,5957,7179,8434,9733,1180,1171,1203,1189,1222,1255,1299
27321,"Drowne, Jeremy D.",elite,1048,2124,3263,4487,5739,7078,8455,9788,1076,1139,1224,1252,1339,1377,1333
27322,"Andre, Stephanie L",elite,1242,2463,3682,4908,6139,7392,8652,9867,1221,1219,1226,1231,1253,1260,1215
27323,"Spitz, Eric W",elite,1195,2345,3499,4672,5839,7074,8405,9797,1150,1154,1173,1167,1235,1331,1392
27324,"Principe, David M.",elite,1155,2310,3474,4659,5863,7127,8419,9826,1155,1164,1185,1204,1264,1292,1407
27325,"Doyon, Gregory",elite,1135,2246,3379,4550,5836,7104,8423,9758,1111,1133,1171,1286,1268,1319,1335
27326,"Chong, Eduardo Sr.",elite,1124,2260,3410,4601,5818,7077,8410,9782,1136,1150,1191,1217,1259,1333,1372
27327,"Higuchi, Wataru",elite,1055,2167,3317,4505,5728,7047,8416,9782,1112,1150,1188,1223,1319,1369,1366
27328,"Belson, Connor M.",elite,1163,2337,3539,4738,5956,7227,8521,9832,1174,1202,1199,1218,1271,1294,1311
27329,"Guay, Alexandre",elite,1198,2367,3538,4742,5946,7248,8514,9816,1169,1171,1204,1204,1302,1266,1302
27330,"Bell, Samuel",elite,1043,2153,3317,4512,5727,7046,8399,9784,1110,1164,1195,1215,1319,1353,1385
27331,"Satterly, Mark T",elite,1236,2443,3644,4853,6064,7313,8575,9846,1207,1201,1209,1211,1249,1262,1271
27332,"Hetherington, Alexander G",elite,1175,2354,3562,4803,6051,7335,8620,9867,1179,1208,1241,1248,1284,1285,1247
27333,"Nichols, Jonathan T",elite,1247,2484,3710,4935,6149,7399,8659,9886,1237,1226,1225,1214,1250,1260,1227
27334,"Chanin, Jake",elite,1213,2408,3596,4797,5998,7242,8527,9824,1195,1188,1201,1201,1244,1285,1297
27335,"Kang, Ting-Jui",elite,1206,2408,3621,4851,6073,7311,8578,9850,1202,1213,1230,1222,1238,1267,1272
27336,"Day, Jeffrey R",elite,1180,2362,3655,4867,6080,7324,8589,9848,1182,1293,1212,1213,1244,1265,1259
27337,"Lockyer, Karen",elite,1191,2351,3535,4756,5991,7267,8564,9841,1160,1184,1221,1235,1276,1297,1277
27338,"Maina, Stanley",elite,1180,2369,3556,4768,5986,7230,8482,9777,1189,1187,1212,1218,1244,1252,1295
27339,"Mannisto, Andrew W.",elite,1247,2464,3642,4824,6025,7287,8569,9848,1217,1178,1182,1201,1262,1282,1279
27340,"Cote, Benoit",elite,1215,2421,3640,4860,6070,7316,8600,9859,1206,1219,1220,1210,1246,1284,1259
27341,"Fullen, Gill M.",elite,1188,2362,3555,4778,5993,7257,8554,9846,1174,1193,1223,1215,1264,1297,1292
27342,"Vergotte, Christophe",elite,1175,2323,3487,4687,5914,7192,8511,9818,1148,1164,1200,1227,1278,1319,1307
27343,"Cohen, Matthew",elite,1153,2325,3484,4645,5811,7042,8345,9750,1172,1159,1161,1166,1231,1303,1405
27344,"Vaught, Ben",elite,1167,2334,3527,4722,5922,7171,8475,9812,1167,1193,1195,1200,1249,1304,1337
27345,"Baker, Adam J.",elite,1213,2416,3625,4839,6053,7306,8566,9830,1203,1209,1214,1214,1253,1260,1264
27346,"Armenta, Carlos G. Sr.",elite,1241,2469,3697,4939,6169,7429,8685,9896,1228,1228,1242,1230,1260,1256,1211
27347,"Bauer, Jeremy J.",elite,1210,2409,3623,4849,6071,7328,8610,9867,1199,1214,1226,1222,1257,1282,1257
27348,"Ollinger, Patrick",elite,1223,2444,3662,4873,6082,7320,8575,9852,1221,1218,1211,1209,1238,1255,1277
27349,"Bonnett-Castillo, Carlos A.",elite,1201,2416,3623,4832,6087,7319,8588,9846,1215,1207,1209,1255,1232,1269,1258
27350,"Bright, Larry N",elite,1241,2453,3648,4875,6081,7312,8591,9871,1212,1195,1227,1206,1231,1279,1280
27351,"Gonzalez, Jose L.",elite,1145,2312,3481,4668,5872,7147,8483,9838,1167,1169,1187,1204,1275,1336,1355
27352,"Erickson, Anders J",elite,1152,2308,3468,4658,5858,7134,8464,9789,1156,1160,1190,1200,1276,1330,1325
27353,"Moorhead, Mickey",elite,1219,2405,3611,4820,6014,7251,8522,9834,1186,1206,1209,1194,1237,1271,1312
27354,"Stange, Michael",elite,1185,2365,3569,4790,6013,7290,8590,9864,1180,1204,1221,1223,1277,1300,1274
27355,"Smith, Brent",elite,1220,2426,3632,4861,6095,7343,8614,9862,1206,1206,1229,1234,1248,1271,1248
27356,"Cass, Greg",elite,1039,2094,3149,4892,6072,7347,8598,9898,1055,1055,1743,1180,1275,1251,1300
27357,"Colijn, Cees",elite,1187,2375,3566,4779,6010,7285,8575,9862,1188,1191,1213,1231,1275,1290,1287
27358,"Lai, Luigi",elite,1103,2209,3334,4501,5690,6985,8442,9875,1106,1125,1167,1189,1295,1457,1433
27359,"Malatesta, Anthony S",elite,1080,2165,3328,4549,5803,7141,8529,9855,1085,1163,1221,1254,1338,1388,1326
27360,"Mora, Felipe",elite,1138,2290,3445,4614,5812,7058,8376,9785,1152,1155,1169,1198,1246,1318,1409
27361,"Neumann, Seth C",elite,1220,2439,3636,4859,6079,7331,8599,9871,1219,1197,1223,1220,1252,1268,1272
27362,"Bui, Jason",elite,1188,2382,3584,4809,6044,7300,8587,9880,1194,1202,1225,1235,1256,1287,1293
27363,"Rivas, Jorge A",elite,1195,2376,3579,4810,6023,7304,8621,9883,1181,1203,1231,1213,1281,1317,1262
27364,"Waite, Steven T",elite,1191,2353,3532,4734,5948,7228,8549,9853,1162,1179,1202,1214,1280,1321,1304
27365,"Lucier, Jeremy R",elite,1200,2376,3563,4768,5965,7238,8598,9875,1176,1187,1205,1197,1273,1360,1277
27366,"Vaughan, Tim",elite,1155,2337,3536,4752,5975,7241,8544,9843,1182,1199,1216,1223,1266,1303,1299
27367,"Danielson, Thomas",elite,1206,2400,3576,4778,5976,7236,8552,9847,1194,1176,1202,1198,1260,1316,1295
27368,"Maddison, Stephen",elite,1118,2272,3444,4648,5864,7123,8438,9789,1154,1172,1204,1216,1259,1315,1351
27369,"Aramayo, Ed",elite,1163,2296,3459,4659,5873,7138,8458,9821,1133,1163,1200,1214,1265,1320,1363
27370,"Cobb, David S",elite,1261,2495,3716,4945,6162,7401,8662,9892,1234,1221,1229,1217,1239,1261,1230
27371,"Mohrman, Matthew D.",elite,1210,2395,3581,4768,5971,7252,8586,9881,1185,1186,1187,1203,1281,1334,1295
27372,"Boyd, Jacob T",elite,1248,2451,3651,4856,6060,7296,8577,9857,1203,1200,1205,1204,1236,1281,1280
27373,"Robinson, Arek R. II",elite,1173,2316,3473,4662,5873,7196,8541,9874,1143,1157,1189,1211,1323,1345,1333
27374,"Davis, John K",elite,1137,2262,3392,4535,5717,6998,8385,9809,1125,1130,1143,1182,1281,1387,1424
27375,"Mccloskey, Christopher",elite,1166,2314,3487,4689,5907,7196,8519,9836,1148,1173,1202,1218,1289,1323,1317
27376,"Fredsall, Tyler",elite,1168,2338,3522,4722,5936,7214,8527,9847,1170,1184,1200,1214,1278,1313,1320
27377,"Logan, Christopher",elite,1115,2297,3560,4793,6057,7360,8620,9903,1182,1263,1233,1264,1303,1260,1283
27378,"Curley, Matt",elite,1170,2343,3528,4753,5992,7267,8582,9869,1173,1185,1225,1239,1275,1315,1287
27379,"Smart, Larry",elite,1147,2306,3478,4683,5898,7144,8419,9822,1159,1172,1205,1215,1246,1275,1403
27380,"Krugger, Gary",elite,1132,2268,3439,4652,5884,7172,8495,9831,1136,1171,1213,1232,1288,1323,1336
27381,"Mallon, Michael P",elite,1193,2387,3582,4779,5970,7194,8483,9842,1194,1195,1197,1191,1224,1289,1359
27382,"Thill, Matthew",elite,1176,2345,3535,4748,5972,7255,8577,9872,1169,1190,1213,1224,1283,1322,1295
27383,"Torrealba, Cristobal Sr.",elite,1219,2450,3686,4929,6162,7424,8689,9907,1231,1236,1243,1233,1262,1265,1218
27384,"Brightman, Steve",elite,1175,2345,3525,4727,5924,7160,8425,9807,1170,1180,1202,1197,1236,1265,1382
27385,"Lyons, Nicole",elite,1218,2413,3612,4839,6066,7342,8632,9901,1195,1199,1227,1227,1276,1290,1269
27386,"Shrum, Ryan",elite,1236,2444,3642,4843,6045,7273,8556,9865,1208,1198,1201,1202,1228,1283,1309
27387,"Kulm, Scott",elite,1221,2469,3698,4929,6148,7409,8651,9896,1248,1229,1231,1219,1261,1242,1245
27388,"Ford, Ryan J",elite,1233,2440,3642,4865,6089,7349,8636,9906,1207,1202,1223,1224,1260,1287,1270
27389,"Dorn, Cameron S.",elite,1190,2404,3636,4882,6119,7383,8659,9894,1214,1232,1246,1237,1264,1276,1235
27390,"Gertzulin, Dov",elite,1169,2345,3528,4722,5918,7153,8440,9782,1176,1183,1194,1196,1235,1287,1342
27391,"Strickland, Matt",elite,1165,2315,3475,4646,5838,7107,8480,9854,1150,1160,1171,1192,1269,1373,1374
27392,"Shillings, Joseph R",elite,1190,2365,3547,4746,5965,7245,8552,9869,1175,1182,1199,1219,1280,1307,1317
27393,"Hengoed, Joseph",elite,1064,2126,3237,4396,5619,6969,8360,9768,1062,1111,1159,1223,1350,1391,1408
27394,"Behrendt, Brian P.",elite,1226,2447,3666,4890,6115,7366,8655,9932,1221,1219,1224,1225,1251,1289,1277
27395,"D'Alessandro, Patrick",elite,1116,2248,3395,4568,5815,7153,8519,9850,1132,1147,1173,1247,1338,1366,1331
27396,"West, Spencer D",elite,1216,2414,3605,4802,6000,7264,8572,9879,1198,1191,1197,1198,1264,1308,1307
27397,"Rankin, Greg",elite,1136,2272,3424,4622,5829,7098,8419,9792,1136,1152,1198,1207,1269,1321,1373
27398,"Watson, Alistair",elite,1135,2274,3459,4641,5834,7098,8531,9854,1139,1185,1182,1193,1264,1433,1323
27399,"Gisclair, Jerry P II",elite,1205,2396,3577,4792,6006,7258,8563,9872,1191,1181,1215,1214,1252,1305,1309
27400,"Clemons, Liam",elite,1255,2438,3623,4804,5985,7209,8505,9831,1183,1185,1181,1181,1224,1296,1326
27401,"Folch, Tomas",elite,1158,2331,3487,4672,5843,7096,8419,9841,1173,1156,1185,1171,1253,1323,1422
27402,"Klinedinst, Joe",elite,1231,2455,3666,4878,6083,7329,8608,9881,1224,1211,1212,1205,1246,1279,1273
27403,"Rolly, Philippe",elite,1031,2093,3223,4435,5688,7062,8463,9842,1062,1130,1212,1253,1374,1401,1379
27404,"Segal, Craig A",elite,1034,2079,3153,4272,5431,7159,8525,9857,1045,1074,1119,1159,1728,1366,1332
27405,"Condon, Patrick J.",elite,1186,2366,3578,4809,6038,7328,8617,9908,1180,1212,1231,1229,1290,1289,1291
27406,"Lynch, Matthew",elite,1194,2392,3609,4854,6093,7362,8636,9905,1198,1217,1245,1239,1269,1274,1269
27407,"Dillon, Erin D",elite,1171,2353,3554,4780,6023,7307,8603,9901,1182,1201,1226,1243,1284,1296,1298
27408,"McCubbin, Jacob C.",elite,1239,2450,3647,4859,6057,7303,8560,9884,1211,1197,1212,1198,1246,1257,1324
27409,"Thacker, Ben",elite,1147,2300,3479,4672,5888,7149,8533,9867,1153,1179,1193,1216,1261,1384,1334
27410,"Vasovic, Daniel",elite,1159,2318,3503,4716,5944,7217,8538,9847,1159,1185,1213,1228,1273,1321,1309
27411,"Khomich, Yury",elite,1182,2348,3525,4727,5962,7238,8556,9887,1166,1177,1202,1235,1276,1318,1331
27412,"Nardin, Joshua",elite,1128,2268,3439,4653,5911,7181,8490,9854,1140,1171,1214,1258,1270,1309,1364
27413,"Benestad, Christopher T.",elite,1225,2446,3659,4861,6084,7327,8597,9887,1221,1213,1202,1223,1243,1270,1290
27414,"O'Shea, Gearoid S.",elite,1214,2414,3621,4844,6062,7324,8587,9872,1200,1207,1223,1218,1262,1263,1285
27415,"Margolis, Jay",elite,1190,2390,3611,4848,6086,7344,8623,9910,1200,1221,1237,1238,1258,1279,1287
27416,"Leach, Justin M",elite,1144,2286,3442,4612,5825,7175,8532,9864,1142,1156,1170,1213,1350,1357,1332
27417,"Tenforde, Adam S.",elite,1233,2452,3674,4909,6131,7395,8672,9942,1219,1222,1235,1222,1264,1277,1270
27418,"Perez, Miguel",elite,1138,2295,3452,4635,5806,7080,8454,9892,1157,1157,1183,1171,1274,1374,1438
27419,"McLucas, Doug",elite,1224,2445,3658,4860,6097,7343,8629,9913,1221,1213,1202,1237,1246,1286,1284
27420,"Heun, Aaron J.",elite,1168,2330,3498,4690,5891,7135,8433,9832,1162,1168,1192,1201,1244,1298,1399
27421,"Greenawald, Charles A",elite,1146,2295,3461,4631,5829,7125,8494,9902,1149,1166,1170,1198,1296,1369,1408
27422,"Krikorian, George F. III",elite,1210,2424,3682,4890,6098,7338,8616,9918,1214,1258,1208,1208,1240,1278,1302
27423,"Ingelmo, Gumersindo Sr.",elite,1225,2441,3637,4844,6050,7285,8566,9885,1216,1196,1207,1206,1235,1281,1319
27424,"Gordyan, Ryan",elite,1128,2287,3483,4702,5918,7173,8474,9881,1159,1196,1219,1216,1255,1301,1407
27425,"Martinez, Juan L",elite,1276,2524,3753,4991,6222,7474,8741,9954,1248,1229,1238,1231,1252,1267,1213
27426,"Caskey, Sean M",elite,1082,2171,3279,4423,5647,7027,8426,9824,1089,1108,1144,1224,1380,1399,1398
27427,"Covington, Doug C II",elite,1200,2396,3611,4827,6052,7313,8600,9892,1196,1215,1216,1225,1261,1287,1292
27428,"Fishburn, James",elite,1225,2419,3598,4799,6003,7268,8579,9895,1194,1179,1201,1204,1265,1311,1316
27429,"Topham, Andrew",elite,1209,2406,3603,4802,6018,7263,8556,9863,1197,1197,1199,1216,1245,1293,1307
27430,"Bergman, Marc",elite,1165,2348,3566,4800,6050,7332,8632,9921,1183,1218,1234,1250,1282,1300,1289
27431,"Baranowski, Miroslaw",elite,1185,2376,3578,4816,6051,7331,8650,9921,1191,1202,1238,1235,1280,1319,1271
27432,"Hawkins, Tim J.",elite,1184,2357,3530,4712,5890,7113,8452,9854,1173,1173,1182,1178,1223,1339,1402
27433,"Walters, Eddie",elite,1200,2327,3469,4678,5924,7199,8539,9888,1127,1142,1209,1246,1275,1340,1349
27434,"Good, Brendan",elite,1189,2403,3642,4885,6127,7400,8671,9935,1214,1239,1243,1242,1273,1271,1264
27435,"Ray, Kyle C",elite,1239,2475,3714,4970,6190,7425,8686,9932,1236,1239,1256,1220,1235,1261,1246
27436,"Gehlsen, Eric N.",elite,1155,2305,3469,4652,5836,7099,8482,9884,1150,1164,1183,1184,1263,1383,1402
27437,"Arsenault, Michael",elite,1173,2344,3513,4697,5895,7170,8517,9899,1171,1169,1184,1198,1275,1347,1382
27438,"Pultorak, Jim",elite,1136,2272,3423,4622,5854,7162,8537,9884,1136,1151,1199,1232,1308,1375,1347
27439,"Whitcraft, Josh",elite,1218,2443,3634,4831,6042,7318,8629,9914,1225,1191,1197,1211,1276,1311,1285
27440,"Martine Alvarez, Sergio Sr.",elite,1152,2296,3458,4652,5860,7138,8506,9877,1144,1162,1194,1208,1278,1368,1371
27441,"Polanski, Tomasz",elite,1228,2481,3726,4973,6199,7442,8710,9949,1253,1245,1247,1226,1243,1268,1239
27442,"Barrett, Brendan",elite,1234,2442,3625,4835,6033,7256,8490,9806,1208,1183,1210,1198,1223,1234,1316
27443,"Ravera, Claudio",elite,1130,2272,3426,4618,5835,7173,8542,9883,1142,1154,1192,1217,1338,1369,1341
27444,"Casto, Trent L",elite,1204,2410,3620,4835,6059,7304,8571,9906,1206,1210,1215,1224,1245,1267,1335
27445,"Prescott, Dominic",elite,1190,2385,3581,4807,6023,7276,8559,9893,1195,1196,1226,1216,1253,1283,1334
27446,"Turgeon, Andrew",elite,1253,2478,3675,4897,6124,7374,8647,9919,1225,1197,1222,1227,1250,1273,1272
27447,"Boyd, Caleb",elite,1178,2332,3492,4673,5884,7157,8488,9874,1154,1160,1181,1211,1273,1331,1386
27448,"Coogan, Rachel",elite,1214,2426,3638,4862,6084,7350,8653,9915,1212,1212,1224,1222,1266,1303,1262
27449,"Chesson, Harrell W.",elite,1339,2573,3766,4975,6167,7395,8667,9939,1234,1193,1209,1192,1228,1272,1272
27450,"Debrah-Dwamena, Kwabena III",elite,1179,2342,3546,4778,6037,7360,8635,9924,1163,1204,1232,1259,1323,1275,1289
27451,"Moyer, Dave",elite,1125,2265,3397,4530,5685,6980,8341,9842,1140,1132,1133,1155,1295,1361,1501
27452,"Bellitti, Anthony",elite,1029,2080,3174,4348,5622,6953,8276,9827,1051,1094,1174,1274,1331,1323,1551
27453,"McKeel, Scott R.",elite,1102,2225,3370,4568,5812,7123,8510,9887,1123,1145,1198,1244,1311,1387,1377
27454,"Guerrero, Leonel",elite,1183,2400,3640,4904,6136,7405,8677,9945,1217,1240,1264,1232,1269,1272,1268
27455,"Simpson, Matthew J",elite,1219,2436,3645,4863,6076,7331,8622,9925,1217,1209,1218,1213,1255,1291,1303
27456,"Troland, Dan",elite,1128,2252,3414,4638,5904,7234,8602,9915,1124,1162,1224,1266,1330,1368,1313
27457,"Fortin, Adam M",elite,1189,2378,3573,4777,5995,7249,8560,9900,1189,1195,1204,1218,1254,1311,1340
27458,"Porubcan, Pavol",elite,1136,2318,3533,4783,6031,7341,8649,9932,1182,1215,1250,1248,1310,1308,1283
27459,"Nguyen, Andrew M",elite,1222,2431,3639,4879,6106,7370,8670,9931,1209,1208,1240,1227,1264,1300,1261
27460,"Trulla, Riccardo",elite,1213,2431,3660,4893,6135,7414,8690,9941,1218,1229,1233,1242,1279,1276,1251
27461,"Kayama, Hiroyuki",elite,1204,2410,3614,4838,6039,7297,8581,9891,1206,1204,1224,1201,1258,1284,1310
27462,"Hauth, Chris",elite,1155,2329,3518,4744,5967,7243,8556,9901,1174,1189,1226,1223,1276,1313,1345
27463,"Jenkins, James R",elite,1157,2316,3476,4659,5860,7104,8456,9898,1159,1160,1183,1201,1244,1352,1442
27464,"Kariolis, Vasilis S.",elite,1056,2123,3316,4627,5817,7066,8446,9871,1067,1193,1311,1190,1249,1380,1425
27465,"Rees, Holly A",elite,1253,2519,3781,5043,6277,7514,8749,9960,1266,1262,1262,1234,1237,1235,1211
27466,"McCalmon, Ryan D.",elite,1064,2138,3224,4454,5766,7165,8519,9905,1074,1086,1230,1312,1399,1354,1386
27467,"Coffee, Kyle",elite,1209,2466,3697,4906,6105,7352,8636,9930,1257,1231,1209,1199,1247,1284,1294
27468,"Simpson, William",elite,1270,2527,3765,5007,6224,7461,8714,9957,1257,1238,1242,1217,1237,1253,1243
27469,"Bruinsma, John H",elite,1213,2397,3594,4823,6066,7352,8681,9946,1184,1197,1229,1243,1286,1329,1265
27470,"Besse, Arthur M",elite,1226,2418,3618,4847,6069,7348,8661,9931,1192,1200,1229,1222,1279,1313,1270
27471,"Jarosik, Nathan A",elite,1148,2331,3523,4729,5942,7216,8573,9919,1183,1192,1206,1213,1274,1357,1346
27472,"Bardeesy, Rami",elite,1191,2390,3589,4811,6029,7273,8563,9900,1199,1199,1222,1218,1244,1290,1337
27473,"Morris, Samuel",elite,1200,2389,3583,4799,6008,7294,8628,9937,1189,1194,1216,1209,1286,1334,1309
27474,"Kislyuk, Dmitry",elite,1215,2415,3624,4831,6035,7310,8605,9927,1200,1209,1207,1204,1275,1295,1322
27475,"Murphy, Kevin",elite,1162,2347,3548,4768,5975,7232,8543,9883,1185,1201,1220,1207,1257,1311,1340
27476,"Bouchard, Julien",elite,1114,2237,3374,4557,5760,7057,8436,9871,1123,1137,1183,1203,1297,1379,1435
27477,"Viklund, Patrick",elite,1205,2378,3550,4728,5910,7154,8491,9890,1173,1172,1178,1182,1244,1337,1399
27478,"Wakefield, Ryan",elite,1192,2399,3623,4870,6109,7410,8724,9978,1207,1224,1247,1239,1301,1314,1254
27479,"Roeder, Adam",elite,1107,2200,3324,4498,5700,7057,8473,9909,1093,1124,1174,1202,1357,1416,1436
27480,"Ramirez, Jeffrey",elite,1216,2393,3563,4770,5977,7252,8571,9885,1177,1170,1207,1207,1275,1319,1314
27481,"Zelwin, Michael P",elite,1184,2363,3541,4726,5933,7345,8645,9952,1179,1178,1185,1207,1412,1300,1307
27482,"Bourg, Cory P",elite,1204,2409,3610,4818,6029,7268,8544,9915,1205,1201,1208,1211,1239,1276,1371
27483,"Pfluger, Tim",elite,1240,2463,3676,4914,6138,7433,8741,9984,1223,1213,1238,1224,1295,1308,1243
27484,"Skeels, Megan F.",elite,1177,2351,3537,4760,5995,7313,8659,9968,1174,1186,1223,1235,1318,1346,1309
27485,"Neposchlan, Michael W.",elite,1203,2388,3579,4769,5945,7187,8502,9879,1185,1191,1190,1176,1242,1315,1377
27486,"Bolanos, Antonio Sr.",elite,1221,2438,3634,4840,6046,7289,8585,9921,1217,1196,1206,1206,1243,1296,1336
27487,"Gardner, Preston",elite,1193,2393,3597,4827,6057,7360,8685,9982,1200,1204,1230,1230,1303,1325,1297
27488,"Chute, Katherine R.",elite,1115,2238,3388,4556,5743,7000,8364,9810,1123,1150,1168,1187,1257,1364,1446
27489,"Shockey, Ernest F",elite,1198,2391,3584,4785,5991,7235,8519,9867,1193,1193,1201,1206,1244,1284,1348
27490,"Gnewuch, Carl M",elite,1198,2391,3601,4828,6061,7324,8630,9938,1193,1210,1227,1233,1263,1306,1308
27491,"Herbert, Peter",elite,1208,2412,3612,4824,6050,7315,8618,9937,1204,1200,1212,1226,1265,1303,1319
27492,"Toupin, Hugo",elite,1207,2422,3644,4881,6109,7368,8663,9947,1215,1222,1237,1228,1259,1295,1284
27493,"Arrazola Salas, David",elite,1166,2328,3511,4726,5958,7274,8608,9941,1162,1183,1215,1232,1316,1334,1333
27494,"Ruzek, Ryley B",elite,1110,2211,3355,4542,5793,7158,8554,9901,1101,1144,1187,1251,1365,1396,1347
27495,"Blankenbiller, Charles",elite,1199,2405,3618,4866,6114,7403,8701,9972,1206,1213,1248,1248,1289,1298,1271
27496,"Moore, Michael B.",elite,1231,2463,3686,4912,6122,7371,8663,9960,1232,1223,1226,1210,1249,1292,1297
27497,"Geoghegan, Seth",elite,1180,2364,3572,4800,6046,7348,8671,9961,1184,1208,1228,1246,1302,1323,1290
27498,"Henderson, Daniel C",elite,1222,2431,3621,4809,5981,7209,8549,9923,1209,1190,1188,1172,1228,1340,1374
27499,"Ketterle, Wolfgang",elite,1166,2337,3529,4738,5955,7233,8589,9941,1171,1192,1209,1217,1278,1356,1352
27500,"Cantin, Maxime",elite,1184,2366,3572,4806,6037,7311,8624,9933,1182,1206,1234,1231,1274,1313,1309
27501,"Hotek, Kiefer K",elite,1148,2313,3481,4658,5874,7148,8494,9950,1165,1168,1177,1216,1274,1346,1456
27502,"Rencoret, Rodrigo Sr.",elite,1173,2352,3535,4731,5932,7182,8525,9914,1179,1183,1196,1201,1250,1343,1389
27503,"Stone, Jamie",elite,1165,2354,3559,4799,6069,7379,8685,9967,1189,1205,1240,1270,1310,1306,1282
27504,"Leclerc, Jonathan",elite,1212,2452,3687,4929,6175,7452,8729,9974,1240,1235,1242,1246,1277,1277,1245
27505,"Edora, Felipe T",elite,1231,2448,3656,4915,6161,7444,8747,9977,1217,1208,1259,1246,1283,1303,1230
27506,"Castro, Jose Ignacio",elite,1250,2480,3695,4903,6127,7428,8731,9988,1230,1215,1208,1224,1301,1303,1257
27507,"Schober, Mario A",elite,1182,2341,3508,4694,5891,7186,8527,9912,1159,1167,1186,1197,1295,1341,1385
27508,"Meireles, Marcio Raniery Sr.",elite,1201,2407,3625,4844,6071,7349,8665,9966,1206,1218,1219,1227,1278,1316,1301
27509,"Dillon, William",elite,1156,2312,3516,4776,6031,7348,8669,9979,1156,1204,1260,1255,1317,1321,1310
27510,"Condon, Bill",elite,1128,2287,3445,4658,5850,7179,8712,9990,1159,1158,1213,1192,1329,1533,1278
27511,"Kelly, Joseph P",elite,1228,2435,3647,4903,6152,7467,8764,9998,1207,1212,1256,1249,1315,1297,1234
27512,"Moore, Ollie",elite,1194,2416,3629,4835,6047,7323,8643,9945,1222,1213,1206,1212,1276,1320,1302
27513,"Montoya, Alvaro",elite,1137,2289,3446,4641,5889,7225,8614,9957,1152,1157,1195,1248,1336,1389,1343
27514,"Ressl-Moyer, Robert S.",elite,1175,2358,3534,4714,5906,7156,8516,9913,1183,1176,1180,1192,1250,1360,1397
27515,"Lautzenheiser, Daniel",elite,1203,2390,3578,4814,6037,7326,8647,9964,1187,1188,1236,1223,1289,1321,1317
27516,"Torres, Justin",elite,1232,2466,3698,4939,6172,7441,8726,9985,1234,1232,1241,1233,1269,1285,1259
27517,"Hoerner, Matt",elite,1183,2346,3510,4678,5863,7188,8618,9962,1163,1164,1168,1185,1325,1430,1344
27518,"Bier, Daniel P",elite,1205,2408,3627,4856,6131,7442,8727,9997,1203,1219,1229,1275,1311,1285,1270
27519,"Wakefield, Michael",elite,1215,2414,3610,4814,6018,7252,8532,9884,1199,1196,1204,1204,1234,1280,1352
27520,"Wu, Liang",elite,1247,2482,3713,4941,6168,7434,8714,9980,1235,1231,1228,1227,1266,1280,1266
27521,"Strachan, Lee G.",elite,1147,2304,3490,4704,5945,7244,8589,9941,1157,1186,1214,1241,1299,1345,1352
27522,"Breen, Edward",elite,1193,2390,3573,4773,5979,7285,8611,9955,1197,1183,1200,1206,1306,1326,1344
27523,"Halme, Tero",elite,1160,2340,3536,4753,5979,7275,8620,9964,1180,1196,1217,1226,1296,1345,1344
27524,"Pimentel, Matt J",elite,1192,2413,3614,4835,6073,7383,8712,10005,1221,1201,1221,1238,1310,1329,1293
27525,"Howe, Matthew",elite,1202,2370,3553,4745,5967,7239,8576,9957,1168,1183,1192,1222,1272,1337,1381
27526,"Sischo, Lauren",elite,1200,2397,3608,4839,6091,7397,8715,10000,1197,1211,1231,1252,1306,1318,1285
27527,"Papin, Maxime",elite,1198,2394,3616,4846,6098,7398,8689,9980,1196,1222,1230,1252,1300,1291,1291
27528,"Christie, Robert",elite,1212,2415,3646,4869,6086,7346,8650,9967,1203,1231,1223,1217,1260,1304,1317
27529,"Toyamine, Nobuo",elite,1149,2324,3513,4727,5950,7221,8614,9940,1175,1189,1214,1223,1271,1393,1326
27530,"Maclellan, Jeff D",elite,1207,2402,3602,4804,6020,7283,8633,9971,1195,1200,1202,1216,1263,1350,1338
27531,"Bell, Colin A.",elite,1166,2354,3572,4805,6056,7341,8675,9983,1188,1218,1233,1251,1285,1334,1308
27532,"Nunn, Jeremy M",elite,1147,2304,3458,4642,5849,7131,8505,9924,1157,1154,1184,1207,1282,1374,1419
27533,"Piasecki, Jason",elite,1212,2429,3641,4860,6076,7334,8639,9963,1217,1212,1219,1216,1258,1305,1324
27534,"Brown, Kayla E.",elite,1260,2525,3779,5028,6246,7479,8747,9996,1265,1254,1249,1218,1233,1268,1249
27535,"Clary, Jon C.",elite,1255,2489,3727,4985,6243,7514,8794,10028,1234,1238,1258,1258,1271,1280,1234
27536,"Parks, Kevin",elite,1247,2492,3724,4960,6189,7433,8703,9994,1245,1232,1236,1229,1244,1270,1291
27537,"Udasin, Ronald G.",elite,1222,2438,3649,4871,6095,7344,8639,9969,1216,1211,1222,1224,1249,1295,1330
27538,"Blanchard, Mathieu",elite,1134,2283,3455,4743,5999,7306,8700,9988,1149,1172,1288,1256,1307,1394,1288
27539,"Apfelbaum, Sean M",elite,1191,2387,3593,4831,6044,7312,8603,9989,1196,1206,1238,1213,1268,1291,1386
27540,"Whipple, Brett",elite,1156,2297,3441,4598,5788,7057,8390,9788,1141,1144,1157,1190,1269,1333,1398
27541,"Aschan, Erik",elite,1226,2462,3690,4934,6181,7460,8751,10006,1236,1228,1244,1247,1279,1291,1255
27542,"Cantini, Adam",elite,1085,2166,3266,4445,5693,7071,8488,9959,1081,1100,1179,1248,1378,1417,1471
27543,"Garges, Christopher J.",elite,1212,2424,3635,4853,6068,7311,8673,10011,1212,1211,1218,1215,1243,1362,1338
27544,"Alzate, Alejandro",elite,1226,2451,3688,4942,6199,7486,8777,10025,1225,1237,1254,1257,1287,1291,1248
27545,"Denny, Brian E.",elite,1114,2219,3376,4601,5854,7174,8524,9926,1105,1157,1225,1253,1320,1350,1402
27546,"Rouse, Matt",elite,1223,2436,3648,4865,6085,7356,8648,9988,1213,1212,1217,1220,1271,1292,1340
27547,"Busman, Meredith",elite,1222,2451,3693,4962,6236,7527,8826,10027,1229,1242,1269,1274,1291,1299,1201
27548,"Kim, Hwan Mok",elite,1145,2304,3483,4693,5932,7253,8616,9961,1159,1179,1210,1239,1321,1363,1345
27549,"Allen, Sam",elite,1240,2460,3665,4877,6093,7369,8664,9968,1220,1205,1212,1216,1276,1295,1304
27550,"Papail, Leo J",elite,1259,2467,3672,4882,6094,7361,8636,9986,1208,1205,1210,1212,1267,1275,1350
27551,"Kolet, Thijs",elite,1199,2417,3625,4832,6037,7298,8622,9947,1218,1208,1207,1205,1261,1324,1325
27552,"Dick, Phil",elite,1238,2427,3618,4821,6034,7300,8610,9951,1189,1191,1203,1213,1266,1310,1341
27553,"Griffiths, Oliver",elite,1149,2322,3528,4733,5958,7266,8636,9983,1173,1206,1205,1225,1308,1370,1347
27554,"Pillow, Jonathan M.",elite,1219,2435,3643,4867,6095,7394,8708,10000,1216,1208,1224,1228,1299,1314,1292
27555,"Forehand, Rashaad",elite,1149,2313,3496,4721,5950,7251,8596,9942,1164,1183,1225,1229,1301,1345,1346
27556,"Hambrecht, Samuel J.",elite,1170,2353,3519,4743,6002,7329,8678,10009,1183,1166,1224,1259,1327,1349,1331
27557,"Premkumar, Ashish",elite,1248,2479,3707,4939,6174,7441,8728,10003,1231,1228,1232,1235,1267,1287,1275
27558,"Vargas, Will",elite,1183,2355,3525,4710,5895,7138,8393,9821,1172,1170,1185,1185,1243,1255,1428
27559,"Dunlap, Scott H.",elite,1234,2457,3695,4957,6214,7490,8800,10020,1223,1238,1262,1257,1276,1310,1220
27560,"Harstad, Derek M",elite,1223,2437,3649,4880,6112,7395,8697,9983,1214,1212,1231,1232,1283,1302,1286
27561,"Sicher, Nathan J",elite,1253,2502,3736,4978,6217,7467,8754,10017,1249,1234,1242,1239,1250,1287,1263
27562,"Walker, Xaviour",elite,1105,2229,3397,4582,5759,7013,8401,9910,1124,1168,1185,1177,1254,1388,1509
27563,"Miller, Ryan",elite,1138,2297,3467,4659,5900,7209,8584,9949,1159,1170,1192,1241,1309,1375,1365
27564,"Kwon, Daniel",elite,1195,2393,3597,4828,6083,7407,8736,10017,1198,1204,1231,1255,1324,1329,1281
27565,"Moen, Jacob M",elite,1221,2397,3617,4840,6082,7371,8709,10006,1176,1220,1223,1242,1289,1338,1297
27566,"Brust, John",elite,1245,2471,3693,4925,6179,7435,8728,10004,1226,1222,1232,1254,1256,1293,1276
27567,"Espinosa Giron, Jose Sr.",elite,1220,2466,3707,4975,6218,7492,8763,10024,1246,1241,1268,1243,1274,1271,1261
27568,"Chavez, Gerardo",elite,1158,2351,3553,4784,6032,7340,8668,10003,1193,1202,1231,1248,1308,1328,1335
27569,"Sopko, Jimmy",elite,1208,2422,3647,4878,6105,7359,8659,10006,1214,1225,1231,1227,1254,1300,1347
27570,"Shilling, Kevin",elite,1211,2426,3688,4975,6200,7460,8729,10003,1215,1262,1287,1225,1260,1269,1274
27571,"Kallenbach, Christopher S.",elite,1175,2356,3557,4786,6021,7315,8668,10012,1181,1201,1229,1235,1294,1353,1344
27572,"Mocellin, Alessandro",elite,1192,2382,3580,4798,6028,7286,8606,9975,1190,1198,1218,1230,1258,1320,1369
27573,"Dunn, Ian",elite,1190,2376,3561,4766,5971,7262,8601,9979,1186,1185,1205,1205,1291,1339,1378
27574,"Roselli, Franzi",elite,1195,2386,3594,4834,6077,7363,8748,10021,1191,1208,1240,1243,1286,1385,1273
27575,"Delfavero, Jeffrey",elite,1263,2496,3726,4967,6208,7479,8764,10032,1233,1230,1241,1241,1271,1285,1268
27576,"Noyes, Jeffrey J",elite,1260,2511,3763,5024,6271,7538,8810,10049,1251,1252,1261,1247,1267,1272,1239
27577,"Gruenbacher, Eric",elite,1059,2108,3170,4263,5406,6700,8269,9886,1049,1062,1093,1143,1294,1569,1617
27578,"Burger, Garrett",elite,1137,2290,3473,4690,5985,7319,8660,9980,1153,1183,1217,1295,1334,1341,1320
27579,"Mckenna, Matthew",elite,1198,2398,3608,4840,6130,7405,8725,10024,1200,1210,1232,1290,1275,1320,1299
27580,"Carriglitto, Mike",elite,1130,2256,3436,4660,5883,7162,8532,9922,1126,1180,1224,1223,1279,1370,1390
27581,"Fitzgerald, Matt",elite,1213,2434,3665,4923,6178,7471,8771,10028,1221,1231,1258,1255,1293,1300,1257
27582,"Macdonald, Michael",elite,1142,2286,3436,4606,5841,7198,8612,9990,1144,1150,1170,1235,1357,1414,1378
27583,"Delia, Ben",elite,1120,2280,3466,4686,5922,7211,8556,9943,1160,1186,1220,1236,1289,1345,1387
27584,"Tian, Yuqiao",elite,1163,2362,3594,4851,6113,7413,8773,10038,1199,1232,1257,1262,1300,1360,1265
27585,"Baastrup, Thure Tornbo",elite,1189,2390,3601,4852,6106,7408,8734,10028,1201,1211,1251,1254,1302,1326,1294
27586,"Rea, Ian",elite,1261,2506,3761,4980,6251,7520,8804,10035,1245,1255,1219,1271,1269,1284,1231
27588,"Regina, Chance B",elite,1199,2377,3562,4762,5972,7241,8651,10002,1178,1185,1200,1210,1269,1410,1351
27589,"Cameron, Sean",elite,1077,2180,3324,4505,5730,7031,8472,10013,1103,1144,1181,1225,1301,1441,1541
27590,"Farr, William IV",elite,1209,2399,3600,4818,6061,7357,8687,10014,1190,1201,1218,1243,1296,1330,1327
27591,"Pinter, Daniel",elite,1132,2273,3428,4597,5814,7126,8468,9952,1141,1155,1169,1217,1312,1342,1484
27592,"Kusick, Mitchell K",elite,1307,2574,3831,5089,6324,7582,8838,10047,1267,1257,1258,1235,1258,1256,1209
27593,"Trimble, Logan M",elite,1117,2270,3503,4771,6043,7386,8715,10029,1153,1233,1268,1272,1343,1329,1314
27594,"Zappala, Dante",elite,1083,2181,3292,4424,5600,6895,8433,9808,1098,1111,1132,1176,1295,1538,1375
27595,"Prendergast, Brian",elite,1260,2512,3736,4974,6207,7487,8777,10039,1252,1224,1238,1233,1280,1290,1262
27596,"Olier, Sylvain",elite,1195,2398,3624,4885,6151,7456,8767,10041,1203,1226,1261,1266,1305,1311,1274
27597,"Tian, Jun",elite,1266,2525,3782,5038,6288,7554,8830,10046,1259,1257,1256,1250,1266,1276,1216
27598,"Frost, Leah A.",elite,1240,2488,3749,5017,6263,7529,8811,10042,1248,1261,1268,1246,1266,1282,1231
27599,"Burke, Peter A",elite,1227,2439,3724,4953,6204,7478,8756,10021,1212,1285,1229,1251,1274,1278,1265
27600,"Tucceri, Kevin",elite,1185,2355,3549,4778,6006,7302,8646,10003,1170,1194,1229,1228,1296,1344,1357
27601,"Spencer, Emma",elite,1217,2426,3637,4863,6096,7381,8701,10016,1209,1211,1226,1233,1285,1320,1315
27602,"Hall, Dan",elite,1206,2412,3620,4827,6046,7320,8651,9997,1206,1208,1207,1219,1274,1331,1346
27603,"Cardoze, Rodrigo",elite,1226,2444,3657,4886,6118,7386,8695,10008,1218,1213,1229,1232,1268,1309,1313
27604,"Baldwin, Douglas R.",elite,1241,2484,3726,4978,6234,7521,8791,10045,1243,1242,1252,1256,1287,1270,1254
27605,"Kyle, Gregory S",elite,1277,2519,3736,4979,6223,7470,8745,10021,1242,1217,1243,1244,1247,1275,1276
27606,"Martin, Neil E.",elite,1218,2422,3637,4850,6078,7356,8686,10015,1204,1215,1213,1228,1278,1330,1329
27607,"Klimek, Frank",elite,1170,2355,3557,4783,6028,7334,8677,10011,1185,1202,1226,1245,1306,1343,1334
27608,"Heimes, Michael",elite,1237,2482,3728,4972,6218,7504,8777,10041,1245,1246,1244,1246,1286,1273,1264
27609,"Boerner, Jennifer L",elite,1184,2343,3535,4755,5983,7301,8648,10013,1159,1192,1220,1228,1318,1347,1365
27610,"Franchini, Anthony",elite,1175,2381,3611,4850,6088,7385,8733,10041,1206,1230,1239,1238,1297,1348,1308
27611,"White, Jason J.",elite,1123,2249,3403,4665,5977,7284,8640,9989,1126,1154,1262,1312,1307,1356,1349
27612,"O'Meara, Madeleine",elite,1285,2546,3793,5046,6294,7549,8807,10045,1261,1247,1253,1248,1255,1258,1238
27613,"Colpitts, Cameron",elite,1140,2259,3413,4625,5869,7174,8527,9929,1119,1154,1212,1244,1305,1353,1402
27614,"Kirstein, Denis N.",elite,1162,2340,3551,4786,6028,7317,8661,9990,1178,1211,1235,1242,1289,1344,1329
27615,"Johnston, Charlie T.",elite,1207,2405,3604,4819,6043,7344,8682,10016,1198,1199,1215,1224,1301,1338,1334
27616,"Jenkins, Zachary G",elite,1146,2351,3553,4777,6028,7349,8704,10052,1205,1202,1224,1251,1321,1355,1348
27617,"Mora Useche, Marlon Enrique Sr.",elite,1178,2359,3567,4812,6058,7359,8708,10029,1181,1208,1245,1246,1301,1349,1321
27618,"Maximiliano, Alexandre A. Sr.",elite,1044,2150,3315,4529,5773,7123,8532,9935,1106,1165,1214,1244,1350,1409,1403
27619,"Langlois, Charles-Eric",elite,1252,2489,3719,4959,6200,7482,8790,10050,1237,1230,1240,1241,1282,1308,1260
27620,"Oskvig, Daven W",elite,1117,2252,3414,4625,5915,7266,8706,10029,1135,1162,1211,1290,1351,1440,1323
27621,"Chasen, James",elite,1210,2426,3689,4962,6215,7490,8781,10051,1216,1263,1273,1253,1275,1291,1270
27622,"Ursum, Scot",elite,1233,2465,3690,4934,6177,7444,8750,10035,1232,1225,1244,1243,1267,1306,1285
27623,"Dunham, Sara J.",elite,1174,2310,3472,4689,6042,7358,8691,10012,1136,1162,1217,1353,1316,1333,1321
27624,"McBride, Patrick",elite,1233,2461,3696,4968,6212,7494,8777,10041,1228,1235,1272,1244,1282,1283,1264
27625,"Messen, Timothy",elite,1204,2422,3632,4848,6067,7295,8574,10020,1218,1210,1216,1219,1228,1279,1446
27626,"Morgan, John Jr.",elite,1177,2356,3561,4785,6033,7346,8686,10016,1179,1205,1224,1248,1313,1340,1330
27627,"Jahn, Max",elite,1100,2219,3366,4555,5804,7126,8537,9967,1119,1147,1189,1249,1322,1411,1430
27628,"Rouleau, Maxime",elite,1149,2296,3456,4635,5852,7214,8595,9980,1147,1160,1179,1217,1362,1381,1385
27629,"Tuttle, Michael",elite,1240,2472,3701,4951,6202,7476,8767,10043,1232,1229,1250,1251,1274,1291,1276
27630,"Sterling, Alex",elite,1242,2475,3710,4950,6190,7484,8793,10063,1233,1235,1240,1240,1294,1309,1270
27631,"Atwater, Beau",elite,1189,2386,3590,4811,6060,7358,8663,10010,1197,1204,1221,1249,1298,1305,1347
27632,"Groner, Roberta",elite,1189,2387,3590,4811,6060,7358,8663,10009,1198,1203,1221,1249,1298,1305,1346
27633,"Spencer, Adrian",elite,1235,2445,3658,4896,6129,7418,8730,10037,1210,1213,1238,1233,1289,1312,1307
27634,"Smith, Collin M",elite,1193,2390,3596,4833,6062,7334,8651,10012,1197,1206,1237,1229,1272,1317,1361
27635,"Wagner, Will",elite,1190,2350,3521,4717,5930,7211,8563,9954,1160,1171,1196,1213,1281,1352,1391
27636,"Rose, Andrew P",elite,1211,2425,3649,4900,6167,7447,8739,10039,1214,1224,1251,1267,1280,1292,1300
27637,"Drenkow, Nathan",elite,1262,2471,3663,4913,6148,7423,8732,10027,1209,1192,1250,1235,1275,1309,1295
27638,"Massicotte-Azarniouch, David",elite,1235,2462,3681,4923,6173,7479,8779,10041,1227,1219,1242,1250,1306,1300,1262
27639,"Bussmann, Benjamin",elite,1267,2524,3780,5037,6282,7565,8840,10071,1257,1256,1257,1245,1283,1275,1231
27640,"Beaudoin, Jean Francois",elite,1198,2384,3589,4818,6063,7373,8697,10018,1186,1205,1229,1245,1310,1324,1321
27641,"Burger, Jeff",elite,1182,2390,3603,4836,6080,7375,8708,10024,1208,1213,1233,1244,1295,1333,1316
27642,"Vollkommer, Brad",elite,1135,2265,3410,4599,5883,7287,8659,10024,1130,1145,1189,1284,1404,1372,1365
27643,"Saunders, Benjamin",elite,1146,2328,3554,4810,6079,7394,8729,10062,1182,1226,1256,1269,1315,1335,1333
27644,"Selanec, Goran",elite,1261,2511,3766,5027,6278,7558,8844,10080,1250,1255,1261,1251,1280,1286,1236
27645,"Veisz, Justin J",elite,1260,2450,3633,4830,6024,7272,8679,10029,1190,1183,1197,1194,1248,1407,1350
27646,"Paquet, Daniel J",elite,1135,2267,3432,4653,5899,7221,8580,9963,1132,1165,1221,1246,1322,1359,1383
27647,"Chernov, Alexey",elite,1179,2328,3493,4700,5926,7259,8621,9968,1149,1165,1207,1226,1333,1362,1347
27648,"Purdy, Dustin",elite,1225,2403,3572,4763,5981,7263,8595,9986,1178,1169,1191,1218,1282,1332,1391
27649,"Ramirez, Jorge A.",elite,1264,2529,3777,5028,6283,7554,8828,10072,1265,1248,1251,1255,1271,1274,1244
27650,"Van Hoogenstyn, Andrew J",elite,1240,2455,3682,4941,6201,7498,8794,10053,1215,1227,1259,1260,1297,1296,1259
27651,"Germack, Hayley D",elite,1240,2455,3682,4941,6201,7498,8794,10053,1215,1227,1259,1260,1297,1296,1259
27652,"Johnson, David",elite,1241,2483,3704,4932,6151,7415,8725,10029,1242,1221,1228,1219,1264,1310,1304
27653,"Biglow, Andrew S",elite,1062,2148,3258,4392,5529,6848,8340,9908,1086,1110,1134,1137,1319,1492,1568
27654,"Crossley, Jeremy",elite,1221,2456,3683,4930,6170,7439,8747,10033,1235,1227,1247,1240,1269,1308,1286
27655,"Spirnak, Jonathan",elite,1275,2544,3810,5082,6337,7597,8863,10082,1269,1266,1272,1255,1260,1266,1219
27656,"Werner, J. Kent Jr.",elite,1137,2295,3465,4654,5860,7200,8646,10009,1158,1170,1189,1206,1340,1446,1363
27657,"Gonser, Steven",elite,1201,2406,3622,4851,6085,7372,8705,10019,1205,1216,1229,1234,1287,1333,1314
27658,"Oswald, Sean-Patrick",elite,1228,2431,3623,4871,6074,7320,8628,10004,1203,1192,1248,1203,1246,1308,1376
27659,"Drout, Jonathan",elite,1177,2367,3580,4821,6102,7403,8729,10023,1190,1213,1241,1281,1301,1326,1294
27660,"Phillips, Tyler M.",elite,1191,2367,3549,4752,5964,7277,8629,10002,1176,1182,1203,1212,1313,1352,1373
27661,"Whitehill, William",elite,1263,2531,3794,5064,6320,7581,8840,10086,1268,1263,1270,1256,1261,1259,1246
27662,"Fuller, Andrew",elite,1220,2445,3674,4918,6173,7453,8773,10066,1225,1229,1244,1255,1280,1320,1293
27663,"Perrin, Joshua",elite,1284,2591,3831,5068,6301,7581,8846,10064,1307,1240,1237,1233,1280,1265,1218
27664,"Weber, Brentley C",elite,1251,2482,3712,4949,6188,7439,8752,10058,1231,1230,1237,1239,1251,1313,1306
27665,"Maxwell, Christopher",elite,1136,2274,3422,4567,5713,6900,8120,9356,1138,1148,1145,1146,1187,1220,1236
27666,"Dailey, Brett S",elite,1140,2277,3442,4653,5891,7217,8612,10004,1137,1165,1211,1238,1326,1395,1392
27667,"Kelly, John W.",elite,1164,2359,3586,4835,6089,7387,8724,10051,1195,1227,1249,1254,1298,1337,1327
27668,"Johnson, Kristin L.",elite,1176,2347,3545,4748,5961,7209,8531,9960,1171,1198,1203,1213,1248,1322,1429
27669,"Gustafson, Ben",elite,1226,2445,3677,4917,6158,7427,8756,10082,1219,1232,1240,1241,1269,1329,1326
27670,"Kutikoff, Seth",elite,1263,2498,3729,4987,6236,7498,8775,10037,1235,1231,1258,1249,1262,1277,1262
27671,"Schwartzbard, Aaron",elite,1155,2333,3536,4782,6040,7352,8703,10026,1178,1203,1246,1258,1312,1351,1323
27672,"Carpenter, Kris",elite,1265,2502,3723,4954,6171,7442,8737,10039,1237,1221,1231,1217,1271,1295,1302
27673,"White, Nathan",elite,1245,2478,3698,4965,6227,7494,8780,10068,1233,1220,1267,1262,1267,1286,1288
27674,"Crouse, Marthinus J.",elite,1251,2504,3751,4994,6245,7518,8798,10059,1253,1247,1243,1251,1273,1280,1261
27675,"Fischer, Louis A IV",elite,1291,2542,3792,5043,6290,7552,8826,10081,1251,1250,1251,1247,1262,1274,1255
27676,"Martinez Jimenez, Luis Sr.",elite,1253,2486,3699,4940,6183,7452,8760,10032,1233,1213,1241,1243,1269,1308,1272
27677,"Liechty, Spencer",elite,1245,2470,3692,4921,6145,7402,8724,10057,1225,1222,1229,1224,1257,1322,1333
27678,"Danko, Laszlo",elite,1244,2489,3729,4972,6213,7486,8758,10043,1245,1240,1243,1241,1273,1272,1285
27679,"Mccarthy, Colin M",elite,1209,2408,3616,4840,6087,7386,8723,10059,1199,1208,1224,1247,1299,1337,1336
27680,"Trail, Brent",elite,1106,2210,3339,4503,5703,7045,8516,9990,1104,1129,1164,1200,1342,1471,1474
27681,"Hillyard, Matthew",elite,1139,2282,3465,4680,5986,7311,8647,10034,1143,1183,1215,1306,1325,1336,1387
27682,"Harmon, David",elite,1193,2403,3635,4861,6082,7340,8622,10017,1210,1232,1226,1221,1258,1282,1395
27683,"Vergara, Tomas A. Sr.",elite,1241,2467,3678,4908,6153,7445,8753,10057,1226,1211,1230,1245,1292,1308,1304
27684,"Ellis, Elwood A. IV",elite,1210,2415,3626,4840,6058,7318,8653,10035,1205,1211,1214,1218,1260,1335,1382
27685,"Cucuzzella, Mark",elite,1247,2475,3713,4984,6236,7496,8794,10067,1228,1238,1271,1252,1260,1298,1273
27686,"Wechter, Benjamin R.",elite,1223,2446,3694,4954,6203,7489,8763,10059,1223,1248,1260,1249,1286,1274,1296
27687,"Keefe, Sean C.",elite,1261,2498,3742,4990,6241,7510,8806,10072,1237,1244,1248,1251,1269,1296,1266
27688,"Holthaus, Kevin L.",elite,1218,2421,3619,4823,6040,7288,8613,10001,1203,1198,1204,1217,1248,1325,1388
27689,"Jensen, Stefan",elite,1235,2470,3707,4966,6228,7509,8784,10061,1235,1237,1259,1262,1281,1275,1277
27690,"Rudert, Elliot",elite,1226,2425,3614,4824,6047,7335,8704,10044,1199,1189,1210,1223,1288,1369,1340
27691,"Trachsel, Locky",elite,1249,2486,3738,4992,6263,7543,8829,10097,1237,1252,1254,1271,1280,1286,1268
27692,"Dudley, Tyler",elite,1058,2112,3170,4268,5507,6820,8309,9904,1054,1058,1098,1239,1313,1489,1595
27693,"Clement, Aaron D.",elite,1211,2431,3663,4924,6176,7454,8772,10074,1220,1232,1261,1252,1278,1318,1302
27694,"Tapia, Hugo",elite,1158,2337,3539,4770,6043,7410,8780,10071,1179,1202,1231,1273,1367,1370,1291
27695,"Fowler, Austin R",elite,1237,2470,3710,4939,6167,7442,8769,10046,1233,1240,1229,1228,1275,1327,1277
27696,"Rubesch, Chris J",elite,1145,2300,3485,4709,5965,7327,8719,10062,1155,1185,1224,1256,1362,1392,1343
27697,"Jordan, Douglas",elite,1144,2312,3489,4728,5978,7261,8600,10006,1168,1177,1239,1250,1283,1339,1406
27698,"Fraser, Jamie",elite,1261,2527,3785,5046,6307,7592,8868,10110,1266,1258,1261,1261,1285,1276,1242
27699,"Davidson, Francois",elite,1207,2420,3633,4855,6080,7340,8667,10040,1213,1213,1222,1225,1260,1327,1373
27700,"Harcum, Jason",elite,1150,2301,3477,4692,5936,7243,8610,9991,1151,1176,1215,1244,1307,1367,1381
27701,"MacLean-Coates, Erin",elite,1183,2359,3545,4752,5971,7240,8588,9999,1176,1186,1207,1219,1269,1348,1411
27702,"Witherell, Colton T.",elite,1248,2474,3696,4913,6117,7361,8681,10047,1226,1222,1217,1204,1244,1320,1366
27703,"Corso, Jonathan",elite,1241,2446,3664,4908,6156,7431,8738,10038,1205,1218,1244,1248,1275,1307,1300
27704,"Fleming, Noah S",elite,1058,2155,3289,4546,5740,7144,8571,10015,1097,1134,1257,1194,1404,1427,1444
27705,"Lee, Terence",elite,1160,2333,3513,4700,5905,7180,8609,10002,1173,1180,1187,1205,1275,1429,1393
27706,"Guerdan, David M",elite,1239,2481,3727,4979,6219,7480,8774,10073,1242,1246,1252,1240,1261,1294,1299
27707,"Slingerland, Justin",elite,1225,2469,3695,4946,6191,7484,8794,10083,1244,1226,1251,1245,1293,1310,1289
27708,"Abitbol, Matthew",elite,1225,2457,3699,4956,6204,7498,8789,10074,1232,1242,1257,1248,1294,1291,1285
27709,"Logue, Robert",elite,1133,2274,3422,4592,5818,7173,8596,10020,1141,1148,1170,1226,1355,1423,1424
27710,"Holder, David A.",elite,1178,2362,3588,4831,6094,7403,8743,10054,1184,1226,1243,1263,1309,1340,1311
27711,"Shtogren, Zachary",elite,1256,2458,3674,4888,6126,7426,8764,10055,1202,1216,1214,1238,1300,1338,1291
27712,"Liska, Laurent",elite,1179,2365,3558,4756,5962,7233,8593,10017,1186,1193,1198,1206,1271,1360,1424
27713,"Haughey, Joseph W",elite,1250,2499,3740,4992,6239,7502,8797,10077,1249,1241,1252,1247,1263,1295,1280
27714,"Waltz, Seth R",elite,1125,2252,3434,4683,5953,7209,8586,9996,1127,1182,1249,1270,1256,1377,1410
27715,"Salmon, Andrew",elite,1259,2530,3781,5036,6281,7552,8819,10069,1271,1251,1255,1245,1271,1267,1250
27716,"Beasley, Steve G",elite,1246,2473,3696,4940,6187,7455,8761,10071,1227,1223,1244,1247,1268,1306,1310
27717,"Hannegan, Taylor",elite,1142,2230,3357,4554,5776,7111,8537,10012,1088,1127,1197,1222,1335,1426,1475
27718,"Marchi, Andrew T",elite,1280,2513,3751,5003,6243,7509,8782,10054,1233,1238,1252,1240,1266,1273,1272
27719,"De Simone, Flavio",elite,1215,2432,3667,4912,6184,7474,8791,10071,1217,1235,1245,1272,1290,1317,1280
27720,"Mcginn, Michael P",elite,1169,2364,3613,4838,6177,7466,8753,10070,1195,1249,1225,1339,1289,1287,1317
27721,"Stamstad, Nathan",elite,1179,2358,3551,4780,6030,7343,8695,10085,1179,1193,1229,1250,1313,1352,1390
27722,"Lee, Andrew C",elite,1257,2497,3712,4941,6180,7443,8731,10067,1240,1215,1229,1239,1263,1288,1336
27723,"Manewell, Adam",elite,1267,2531,3779,5031,6283,7552,8850,10108,1264,1248,1252,1252,1269,1298,1258
27724,"Berger, John P",elite,1225,2423,3626,4854,6088,7389,8728,10070,1198,1203,1228,1234,1301,1339,1342
27725,"Chamorro Sánchez, David Sr.",elite,1212,2405,3613,4870,6114,7394,8744,10068,1193,1208,1257,1244,1280,1350,1324
27726,"Patronick, Justin R",elite,1204,2401,3585,4790,6023,7334,8695,10047,1197,1184,1205,1233,1311,1361,1352
27727,"McCarthy, Philip",elite,1242,2474,3684,4914,6139,7424,8746,10066,1232,1210,1230,1225,1285,1322,1320
27728,"Strofilov, Yuri",elite,1140,2298,3465,4669,5923,7262,8648,10029,1158,1167,1204,1254,1339,1386,1381
27729,"Creasy, Les J",elite,1173,2343,3550,4789,6066,7376,8722,10075,1170,1207,1239,1277,1310,1346,1353
27730,"Barnhill, Kurt",elite,1202,2394,3674,4926,6174,7456,8768,10068,1192,1280,1252,1248,1282,1312,1300
27731,"Collins, Simon J.",elite,1216,2442,3655,4886,6150,7457,8769,10067,1226,1213,1231,1264,1307,1312,1298
27732,"Stroffolino, Jamie P",elite,1071,2156,3279,4467,5750,7129,8632,10092,1085,1123,1188,1283,1379,1503,1460
27733,"Killian, Andrew",elite,1201,2390,3574,4794,6010,7311,8656,10061,1189,1184,1220,1216,1301,1345,1405
27734,"Loken, Susan",elite,1195,2395,3610,4845,6095,7397,8742,10057,1200,1215,1235,1250,1302,1345,1315
27735,"Krusell, Brian",elite,1123,2252,3410,4613,5869,7228,8660,10082,1129,1158,1203,1256,1359,1432,1422
27736,"Muldrew, Brian L",elite,1258,2506,3758,5011,6263,7519,8803,10073,1248,1252,1253,1252,1256,1284,1270
27737,"Kraus, Emily",elite,1283,2537,3783,5046,6294,7569,8867,10113,1254,1246,1263,1248,1275,1298,1246
27738,"Palombaro, Matthew F",elite,1205,2401,3611,4850,6119,7446,8790,10097,1196,1210,1239,1269,1327,1344,1307
27739,"Giancotti, Claudio",elite,1129,2271,3431,4614,5816,7126,8593,10022,1142,1160,1183,1202,1310,1467,1429
27740,"Murphy, Quinn",elite,1211,2441,3691,4940,6205,7490,8813,10106,1230,1250,1249,1265,1285,1323,1293
27741,"Gibino, Michael J",elite,1259,2524,3808,5085,6345,7629,8892,10128,1265,1284,1277,1260,1284,1263,1236
27742,"Willard, Lindsay A.",elite,1205,2409,3613,4859,6106,7413,8769,10081,1204,1204,1246,1247,1307,1356,1312
27743,"Foreman, Benjamin",elite,1195,2418,3662,4904,6151,7428,8766,10093,1223,1244,1242,1247,1277,1338,1327
27744,"Dalton, Michael G",elite,1198,2387,3571,4761,5963,7279,8658,10053,1189,1184,1190,1202,1316,1379,1395
27745,"Rutemiller, Paul",elite,1225,2459,3698,4948,6188,7467,8776,10097,1234,1239,1250,1240,1279,1309,1321
27746,"Autrey, Jonathan",elite,1125,2223,3364,4543,5796,7206,8650,10052,1098,1141,1179,1253,1410,1444,1402
27747,"Young, Jeffrey",elite,1156,2304,3480,4775,6069,7379,8754,10097,1148,1176,1295,1294,1310,1375,1343
27748,"Hicks, Sean A",elite,1296,2576,3837,5090,6335,7593,8863,10121,1280,1261,1253,1245,1258,1270,1258
27749,"Jordan, Zack",elite,1155,2336,3526,4739,6035,7343,8748,10107,1181,1190,1213,1296,1308,1405,1359
27750,"Bolha, Jonathan",elite,1246,2491,3746,4986,6222,7487,8771,10077,1245,1255,1240,1236,1265,1284,1306
27751,"Clements, Bill",elite,1271,2536,3781,5041,6295,7576,8864,10111,1265,1245,1260,1254,1281,1288,1247
27752,"DeAngelis, Matthew J.",elite,1241,2432,3611,4811,6026,7297,8639,10075,1191,1179,1200,1215,1271,1342,1436
27753,"Duhaime, Spencer",elite,1126,2253,3406,4577,5802,7167,8569,10002,1127,1153,1171,1225,1365,1402,1433
27754,"Mertz, Christopher",elite,1212,2424,3635,4853,6073,7363,8707,10063,1212,1211,1218,1220,1290,1344,1356
27755,"Mcdonough, Brendan",elite,1253,2484,3723,5010,6257,7538,8833,10129,1231,1239,1287,1247,1281,1295,1296
27756,"Harris, Paul",elite,1258,2476,3711,4961,6206,7494,8816,10106,1218,1235,1250,1245,1288,1322,1290
27757,"Barrett, Kevin W",elite,1178,2366,3617,4934,6248,7546,8845,10111,1188,1251,1317,1314,1298,1299,1266
27758,"Wang, Kuan Hsiang",elite,1202,2412,3625,4841,6086,7407,8750,10080,1210,1213,1216,1245,1321,1343,1330
27759,"Hein, Christine",elite,1195,2395,3612,4844,6099,7406,8748,10075,1200,1217,1232,1255,1307,1342,1327
27760,"Mcelroy, Dane",elite,1196,2373,3542,4751,5963,7327,8745,10110,1177,1169,1209,1212,1364,1418,1365
27761,"Morris, Todd R",elite,1292,2545,3742,4989,6238,7525,8840,10110,1253,1197,1247,1249,1287,1315,1270
27762,"Kirschner, Heath",elite,1211,2450,3692,4942,6185,7450,8759,10083,1239,1242,1250,1243,1265,1309,1324
27763,"Eagar, David",elite,1256,2508,3764,5053,6324,7604,8882,10127,1252,1256,1289,1271,1280,1278,1245
27764,"Hall, Matt",elite,1147,2360,3610,4883,6148,7463,8782,10085,1213,1250,1273,1265,1315,1319,1303
27765,"Callans, Adam",elite,1182,2339,3504,4727,5994,7321,8752,10095,1157,1165,1223,1267,1327,1431,1343
27766,"Muehlschlegel, Danny",elite,1237,2448,3649,4895,6166,7474,8842,10135,1211,1201,1246,1271,1308,1368,1293
27767,"Mcmanus, Mark",elite,1159,2320,3486,4693,5955,7355,8736,10103,1161,1166,1207,1262,1400,1381,1367
27768,"Buchan, James",elite,1260,2497,3727,4968,6220,7500,8802,10126,1237,1230,1241,1252,1280,1302,1324
27769,"Desbiens, Mathieu",elite,1241,2485,3721,4973,6231,7521,8824,10109,1244,1236,1252,1258,1290,1303,1285
27770,"Purves, Brendan",elite,1289,2557,3820,5097,6357,7635,8891,10137,1268,1263,1277,1260,1278,1256,1246
27771,"Watson, Jeffrey R",elite,1193,2395,3596,4839,6104,7418,8767,10094,1202,1201,1243,1265,1314,1349,1327
27772,"Kam, Max",elite,1259,2498,3748,5015,6262,7573,8892,10161,1239,1250,1267,1247,1311,1319,1269
27773,"Hijri, Mohamed",elite,1204,2409,3621,4863,6115,7414,8767,10089,1205,1212,1242,1252,1299,1353,1322
27774,"Webb, Paul B.",elite,1188,2386,3595,4823,6074,7369,8707,10078,1198,1209,1228,1251,1295,1338,1371
27775,"Eben, Cooper F",elite,1251,2488,3724,4972,6207,7484,8790,10113,1237,1236,1248,1235,1277,1306,1323
27776,"Saulnier, Emmett B",elite,1101,2219,3364,4573,5878,7264,8683,10094,1118,1145,1209,1305,1386,1419,1411
27777,"Guerrette, Tracy",elite,1239,2480,3733,4992,6242,7518,8818,10099,1241,1253,1259,1250,1276,1300,1281
27778,"Ague-Kneeland, Kellen",elite,1122,2245,3376,4569,5896,7233,8599,10031,1123,1131,1193,1327,1337,1366,1432
27779,"Bennett, Scott W",elite,1160,2311,3471,4667,5906,7313,8727,10094,1151,1160,1196,1239,1407,1414,1367
27780,"Bordin, Luca Daniele",elite,1212,2429,3647,4893,6147,7451,8780,10095,1217,1218,1246,1254,1304,1329,1315
27781,"Lessard, Andre N",elite,1165,2343,3548,4785,6047,7413,8788,10096,1178,1205,1237,1262,1366,1375,1308
27782,"Pankratz, Shelby",elite,1270,2535,3794,5044,6296,7590,8888,10146,1265,1259,1250,1252,1294,1298,1258
27783,"Krajewski, Christopher M.",elite,1199,2386,3606,4840,6101,7419,8759,10099,1187,1220,1234,1261,1318,1340,1340
27784,"Michel, Charlie J",elite,1154,2316,3496,4726,5984,7309,8658,10071,1162,1180,1230,1258,1325,1349,1413
27785,"Doney, Blair J",elite,1220,2446,3664,4884,6126,7423,8762,10105,1226,1218,1220,1242,1297,1339,1343
27786,"Slosson, John R",elite,1198,2401,3600,4807,6023,7352,8757,10106,1203,1199,1207,1216,1329,1405,1349
27787,"Ainsworth, Joe",elite,1244,2494,3740,4991,6234,7493,8783,10111,1250,1246,1251,1243,1259,1290,1328
27788,"Ferreira Da Silva Neto, Antonio",elite,1181,2395,3638,4907,6179,7531,8862,10132,1214,1243,1269,1272,1352,1331,1270
27789,"Sitch, Will",elite,1252,2493,3743,5002,6255,7543,8855,10124,1241,1250,1259,1253,1288,1312,1269
27790,"Novotny, Reid J.",elite,1218,2448,3686,4934,6175,7465,8807,10118,1230,1238,1248,1241,1290,1342,1311
27791,"Dufour, Christian",elite,1215,2444,3698,4978,6249,7555,8869,10108,1229,1254,1280,1271,1306,1314,1239
27792,"Kaea, Matthew",elite,1187,2385,3593,4846,6111,7453,8837,10141,1198,1208,1253,1265,1342,1384,1304
27793,"Plakas, Timothy",elite,1239,2474,3709,4952,6199,7502,8821,10122,1235,1235,1243,1247,1303,1319,1301
27794,"Kuhlmann, Erick",elite,1222,2463,3710,4977,6245,7533,8847,10151,1241,1247,1267,1268,1288,1314,1304
27795,"Thomas, Ian",elite,1120,2213,3336,4572,5955,7331,8728,10102,1093,1123,1236,1383,1376,1397,1374
27796,"Noble, Tyler",elite,1172,2317,3483,4657,5837,7116,8556,10046,1145,1166,1174,1180,1279,1440,1490
27797,"Lowery, Jared",elite,1164,2337,3529,4775,6044,7366,8740,10097,1173,1192,1246,1269,1322,1374,1357
27799,"Harrington, Jeffrey",elite,1273,2489,3703,4946,6208,7504,8850,10133,1216,1214,1243,1262,1296,1346,1283
27800,"Sullivan, Adam M",elite,1172,2281,3396,4524,5658,6827,8053,9913,1109,1115,1128,1134,1169,1226,1860
27801,"Strange, Casey",elite,1163,2338,3512,4694,5897,7173,8591,10077,1175,1174,1182,1203,1276,1418,1486
27802,"Miller, Joyce R",elite,1213,2416,3631,4866,6133,7454,8810,10121,1203,1215,1235,1267,1321,1356,1311
27803,"Silvestrin, Tory",elite,1217,2443,3690,4954,6231,7537,8840,10119,1226,1247,1264,1277,1306,1303,1279
27804,"Goris, Fred P",elite,1213,2421,3649,4895,6151,7409,8719,10092,1208,1228,1246,1256,1258,1310,1373
27805,"Noonan, Joe",elite,1217,2415,3610,4816,6025,7286,8620,10027,1198,1195,1206,1209,1261,1334,1407
27806,"Arrebola Rodriguez, Jorge",elite,1214,2430,3651,4900,6156,7461,8779,10103,1216,1221,1249,1256,1305,1318,1324
27807,"Stutz, Keysha",elite,1194,2417,3660,4934,6215,7525,8821,10116,1223,1243,1274,1281,1310,1296,1295
27808,"Vanderbush, Carl",elite,1242,2490,3743,5003,6253,7519,8813,10116,1248,1253,1260,1250,1266,1294,1303
27809,"Breault, Ted",elite,1226,2466,3704,4959,6213,7510,8829,10122,1240,1238,1255,1254,1297,1319,1293
27810,"Fisher, Evan",elite,1239,2465,3693,4937,6183,7478,8819,10141,1226,1228,1244,1246,1295,1341,1322
27811,"Buck, Ben",elite,1197,2385,3591,4830,6101,7411,8774,10111,1188,1206,1239,1271,1310,1363,1337
27812,"Fishburn, James R",elite,1222,2443,3679,4919,6170,7459,8792,10121,1221,1236,1240,1251,1289,1333,1329
27813,"Davis, Aaron V.",elite,1245,2469,3665,4877,6101,7376,8720,10094,1224,1196,1212,1224,1275,1344,1374
27814,"Asselin-Demers, Genevieve",elite,1244,2483,3729,4982,6239,7543,8856,10139,1239,1246,1253,1257,1304,1313,1283
27815,"Heaney, Michael",elite,1170,2334,3517,4722,5947,7248,8620,10048,1164,1183,1205,1225,1301,1372,1428
27816,"Cochran, Joshua",elite,1138,2279,3428,4610,5863,7168,8645,10082,1141,1149,1182,1253,1305,1477,1437
27817,"Marshall, Wendy",elite,1294,2521,3745,4985,6232,7510,8823,10118,1227,1224,1240,1247,1278,1313,1295
27818,"Andrassy, Alexander",elite,1223,2420,3592,4782,6040,7381,8824,10154,1197,1172,1190,1258,1341,1443,1330
27819,"Marquez, Alfons",elite,1153,2322,3513,4730,5958,7251,8632,10038,1169,1191,1217,1228,1293,1381,1406
27820,"Dias, Ibere C",elite,1167,2354,3546,4750,5969,7298,8705,10070,1187,1192,1204,1219,1329,1407,1365
27821,"Morrison, Michael S",elite,1177,2354,3559,4802,6048,7371,8718,10086,1177,1205,1243,1246,1323,1347,1368
27822,"Postaski, Michael L",elite,1240,2469,3704,4960,6226,7549,8887,10161,1229,1235,1256,1266,1323,1338,1274
27823,"Hawthorn, James",elite,1271,2502,3728,4977,6247,7541,8865,10154,1231,1226,1249,1270,1294,1324,1289
27824,"Wilson, Andrew",elite,1205,2394,3581,4779,6089,7388,8738,10081,1189,1187,1198,1310,1299,1350,1343
27825,"Clancy, Seamus",elite,1220,2458,3710,4975,6239,7532,8859,10146,1238,1252,1265,1264,1293,1327,1287
27826,"Loiselle, Ryan",elite,1224,2443,3676,4933,6214,7508,8817,10145,1219,1233,1257,1281,1294,1309,1328
27827,"Flanagan, Sean",elite,1195,2428,3658,4894,6136,7424,8745,10087,1233,1230,1236,1242,1288,1321,1342
27828,"Roberts, Nicholas A",elite,1173,2333,3504,4712,5928,7228,8627,10076,1160,1171,1208,1216,1300,1399,1449
27829,"Varian, Kenneth A",elite,1236,2477,3714,4967,6227,7518,8831,10131,1241,1237,1253,1260,1291,1313,1300
27830,"Cottrell, Brendan M.",elite,1207,2406,3611,4829,6055,7357,8801,10113,1199,1205,1218,1226,1302,1444,1312
27831,"Cruz, Erick F. Sr.",elite,1184,2363,3573,4806,6049,7318,8646,10074,1179,1210,1233,1243,1269,1328,1428
27832,"Ryan, James E.",elite,1258,2500,3739,5001,6246,7521,8847,10145,1242,1239,1262,1245,1275,1326,1298
27833,"Murphey, Mckinley L",elite,1226,2461,3690,4929,6192,7495,8879,10161,1235,1229,1239,1263,1303,1384,1282
27834,"Caldwell, Vincent",elite,1190,2383,3597,4865,6150,7493,8856,10154,1193,1214,1268,1285,1343,1363,1298
27835,"Palma, Jorge A",elite,1150,2366,3661,4968,6274,7580,8898,10131,1216,1295,1307,1306,1306,1318,1233
27836,"Russell, Tommy",elite,1268,2494,3701,4927,6163,7464,8793,10115,1226,1207,1226,1236,1301,1329,1322
27837,"Anchondo, Joseph",elite,1179,2357,3556,4799,6050,7405,8766,10105,1178,1199,1243,1251,1355,1361,1339
27838,"Nelson, Ross",elite,1217,2449,3685,4923,6162,7471,8796,10106,1232,1236,1238,1239,1309,1325,1310
27839,"Quinteros, Martin",elite,1204,2411,3619,4849,6086,7410,8771,10109,1207,1208,1230,1237,1324,1361,1338
27840,"Da Silva, Farnese",elite,1143,2304,3469,4656,5910,7268,8682,10100,1161,1165,1187,1254,1358,1414,1418
27841,"Martin, Marshall",elite,1212,2410,3624,4868,6289,7588,8898,10187,1198,1214,1244,1421,1299,1310,1289
27842,"Verch, Marco",elite,1226,2489,3758,5024,6289,7589,8889,10164,1263,1269,1266,1265,1300,1300,1275
27843,"Bilimoria, Bhavin",elite,1271,2548,3800,5047,6312,7622,8907,10151,1277,1252,1247,1265,1310,1285,1244
27844,"Stefanovic, Rick S",elite,1275,2537,3779,5041,6292,7574,8856,10140,1262,1242,1262,1251,1282,1282,1284
27845,"Cooney, Michael J",elite,1261,2509,3774,5054,6324,7597,8879,10159,1248,1265,1280,1270,1273,1282,1280
27846,"Gill, Colin L",elite,1196,2390,3589,4809,6045,7362,8714,10090,1194,1199,1220,1236,1317,1352,1376
27847,"Vanni, Giulio",elite,1261,2479,3703,4954,6199,7511,8838,10146,1218,1224,1251,1245,1312,1327,1308
27848,"Reimer, Steffan",elite,1275,2545,3805,5078,6352,7635,8911,10173,1270,1260,1273,1274,1283,1276,1262
27849,"Inoue, Daichi",elite,1166,2333,3539,4804,6120,7535,8834,10125,1167,1206,1265,1316,1415,1299,1291
27850,"Richter, Peter Sr.",elite,1170,2354,3551,4775,6023,7297,8635,10048,1184,1197,1224,1248,1274,1338,1413
27851,"Wellford, Jan H",elite,1248,2472,3703,4930,6168,7451,8769,10109,1224,1231,1227,1238,1283,1318,1340
27852,"Honig, Alan",elite,1261,2505,3754,5010,6264,7554,8852,10149,1244,1249,1256,1254,1290,1298,1297
27853,"Stehling, Michael",elite,1201,2386,3584,4823,6063,7369,8748,10121,1185,1198,1239,1240,1306,1379,1373
27854,"Jaime, Guillermo",elite,1208,2409,3600,4807,6027,7313,8720,10142,1201,1191,1207,1220,1286,1407,1422
27855,"Gagniere, Marc-Andre",elite,1240,2474,3727,4996,6252,7541,8850,10141,1234,1253,1269,1256,1289,1309,1291
27856,"Monton, Diego",elite,1204,2444,3668,4915,6175,7495,8820,10137,1240,1224,1247,1260,1320,1325,1317
27857,"Ellis, Ryan",elite,1213,2426,3667,4911,6156,7451,8804,10127,1213,1241,1244,1245,1295,1353,1323
27858,"Slovick, Matt J",elite,1195,2378,3577,4792,6036,7388,8779,10137,1183,1199,1215,1244,1352,1391,1358
27859,"Arenas, Ivan",elite,1241,2470,3693,4922,6172,7474,8814,10137,1229,1223,1229,1250,1302,1340,1323
27860,"Campos, Luiz Antonio S. Sr.",elite,1245,2497,3757,5023,6282,7583,8902,10168,1252,1260,1266,1259,1301,1319,1266
27861,"Pontes, Kamilla Sr.",elite,1254,2495,3737,4995,6261,7604,8898,10166,1241,1242,1258,1266,1343,1294,1268
27862,"Ebel, Boone A.",elite,1097,2185,3295,4467,5693,7044,8550,10077,1088,1110,1172,1226,1351,1506,1527
27863,"Barbosa, Felipe Sr.",elite,1234,2430,3619,4820,6046,7343,8720,10115,1196,1189,1201,1226,1297,1377,1395
27864,"Koziatek, Andy",elite,1236,2454,3657,4864,6079,7371,8732,10155,1218,1203,1207,1215,1292,1361,1423
27865,"Klassen, Philip",elite,1257,2478,3667,4892,6143,7434,8780,10128,1221,1189,1225,1251,1291,1346,1348
27866,"George, Chris",elite,1257,2506,3756,5007,6257,7518,8803,10140,1249,1250,1251,1250,1261,1285,1337
27867,"James, Kyle R.",elite,1134,2260,3399,4546,5713,7019,8415,10025,1126,1139,1147,1167,1306,1396,1610
27868,"Petty, Kyle S",elite,1152,2739,3991,5251,6500,7739,8989,10200,1587,1252,1260,1249,1239,1250,1211
27869,"Lynn, Becky",elite,1195,2407,3654,4896,6136,7417,8755,10111,1212,1247,1242,1240,1281,1338,1356
27870,"Beamguard, Nathan D",elite,1311,2593,3853,5109,6355,7628,8909,10164,1282,1260,1256,1246,1273,1281,1255
27871,"Leutzinger, Todd J",elite,1184,2364,3534,4726,5939,7257,8629,10093,1180,1170,1192,1213,1318,1372,1464
27872,"Ferguson, J Daniel",elite,1183,2392,3605,4834,6074,7375,8721,10108,1209,1213,1229,1240,1301,1346,1387
27873,"Manning, Emily D.",elite,1276,2540,3785,5037,6288,7576,8890,10167,1264,1245,1252,1251,1288,1314,1277
27874,"Santi, Nicola",elite,1240,2456,3682,4929,6185,7502,8835,10153,1216,1226,1247,1256,1317,1333,1318
27875,"Jowett, Nate",elite,1279,2545,3799,5077,6351,7674,8969,10206,1266,1254,1278,1274,1323,1295,1237
27876,"Nelson, Brian C",elite,1284,2561,3825,5097,6360,7631,8898,10160,1277,1264,1272,1263,1271,1267,1262
27877,"Hirschman, Corey",elite,1208,2420,3675,4953,6229,7550,8900,10176,1212,1255,1278,1276,1321,1350,1276
27878,"Rumery, Shawn",elite,1163,2329,3501,4693,5909,7234,8710,10124,1166,1172,1192,1216,1325,1476,1414
27879,"Fischbach, Yannick S",elite,1186,2365,3605,4840,6087,7382,8682,10052,1179,1240,1235,1247,1295,1300,1370
27880,"McClelland, Richard",elite,1205,2408,3622,4852,6088,7392,8736,10110,1203,1214,1230,1236,1304,1344,1374
27881,"Welch, Michael",elite,1291,2558,3795,5060,6313,7602,8896,10176,1267,1237,1265,1253,1289,1294,1280
27882,"Switt, Angela H",elite,1198,2422,3673,4947,6235,7544,8868,10176,1224,1251,1274,1288,1309,1324,1308
27883,"Wong, Adrian",elite,1293,2573,3873,5197,6468,7720,8963,10187,1280,1300,1324,1271,1252,1243,1224
27884,"Rehwald, Jason S",elite,1286,2554,3811,5080,6345,7642,8944,10201,1268,1257,1269,1265,1297,1302,1257
27885,"Sorenson, Matthew",elite,1292,2578,3839,5101,6356,7636,8928,10195,1286,1261,1262,1255,1280,1292,1267
27886,"Filipowski, Dariusz",elite,1228,2483,3741,5011,6278,7586,8896,10183,1255,1258,1270,1267,1308,1310,1287
27887,"Cunningham, Thomas T",elite,1253,2475,3713,4983,6262,7559,8876,10164,1222,1238,1270,1279,1297,1317,1288
27888,"Burya, Jim",elite,1248,2470,3670,4928,6143,7406,8773,10146,1222,1200,1258,1215,1263,1367,1373
27889,"Randall, Joey",elite,1286,2577,3860,5139,6400,7690,8982,10210,1291,1283,1279,1261,1290,1292,1228
27890,"Kessinger, Andrew W",elite,1125,2244,3381,4554,5866,7258,8712,10170,1119,1137,1173,1312,1392,1454,1458
27891,"Moore, Jared M.",elite,1073,2154,3254,4396,5543,6808,8513,10097,1081,1100,1142,1147,1265,1705,1584
27892,"Hertzberg, Andrew",elite,1226,2466,3726,5009,6294,7599,8929,10192,1240,1260,1283,1285,1305,1330,1263
27893,"Garvey, Thomas G IV",elite,1204,2412,3617,4831,6050,7345,8735,10117,1208,1205,1214,1219,1295,1390,1382
27894,"Camplin, Brendan",elite,1158,2319,3484,4665,5831,7024,8524,10036,1161,1165,1181,1166,1193,1500,1512
27895,"Arsenault, Christopher",elite,1223,2444,3668,4917,6182,7508,8870,10200,1221,1224,1249,1265,1326,1362,1330
27896,"Marcellus, Jamie S",elite,1265,2524,3768,5024,6279,7557,8846,10152,1259,1244,1256,1255,1278,1289,1306
27897,"Moore, Jim",elite,1189,2389,3605,4852,6107,7441,8817,10155,1200,1216,1247,1255,1334,1376,1338
27898,"Johansen, Tory J",elite,1037,2088,3183,4384,5617,6988,8565,10067,1051,1095,1201,1233,1371,1577,1502
27899,"Schneider, Jake P",elite,1189,2367,3564,4786,6046,7381,8763,10137,1178,1197,1222,1260,1335,1382,1374
27900,"King, Amos",elite,1232,2452,3667,4898,6114,7402,8779,10172,1220,1215,1231,1216,1288,1377,1393
27901,"Lazar Adler, Adrian",elite,1308,2620,3907,5201,6489,7760,9019,10227,1312,1287,1294,1288,1271,1259,1208
27902,"Macmahon, Ted",elite,1254,2500,3740,4998,6313,7610,8918,10184,1246,1240,1258,1315,1297,1308,1266
27903,"Ryu, Jongwoo",elite,1225,2438,3672,4958,6224,7516,8928,10204,1213,1234,1286,1266,1292,1412,1276
27904,"Benson, Tom",elite,1133,2250,3414,4650,5958,7357,8772,10142,1117,1164,1236,1308,1399,1415,1370
27905,"Rao, Neil K.",elite,1177,2358,3570,4792,6026,7338,8715,10125,1181,1212,1222,1234,1312,1377,1410
27906,"Homich, Matt",elite,1151,2283,3428,4592,5780,7088,8596,10187,1132,1145,1164,1188,1308,1508,1591
27907,"Lopes, Ronaldo",elite,1260,2520,3786,5044,6316,7599,8919,10191,1260,1266,1258,1272,1283,1320,1272
27908,"Girbach, Jeffrey",elite,1183,2359,3537,4721,5920,7184,8598,10177,1176,1178,1184,1199,1264,1414,1579
27909,"Kennedy, James",elite,1266,2524,3780,5037,6283,7565,8855,10169,1258,1256,1257,1246,1282,1290,1314
27910,"Rietsma, Lee",elite,1263,2508,3751,5038,6305,7584,8890,10193,1245,1243,1287,1267,1279,1306,1303
27911,"Fernandes, Jacques J Sr.",elite,1261,2521,3787,5044,6317,7600,8920,10191,1260,1266,1257,1273,1283,1320,1271
27912,"Wilson, Logan",elite,1251,2492,3720,4937,6137,7407,8719,10130,1241,1228,1217,1200,1270,1312,1411
27913,"Herrarte, Julio C.",elite,1250,2499,3756,5033,6298,7590,8898,10183,1249,1257,1277,1265,1292,1308,1285
27914,"Gillespie, Joseph R",elite,1227,2461,3694,4922,6169,7464,8829,10160,1234,1233,1228,1247,1295,1365,1331
27915,"Peterson, Michael T",elite,1168,2329,3486,4659,5840,7087,8401,10172,1161,1157,1173,1181,1247,1314,1771
27916,"Illera Mattos, Carlos A",elite,1199,2398,3619,4867,6125,7427,8751,10115,1199,1221,1248,1258,1302,1324,1364
27917,"Hadzima, Jeffrey M",elite,1144,2291,3478,4734,6015,7386,8784,10155,1147,1187,1256,1281,1371,1398,1371
27918,"Conlon, Elizabeth",elite,1294,2590,3873,5161,6444,7725,8976,10210,1296,1283,1288,1283,1281,1251,1234
27919,"Guyas, Paul",elite,1283,2551,3783,5036,6276,7567,8891,10179,1268,1232,1253,1240,1291,1324,1288
27920,"Lauterbach, Chad A",elite,1262,2514,3767,5042,6321,7600,8905,10197,1252,1253,1275,1279,1279,1305,1292
27921,"Plant, Una",elite,1192,2386,3606,4863,6125,7436,8794,10135,1194,1220,1257,1262,1311,1358,1341
27922,"Cabral, Manuel",elite,1247,2429,3647,4867,6109,7421,8768,10111,1182,1218,1220,1242,1312,1347,1343
27923,"Pohlmann, Casper P",non-elite,1308,2581,3857,5129,6385,7674,8976,10209,1273,1276,1272,1256,1289,1302,1233
27924,"Do, Minh",non-elite,1234,2467,3690,4915,6217,7492,8825,10161,1233,1223,1225,1302,1275,1333,1336
27925,"Merilainen, Jutta",non-elite,1236,2465,3705,4958,6227,7546,8877,10170,1229,1240,1253,1269,1319,1331,1293
27926,"English, Benjamin",non-elite,1109,2249,3431,4769,6099,7443,8801,10142,1140,1182,1338,1330,1344,1358,1341
27927,"Schulz, Heather",non-elite,1237,2479,3743,5010,6269,7562,8880,10173,1242,1264,1267,1259,1293,1318,1293
27928,"Apolonio, Ricardo",non-elite,1149,2278,3419,4604,5818,7121,8549,10090,1129,1141,1185,1214,1303,1428,1541
27929,"Shaikh, Waqar",non-elite,1157,2305,3471,4668,5899,7203,8600,10070,1148,1166,1197,1231,1304,1397,1470
27930,"Dong, Yue",non-elite,1207,2421,3654,4890,6151,7488,8833,10174,1214,1233,1236,1261,1337,1345,1341
27931,"Adachi, Shinsuke",non-elite,1210,2443,3706,4986,6276,7597,8908,10188,1233,1263,1280,1290,1321,1311,1280
27932,"Park, Tyler R",non-elite,1144,2310,3502,4741,5995,7339,8731,10148,1166,1192,1239,1254,1344,1392,1417
27933,"Jamael, Paul",non-elite,1276,2524,3780,5059,6329,7636,8947,10217,1248,1256,1279,1270,1307,1311,1270
27934,"Jansen-Van Rensburg, Mauritz",non-elite,1189,2358,3534,4715,5933,7229,8564,10121,1169,1176,1181,1218,1296,1335,1557
27935,"Regan, John",non-elite,1208,2389,3620,4883,6174,7508,8856,10173,1181,1231,1263,1291,1334,1348,1317
27936,"McArthur, Scott D.",non-elite,1098,2195,3318,4539,5783,7209,8732,10172,1097,1123,1221,1244,1426,1523,1440
27937,"Sudol, Dawn M",non-elite,1254,2494,3728,4968,6213,7496,8819,10160,1240,1234,1240,1245,1283,1323,1341
27938,"Klarich, Lee",non-elite,1188,2375,3540,4747,5997,7359,8769,10164,1187,1165,1207,1250,1362,1410,1395
27939,"Adams, Brooke",non-elite,1249,2495,3729,4969,6213,7505,8838,10166,1246,1234,1240,1244,1292,1333,1328
27940,"Hidaka, Yuichiro",non-elite,1240,2495,3756,5031,6308,7598,8910,10202,1255,1261,1275,1277,1290,1312,1292
27941,"Hardin, Tom",non-elite,1253,2500,3773,5049,6321,7637,8941,10209,1247,1273,1276,1272,1316,1304,1268
27942,"Dechnik, Michael L",non-elite,1292,2560,3826,5117,6392,7676,8969,10207,1268,1266,1291,1275,1284,1293,1238
27943,"Cruz, Aristides I. Jr.",non-elite,1270,2522,3781,5056,6319,7584,8891,10208,1252,1259,1275,1263,1265,1307,1317
27944,"Marlin, Fred J.",non-elite,1217,2439,3679,4922,6162,7445,8842,10179,1222,1240,1243,1240,1283,1397,1337
27945,"Zimmet, David",non-elite,1261,2511,3761,5020,6285,7587,8960,10220,1250,1250,1259,1265,1302,1373,1260
27946,"Smith, J.d.",non-elite,1127,2273,3429,4587,5743,6975,8386,10164,1146,1156,1158,1156,1232,1411,1778
27947,"Savard, Justin",non-elite,1274,2526,3783,5042,6299,7601,8922,10198,1252,1257,1259,1257,1302,1321,1276
27948,"Lindsey, Thomas",non-elite,1276,2523,3766,5008,6251,7523,8843,10172,1247,1243,1242,1243,1272,1320,1329
27949,"Alleko, Serguei",non-elite,1272,2537,3806,5065,6316,7601,8907,10196,1265,1269,1259,1251,1285,1306,1289
27950,"Chuc, Cristobal D Sr.",non-elite,1206,2424,3654,4910,6155,7469,8829,10156,1218,1230,1256,1245,1314,1360,1327
27951,"Colombo, Michael J",non-elite,1240,2474,3700,4952,6207,7507,8844,10173,1234,1226,1252,1255,1300,1337,1329
27952,"Stevenson, Thomas K",non-elite,1261,2545,3826,5118,6358,7620,8943,10213,1284,1281,1292,1240,1262,1323,1270
27953,"Radtke, Andrew C",non-elite,1275,2542,3803,5078,6349,7639,8951,10221,1267,1261,1275,1271,1290,1312,1270
27954,"Yanichko, Christopher J.",non-elite,1086,2181,3311,4513,5771,7161,8631,10117,1095,1130,1202,1258,1390,1470,1486
27955,"Bridges, Jason L.",non-elite,1248,2463,3659,4868,6084,7323,8683,10131,1215,1196,1209,1216,1239,1360,1448
27956,"Montpetit, Yannick",non-elite,1253,2496,3754,5034,6315,7633,8940,10207,1243,1258,1280,1281,1318,1307,1267
27957,"Bothe, Steven P Jr.",non-elite,1226,2454,3698,4971,6254,7571,8903,10206,1228,1244,1273,1283,1317,1332,1303
27958,"Myers, Brayden G",non-elite,1269,2516,3765,5041,6311,7598,8918,10220,1247,1249,1276,1270,1287,1320,1302
27959,"Larkin, Stanley",non-elite,1178,2371,3613,4888,6160,7466,8812,10178,1193,1242,1275,1272,1306,1346,1366
27960,"Redman, George D.",non-elite,1273,2525,3772,5028,6292,7598,8917,10211,1252,1247,1256,1264,1306,1319,1294
27961,"Shertzer, Emily J",non-elite,1223,2443,3682,4935,6191,7496,8847,10187,1220,1239,1253,1256,1305,1351,1340
27962,"Charlebois, Marc",non-elite,1248,2492,3732,4978,6230,7528,8859,10187,1244,1240,1246,1252,1298,1331,1328
27963,"Madej, Robert",non-elite,1216,2425,3638,4880,6126,7438,8766,10185,1209,1213,1242,1246,1312,1328,1419
27964,"Yang, Pengxiang",non-elite,1273,2530,3780,5043,6305,7590,8881,10184,1257,1250,1263,1262,1285,1291,1303
27965,"Musgrave, David",non-elite,1276,2533,3800,5079,6354,7634,8924,10198,1257,1267,1279,1275,1280,1290,1274
27966,"Wood, Caleb D.",non-elite,1251,2506,3758,5021,6299,7594,8909,10204,1255,1252,1263,1278,1295,1315,1295
27967,"O'Leary, Joe",non-elite,1133,2272,3430,4608,5838,7196,8678,10146,1139,1158,1178,1230,1358,1482,1468
27968,"Robson, Denise",non-elite,1178,2396,3610,4844,6094,7409,8784,10144,1218,1214,1234,1250,1315,1375,1360
27969,"Putt, Tammy",non-elite,1249,2499,3750,5034,6311,7619,8930,10218,1250,1251,1284,1277,1308,1311,1288
27970,"Keating, Paula",non-elite,1265,2534,3802,5065,6326,7618,8931,10209,1269,1268,1263,1261,1292,1313,1278
27971,"Rand, Matt",non-elite,1040,2097,3150,4222,5350,6694,8339,10185,1057,1053,1072,1128,1344,1645,1846
27972,"Schmidt, Heidi H.",non-elite,1209,2414,3635,4890,6171,7500,8851,10174,1205,1221,1255,1281,1329,1351,1323
27973,"Suzuki, Yuta",non-elite,1237,2441,3652,4882,6116,7415,8777,10155,1204,1211,1230,1234,1299,1362,1378
27974,"Aloia Maler, Gaston",non-elite,1272,2545,3823,5113,6391,7678,8987,10252,1273,1278,1290,1278,1287,1309,1265
27975,"Wagner, Scott",non-elite,1224,2453,3685,4967,6221,7526,8867,10182,1229,1232,1282,1254,1305,1341,1315
27976,"Butcher, John J",non-elite,1106,2193,3301,4419,5584,6880,8355,10198,1087,1108,1118,1165,1296,1475,1843
27977,"Solarz, Christopher C",non-elite,1283,2567,3864,5163,6442,7703,8990,10222,1284,1297,1299,1279,1261,1287,1232
27978,"Braun, Moritz Christian",non-elite,1205,2407,3626,4866,6120,7432,8778,10140,1202,1219,1240,1254,1312,1346,1362
27979,"Remley, Andy",non-elite,1241,2484,3704,4932,6142,7393,8753,10141,1243,1220,1228,1210,1251,1360,1388
27980,"Malkowski, Eric",non-elite,1117,2241,3370,4580,5827,7194,8675,10137,1124,1129,1210,1247,1367,1481,1462
27981,"Schulten, Chris",non-elite,1159,2325,3500,4700,5953,7316,8721,10151,1166,1175,1200,1253,1363,1405,1430
27982,"Macnulty, Charlie",non-elite,1240,2477,3703,4927,6160,7432,8750,10115,1237,1226,1224,1233,1272,1318,1365
27983,"Thomas, Brian",non-elite,1262,2493,3706,4925,6153,7434,8767,10142,1231,1213,1219,1228,1281,1333,1375
27984,"Narang, Jatin",non-elite,1145,2284,3420,4572,5738,7011,8483,10090,1139,1136,1152,1166,1273,1472,1607
27985,"Oke, Malcolm J.",non-elite,1232,2454,3686,4951,6231,7559,8899,10196,1222,1232,1265,1280,1328,1340,1297
27986,"King, David R",non-elite,1270,2550,3820,5088,6345,7631,8943,10214,1280,1270,1268,1257,1286,1312,1271
27987,"Cummings, Cameron M.",non-elite,1073,2193,3364,4605,5899,7279,8727,10138,1120,1171,1241,1294,1380,1448,1411
27988,"Deblauw, Amanda K.",non-elite,1279,2538,3794,5044,6294,7592,8895,10202,1259,1256,1250,1250,1298,1303,1307
27989,"Sanchez, David",non-elite,1278,2559,3831,5112,6386,7681,8973,10236,1281,1272,1281,1274,1295,1292,1263
27990,"Williams, Owain",non-elite,1263,2537,3785,5038,6290,7592,8907,10250,1274,1248,1253,1252,1302,1315,1343
27991,"Bowman, Sean",non-elite,1287,2543,3817,5088,6364,7656,8947,10228,1256,1274,1271,1276,1292,1291,1281
27992,"Hernandez, Juan Sr.",non-elite,1051,2097,3148,4222,5336,6605,8350,10044,1046,1051,1074,1114,1269,1745,1694
27993,"Roy, Guillaume",non-elite,1259,2530,3789,5060,6332,7614,8936,10230,1271,1259,1271,1272,1282,1322,1294
27994,"Deza, Michael",non-elite,1226,2488,3742,5014,6274,7598,8955,10267,1262,1254,1272,1260,1324,1357,1312
27995,"Rothman, Travis M",non-elite,1275,2529,3802,5079,6349,7635,8931,10222,1254,1273,1277,1270,1286,1296,1291
27996,"Merz, Monte",non-elite,1278,2561,3839,5113,6385,7682,8975,10236,1283,1278,1274,1272,1297,1293,1261
27997,"Oktavec, Thomas M.",non-elite,1281,2548,3814,5078,6348,7633,8931,10218,1267,1266,1264,1270,1285,1298,1287
27998,"Bouchard, Jean-Claude",non-elite,1271,2509,3763,5036,6308,7618,8927,10222,1238,1254,1273,1272,1310,1309,1295
27999,"Audet, Jean",non-elite,1271,2510,3763,5036,6308,7619,8928,10223,1239,1253,1273,1272,1311,1309,1295
28000,"Haughton, Daniel",non-elite,1220,2414,3616,4852,6102,7420,8801,10183,1194,1202,1236,1250,1318,1381,1382
28001,"Elmore, Richard D III",non-elite,1154,2315,3505,4769,6077,7383,8784,10146,1161,1190,1264,1308,1306,1401,1362
28002,"Hia, Caleb",non-elite,1138,2285,3469,4736,6009,7410,8828,10193,1147,1184,1267,1273,1401,1418,1365
28003,"Chantal, Alain",non-elite,1272,2508,3763,5036,6308,7618,8928,10222,1236,1255,1273,1272,1310,1310,1294
28004,"Hrynowski, E J",non-elite,1222,2445,3691,4945,6200,7499,8895,10206,1223,1246,1254,1255,1299,1396,1311
28005,"Wilson, Dan C. Jr.",non-elite,1185,2354,3534,4732,5944,7292,8724,10164,1169,1180,1198,1212,1348,1432,1440
28006,"Gatti, Matt",non-elite,1230,2450,3672,4903,6137,7442,8763,10159,1220,1222,1231,1234,1305,1321,1396
28007,"Brennan, Margaret P",non-elite,1257,2504,3748,5008,6264,7546,8863,10197,1247,1244,1260,1256,1282,1317,1334
28008,"Taormina, Nick",non-elite,1194,2378,3585,4835,6105,7447,8819,10173,1184,1207,1250,1270,1342,1372,1354
28009,"Sweeney, Jesse",non-elite,1219,2426,3631,4842,6060,7359,8741,10205,1207,1205,1211,1218,1299,1382,1464
28010,"Jester, Wayde",non-elite,1238,2462,3693,4947,6207,7527,8907,10204,1224,1231,1254,1260,1320,1380,1297
28011,"Danielo, Guillaume",non-elite,1133,2297,3471,4719,6131,7474,8987,10272,1164,1174,1248,1412,1343,1513,1285
28012,"Piette, Sebastien",non-elite,1185,2403,3630,4876,6149,7474,8836,10189,1218,1227,1246,1273,1325,1362,1353
28013,"Pearce, Alex",non-elite,1217,2415,3602,4794,5995,7278,8616,10176,1198,1187,1192,1201,1283,1338,1560
28014,"Galvin, Mike V",non-elite,1233,2454,3664,4879,6115,7402,8749,10151,1221,1210,1215,1236,1287,1347,1402
28015,"Klasek, Scott",non-elite,1245,2471,3698,4951,6210,7532,8888,10211,1226,1227,1253,1259,1322,1356,1323
28016,"Helmot, Sean M.",non-elite,1272,2522,3774,5024,6276,7566,8900,10211,1250,1252,1250,1252,1290,1334,1311
28017,"Logan, Shane",non-elite,1139,2290,3502,4795,6116,7501,8902,10240,1151,1212,1293,1321,1385,1401,1338
28018,"Bender, Seth",non-elite,1296,2587,3854,5117,6375,7672,8975,10231,1291,1267,1263,1258,1297,1303,1256
28019,"Price, Jim",non-elite,1252,2489,3728,4979,6238,7535,8851,10183,1237,1239,1251,1259,1297,1316,1332
28020,"Tillotson, Ben",non-elite,1263,2506,3752,5010,6277,7584,8929,10238,1243,1246,1258,1267,1307,1345,1309
28021,"Rodriguez, Dan",non-elite,1288,2579,3866,5145,6388,7665,8965,10228,1291,1287,1279,1243,1277,1300,1263
28022,"Chaves, Joao Arthur C.",non-elite,1252,2486,3728,4993,6277,7585,8891,10192,1234,1242,1265,1284,1308,1306,1301
28023,"Culligan, Stephen E.",non-elite,1266,2507,3754,5007,6279,7601,8942,10241,1241,1247,1253,1272,1322,1341,1299
28024,"Fulton, James E.",non-elite,1220,2441,3657,4892,6154,7474,8850,10200,1221,1216,1235,1262,1320,1376,1350
28025,"Tissue, Jeffrey R",non-elite,1102,2202,3335,4519,5794,7173,8651,10175,1100,1133,1184,1275,1379,1478,1524
28026,"Bernardy, Peter",non-elite,1208,2413,3644,4893,6157,7469,8799,10182,1205,1231,1249,1264,1312,1330,1383
28027,"Bair, Jonathan",non-elite,1239,2464,3697,4976,6225,7499,8825,10184,1225,1233,1279,1249,1274,1326,1359
28028,"Corona Iturriaga, Roberto",non-elite,1142,2320,3532,4797,6057,7420,8808,10203,1178,1212,1265,1260,1363,1388,1395
28029,"Berry, Jennifer",non-elite,1268,2542,3820,5120,6417,7712,9005,10249,1274,1278,1300,1297,1295,1293,1244
28030,"Farrell, Amy",non-elite,1256,2510,3770,5046,6310,7632,8971,10235,1254,1260,1276,1264,1322,1339,1264
28031,"Hagen, Jeffrey",non-elite,1257,2498,3745,5024,6299,7605,8927,10236,1241,1247,1279,1275,1306,1322,1309
28032,"Ledyard, Mark",non-elite,1262,2533,3803,5085,6369,7675,8981,10238,1271,1270,1282,1284,1306,1306,1257
28033,"Ludington, Johannah",non-elite,1240,2450,3684,4951,6224,7537,8885,10223,1210,1234,1267,1273,1313,1348,1338
28034,"Keshian, Gregory",non-elite,1119,2229,3365,4608,5867,7213,8681,10176,1110,1136,1243,1259,1346,1468,1495
28035,"Frey, Alex",non-elite,1261,2528,3779,5028,6274,7566,8910,10247,1267,1251,1249,1246,1292,1344,1337
28036,"Stutz, Michael",non-elite,1087,2166,3263,4430,5631,6972,8423,10043,1079,1097,1167,1201,1341,1451,1620
28037,"Justek, Laurent",non-elite,1206,2405,3616,4841,6102,7430,8810,10182,1199,1211,1225,1261,1328,1380,1372
28038,"Lutz, Chad W",non-elite,1241,2473,3699,4929,6155,7449,8767,10195,1232,1226,1230,1226,1294,1318,1428
28039,"Mcgahan, Patrick J",non-elite,1219,2454,3700,4958,6238,7543,8880,10217,1235,1246,1258,1280,1305,1337,1337
28040,"Dalton, Timothy J.",non-elite,1207,2406,3608,4831,6066,7375,8745,10164,1199,1202,1223,1235,1309,1370,1419
28041,"Mccarthy, Justin R",non-elite,1265,2478,3708,4926,6160,7438,8798,10173,1213,1230,1218,1234,1278,1360,1375
28042,"Luciani, Simone Sr.",non-elite,1117,2264,3442,4695,5963,7312,8761,10203,1147,1178,1253,1268,1349,1449,1442
28043,"Fromm, Brett W",non-elite,1211,2441,3691,4940,6206,7502,8841,10196,1230,1250,1249,1266,1296,1339,1355
28044,"Hirayama, Takashi",non-elite,1196,2427,3679,4959,6246,7607,8981,10246,1231,1252,1280,1287,1361,1374,1265
28045,"Awad, Omar",non-elite,1238,2472,3711,4983,6250,7563,8896,10217,1234,1239,1272,1267,1313,1333,1321
28046,"Fisher, Brandon J",non-elite,1299,2571,3815,5071,6324,7646,8954,10248,1272,1244,1256,1253,1322,1308,1294
28047,"Sanchez, Andres M.",non-elite,1247,2515,3779,5062,6331,7639,8948,10249,1268,1264,1283,1269,1308,1309,1301
28048,"Puma, Eric",non-elite,1229,2472,3723,4985,6232,7554,8904,10227,1243,1251,1262,1247,1322,1350,1323
28049,"DiNoto, Laine E.",non-elite,1256,2511,3779,5091,6436,7738,9038,10266,1255,1268,1312,1345,1302,1300,1228
28050,"Lee, Robert J",non-elite,1298,2573,3841,5112,6383,7674,8971,10251,1275,1268,1271,1271,1291,1297,1280
28051,"Bierl, Ryan R",non-elite,1218,2424,3629,4851,6082,7459,8839,10216,1206,1205,1222,1231,1377,1380,1377
28052,"Wineman, Immanuel",non-elite,1093,2200,3338,4513,5717,7032,8517,10140,1107,1138,1175,1204,1315,1485,1623
28053,"Saaf, Peter",non-elite,1186,2404,3658,4963,6262,7608,8994,10255,1218,1254,1305,1299,1346,1386,1261
28054,"Stiff, Samuel D",non-elite,1204,2411,3619,4859,6102,7434,8840,10239,1207,1208,1240,1243,1332,1406,1399
28055,"Sackson, John S.",non-elite,1190,2387,3604,4849,6122,7495,8841,10213,1197,1217,1245,1273,1373,1346,1372
28056,"Madut, Thomas Garang",non-elite,1029,2112,3224,4366,5549,6880,8302,10185,1083,1112,1142,1183,1331,1422,1883
28057,"Smith, Nathan T",non-elite,1235,2498,3785,5091,6356,7652,8970,10247,1263,1287,1306,1265,1296,1318,1277
28058,"Hanlon, William J",non-elite,1205,2419,3647,4907,6181,7513,8860,10198,1214,1228,1260,1274,1332,1347,1338
28059,"Nadeau, Patrick",non-elite,1184,2377,3585,4825,6084,7410,8785,10194,1193,1208,1240,1259,1326,1375,1409
28060,"Martin, Keith",non-elite,1263,2506,3741,5000,6267,7575,8906,10226,1243,1235,1259,1267,1308,1331,1320
28061,"Wharam, Chris",non-elite,1166,2361,3614,4915,6220,7568,8887,10260,1195,1253,1301,1305,1348,1319,1373
28062,"Calder, Brad",non-elite,1276,2552,3822,5100,6366,7659,8970,10253,1276,1270,1278,1266,1293,1311,1283
28063,"Knox, William",non-elite,1330,2646,3929,5213,6487,7775,9041,10271,1316,1283,1284,1274,1288,1266,1230
28064,"Crane, Daniel P",non-elite,1151,2304,3465,4726,6099,7548,8937,10275,1153,1161,1261,1373,1449,1389,1338
28065,"Deveaux, Corey",non-elite,1173,2345,3524,4716,6006,7472,8821,10256,1172,1179,1192,1290,1466,1349,1435
28066,"Campbell, Scott C.",non-elite,1225,2446,3673,4909,6131,7379,8701,10098,1221,1227,1236,1222,1248,1322,1397
28067,"Lemelman, Dan",non-elite,1261,2526,3780,5028,6273,7562,8863,10204,1265,1254,1248,1245,1289,1301,1341
28068,"Cordero, Ivan O",non-elite,1277,2532,3786,5044,6315,7633,8986,10244,1255,1254,1258,1271,1318,1353,1258
28069,"Robin, Simon",non-elite,1281,2548,3809,5083,6354,7658,8977,10250,1267,1261,1274,1271,1304,1319,1273
28070,"Patterson, Will",non-elite,1238,2458,3681,4907,6159,7499,8879,10230,1220,1223,1226,1252,1340,1380,1351
28071,"Lozinsky, Clint",non-elite,1234,2484,3730,4991,6266,7588,8955,10257,1250,1246,1261,1275,1322,1367,1302
28072,"Stob, Alan",non-elite,1202,2408,3634,4876,6137,7452,8842,10220,1206,1226,1242,1261,1315,1390,1378
28073,"Junqueira, Mariana B.",non-elite,1286,2571,3852,5155,6448,7747,9032,10272,1285,1281,1303,1293,1299,1285,1240
28074,"Hathiramani, Raj",non-elite,1181,2380,3599,4864,6167,7521,8895,10247,1199,1219,1265,1303,1354,1374,1352
28075,"De Jesus, Jeval A",non-elite,1237,2424,3612,4824,6070,7354,8714,10179,1187,1188,1212,1246,1284,1360,1465
28076,"Levy, Frank N.",non-elite,1232,2453,3674,4922,6172,7458,8809,10180,1221,1221,1248,1250,1286,1351,1371
28077,"Maybach, Jeff",non-elite,1219,2437,3665,4915,6180,7487,8846,10211,1218,1228,1250,1265,1307,1359,1365
28078,"Ryan, Timothy",non-elite,1204,2440,3680,4960,6266,7610,8958,10272,1236,1240,1280,1306,1344,1348,1314
28079,"Hassen, Cristian Sr.",non-elite,1243,2501,3758,5032,6304,7624,8976,10253,1258,1257,1274,1272,1320,1352,1277
28080,"Fortin, Richard",non-elite,1280,2537,3789,5048,6306,7591,8914,10241,1257,1252,1259,1258,1285,1323,1327
28081,"Sussman, Neal S",non-elite,1289,2565,3846,5130,6414,7686,8967,10246,1276,1281,1284,1284,1272,1281,1279
28082,"Salmeri, Jim",non-elite,1213,2415,3633,4885,6155,7483,8861,10239,1202,1218,1252,1270,1328,1378,1378
28083,"Menard, Yves",non-elite,1249,2482,3743,5010,6237,7541,8881,10234,1233,1261,1267,1227,1304,1340,1353
28084,"Polania, David",non-elite,1241,2508,3771,5042,6313,7618,8943,10273,1267,1263,1271,1271,1305,1325,1330
28085,"Edwards, Nate",non-elite,1294,2577,3832,5087,6350,7631,8930,10225,1283,1255,1255,1263,1281,1299,1295
28086,"Shen, Yefeng",non-elite,1183,2383,3594,4808,6029,7365,8734,10240,1200,1211,1214,1221,1336,1369,1506
28087,"Holland, Josh",non-elite,1232,2465,3716,4989,6277,7609,8976,10281,1233,1251,1273,1288,1332,1367,1305
28088,"Freitas, Pedro",non-elite,1269,2520,3780,5045,6316,7628,8968,10258,1251,1260,1265,1271,1312,1340,1290
28089,"Husson, Nick",non-elite,1287,2597,3881,5175,6447,7756,9065,10307,1310,1284,1294,1272,1309,1309,1242
28090,"Cattarin, Gary",non-elite,1221,2462,3717,4983,6257,7566,8899,10224,1241,1255,1266,1274,1309,1333,1325
28091,"Merchant, Dan III",non-elite,1224,2502,3727,4981,6257,7598,8944,10258,1278,1225,1254,1276,1341,1346,1314
28092,"Christie, Lance R.",non-elite,1260,2503,3739,5010,6276,7597,8947,10254,1243,1236,1271,1266,1321,1350,1307
28093,"Buckner, Mark L.",non-elite,1193,2378,3570,4772,5997,7324,8734,10210,1185,1192,1202,1225,1327,1410,1476
28094,"Starr, Jason M",non-elite,1213,2410,3618,4829,6044,7354,8762,10221,1197,1208,1211,1215,1310,1408,1459
28095,"Riggs, Geoff",non-elite,1250,2505,3750,5011,6254,7550,8936,10251,1255,1245,1261,1243,1296,1386,1315
28096,"Bednorz, Damian",non-elite,1198,2397,3593,4805,6056,7339,8780,10235,1199,1196,1212,1251,1283,1441,1455
28097,"Benoit, Charles",non-elite,1224,2416,3619,4850,6105,7432,8833,10226,1192,1203,1231,1255,1327,1401,1393
28098,"Rosenberg-Wohl, Jacob",non-elite,1251,2529,3796,5070,6343,7634,8947,10261,1278,1267,1274,1273,1291,1313,1314
28099,"Madigan, Patrick B",non-elite,1208,2422,3630,4860,6100,7408,8764,10164,1214,1208,1230,1240,1308,1356,1400
28100,"Shaw, Scott K",non-elite,1178,2344,3539,4768,6008,7323,8847,10215,1166,1195,1229,1240,1315,1524,1368
28101,"Battoo, Christopher",non-elite,1044,2123,3233,4380,5564,6851,8349,10020,1079,1110,1147,1184,1287,1498,1671
28102,"Wilson, Casey C.",non-elite,1251,2501,3764,5049,6331,7637,8958,10264,1250,1263,1285,1282,1306,1321,1306
28103,"Moran, Paddy",non-elite,1221,2434,3668,4920,6186,7517,8904,10252,1213,1234,1252,1266,1331,1387,1348
28104,"Boyle, Chris",non-elite,1111,2208,3315,4484,5742,7162,8655,10151,1097,1107,1169,1258,1420,1493,1496
28105,"Dayondon, Odeelo L",non-elite,1282,2576,3848,5134,6425,7735,9041,10287,1294,1272,1286,1291,1310,1306,1246
28106,"Robinson, Charles B",non-elite,1241,2475,3734,4997,6267,7595,8960,10271,1234,1259,1263,1270,1328,1365,1311
28107,"Bõmberg, Rain",non-elite,1169,2368,3568,4779,6006,7318,8721,10164,1199,1200,1211,1227,1312,1403,1443
28108,"Madden, Brian J.",non-elite,1254,2511,3792,5051,6314,7630,8961,10257,1257,1281,1259,1263,1316,1331,1296
28109,"Moorehead, Ray",non-elite,1196,2408,3641,4902,6186,7525,8902,10252,1212,1233,1261,1284,1339,1377,1350
28110,"Fair, Stephen",non-elite,1139,2286,3458,4693,5993,7405,8829,10239,1147,1172,1235,1300,1412,1424,1410
28111,"Schulte, Shiloh A",non-elite,1245,2485,3729,4985,6254,7609,8964,10267,1240,1244,1256,1269,1355,1355,1303
28112,"Howes, Jesse",non-elite,1235,2447,3668,4928,6180,7562,8916,10264,1212,1221,1260,1252,1382,1354,1348
28113,"Steger, Matthias",non-elite,1215,2460,3721,4999,6286,7610,8952,10268,1245,1261,1278,1287,1324,1342,1316
28114,"Santa-Ana, Cuau R",non-elite,1204,2427,3660,4937,6222,7548,8910,10246,1223,1233,1277,1285,1326,1362,1336
28115,"Sheeran, David M.",non-elite,1225,2451,3668,4922,6205,7556,8992,10311,1226,1217,1254,1283,1351,1436,1319
28116,"Lastra, Agustin",non-elite,1256,2517,3766,5029,6291,7576,8912,10251,1261,1249,1263,1262,1285,1336,1339
28117,"Svanstrom, Thomas",non-elite,1223,2455,3703,4973,6243,7561,8915,10248,1232,1248,1270,1270,1318,1354,1333
28118,"Boland, Thomas",non-elite,1189,2380,3572,4765,5969,7239,8691,10175,1191,1192,1193,1204,1270,1452,1484
28119,"Demchko, Caitrin",non-elite,1293,2569,3843,5137,6407,7708,9023,10273,1276,1274,1294,1270,1301,1315,1250
28120,"Bulas, Brock",non-elite,1321,2574,3831,5082,6327,7606,8913,10236,1253,1257,1251,1245,1279,1307,1323
28121,"Lok, Wai Kin L. Sr.",non-elite,1136,2302,3495,4731,6000,7385,8890,10256,1166,1193,1236,1269,1385,1505,1366
28122,"Stevens, Connor",non-elite,1299,2568,3832,5111,6377,7680,8982,10270,1269,1264,1279,1266,1303,1302,1288
28123,"Mottin, Alessio",non-elite,1173,2371,3599,4854,6126,7441,8812,10228,1198,1228,1255,1272,1315,1371,1416
28124,"Aly, Cameron",non-elite,1169,2327,3558,4823,6076,7362,8757,10201,1158,1231,1265,1253,1286,1395,1444
28125,"Sun, Lamei",non-elite,1115,2299,3502,4759,6032,7388,8860,10229,1184,1203,1257,1273,1356,1472,1369
28126,"Strandberg, Scott",non-elite,1207,2401,3583,4799,5996,7296,8675,10171,1194,1182,1216,1197,1300,1379,1496
28127,"King, Chris",non-elite,1250,2488,3738,4994,6244,7535,8885,10236,1238,1250,1256,1250,1291,1350,1351
28128,"Iso Cohen, Guilherme Sr.",non-elite,1272,2535,3801,5079,6356,7662,8987,10278,1263,1266,1278,1277,1306,1325,1291
28129,"Matranga, Eric V",non-elite,1297,2582,3858,5137,6399,7695,9008,10297,1285,1276,1279,1262,1296,1313,1289
28130,"Giguere, Sylvain",non-elite,1178,2363,3578,4811,6062,7393,8796,10219,1185,1215,1233,1251,1331,1403,1423
28131,"Jakubowitch, Andrew",non-elite,1214,2427,3650,4889,6150,7468,8825,10214,1213,1223,1239,1261,1318,1357,1389
28132,"Bretz, Virgil",non-elite,1298,2587,3875,5179,6474,7794,9091,10297,1289,1288,1304,1295,1320,1297,1206
28133,"Suarez Torres, Josue",non-elite,1204,2421,3655,4916,6194,7540,8931,10263,1217,1234,1261,1278,1346,1391,1332
28134,"Roby, Jordan",non-elite,1286,2565,3826,5099,6372,7662,8957,10251,1279,1261,1273,1273,1290,1295,1294
28135,"Henning, Rod G.",non-elite,1246,2473,3696,4941,6190,7498,8842,10219,1227,1223,1245,1249,1308,1344,1377
28136,"Daye, Ryan",non-elite,1109,2254,3446,4683,5959,7280,8717,10209,1145,1192,1237,1276,1321,1437,1492
28137,"Kruttschnitt, Eric",non-elite,1192,2427,3725,5016,6288,7599,8938,10256,1235,1298,1291,1272,1311,1339,1318
28138,"Virano, Aldo",non-elite,1223,2426,3617,4815,6013,7291,8680,10147,1203,1191,1198,1198,1278,1389,1467
28139,"Rochefort, Nick A.",non-elite,1281,2538,3792,5064,6310,7605,8918,10251,1257,1254,1272,1246,1295,1313,1333
28140,"Rucker, Matthias",non-elite,1058,2187,3392,4644,5922,7295,8728,10184,1129,1205,1252,1278,1373,1433,1456
28141,"Jensen, Thomas F",non-elite,1206,2421,3653,4914,6192,7563,8946,10266,1215,1232,1261,1278,1371,1383,1320
28142,"Da Silva, Rodrigo Sr.",non-elite,1264,2532,3791,5050,6324,7639,8962,10274,1268,1259,1259,1274,1315,1323,1312
28143,"Isaak, Matt R",non-elite,1265,2527,3796,5088,6383,7691,9014,10302,1262,1269,1292,1295,1308,1323,1288
28144,"Wetz, Laura C.",non-elite,1214,2452,3690,4938,6199,7518,8884,10242,1238,1238,1248,1261,1319,1366,1358
28145,"Barnes, Sean P.",non-elite,1257,2502,3740,5010,6272,7554,8901,10252,1245,1238,1270,1262,1282,1347,1351
28146,"Crawford, Joseph R",non-elite,1227,2430,3647,4888,6152,7510,8909,10275,1203,1217,1241,1264,1358,1399,1366
28147,"Tateishi, Caitlyn Claire M.",non-elite,1290,2507,3741,4998,6258,7573,8941,10263,1217,1234,1257,1260,1315,1368,1322
28148,"Conway, Scott M",non-elite,1334,2649,3957,5249,6505,7796,9090,10309,1315,1308,1292,1256,1291,1294,1219
28149,"Guisinger, Katie N.",non-elite,1286,2570,3852,5159,6450,7765,9079,10308,1284,1282,1307,1291,1315,1314,1229
28150,"Hudyncia, Ryan J",non-elite,1291,2543,3781,5031,6282,7572,8921,10258,1252,1238,1250,1251,1290,1349,1337
28151,"Inhaber, Josh",non-elite,1139,2254,3410,4648,5938,7338,8760,10222,1115,1156,1238,1290,1400,1422,1462
28152,"Keenan, Joseph E",non-elite,1294,2577,3833,5087,6351,7639,8956,10274,1283,1256,1254,1264,1288,1317,1318
28153,"Moore, Jared",non-elite,1207,2395,3579,4783,6021,7444,8853,10266,1188,1184,1204,1238,1423,1409,1413
28154,"Carron, John B",non-elite,1212,2444,3702,4989,6282,7612,8959,10266,1232,1258,1287,1293,1330,1347,1307
28155,"Green, Amber",non-elite,1286,2570,3851,5159,6450,7765,9078,10307,1284,1281,1308,1291,1315,1313,1229
28156,"Wolf, Dane M.",non-elite,1122,2255,3430,4674,5980,7354,8814,10245,1133,1175,1244,1306,1374,1460,1431
28157,"Synan, Nicholas",non-elite,1054,2113,3191,4335,5529,6879,8391,10173,1059,1078,1144,1194,1350,1512,1782
28158,"High, Eric W",non-elite,1211,2424,3649,4895,6167,7472,8835,10264,1213,1225,1246,1272,1305,1363,1429
28159,"Larios, Geronimo A.",non-elite,1139,2273,3416,4626,5908,7268,8712,10215,1134,1143,1210,1282,1360,1444,1503
28160,"Arai, Tatsuya",non-elite,1266,2531,3778,5051,6320,7621,8929,10271,1265,1247,1273,1269,1301,1308,1342
28161,"Young, Michael",non-elite,1228,2434,3696,4951,6225,7541,8901,10263,1206,1262,1255,1274,1316,1360,1362
28162,"Smith, Karen",non-elite,1266,2534,3817,5094,6370,7681,9004,10298,1268,1283,1277,1276,1311,1323,1294
28163,"Swanson, Erik",non-elite,1274,2516,3745,4982,6226,7516,8831,10227,1242,1229,1237,1244,1290,1315,1396
28164,"Fierro Vargas, Paola A.",non-elite,1196,2394,3637,4919,6202,7536,8893,10249,1198,1243,1282,1283,1334,1357,1356
28165,"Tapajna, Stephen A",non-elite,1227,2483,3747,5022,6293,7603,8948,10272,1256,1264,1275,1271,1310,1345,1324
28166,"Geraghty, Timothy",non-elite,1242,2468,3695,4938,6192,7470,8841,10229,1226,1227,1243,1254,1278,1371,1388
28167,"Porto, Francisco O.",non-elite,1258,2518,3784,5060,6338,7642,8979,10274,1260,1266,1276,1278,1304,1337,1295
28168,"Hampton, Kaia",non-elite,1261,2501,3765,5100,6370,7671,8992,10300,1240,1264,1335,1270,1301,1321,1308
28169,"Neeper, Kathryn M",non-elite,1231,2483,3731,5015,6291,7619,8969,10268,1252,1248,1284,1276,1328,1350,1299
28170,"Smith, Scott M",non-elite,1272,2533,3800,5065,6314,7600,8919,10251,1261,1267,1265,1249,1286,1319,1332
28171,"Murphy, Kevin",non-elite,1235,2471,3702,4957,6234,7569,8919,10264,1236,1231,1255,1277,1335,1350,1345
28172,"Burnett, Jotham",non-elite,1146,2285,3433,4592,5767,7052,8494,10097,1139,1148,1159,1175,1285,1442,1603
28173,"Cooper, Sheldon M",non-elite,1248,2476,3736,5014,6309,7609,8938,10248,1228,1260,1278,1295,1300,1329,1310
28174,"Tarallo, Julie A.",non-elite,1185,2365,3576,4832,6104,7465,8856,10237,1180,1211,1256,1272,1361,1391,1381
28175,"Johnson, Mark A",non-elite,1310,2600,3896,5192,6476,7754,9031,10293,1290,1296,1296,1284,1278,1277,1262
28176,"Imhoff, Ethan",non-elite,1252,2507,3788,5074,6368,7678,9009,10302,1255,1281,1286,1294,1310,1331,1293
28177,"Bostrom, Arne P",non-elite,1236,2483,3730,4991,6257,7568,8919,10264,1247,1247,1261,1266,1311,1351,1345
28178,"Steffen, Amy",non-elite,1242,2487,3755,5047,6336,7665,8998,10286,1245,1268,1292,1289,1329,1333,1288
28179,"Burstrom, Carl-Johan",non-elite,1246,2467,3715,4966,6240,7544,8873,10220,1221,1248,1251,1274,1304,1329,1347
28180,"Park, Jonathan",non-elite,1199,2353,3523,4703,5986,7348,8831,10248,1154,1170,1180,1283,1362,1483,1417
28181,"Smith, Brian S",non-elite,1172,2361,3582,4837,6115,7454,8831,10242,1189,1221,1255,1278,1339,1377,1411
28182,"Elsner, Merlin",non-elite,1282,2568,3852,5145,6423,7709,9000,10278,1286,1284,1293,1278,1286,1291,1278
28183,"Kurshan, Eytan",non-elite,1258,2501,3747,5001,6256,7570,8946,10296,1243,1246,1254,1255,1314,1376,1350
28184,"Slepchenko, Alexander",non-elite,1251,2470,3702,4952,6227,7575,8949,10283,1219,1232,1250,1275,1348,1374,1334
28185,"Nicholson, J.",non-elite,1231,2493,3763,5049,6326,7684,9029,10306,1262,1270,1286,1277,1358,1345,1277
28186,"Benge, Carter C",non-elite,1188,2383,3559,4771,5989,7292,8737,10198,1195,1176,1212,1218,1303,1445,1461
28187,"Kayfes, Molly",non-elite,1284,2572,3860,5143,6416,7720,9040,10329,1288,1288,1283,1273,1304,1320,1289
28188,"Stumbras, Patrick",non-elite,1226,2471,3708,4958,6216,7516,8864,10236,1245,1237,1250,1258,1300,1348,1372
28189,"Tokgoz, Sadik",non-elite,1228,2459,3682,4927,6176,7496,8833,10202,1231,1223,1245,1249,1320,1337,1369
28190,"Tatum, Jeremiah",non-elite,1244,2512,3771,5043,6303,7600,8948,10255,1268,1259,1272,1260,1297,1348,1307
28191,"Williams, Eric J.",non-elite,1192,2387,3606,4852,6133,7480,8885,10300,1195,1219,1246,1281,1347,1405,1415
28192,"Bochaton, Philippe M",non-elite,1297,2582,3850,5129,6403,7714,9019,10297,1285,1268,1279,1274,1311,1305,1278
28193,"Barthelmes, George",non-elite,1235,2447,3661,4923,6210,7559,8934,10268,1212,1214,1262,1287,1349,1375,1334
28194,"Marsh, Sheldon M Sr.",non-elite,1250,2509,3776,5072,6343,7657,8974,10285,1259,1267,1296,1271,1314,1317,1311
28195,"Jensen, Casper H.",non-elite,1252,2496,3754,5071,6327,7625,8979,10298,1244,1258,1317,1256,1298,1354,1319
28196,"Fitzpatrick, Patrick",non-elite,1269,2538,3806,5080,6350,7659,8986,10293,1269,1268,1274,1270,1309,1327,1307
28197,"Kieta, Kristen A",non-elite,1216,2453,3695,4969,6250,7585,8949,10276,1237,1242,1274,1281,1335,1364,1327
28198,"Galvan, Anthony J",non-elite,1137,2271,3430,4684,5994,7441,8897,10280,1134,1159,1254,1310,1447,1456,1383
28199,"Lanza, Ian",non-elite,1292,2577,3858,5133,6404,7693,8986,10280,1285,1281,1275,1271,1289,1293,1294
28200,"Oliver, David E.",non-elite,1254,2529,3795,5065,6346,7649,8987,10299,1275,1266,1270,1281,1303,1338,1312
28201,"Wang, Don",non-elite,1271,2539,3802,5078,6360,7662,8992,10298,1268,1263,1276,1282,1302,1330,1306
28202,"Lopez, Eduardo L.",non-elite,1255,2528,3804,5087,6362,7702,9028,10298,1273,1276,1283,1275,1340,1326,1270
28204,"Hirano, Kakushin",non-elite,1181,2399,3606,4832,6076,7362,8714,10064,1218,1207,1226,1244,1286,1352,1350
28205,"Wai, Henry",non-elite,1229,2453,3701,4975,6256,7588,8915,10272,1224,1248,1274,1281,1332,1327,1357
28206,"Sansonetti, Danielle",non-elite,1216,2409,3618,4874,6156,7518,8895,10271,1193,1209,1256,1282,1362,1377,1376
28207,"Locandro, Will",non-elite,1298,2564,3822,5085,6341,7633,8947,10272,1266,1258,1263,1256,1292,1314,1325
28208,"Goldenberg, Michael I",non-elite,1067,2157,3309,4512,5743,7142,8752,10202,1090,1152,1203,1231,1399,1610,1450
28209,"McCormick, John L.",non-elite,1209,2424,3652,4905,6191,7528,8889,10261,1215,1228,1253,1286,1337,1361,1372
28210,"Vassallo, Katrina",non-elite,1218,2416,3628,4875,6142,7496,8900,10272,1198,1212,1247,1267,1354,1404,1372
28211,"Mccaleb, Graham P",non-elite,1146,2288,3435,4599,5935,7190,8588,10177,1142,1147,1164,1336,1255,1398,1589
28212,"Yip, Tung Hoi",non-elite,1119,2248,3406,4609,5812,7117,8591,10165,1129,1158,1203,1203,1305,1474,1574
28213,"Trnavsky, Robert P",non-elite,1300,2602,3888,5175,6445,7749,9054,10330,1302,1286,1287,1270,1304,1305,1276
28214,"Davies, Paul A.",non-elite,1303,2568,3779,5024,6269,7582,8923,10268,1265,1211,1245,1245,1313,1341,1345
28215,"Koranda, Jeff K",non-elite,1211,2421,3629,4855,6087,7406,8867,10278,1210,1208,1226,1232,1319,1461,1411
28216,"Shin, Soonchul",non-elite,1282,2559,3838,5123,6398,7706,9009,10300,1277,1279,1285,1275,1308,1303,1291
28217,"Tsui, Tsz Kin",non-elite,1180,2360,3580,4873,6194,7559,8954,10289,1180,1220,1293,1321,1365,1395,1335
28218,"Reinhardt, Richard M",non-elite,1258,2481,3707,4978,6269,7611,8973,10289,1223,1226,1271,1291,1342,1362,1316
28219,"Coyle, Emily",non-elite,1317,2612,3883,5166,6463,7762,9076,10351,1295,1271,1283,1297,1299,1314,1275
28220,"Rangel, Andy",non-elite,1151,2293,3468,4737,6066,7471,8886,10290,1142,1175,1269,1329,1405,1415,1404
28221,"Cummings, Brian D",non-elite,1271,2531,3804,5092,6368,7678,8986,10284,1260,1273,1288,1276,1310,1308,1298
28222,"Beristain, Gonzalo M.",non-elite,1235,2452,3679,4948,6278,7648,9024,10335,1217,1227,1269,1330,1370,1376,1311
28223,"Zelinger, Marshall",non-elite,1269,2533,3773,5022,6274,7552,8895,10271,1264,1240,1249,1252,1278,1343,1376
28224,"Wedlund, Ryan",non-elite,1259,2493,3735,4996,6269,7581,8938,10286,1234,1242,1261,1273,1312,1357,1348
28225,"Shore, Ian R.",non-elite,1192,2376,3564,4781,6031,7414,8932,10282,1184,1188,1217,1250,1383,1518,1350
28226,"Korner, Philipp",non-elite,1167,2366,3608,4896,6187,7529,8936,10286,1199,1242,1288,1291,1342,1407,1350
28227,"McNavage, John C.",non-elite,1217,2423,3663,4947,6234,7580,8966,10307,1206,1240,1284,1287,1346,1386,1341
28228,"Bruns, Rich",non-elite,1267,2523,3772,5032,6290,7590,8919,10244,1256,1249,1260,1258,1300,1329,1325
28229,"Leveto, Andy M.",non-elite,1232,2473,3727,4979,6217,7515,8870,10257,1241,1254,1252,1238,1298,1355,1387
28230,"Wilson, Corey",non-elite,1194,2396,3605,4832,6074,7384,8827,10255,1202,1209,1227,1242,1310,1443,1428
28231,"Keisling, John F. Jr.",non-elite,1266,2529,3803,5104,6396,7729,9071,10332,1263,1274,1301,1292,1333,1342,1261
28232,"Guo, Winston",non-elite,1288,2537,3785,5066,6345,7664,8990,10298,1249,1248,1281,1279,1319,1326,1308
28233,"Habte, Habtom",non-elite,1284,2561,3831,5118,6395,7720,9040,10316,1277,1270,1287,1277,1325,1320,1276
28234,"Bishop, Meghan",non-elite,1219,2430,3648,4881,6136,7474,8875,10274,1211,1218,1233,1255,1338,1401,1399
28235,"Dombi, Zach",non-elite,1227,2455,3714,4951,6183,7464,8830,10297,1228,1259,1237,1232,1281,1366,1467
28236,"Cook, Matt P.",non-elite,1191,2382,3596,4842,6126,7481,8873,10266,1191,1214,1246,1284,1355,1392,1393
28237,"Fischer, Paul",non-elite,1256,2518,3777,5058,6343,7655,8986,10306,1262,1259,1281,1285,1312,1331,1320
28238,"Pereira, Miguel",non-elite,1192,2408,3644,4883,6136,7455,8851,10255,1216,1236,1239,1253,1319,1396,1404
28239,"Korfhage, Mike A",non-elite,1267,2529,3807,5106,6395,7698,9029,10335,1262,1278,1299,1289,1303,1331,1306
28240,"Chin, Steve",non-elite,1258,2511,3765,5028,6298,7603,8959,10301,1253,1254,1263,1270,1305,1356,1342
28241,"Easthope, Kerry",non-elite,1248,2503,3773,5060,6341,7652,9002,10304,1255,1270,1287,1281,1311,1350,1302
28242,"Totten, Erik T",non-elite,1216,2450,3686,4958,6242,7559,8917,10280,1234,1236,1272,1284,1317,1358,1363
28243,"McGrane, Michael",non-elite,1223,2430,3625,4854,6083,7375,8781,10241,1207,1195,1229,1229,1292,1406,1460
28244,"Ditocco, Mike",non-elite,1220,2408,3612,4838,6085,7402,8788,10243,1188,1204,1226,1247,1317,1386,1455
28245,"Zhang, Yu",non-elite,1132,2279,3485,4781,6105,7493,8903,10288,1147,1206,1296,1324,1388,1410,1385
28246,"Yu, Michael",non-elite,1268,2539,3805,5078,6355,7661,8991,10290,1271,1266,1273,1277,1306,1330,1299
28247,"Nowik, Tammy L",non-elite,1239,2477,3719,4962,6221,7532,8914,10292,1238,1242,1243,1259,1311,1382,1378
28248,"Perez, Robert W",non-elite,1252,2480,3703,4913,6158,7449,8817,10241,1228,1223,1210,1245,1291,1368,1424
28249,"Faltynski, Bruce W",non-elite,1252,2481,3702,4894,6070,7313,8642,10180,1229,1221,1192,1176,1243,1329,1538
28250,"Fox, Alec",non-elite,1226,2431,3635,4859,6112,7445,8860,10284,1205,1204,1224,1253,1333,1415,1424
28251,"Lobb, Tyler",non-elite,1245,2522,3824,5109,6389,7717,9047,10328,1277,1302,1285,1280,1328,1330,1281
28252,"Kozusnik, David J.",non-elite,1235,2485,3742,5014,6284,7595,8944,10294,1250,1257,1272,1270,1311,1349,1350
28253,"Pett, Carl R",non-elite,1269,2523,3790,5065,6341,7660,8993,10292,1254,1267,1275,1276,1319,1333,1299
28254,"Slocum, Matthew",non-elite,1130,2266,3404,4546,5707,7069,8427,9924,1136,1138,1142,1161,1362,1358,1497
28255,"Haydel, Christian W",non-elite,1239,2459,3673,4900,6128,7446,8857,10272,1220,1214,1227,1228,1318,1411,1415
28256,"Steinbacher, Dani",non-elite,1239,2455,3696,4969,6273,7609,8987,10306,1216,1241,1273,1304,1336,1378,1319
28257,"Basen, Michael E",non-elite,1263,2530,3788,5055,6331,7648,8977,10320,1267,1258,1267,1276,1317,1329,1343
28258,"Camps, Vincent",non-elite,1229,2455,3702,4973,6264,7594,8956,10309,1226,1247,1271,1291,1330,1362,1353
28259,"Isfan, Warren",non-elite,1274,2546,3811,5090,6377,7677,9002,10307,1272,1265,1279,1287,1300,1325,1305
28260,"Chang, Clifford S",non-elite,1269,2493,3729,5074,6310,7627,8971,10315,1224,1236,1345,1236,1317,1344,1344
28261,"Nicholson, Andrew S.",non-elite,1250,2465,3692,4946,6221,7493,8815,10253,1215,1227,1254,1275,1272,1322,1438
28262,"Egan, Alison",non-elite,1269,2534,3800,5094,6379,7692,9024,10340,1265,1266,1294,1285,1313,1332,1316
28263,"Narcisi, Michael J.",non-elite,1192,2402,3643,4913,6196,7541,8918,10269,1210,1241,1270,1283,1345,1377,1351
28264,"Li, Anna",non-elite,1324,2625,3911,5209,6476,7761,9072,10344,1301,1286,1298,1267,1285,1311,1272
28265,"Dolan, Ryan T",non-elite,1265,2499,3749,5024,6316,7638,8979,10296,1234,1250,1275,1292,1322,1341,1317
28266,"Walsh, Anthony",non-elite,1108,2289,3574,4847,6166,7533,8905,10326,1181,1285,1273,1319,1367,1372,1421
28267,"Kulway, James J Jr.",non-elite,1330,2653,3962,5276,6582,7895,9142,10355,1323,1309,1314,1306,1313,1247,1213
28268,"Gilbert, John R",non-elite,1122,2250,3387,4559,5771,7151,8651,10219,1128,1137,1172,1212,1380,1500,1568
28269,"Dunlap, Matthew",non-elite,1106,2217,3362,4561,5822,7188,8647,10164,1111,1145,1199,1261,1366,1459,1517
28270,"Proulx, Alexandre",non-elite,1237,2507,3789,5076,6380,7715,9060,10366,1270,1282,1287,1304,1335,1345,1306
28271,"Fioresi, Stefano",non-elite,1224,2431,3661,4910,6173,7485,8857,10241,1207,1230,1249,1263,1312,1372,1384
28272,"Lewis, Burke S",non-elite,1234,2437,3645,4879,6132,7463,8850,10275,1203,1208,1234,1253,1331,1387,1425
28273,"Laffey, Sean",non-elite,1216,2419,3639,4911,6228,7648,9026,10350,1203,1220,1272,1317,1420,1378,1324
28274,"Johnston, Joshua J",non-elite,1250,2473,3698,4930,6182,7493,8863,10278,1223,1225,1232,1252,1311,1370,1415
28275,"Kavanagh, Michael",non-elite,1291,2576,3871,5159,6445,7763,9050,10340,1285,1295,1288,1286,1318,1287,1290
28276,"Peffall, Christopher",non-elite,1254,2513,3784,5055,6323,7630,8972,10299,1259,1271,1271,1268,1307,1342,1327
28277,"Gonzalez, Daniel",non-elite,1255,2505,3749,4998,6256,7552,8920,10284,1250,1244,1249,1258,1296,1368,1364
28278,"Newville, David L.",non-elite,1250,2491,3742,5004,6276,7574,8942,10351,1241,1251,1262,1272,1298,1368,1409
28279,"Dionne, Paul",non-elite,1318,2644,3956,5278,6593,7910,9174,10369,1326,1312,1322,1315,1317,1264,1195
28280,"Wissmiller, Kyle",non-elite,1231,2448,3694,4962,6246,7579,8944,10302,1217,1246,1268,1284,1333,1365,1358
28281,"Rudd, Kirstin",non-elite,1287,2571,3855,5179,6475,7752,9058,10331,1284,1284,1324,1296,1277,1306,1273
28282,"Miller, Daniel",non-elite,1201,2392,3596,4822,6162,7552,8947,10311,1191,1204,1226,1340,1390,1395,1364
28283,"Lopez Martinez, Pedro Sr.",non-elite,1230,2449,3660,4882,6130,7451,8851,10239,1219,1211,1222,1248,1321,1400,1388
28284,"Alexander, Jake",non-elite,1317,2614,3877,5152,6430,7728,9035,10353,1297,1263,1275,1278,1298,1307,1318
28285,"Berruel, Xavier",non-elite,1250,2521,3790,5089,6395,7730,9078,10370,1271,1269,1299,1306,1335,1348,1292
28286,"Lautzenheiser, Leia J.",non-elite,1288,2580,3854,5136,6405,7702,8997,10302,1292,1274,1282,1269,1297,1295,1305
28287,"Mills, Kirby W",non-elite,1242,2486,3720,4965,6215,7483,8801,10233,1244,1234,1245,1250,1268,1318,1432
28288,"Boydston, Robert",non-elite,1269,2532,3786,5059,6343,7659,8999,10321,1263,1254,1273,1284,1316,1340,1322
28289,"Fan, Alexander",non-elite,1227,2475,3730,5013,6299,7631,8997,10331,1248,1255,1283,1286,1332,1366,1334
28290,"Coulter, Jeffrey D.",non-elite,1259,2511,3759,5034,6298,7595,8935,10301,1252,1248,1275,1264,1297,1340,1366
28291,"Root, Thomas",non-elite,1118,2224,3355,4552,5814,7176,8616,10234,1106,1131,1197,1262,1362,1440,1618
28292,"Mcdonnell, Brian",non-elite,1246,2469,3700,4925,6144,7449,8838,10262,1223,1231,1225,1219,1305,1389,1424
28293,"Boersma, Aaron M",non-elite,1297,2592,3847,5099,6353,7618,8922,10325,1295,1255,1252,1254,1265,1304,1403
28294,"Musal, Rasim M",non-elite,1231,2463,3720,5010,6314,7674,9011,10326,1232,1257,1290,1304,1360,1337,1315
28295,"Vail, Jason",non-elite,1244,2492,3742,5011,6290,7612,8978,10301,1248,1250,1269,1279,1322,1366,1323
28296,"Lynch, Damien P.",non-elite,1259,2499,3738,4994,6260,7576,8937,10289,1240,1239,1256,1266,1316,1361,1352
28297,"Beggrow, Anthony D",non-elite,1275,2551,3805,5082,6347,7651,8990,10323,1276,1254,1277,1265,1304,1339,1333
28298,"Foster, Gregory T",non-elite,1186,2373,3576,4824,6093,7437,8862,10266,1187,1203,1248,1269,1344,1425,1404
28299,"Churchill, Nicholas P",non-elite,1228,2459,3717,4997,6282,7605,8942,10311,1231,1258,1280,1285,1323,1337,1369
28300,"Schlenker, Jeffrey S",non-elite,1218,2440,3694,4966,6246,7579,8955,10310,1222,1254,1272,1280,1333,1376,1355
28301,"Cousin, Jérémie",non-elite,1253,2491,3746,5008,6279,7604,8972,10322,1238,1255,1262,1271,1325,1368,1350
28302,"Desmond, Michael J.",non-elite,1244,2480,3713,4960,6208,7522,8874,10248,1236,1233,1247,1248,1314,1352,1374
28303,"Corona, Luis",non-elite,1282,2537,3789,5058,6319,7640,8966,10307,1255,1252,1269,1261,1321,1326,1341
28304,"Rojas, Astro E. Sr.",non-elite,1190,2382,3577,4804,6066,7449,8833,10285,1192,1195,1227,1262,1383,1384,1452
28305,"Richard, Christopher J",non-elite,1297,2574,3889,5203,6475,7775,9085,10361,1277,1315,1314,1272,1300,1310,1276
28306,"Sawyer, Zachary K.",non-elite,1320,2617,3898,5194,6474,7748,9044,10336,1297,1281,1296,1280,1274,1296,1292
28307,"Guthals, Nathaniel",non-elite,1108,2230,3365,4517,5685,7009,8495,10280,1122,1135,1152,1168,1324,1486,1785
28308,"Sheahan, Samuel R",non-elite,1261,2506,3761,5020,6288,7596,8948,10284,1245,1255,1259,1268,1308,1352,1336
28309,"Groholy, Michael R",non-elite,1168,2346,3563,4837,6154,7500,8922,10297,1178,1217,1274,1317,1346,1422,1375
28310,"Liu, Zhenyu",non-elite,1165,2383,3622,4875,6150,7484,8902,10313,1218,1239,1253,1275,1334,1418,1411
28311,"Oswalt, Bradley R",non-elite,1285,2557,3824,5097,6362,7662,9009,10342,1272,1267,1273,1265,1300,1347,1333
28312,"Campbell, Jonathon M",non-elite,1134,2255,3397,4618,5915,7288,8846,10307,1121,1142,1221,1297,1373,1558,1461
28313,"Falk, Frida",non-elite,1231,2479,3726,5001,6266,7593,8949,10307,1248,1247,1275,1265,1327,1356,1358
28314,"Jones, Kenneth B",non-elite,1190,2390,3603,4891,6210,7566,8961,10334,1200,1213,1288,1319,1356,1395,1373
28315,"Dreher, Jamie",non-elite,1282,2554,3838,5119,6394,7734,9070,10353,1272,1284,1281,1275,1340,1336,1283
28316,"Mcconville, David",non-elite,1113,2214,3326,4644,5925,7406,8925,10320,1101,1112,1318,1281,1481,1519,1395
28317,"Dallner, Olof S.",non-elite,1202,2400,3608,4850,6157,7540,8953,10303,1198,1208,1242,1307,1383,1413,1350
28318,"Guy, Noel K.",non-elite,1231,2457,3700,4970,6254,7621,9013,10381,1226,1243,1270,1284,1367,1392,1368
28319,"Otsuka, Takuo",non-elite,1153,2280,3442,4642,5864,7160,8580,10220,1127,1162,1200,1222,1296,1420,1640
28320,"Martino, Phillip",non-elite,1208,2419,3649,4916,6195,7530,8937,10313,1211,1230,1267,1279,1335,1407,1376
28321,"Heerensperger, Mark E",non-elite,1325,2624,3920,5237,6518,7815,9108,10361,1299,1296,1317,1281,1297,1293,1253
28322,"Brink, Michael F",non-elite,1273,2558,3833,5131,6435,7763,9092,10362,1285,1275,1298,1304,1328,1329,1270
28323,"Mickel, Drew W",non-elite,1268,2534,3833,5169,6442,7738,9057,10368,1266,1299,1336,1273,1296,1319,1311
28324,"Bonn, Kristian G",non-elite,1280,2552,3830,5109,6373,7680,9011,10310,1272,1278,1279,1264,1307,1331,1299
28325,"Meijer, John P",non-elite,1289,2585,3864,5153,6428,7731,9056,10358,1296,1279,1289,1275,1303,1325,1302
28326,"Sundown, Stephen",non-elite,1256,2549,3841,5122,6398,7727,9062,10353,1293,1292,1281,1276,1329,1335,1291
28327,"Petazzoni, Maxime",non-elite,1249,2499,3752,5018,6293,7632,8983,10350,1250,1253,1266,1275,1339,1351,1367
28328,"Galenieks, Andrejs",non-elite,1195,2393,3597,4828,6083,7408,8786,10283,1198,1204,1231,1255,1325,1378,1497
28329,"Yantsides, Theodore Jr.",non-elite,1261,2502,3760,5030,6326,7637,8959,10319,1241,1258,1270,1296,1311,1322,1360
28330,"Lanza, Kevin L",non-elite,1151,2340,3561,4814,6090,7432,9024,10347,1189,1221,1253,1276,1342,1592,1323
28331,"Inniger, Nicholas P",non-elite,1240,2474,3715,4982,6272,7600,8949,10314,1234,1241,1267,1290,1328,1349,1365
28332,"Jeftich, Niko",non-elite,1028,2065,3131,4996,6380,7807,9095,10326,1037,1066,1865,1384,1427,1288,1231
28333,"Borris, Robert",non-elite,1240,2479,3714,4956,6229,7599,8999,10348,1239,1235,1242,1273,1370,1400,1349
28334,"Wallis, Jonathan T",non-elite,1220,2455,3696,4952,6194,7489,8876,10241,1235,1241,1256,1242,1295,1387,1365
28335,"Hein, David",non-elite,1255,2484,3701,4958,6246,7590,8930,10314,1229,1217,1257,1288,1344,1340,1384
28336,"Hellen, Ryan J",non-elite,1268,2517,3764,5026,6299,7622,8974,10332,1249,1247,1262,1273,1323,1352,1358
28337,"Zarzecki, Adrian",non-elite,1252,2466,3685,4924,6200,7555,8933,10318,1214,1219,1239,1276,1355,1378,1385
28338,"Price, Katherine W",non-elite,1256,2485,3730,4991,6243,7547,8903,10307,1229,1245,1261,1252,1304,1356,1404
28339,"Del Rio Castelan, Carlos Sr.",non-elite,1252,2493,3711,4942,6183,7481,8831,10278,1241,1218,1231,1241,1298,1350,1447
28340,"Adcock, Brady",non-elite,1078,2192,3340,4559,5844,7269,8783,10288,1114,1148,1219,1285,1425,1514,1505
28341,"Morales Crispin, Julio Cesar Sr.",non-elite,1302,2607,3913,5228,6532,7856,9146,10381,1305,1306,1315,1304,1324,1290,1235
28342,"Franco, Froylan",non-elite,1259,2480,3711,4982,6265,7606,8997,10350,1221,1231,1271,1283,1341,1391,1353
28343,"Reverdiau, Greg",non-elite,1228,2448,3664,4889,6119,7433,8846,10258,1220,1216,1225,1230,1314,1413,1412
28344,"Loureiro, Jose",non-elite,1258,2508,3774,5066,6367,7698,9045,10352,1250,1266,1292,1301,1331,1347,1307
28345,"Calvert, Dave",non-elite,1236,2477,3714,4967,6228,7559,9047,10351,1241,1237,1253,1261,1331,1488,1304
28346,"Mccall, Jonathan C. Jr.",non-elite,1259,2520,3783,5052,6330,7652,9009,10346,1261,1263,1269,1278,1322,1357,1337
28347,"Spry, Jeremy",non-elite,1232,2489,3750,5025,6313,7653,9014,10363,1257,1261,1275,1288,1340,1361,1349
28348,"Lee, Sean H.",non-elite,1214,2422,3650,4893,6153,7486,8926,10325,1208,1228,1243,1260,1333,1440,1399
28349,"Harms, Ryan J",non-elite,1240,2477,3734,5019,6320,7643,9002,10352,1237,1257,1285,1301,1323,1359,1350
28350,"Montross, Christopher E",non-elite,1333,2646,3908,5180,6422,7705,9039,10339,1313,1262,1272,1242,1283,1334,1300
28351,"Miller, Leslie S",non-elite,1229,2453,3678,4945,6222,7558,8947,10333,1224,1225,1267,1277,1336,1389,1386
28352,"Ricevuto, Anthony",non-elite,1244,2464,3677,4915,6162,7483,8890,10313,1220,1213,1238,1247,1321,1407,1423
28353,"Wilson, Douglas A",non-elite,1183,2353,3535,4743,5972,7292,8660,10091,1170,1182,1208,1229,1320,1368,1431
28354,"Szczesny, Slawomir",non-elite,1249,2496,3739,4999,6258,7584,8939,10300,1247,1243,1260,1259,1326,1355,1361
28355,"Blois, Michael",non-elite,1215,2452,3710,4995,6296,7636,8982,10334,1237,1258,1285,1301,1340,1346,1352
28356,"Espitia Espinosa, Andres Mauricio",non-elite,1238,2475,3719,4976,6245,7557,8906,10286,1237,1244,1257,1269,1312,1349,1380
28357,"Rapoport, Benjamin I.",non-elite,1237,2489,3761,5068,6356,7688,9074,10390,1252,1272,1307,1288,1332,1386,1316
28358,"Ross, Ken N",non-elite,1303,2566,3822,5105,6379,7689,9074,10384,1263,1256,1283,1274,1310,1385,1310
28359,"Boden, Jeffrey",non-elite,1228,2458,3672,4913,6168,7476,8869,10272,1230,1214,1241,1255,1308,1393,1403
28360,"Tinnell, Jordan W",non-elite,1234,2466,3706,4994,6285,7616,8993,10342,1232,1240,1288,1291,1331,1377,1349
28362,"Kurz, Nathan",non-elite,1218,2450,3689,4958,6240,7588,8956,10331,1232,1239,1269,1282,1348,1368,1375
28363,"Husak, Tyler",non-elite,1235,2453,3665,4914,6201,7570,8950,10358,1218,1212,1249,1287,1369,1380,1408
28364,"Chu, Jonathan",non-elite,1306,2562,3822,5093,6326,7623,8953,10327,1256,1260,1271,1233,1297,1330,1374
28365,"Brown, Morgan",non-elite,1261,2500,3718,4966,6221,7503,8881,10320,1239,1218,1248,1255,1282,1378,1439
28366,"Gostomski, John F.",non-elite,1248,2492,3736,4998,6258,7568,8911,10351,1244,1244,1262,1260,1310,1343,1440
28367,"Broecker, Eric H",non-elite,1322,2615,3919,5220,6510,7843,9123,10380,1293,1304,1301,1290,1333,1280,1257
28368,"Rote, Aaron",non-elite,1253,2508,3748,5028,6318,7646,8988,10354,1255,1240,1280,1290,1328,1342,1366
28369,"Pittaway, Elizabeth",non-elite,1195,2390,3613,4877,6184,7548,8948,10355,1195,1223,1264,1307,1364,1400,1407
28370,"Schaar, Matthew S",non-elite,1283,2537,3783,5047,6332,7666,9018,10356,1254,1246,1264,1285,1334,1352,1338
28371,"Steele, Alison",non-elite,1301,2585,3852,5134,6415,7726,9056,10360,1284,1267,1282,1281,1311,1330,1304
28372,"Pedersen, Frans Flensbak",non-elite,1250,2494,3747,5069,6325,7623,8978,10313,1244,1253,1322,1256,1298,1355,1335
28373,"Flynn, Bryan R",non-elite,1289,2568,3851,5144,6416,7716,9038,10366,1279,1283,1293,1272,1300,1322,1328
28374,"Huyser-Wierenga, Abigail R.",non-elite,1261,2515,3776,5080,6377,7720,9073,10375,1254,1261,1304,1297,1343,1353,1302
28375,"Colin, Nico",non-elite,1254,2500,3745,4992,6251,7558,8984,10385,1246,1245,1247,1259,1307,1426,1401
28376,"Warner, Nathan J",non-elite,1294,2552,3819,5112,6414,7780,9088,10380,1258,1267,1293,1302,1366,1308,1292
28377,"Cleary, James M.",non-elite,1260,2540,3800,5074,6363,7680,9024,10357,1280,1260,1274,1289,1317,1344,1333
28378,"Cherewatti, Jack",non-elite,1229,2468,3714,4959,6206,7502,8873,10306,1239,1246,1245,1247,1296,1371,1433
28379,"Waslen, Kathryn",non-elite,1236,2499,3763,5043,6372,7713,9077,10391,1263,1264,1280,1329,1341,1364,1314
28380,"Laviana, Aaron A",non-elite,1198,2415,3658,4932,6218,7561,8956,10343,1217,1243,1274,1286,1343,1395,1387
28382,"Lopez Olmeda, Toni",non-elite,1285,2558,3832,5122,6418,7751,9095,10390,1273,1274,1290,1296,1333,1344,1295
28383,"Wheeler, William E",non-elite,1256,2522,3795,5063,6331,7631,8962,10308,1266,1273,1268,1268,1300,1331,1346
28384,"Riley, Mikey G",non-elite,1256,2473,3679,4916,6163,7489,8926,10305,1217,1206,1237,1247,1326,1437,1379
28385,"Derosa, Christopher A",non-elite,1144,2272,3427,4701,6052,7489,8921,10359,1128,1155,1274,1351,1437,1432,1438
28386,"Drumm, Ronald P.",non-elite,1250,2508,3772,5047,6311,7612,8960,10318,1258,1264,1275,1264,1301,1348,1358
28387,"Betournay, Brian",non-elite,1189,2382,3600,4868,6166,7565,8959,10342,1193,1218,1268,1298,1399,1394,1383
28388,"Wardell, Peter J V",non-elite,1219,2438,3686,4952,6245,7585,8974,10331,1219,1248,1266,1293,1340,1389,1357
28389,"Cummings, Clint",non-elite,1271,2497,3717,4957,6211,7538,8882,10304,1226,1220,1240,1254,1327,1344,1422
28390,"Martin, Jean-Luc",non-elite,1223,2458,3692,4967,6243,7588,8984,10353,1235,1234,1275,1276,1345,1396,1369
28391,"Hintz, Kadon K",non-elite,1281,2554,3809,5089,6355,7676,9023,10368,1273,1255,1280,1266,1321,1347,1345
28392,"Ortega, Camerino C. Sr.",non-elite,1190,2371,3574,4812,6075,7404,8830,10306,1181,1203,1238,1263,1329,1426,1476
28393,"Beebe, Angie",non-elite,1216,2441,3690,4982,6281,7612,8998,10349,1225,1249,1292,1299,1331,1386,1351
28394,"Litsas, Stephen A",non-elite,1108,2239,3430,4672,5958,7391,8878,10333,1131,1191,1242,1286,1433,1487,1455
28395,"Stanger, Dylan E",non-elite,1247,2515,3810,5100,6377,7698,9042,10370,1268,1295,1290,1277,1321,1344,1328
28396,"Hunsucker, Matthew J",non-elite,1239,2498,3732,4984,6253,7575,8942,10320,1259,1234,1252,1269,1322,1367,1378
28397,"Stianchi, Robert J",non-elite,1274,2549,3845,5143,6433,7753,9086,10399,1275,1296,1298,1290,1320,1333,1313
28398,"Fryer, Tim J.",non-elite,1296,2578,3863,5143,6405,7697,9016,10351,1282,1285,1280,1262,1292,1319,1335
28399,"Schiminski, Darren",non-elite,1270,2548,3815,5103,6385,7724,9051,10354,1278,1267,1288,1282,1339,1327,1303
28400,"Davis, Morgan P.",non-elite,1247,2448,3655,4878,6096,7396,8783,10288,1201,1207,1223,1218,1300,1387,1505
28401,"Ross, Jerome",non-elite,1300,2594,3870,5166,6435,7709,9026,10360,1294,1276,1296,1269,1274,1317,1334
28402,"Lynch, Kyle",non-elite,1213,2424,3644,4906,6184,7515,8931,10361,1211,1220,1262,1278,1331,1416,1430
28403,"Dangler, James R.",non-elite,1292,2571,3844,5136,6447,7783,9112,10406,1279,1273,1292,1311,1336,1329,1294
28404,"Wilkins, Andrew",non-elite,1311,2580,3847,5113,6376,7667,8975,10321,1269,1267,1266,1263,1291,1308,1346
28405,"Mcguire, Kevin T.",non-elite,1241,2485,3728,4988,6287,7622,8981,10374,1244,1243,1260,1299,1335,1359,1393
28406,"Lee, Jason",non-elite,1111,2239,3382,4548,5731,7007,8624,10280,1128,1143,1166,1183,1276,1617,1656
28407,"Ciccone, John N",non-elite,1264,2537,3789,5046,6303,7610,8958,10343,1273,1252,1257,1257,1307,1348,1385
28408,"Longbottom, Matthew J",non-elite,1240,2498,3763,5040,6324,7649,8996,10355,1258,1265,1277,1284,1325,1347,1359
28409,"Boevers, Brent",non-elite,1245,2521,3789,5077,6377,7731,9097,10424,1276,1268,1288,1300,1354,1366,1327
28410,"Pulli, Michael",non-elite,1212,2426,3643,4875,6134,7479,8878,10319,1214,1217,1232,1259,1345,1399,1441
28411,"Salminen, Matthew R.",non-elite,1117,2269,3438,4642,5911,7384,8933,10350,1152,1169,1204,1269,1473,1549,1417
28412,"Skilling, Richard A",non-elite,1136,2282,3447,4639,5841,7139,8539,10137,1146,1165,1192,1202,1298,1400,1598
28413,"Chen, Xuedong",non-elite,1235,2502,3772,5077,6393,7728,9084,10403,1267,1270,1305,1316,1335,1356,1319
28414,"Tydlaska, Shawn",non-elite,1270,2552,3819,5101,6393,7704,9022,10370,1282,1267,1282,1292,1311,1318,1348
28415,"Berardi, Steve",non-elite,1289,2573,3855,5149,6453,7765,9114,10425,1284,1282,1294,1304,1312,1349,1311
28416,"Catoline, John",non-elite,1244,2524,3794,5069,6338,7643,8990,10347,1280,1270,1275,1269,1305,1347,1357
28417,"Farb, Peter M",non-elite,1178,2372,3576,4838,6232,7592,8941,10354,1194,1204,1262,1394,1360,1349,1413
28418,"Catbagan, Jay C",non-elite,1242,2472,3702,4972,6245,7575,8959,10316,1230,1230,1270,1273,1330,1384,1357
28419,"Van Zante, Beau",non-elite,1258,2509,3764,5036,6304,7620,8982,10356,1251,1255,1272,1268,1316,1362,1374
28420,"Hagedorn, Philip A.",non-elite,1194,2370,3563,4760,6017,7344,8811,10321,1176,1193,1197,1257,1327,1467,1510
28421,"Senior, Seth",non-elite,1201,2393,3571,4785,6036,7390,8906,10366,1192,1178,1214,1251,1354,1516,1460
28422,"Murphy, Eoin",non-elite,1209,2437,3672,4935,6251,7614,9002,10366,1228,1235,1263,1316,1363,1388,1364
28423,"Jackman, Robert",non-elite,1156,2314,3491,4744,6065,7459,8866,10363,1158,1177,1253,1321,1394,1407,1497
28424,"Seto, Arnold H",non-elite,1248,2479,3713,4961,6208,7521,8915,10318,1231,1234,1248,1247,1313,1394,1403
28425,"Cavanaugh, Chris",non-elite,1311,2602,3877,5159,6430,7731,9070,10397,1291,1275,1282,1271,1301,1339,1327
28426,"Kronback, Eric",non-elite,1266,2524,3794,5077,6344,7654,8985,10353,1258,1270,1283,1267,1310,1331,1368
28427,"Kipchirchir, Samson",non-elite,1184,2381,3590,4856,6120,7451,8844,10301,1197,1209,1266,1264,1331,1393,1457
28428,"Samuel, Leonard",non-elite,1274,2539,3804,5089,6361,7682,9023,10353,1265,1265,1285,1272,1321,1341,1330
28429,"Stark, Thomas",non-elite,1311,2608,3882,5165,6432,7726,9065,10419,1297,1274,1283,1267,1294,1339,1354
28430,"Herman, Mark B",non-elite,1185,2368,3587,4842,6175,7561,8975,10378,1183,1219,1255,1333,1386,1414,1403
28431,"Wernevi, Erik",non-elite,1331,2609,3865,5137,6387,7680,8997,10351,1278,1256,1272,1250,1293,1317,1354
28432,"Thompson, Steve",non-elite,1257,2501,3750,4992,6239,7603,9029,10413,1244,1249,1242,1247,1364,1426,1384
28433,"Vanlandingham, Andrew J",non-elite,1286,2553,3829,5117,6403,7722,9066,10401,1267,1276,1288,1286,1319,1344,1335
28434,"Donbavand, James J",non-elite,1307,2588,3846,5114,6402,7768,9105,10388,1281,1258,1268,1288,1366,1337,1283
28435,"Batyko, Michael",non-elite,1253,2513,3776,5063,6371,7719,9073,10408,1260,1263,1287,1308,1348,1354,1335
28436,"Miller, Freddie",non-elite,1279,2528,3786,5035,6263,7514,8846,10294,1249,1258,1249,1228,1251,1332,1448
28437,"Meissner, Sean",non-elite,1178,2391,3611,4850,6110,7414,8773,10351,1213,1220,1239,1260,1304,1359,1578
28438,"McNeil, Mike W.",non-elite,1245,2485,3738,5014,6304,7629,9012,10374,1240,1253,1276,1290,1325,1383,1362
28439,"Stotz, Michael A.",non-elite,1286,2558,3842,5130,6420,7731,9063,10378,1272,1284,1288,1290,1311,1332,1315
28440,"Gauthier, David",non-elite,1323,2630,3924,5232,6540,7881,9200,10445,1307,1294,1308,1308,1341,1319,1245
28441,"West, Christopher R",non-elite,1214,2433,3679,4945,6210,7529,8909,10324,1219,1246,1266,1265,1319,1380,1415
28442,"Bartlema, Tjerk A.",non-elite,1161,2347,3551,4801,6075,7425,8911,10327,1186,1204,1250,1274,1350,1486,1416
28443,"Ritchie, James M",non-elite,1284,2546,3786,5066,6338,7641,8989,10372,1262,1240,1280,1272,1303,1348,1383
28444,"Johnson, Derek M",non-elite,1212,2427,3646,4891,6162,7503,8906,10358,1215,1219,1245,1271,1341,1403,1452
28445,"Parfitt, Wayne M",non-elite,1240,2506,3772,5059,6349,7690,9078,10405,1266,1266,1287,1290,1341,1388,1327
28446,"Ofsevit, Ari",non-elite,1224,2451,3696,4953,6226,7547,8923,10296,1227,1245,1257,1273,1321,1376,1373
28447,"Stinson, Jeffrey L",non-elite,1277,2550,3818,5102,6370,7654,8966,10339,1273,1268,1284,1268,1284,1312,1373
28448,"Darrah, Brandon M",non-elite,1246,2472,3670,4888,6150,7500,8907,10346,1226,1198,1218,1262,1350,1407,1439
28449,"Blouin, Nate",non-elite,1259,2476,3687,4936,6249,7592,8834,10307,1217,1211,1249,1313,1343,1242,1473
28450,"Holmes, Geoffrey S.",non-elite,1334,2662,3938,5243,6515,7775,9098,10417,1328,1276,1305,1272,1260,1323,1319
28451,"Waters, Brooke S",non-elite,1280,2529,3778,5065,6338,7669,9068,10410,1249,1249,1287,1273,1331,1399,1342
28452,"Campbell, Ian",non-elite,1203,2380,3566,4777,6011,7316,8681,10315,1177,1186,1211,1234,1305,1365,1634
28453,"Uchiki, Tomoaki",non-elite,1167,2328,3501,4695,5896,7147,8568,10222,1161,1173,1194,1201,1251,1421,1654
28454,"Killian, Martin",non-elite,1216,2414,3605,4802,6000,7264,8635,10278,1198,1191,1197,1198,1264,1371,1643
28455,"Fitzgerald, Karl M.",non-elite,1238,2463,3696,4955,6257,7629,9029,10377,1225,1233,1259,1302,1372,1400,1348
28456,"Mascarenas, Kristina M",non-elite,1316,2622,3917,5209,6508,7831,9167,10434,1306,1295,1292,1299,1323,1336,1267
28457,"Lewis, Timothy J",non-elite,1296,2571,3852,5159,6451,7789,9135,10434,1275,1281,1307,1292,1338,1346,1299
28458,"Siska, Dylan J",non-elite,1261,2490,3721,4961,6206,7537,8937,10351,1229,1231,1240,1245,1331,1400,1414
28459,"Lyons, George J.",non-elite,1238,2479,3731,4974,6252,7614,9003,10381,1241,1252,1243,1278,1362,1389,1378
28460,"Guyer, Walt",non-elite,1149,2298,3496,4778,6099,7477,8931,10379,1149,1198,1282,1321,1378,1454,1448
28461,"Nagai, Daisuke",non-elite,1273,2519,3779,5054,6325,7635,9001,10376,1246,1260,1275,1271,1310,1366,1375
28462,"Wachter, Ansel",non-elite,1151,2295,3448,4681,5963,7478,8946,10415,1144,1153,1233,1282,1515,1468,1469
28463,"Crevasse, Brian",non-elite,1271,2536,3806,5081,6365,7680,9036,10401,1265,1270,1275,1284,1315,1356,1365
28464,"Fortier, Louis",non-elite,1241,2473,3694,4924,6160,7443,8834,10318,1232,1221,1230,1236,1283,1391,1484
28465,"Arias, Manuel",non-elite,1271,2551,3840,5149,6465,7799,9131,10428,1280,1289,1309,1316,1334,1332,1297
28466,"Alderfer, Hannah E",non-elite,1306,2602,3891,5184,6461,7753,9088,10427,1296,1289,1293,1277,1292,1335,1339
28467,"Larson, Scott W",non-elite,1291,2586,3875,5181,6483,7803,9127,10444,1295,1289,1306,1302,1320,1324,1317
28468,"Hajji, Yahia",non-elite,1249,2514,3767,5033,6303,7617,8979,10345,1265,1253,1266,1270,1314,1362,1366
28469,"Mcglone, Brian P",non-elite,1234,2494,3759,5049,6353,7688,9066,10425,1260,1265,1290,1304,1335,1378,1359
28470,"Wrenn, Bean K.",non-elite,1178,2396,3613,4860,6136,7523,8990,10429,1218,1217,1247,1276,1387,1467,1439
28471,"Tsao, Douglas D",non-elite,1244,2488,3732,4988,6247,7555,8911,10298,1244,1244,1256,1259,1308,1356,1387
28472,"Roberts, Dion",non-elite,1324,2635,3936,5233,6532,7845,9148,10434,1311,1301,1297,1299,1313,1303,1286
28473,"Erickson, Bjorn E",non-elite,1262,2549,3818,5116,6404,7746,9093,10426,1287,1269,1298,1288,1342,1347,1333
28474,"Hodges, Andrew J",non-elite,1197,2385,3610,4920,6204,7591,8972,10350,1188,1225,1310,1284,1387,1381,1378
28475,"Tousignant, Emmanuel",non-elite,1250,2503,3771,5053,6349,7688,9047,10405,1253,1268,1282,1296,1339,1359,1358
28476,"Cavatorta, Jason",non-elite,1202,2384,3602,4853,6105,7415,8808,10339,1182,1218,1251,1252,1310,1393,1531
28477,"Blanco, Chris M.",non-elite,1129,2276,3457,4702,5962,7367,8911,10386,1147,1181,1245,1260,1405,1544,1475
28478,"Sim, Casey",non-elite,1226,2454,3696,4978,6280,7635,8999,10382,1228,1242,1282,1302,1355,1364,1383
28479,"Rice, Grant W.",non-elite,1163,2365,3614,4887,6167,7518,8934,10364,1202,1249,1273,1280,1351,1416,1430
28480,"Schulz, Carlin A",non-elite,1348,2690,3991,5287,6570,7877,9194,10459,1342,1301,1296,1283,1307,1317,1265
28481,"Wright, Duncan Hamish",non-elite,1255,2496,3764,5065,6377,7736,9104,10432,1241,1268,1301,1312,1359,1368,1328
28482,"Urbizo, Lauren",non-elite,1269,2521,3792,5084,6383,7723,9080,10436,1252,1271,1292,1299,1340,1357,1356
28483,"Ard, Patrick A",non-elite,1180,2374,3566,4769,5975,7338,8898,10376,1194,1192,1203,1206,1363,1560,1478
28484,"Libov, Roman",non-elite,1238,2456,3684,4947,6239,7593,8989,10394,1218,1228,1263,1292,1354,1396,1405
28485,"Waldon, Steven",non-elite,1221,2436,3670,4918,6177,7503,8902,10351,1215,1234,1248,1259,1326,1399,1449
28486,"Doran, Patrick J",non-elite,1247,2477,3712,4973,6243,7576,8989,10403,1230,1235,1261,1270,1333,1413,1414
28487,"Oroho, Sean",non-elite,1225,2466,3717,5001,6305,7657,9028,10401,1241,1251,1284,1304,1352,1371,1373
28488,"Post, Chris J.",non-elite,1169,2309,3494,4735,6002,7386,8840,10356,1140,1185,1241,1267,1384,1454,1516
28489,"Reyes, Luis Alberto",non-elite,1276,2532,3798,5090,6386,7726,9098,10428,1256,1266,1292,1296,1340,1372,1330
28490,"Campbell, Delgado",non-elite,1219,2452,3700,4988,6299,7648,9037,10398,1233,1248,1288,1311,1349,1389,1361
28491,"Geiss, Christopher A",non-elite,1281,2555,3819,5096,6427,7758,9103,10439,1274,1264,1277,1331,1331,1345,1336
28492,"Hamer, Frank A",non-elite,1220,2449,3698,4952,6189,7507,8932,10352,1229,1249,1254,1237,1318,1425,1420
28493,"Bernstein, David",non-elite,1195,2393,3644,4910,6186,7507,8905,10392,1198,1251,1266,1276,1321,1398,1487
28494,"Henkel, Stacey",non-elite,1315,2629,3935,5235,6537,7874,9188,10442,1314,1306,1300,1302,1337,1314,1254
28495,"Mcpeek-Bechtold, Nolan",non-elite,1237,2479,3730,4998,6261,7589,8948,10374,1242,1251,1268,1263,1328,1359,1426
28496,"Geiss, Jeffrey",non-elite,1280,2555,3818,5094,6426,7756,9090,10439,1275,1263,1276,1332,1330,1334,1349
28497,"Hailey, Rob M",non-elite,1240,2492,3747,5016,6294,7611,8980,10381,1252,1255,1269,1278,1317,1369,1401
28498,"Syvertsen, Kai",non-elite,1336,2627,3897,5188,6460,7750,9058,10411,1291,1270,1291,1272,1290,1308,1353
28499,"Avery, Evan",non-elite,1275,2510,3755,4995,6214,7481,8819,10309,1235,1245,1240,1219,1267,1338,1490
28500,"Lohner, Kevin",non-elite,1241,2501,3762,5053,6330,7648,9023,10396,1260,1261,1291,1277,1318,1375,1373
28501,"Diamond, Anthony",non-elite,1208,2428,3642,4878,6150,7494,8909,10370,1220,1214,1236,1272,1344,1415,1461
28502,"Colman, David",non-elite,1250,2512,3788,5083,6378,7722,9092,10423,1262,1276,1295,1295,1344,1370,1331
28503,"Dean, Michael T.",non-elite,1224,2411,3601,4844,6121,7474,8914,10366,1187,1190,1243,1277,1353,1440,1452
28504,"Wright, Logan H.",non-elite,1241,2471,3707,4945,6196,7516,8967,10391,1230,1236,1238,1251,1320,1451,1424
28505,"Harding, David W",non-elite,1257,2544,3823,5113,6405,7712,9050,10411,1287,1279,1290,1292,1307,1338,1361
28506,"Romanelli, Frank",non-elite,1272,2536,3804,5088,6395,7729,9103,10424,1264,1268,1284,1307,1334,1374,1321
28507,"Maranas, Costas D",non-elite,1256,2496,3750,5027,6311,7631,9004,10396,1240,1254,1277,1284,1320,1373,1392
28508,"Gealy, Robert",non-elite,1265,2526,3792,5081,6387,7725,9083,10429,1261,1266,1289,1306,1338,1358,1346
28509,"Buchanan, James",non-elite,1169,2300,3441,4615,5801,7179,8669,10198,1131,1141,1174,1186,1378,1490,1529
28510,"Knoedler, Jonathan",non-elite,1289,2563,3851,5149,6444,7770,9114,10423,1274,1288,1298,1295,1326,1344,1309
28511,"Folmar, Daniel",non-elite,1231,2471,3718,4981,6238,7555,9000,10412,1240,1247,1263,1257,1317,1445,1412
28512,"Powell, Will",non-elite,1271,2551,3821,5116,6384,7711,9055,10423,1280,1270,1295,1268,1327,1344,1368
28513,"Cogdill, Eric",non-elite,1179,2314,3473,4661,5921,7359,8913,10436,1135,1159,1188,1260,1438,1554,1523
28514,"De Bortoli, Bruno",non-elite,1180,2366,3578,4909,6186,7493,8873,10284,1186,1212,1331,1277,1307,1380,1411
28515,"Josifi, Lena",non-elite,1320,2613,3882,5167,6448,7755,9080,10460,1293,1269,1285,1281,1307,1325,1380
28516,"Savazoni, Andre T.",non-elite,1167,2355,3547,4761,6100,7554,9010,10393,1188,1192,1214,1339,1454,1456,1383
28517,"Cilley, David M",non-elite,1226,2460,3729,5064,6386,7687,9027,10402,1234,1269,1335,1322,1301,1340,1375
28518,"Tsai, Larry",non-elite,1278,2542,3820,5114,6405,7738,9083,10420,1264,1278,1294,1291,1333,1345,1337
28519,"Summer, William",non-elite,1288,2564,3833,5119,6408,7739,9110,10432,1276,1269,1286,1289,1331,1371,1322
28520,"Garza, Ricardo",non-elite,1204,2397,3617,4884,6236,7629,9059,10449,1193,1220,1267,1352,1393,1430,1390
28521,"Shaw, Lee",non-elite,1129,2311,3450,4629,6309,7855,9169,10420,1182,1139,1179,1680,1546,1314,1251
28522,"Turk-Bly, Danielle D",non-elite,1236,2493,3778,5059,6354,7689,9067,10425,1257,1285,1281,1295,1335,1378,1358
28523,"Osmond, Peter J.",non-elite,1213,2415,3631,4854,6085,7395,8801,10322,1202,1216,1223,1231,1310,1406,1521
28524,"Matlick, Jared",non-elite,1268,2515,3760,5016,6257,7550,8900,10388,1247,1245,1256,1241,1293,1350,1488
28525,"Henkels, Joseph",non-elite,1274,2498,3706,4920,6139,7391,8757,10299,1224,1208,1214,1219,1252,1366,1542
28526,"Kasai, Ayumu",non-elite,1251,2530,3811,5105,6389,7718,9088,10435,1279,1281,1294,1284,1329,1370,1347
28527,"Jaswell, Megan C",non-elite,1241,2479,3735,5040,6365,7735,9102,10438,1238,1256,1305,1325,1370,1367,1336
28528,"Simpson, Andrew",non-elite,1306,2580,3849,5146,6427,7732,9082,10424,1274,1269,1297,1281,1305,1350,1342
28529,"Lindbloom, Daniel M",non-elite,1203,2396,3592,4793,6006,7278,8843,10409,1193,1196,1201,1213,1272,1565,1566
28530,"Sewell, Michael",non-elite,1327,2586,3826,5110,6375,7710,9079,10453,1259,1240,1284,1265,1335,1369,1374
28531,"Bill, Laura F",non-elite,1288,2561,3821,5099,6378,7730,9119,10441,1273,1260,1278,1279,1352,1389,1322
28532,"Broos, Matthew J",non-elite,1259,2518,3782,5046,6335,7676,9059,10423,1259,1264,1264,1289,1341,1383,1364
28533,"Kuczynski, Brian",non-elite,1241,2517,3803,5099,6398,7760,9125,10454,1276,1286,1296,1299,1362,1365,1329
28534,"Vickroy, Khris",non-elite,1249,2522,3786,5069,6358,7696,9067,10424,1273,1264,1283,1289,1338,1371,1357
28535,"Himmelberger, Scott",non-elite,1226,2419,3611,4808,5987,7279,8868,10394,1193,1192,1197,1179,1292,1589,1526
28536,"Van Danacker, John",non-elite,1116,2237,3389,4572,5775,7068,8483,10171,1121,1152,1183,1203,1293,1415,1688
28537,"Hopley, Nick",non-elite,1281,2530,3772,5052,6317,7613,8987,10404,1249,1242,1280,1265,1296,1374,1417
28538,"Berkson, Marc A",non-elite,1305,2526,3764,5029,6321,7651,9052,10418,1221,1238,1265,1292,1330,1401,1366
28539,"Pender, Seamus",non-elite,1250,2513,3800,5112,6420,7785,9157,10483,1263,1287,1312,1308,1365,1372,1326
28540,"Vergani, Nicolo",non-elite,1278,2562,3840,5134,6410,7735,9093,10432,1284,1278,1294,1276,1325,1358,1339
28541,"Brambila, Jorge",non-elite,1308,2615,3913,5242,6558,7866,9199,10468,1307,1298,1329,1316,1308,1333,1269
28542,"Konczal, Kyle J.",non-elite,1219,2440,3673,4957,6269,7659,9073,10453,1221,1233,1284,1312,1390,1414,1380
28543,"Campbell, Elizabeth",non-elite,1272,2527,3772,5024,6302,7660,9036,10420,1255,1245,1252,1278,1358,1376,1384
28544,"Schulte, Daniel M",non-elite,1262,2504,3762,5042,6326,7665,9028,10420,1242,1258,1280,1284,1339,1363,1392
28545,"Stevens, Michael",non-elite,1266,2532,3814,5130,6421,7732,9081,10428,1266,1282,1316,1291,1311,1349,1347
28546,"Martinell, Kevin",non-elite,1231,2484,3764,5071,6374,7716,9073,10434,1253,1280,1307,1303,1342,1357,1361
28547,"Casper, James",non-elite,1260,2513,3789,5068,6367,7723,9084,10439,1253,1276,1279,1299,1356,1361,1355
28548,"Brown, Ian M.",non-elite,1282,2549,3858,5166,6479,7833,9182,10460,1267,1309,1308,1313,1354,1349,1278
28549,"Blair, Henry",non-elite,1260,2519,3791,5081,6378,7716,9087,10451,1259,1272,1290,1297,1338,1371,1364
28550,"Hoffman, Jason D",non-elite,1244,2484,3727,4993,6290,7646,9068,10455,1240,1243,1266,1297,1356,1422,1387
28551,"Mayes, Adam",non-elite,1258,2502,3735,4992,6248,7548,9030,10404,1244,1233,1257,1256,1300,1482,1374
28552,"Kochowiec, Alexy",non-elite,1223,2431,3639,4870,6132,7478,8917,10375,1208,1208,1231,1262,1346,1439,1458
28553,"Enthoven, Nick C.",non-elite,1214,2451,3689,4963,6281,7666,9045,10433,1237,1238,1274,1318,1385,1379,1388
28554,"Hutchinson, David W",non-elite,1206,2408,3636,4945,6279,7667,9064,10433,1202,1228,1309,1334,1388,1397,1369
28555,"Baek, James",non-elite,1263,2510,3752,5017,6298,7634,9113,10452,1247,1242,1265,1281,1336,1479,1339
28556,"Pruim, Brad",non-elite,1264,2549,3836,5133,6441,7782,9140,10461,1285,1287,1297,1308,1341,1358,1321
28557,"Albert, Frederic",non-elite,1241,2486,3727,4993,6260,7580,8971,10387,1245,1241,1266,1267,1320,1391,1416
28558,"Barclay, William",non-elite,1210,2471,3746,5022,6296,7628,9014,10394,1261,1275,1276,1274,1332,1386,1380
28559,"Adams, Jason M",non-elite,1285,2572,3865,5183,6492,7806,9154,10464,1287,1293,1318,1309,1314,1348,1310
28560,"Marshino, Michael",non-elite,1266,2523,3793,5112,6441,7800,9132,10471,1257,1270,1319,1329,1359,1332,1339
28561,"Murphy, Sam W",non-elite,1244,2474,3722,4987,6262,7618,9038,10463,1230,1248,1265,1275,1356,1420,1425
28562,"Spitz, Jake",non-elite,1275,2534,3795,5067,6353,7693,9066,10423,1259,1261,1272,1286,1340,1373,1357
28563,"Soloway, Kristen M.",non-elite,1266,2529,3786,5074,6350,7684,9119,10448,1263,1257,1288,1276,1334,1435,1329
28564,"Yost, Brent",non-elite,1271,2534,3794,5078,6383,7723,9109,10459,1263,1260,1284,1305,1340,1386,1350
28565,"Nolan, Alison",non-elite,1218,2432,3676,4968,6256,7601,9061,10431,1214,1244,1292,1288,1345,1460,1370
28566,"Morton, Richard M.",non-elite,1221,2432,3658,4917,6193,7535,8972,10441,1211,1226,1259,1276,1342,1437,1469
28567,"Campos, David H",non-elite,1307,2599,3871,5164,6436,7747,9078,10440,1292,1272,1293,1272,1311,1331,1362
28568,"Bruno, David",non-elite,1269,2528,3791,5076,6386,7719,9085,10428,1259,1263,1285,1310,1333,1366,1343
28569,"Watkins, John",non-elite,1240,2467,3697,4949,6256,7729,9115,10476,1227,1230,1252,1307,1473,1386,1361
28570,"Chewning-Kulick, Travis G.",non-elite,1218,2425,3656,4954,6268,7671,9087,10449,1207,1231,1298,1314,1403,1416,1362
28571,"Scott, Antony G",non-elite,1206,2407,3636,4910,6222,7592,9001,10418,1201,1229,1274,1312,1370,1409,1417
28572,"Walsh, Ken",non-elite,1249,2471,3712,4947,6207,7547,8954,10385,1222,1241,1235,1260,1340,1407,1431
28573,"Renz, Justin",non-elite,1202,2404,3617,4858,6130,7473,8919,10406,1202,1213,1241,1272,1343,1446,1487
28574,"Hoffman, Joe",non-elite,1225,2491,3737,4988,6268,7589,8989,10393,1266,1246,1251,1280,1321,1400,1404
28575,"Piepmeier, Gregory",non-elite,1309,2600,3881,5169,6452,7750,9092,10465,1291,1281,1288,1283,1298,1342,1373
28576,"Palmer, Michele V.",non-elite,1198,2387,3609,4876,6179,7547,8962,10382,1189,1222,1267,1303,1368,1415,1420
28577,"Eherts, Shane",non-elite,1359,2669,3933,5194,6446,7722,9035,10438,1310,1264,1261,1252,1276,1313,1403
28578,"Cave, Kevin C.",non-elite,1117,2248,3370,4536,5754,7125,8683,10304,1131,1122,1166,1218,1371,1558,1621
28579,"Moles, James E",non-elite,1078,2192,3343,4545,5796,7120,8485,9999,1114,1151,1202,1251,1324,1365,1514
28580,"Smith, Kevin",non-elite,1279,2548,3801,5074,6349,7644,8969,10366,1269,1253,1273,1275,1295,1325,1397
28581,"Gross, Benjamin",non-elite,1310,2631,3935,5231,6535,7865,9201,10484,1321,1304,1296,1304,1330,1336,1283
28582,"Gault, Jonathan",non-elite,1056,2131,3227,4371,5573,6980,8486,9992,1075,1096,1144,1202,1407,1506,1506
28583,"Grenwelge, Terry",non-elite,1248,2480,3720,4980,6263,7607,9003,10409,1232,1240,1260,1283,1344,1396,1406
28584,"Opachinski, Lauren",non-elite,1272,2539,3801,5067,6403,7727,9119,10457,1267,1262,1266,1336,1324,1392,1338
28585,"Yang, Shizhong",non-elite,1208,2422,3669,4954,6259,7591,8955,10414,1214,1247,1285,1305,1332,1364,1459
28586,"Puckett, Dustin R.",non-elite,1197,2391,3592,4867,6180,7578,9015,10432,1194,1201,1275,1313,1398,1437,1417
28587,"Collins, Mitchell A",non-elite,1246,2506,3773,5016,6235,7506,8919,10373,1260,1267,1243,1219,1271,1413,1454
28588,"Juarez Amador, Hector Alejandro A. Sr.",non-elite,1079,2215,3366,4571,5796,7135,8578,10195,1136,1151,1205,1225,1339,1443,1617
28589,"Yu, Jun",non-elite,1288,2580,3873,5175,6465,7785,9136,10478,1292,1293,1302,1290,1320,1351,1342
28590,"Sanchez-Ruano, Miguel A. Sr.",non-elite,1143,2342,3577,4896,6260,7656,9096,10450,1199,1235,1319,1364,1396,1440,1354
28591,"De Andrade Diniz, Alexandre Sr.",non-elite,1249,2503,3761,5044,6319,7651,9058,10452,1254,1258,1283,1275,1332,1407,1394
28592,"Bryan, Joel",non-elite,1219,2431,3656,4938,6228,7592,9033,10474,1212,1225,1282,1290,1364,1441,1441
28593,"Ashcraft, John L Jr.",non-elite,1299,2581,3856,5154,6468,7826,9201,10503,1282,1275,1298,1314,1358,1375,1302
28594,"Block, Emily E.",non-elite,1276,2553,3833,5129,6430,7769,9126,10463,1277,1280,1296,1301,1339,1357,1337
28595,"Surie, Ajay",non-elite,1306,2593,3870,5174,6468,7797,9151,10478,1287,1277,1304,1294,1329,1354,1327
28596,"Kline, Ronald",non-elite,1253,2503,3764,5029,6273,7550,8928,10359,1250,1261,1265,1244,1277,1378,1431
28597,"Hennessey, Kevin C.",non-elite,1240,2470,3704,4977,6251,7624,9011,10408,1230,1234,1273,1274,1373,1387,1397
28598,"Kincaid, Donald S.",non-elite,1281,2529,3779,5043,6305,7605,8975,10411,1248,1250,1264,1262,1300,1370,1436
28599,"Castellanos Uribe, Cristian A. Sr.",non-elite,1257,2536,3801,5090,6365,7704,9084,10444,1279,1265,1289,1275,1339,1380,1360
28600,"Allen, Kelsey",non-elite,1271,2515,3789,5097,6396,7730,9103,10463,1244,1274,1308,1299,1334,1373,1360
28601,"Baker, Douglas R.",non-elite,1283,2558,3840,5137,6431,7770,9124,10475,1275,1282,1297,1294,1339,1354,1351
28602,"Garza, Jorge",non-elite,1240,2463,3679,4903,6105,7386,8809,10438,1223,1216,1224,1202,1281,1423,1629
28604,"Robinson, Brad T",non-elite,1161,2333,3536,4794,6044,7420,9030,10475,1172,1203,1258,1250,1376,1610,1445
28605,"Thomassin, Eric",non-elite,1291,2555,3826,5108,6399,7729,9088,10450,1264,1271,1282,1291,1330,1359,1362
28606,"Wilson, Ed",non-elite,1279,2541,3805,5084,6382,7708,9076,10458,1262,1264,1279,1298,1326,1368,1382
28607,"Murphy, Timothy A.",non-elite,1222,2445,3667,4915,6174,7519,8892,10341,1223,1222,1248,1259,1345,1373,1449
28608,"Fernandes, Conrad",non-elite,1285,2559,3824,5116,6412,7755,9125,10493,1274,1265,1292,1296,1343,1370,1368
28609,"Lucia, Ryan",non-elite,1278,2558,3825,5115,6405,7745,9121,10473,1280,1267,1290,1290,1340,1376,1352
28610,"Martinez, Jaime W.",non-elite,1189,2349,3525,4728,5967,7343,8753,10366,1160,1176,1203,1239,1376,1410,1613
28611,"Montgomery, Christopher",non-elite,1360,2690,3990,5282,6584,7895,9229,10518,1330,1300,1292,1302,1311,1334,1289
28612,"Gaughan, Caitlin",non-elite,1243,2488,3753,5064,6383,7745,9128,10476,1245,1265,1311,1319,1362,1383,1348
28613,"Chang, Yin-Fu",non-elite,1125,2273,3474,4759,6072,7433,8911,10410,1148,1201,1285,1313,1361,1478,1499
28614,"Garey, Rick",non-elite,1167,2335,3527,4751,5945,7717,9144,10482,1168,1192,1224,1194,1772,1427,1338
28615,"Bernardi, Shawn",non-elite,1228,2493,3762,5042,6316,7666,9047,10437,1265,1269,1280,1274,1350,1381,1390
28616,"Tripp, Jason I",non-elite,1298,2553,3810,5091,6359,7686,9100,10468,1255,1257,1281,1268,1327,1414,1368
28617,"Carney, Jason K",non-elite,1275,2564,3893,5187,6472,7775,9106,10459,1289,1329,1294,1285,1303,1331,1353
28618,"McNally, Martin",non-elite,1128,2236,3372,4624,5878,7310,8808,10465,1108,1136,1252,1254,1432,1498,1657
28619,"Godkin, Gavin",non-elite,1234,2472,3715,4970,6227,7542,8942,10400,1238,1243,1255,1257,1315,1400,1458
28620,"Peck, Ronald F.",non-elite,1283,2563,3830,5109,6388,7718,9097,10465,1280,1267,1279,1279,1330,1379,1368
28621,"Benestad, Brian",non-elite,1152,2313,3459,4624,5854,7355,8975,10458,1161,1146,1165,1230,1501,1620,1483
28622,"Davi, Michael J",non-elite,1179,2345,3534,4782,6090,7494,8916,10383,1166,1189,1248,1308,1404,1422,1467
28623,"Gonzalez Niebla, Carlos Sr.",non-elite,1195,2396,3641,4916,6206,7581,9012,10428,1201,1245,1275,1290,1375,1431,1416
28624,"Smith, Jacob A.",non-elite,1261,2494,3733,4999,6284,7615,8997,10449,1233,1239,1266,1285,1331,1382,1452
28625,"Hanson, Rachel",non-elite,1262,2543,3829,5131,6437,7790,9163,10501,1281,1286,1302,1306,1353,1373,1338
28626,"Dvinov, Danny",non-elite,1173,2378,3625,4913,6243,7648,9044,10463,1205,1247,1288,1330,1405,1396,1419
28627,"Abel-Millman, Jonathan H",non-elite,1255,2476,3691,4920,6218,7636,9088,10482,1221,1215,1229,1298,1418,1452,1394
28628,"Mette, Bobby",non-elite,1195,2392,3583,4790,6003,7323,8869,10422,1197,1191,1207,1213,1320,1546,1553
28629,"Hall, Seth L",non-elite,1162,2338,3519,4709,5938,7333,8861,10446,1176,1181,1190,1229,1395,1528,1585
28630,"Schultheis, Matthew J",non-elite,1258,2537,3812,5100,6392,7727,9095,10470,1279,1275,1288,1292,1335,1368,1375
28631,"Cali, Tom",non-elite,1272,2540,3808,5098,6382,7699,9061,10428,1268,1268,1290,1284,1317,1362,1367
28632,"Peetermans, Michael",non-elite,1295,2588,3884,5189,6480,7836,9192,10498,1293,1296,1305,1291,1356,1356,1306
28633,"Odlaug, Andrew P",non-elite,1296,2573,3842,5118,6407,7740,9104,10464,1277,1269,1276,1289,1333,1364,1360
28634,"Difebbo, Dennis",non-elite,1249,2515,3778,5069,6365,7707,9089,10447,1266,1263,1291,1296,1342,1382,1358
28635,"Jarrin, Robert",non-elite,1268,2562,3866,5188,6461,7824,9232,10525,1294,1304,1322,1273,1363,1408,1293
28636,"Reisch, Christopher R",non-elite,1296,2557,3833,5120,6420,7760,9131,10478,1261,1276,1287,1300,1340,1371,1347
28637,"Cordes, Lindsay",non-elite,1250,2491,3732,4974,6225,7565,8939,10381,1241,1241,1242,1251,1340,1374,1442
28638,"Gurganus, Kelsey",non-elite,1309,2602,3894,5198,6504,7844,9187,10499,1293,1292,1304,1306,1340,1343,1312
28639,"Krasich, Rachel",non-elite,1237,2483,3742,5063,6387,7766,9143,10480,1246,1259,1321,1324,1379,1377,1337
28640,"Salgueiro Antunes, Nuno",non-elite,1280,2572,3856,5159,6444,7773,9135,10487,1292,1284,1303,1285,1329,1362,1352
28641,"Bachand, Derek T.",non-elite,1249,2504,3749,4996,6255,7575,8939,10410,1255,1245,1247,1259,1320,1364,1471
28642,"Miller, Nathan R.",non-elite,1296,2608,3920,5240,6544,7868,9200,10504,1312,1312,1320,1304,1324,1332,1304
28643,"Hinkle, Dustin",non-elite,1325,2626,3908,5203,6482,7803,9160,10498,1301,1282,1295,1279,1321,1357,1338
28644,"Schepers, Arnout",non-elite,1310,2609,3881,5185,6480,7804,9164,10499,1299,1272,1304,1295,1324,1360,1335
28645,"Dentz Sinclair, Eirik S.",non-elite,1291,2559,3823,5106,6381,7693,9027,10405,1268,1264,1283,1275,1312,1334,1378
28646,"Sauer, Michael C",non-elite,1254,2514,3765,5020,6296,7641,9030,10453,1260,1251,1255,1276,1345,1389,1423
28647,"Bryant, Andrew V.",non-elite,1243,2466,3672,4900,6148,7502,8941,10402,1223,1206,1228,1248,1354,1439,1461
28648,"Oliver, Paul",non-elite,1260,2528,3785,5046,6311,7584,8924,10393,1268,1257,1261,1265,1273,1340,1469
28649,"Carey, Matthew R.",non-elite,1149,2293,3439,4622,5885,7316,8903,10404,1144,1146,1183,1263,1431,1587,1501
28650,"Boswell, Trevor J.",non-elite,1218,2454,3757,5080,6422,7778,9164,10503,1236,1303,1323,1342,1356,1386,1339
28651,"Kies, Mitch",non-elite,1230,2471,3705,4972,6249,7616,9031,10431,1241,1234,1267,1277,1367,1415,1400
28652,"Peebles, James T",non-elite,1231,2458,3687,4916,6155,7460,8972,10407,1227,1229,1229,1239,1305,1512,1435
28653,"Dinuzzo, Louis N.",non-elite,1318,2557,3817,5079,6343,7682,9103,10514,1239,1260,1262,1264,1339,1421,1411
28654,"Hurley, Michael K",non-elite,1283,2581,3875,5188,6503,7861,9245,10532,1298,1294,1313,1315,1358,1384,1287
28655,"Eutermoser, Brian",non-elite,1277,2556,3836,5128,6408,7716,9061,10462,1279,1280,1292,1280,1308,1345,1401
28656,"Thomas, Preston",non-elite,1283,2557,3843,5137,6430,7755,9096,10464,1274,1286,1294,1293,1325,1341,1368
28657,"Beeson, Michael",non-elite,1286,2590,3898,5208,6516,7840,9196,10504,1304,1308,1310,1308,1324,1356,1308
28658,"Matonis, Audrunas",non-elite,1270,2514,3758,5031,6313,7684,9123,10495,1244,1244,1273,1282,1371,1439,1372
28659,"Novack, Elizabeth V.",non-elite,1299,2569,3840,5127,6432,7773,9153,10494,1270,1271,1287,1305,1341,1380,1341
28660,"Sattler, Justin",non-elite,1248,2493,3741,5017,6306,7652,9070,10475,1245,1248,1276,1289,1346,1418,1405
28661,"Hunt, Anthony",non-elite,1242,2475,3720,4982,6261,7595,8992,10423,1233,1245,1262,1279,1334,1397,1431
28662,"Drexler, Benjamin",non-elite,1261,2517,3786,5066,6365,7690,9067,10448,1256,1269,1280,1299,1325,1377,1381
28663,"Hampton, Rob",non-elite,1123,2245,3383,4589,5918,7354,8801,10477,1122,1138,1206,1329,1436,1447,1676
28664,"Gignac, John D III",non-elite,1278,2525,3783,5057,6353,7728,9131,10503,1247,1258,1274,1296,1375,1403,1372
28665,"Perconte, Jeff",non-elite,1237,2490,3749,5019,6292,7613,8995,10452,1253,1259,1270,1273,1321,1382,1457
28666,"Gutierrez, Alejandro",non-elite,1215,2421,3635,4869,6120,7474,9013,10501,1206,1214,1234,1251,1354,1539,1488
28667,"Beaulieu, Patrice",non-elite,1261,2519,3773,5046,6315,7623,8972,10417,1258,1254,1273,1269,1308,1349,1445
28668,"Hill, Garrett",non-elite,1237,2467,3711,4986,6246,7536,8899,10397,1230,1244,1275,1260,1290,1363,1498
28669,"Morales, Anthony",non-elite,1240,2485,3752,5073,6416,7779,9129,10517,1245,1267,1321,1343,1363,1350,1388
28670,"Hamlin, Richard D.",non-elite,1288,2567,3820,5104,6445,7792,9187,10513,1279,1253,1284,1341,1347,1395,1326
28671,"Dettmering, Brett A",non-elite,1208,2414,3642,4903,6237,7675,9119,10503,1206,1228,1261,1334,1438,1444,1384
28672,"O'Brien, Justin",non-elite,1186,2373,3592,4804,6030,7339,9144,10491,1187,1219,1212,1226,1309,1805,1347
28673,"Pasten, Alejandro",non-elite,1199,2404,3611,4853,6138,7647,9078,10490,1205,1207,1242,1285,1509,1431,1412
28674,"Jacobs, Matthew",non-elite,1270,2528,3794,5082,6368,7692,9061,10473,1258,1266,1288,1286,1324,1369,1412
28675,"Rubin, Adam",non-elite,1274,2537,3754,5018,6308,7668,9061,10497,1263,1217,1264,1290,1360,1393,1436
28676,"Lyle, Meghan C",non-elite,1246,2493,3755,5048,6358,7710,9104,10489,1247,1262,1293,1310,1352,1394,1385
28677,"Hritzo, Greg",non-elite,1218,2437,3664,4910,6182,7547,9069,10472,1219,1227,1246,1272,1365,1522,1403
28678,"Justice, Joel C",non-elite,1190,2370,3582,4827,6090,7441,8898,10423,1180,1212,1245,1263,1351,1457,1525
28679,"Yamauchi, Yuki",non-elite,1203,2402,3618,4872,6200,7608,9042,10480,1199,1216,1254,1328,1408,1434,1438
28680,"Warkentin, Jonathan",non-elite,1261,2516,3786,5068,6360,7700,9114,10506,1255,1270,1282,1292,1340,1414,1392
28681,"Kuntz, Christopher M",non-elite,1208,2421,3638,4876,6118,7418,8900,10397,1213,1217,1238,1242,1300,1482,1497
28682,"Stansberry, Bryan",non-elite,1215,2422,3622,4831,6042,7356,8774,10344,1207,1200,1209,1211,1314,1418,1570
28683,"Kempner, Benjay J.",non-elite,1282,2573,3869,5193,6513,7879,9228,10544,1291,1296,1324,1320,1366,1349,1316
28684,"Marteau, Nicolas",non-elite,1256,2510,3773,5049,6323,7667,9049,10449,1254,1263,1276,1274,1344,1382,1400
28685,"Muri, Dominic",non-elite,1146,2326,3559,4821,6183,7563,9034,10448,1180,1233,1262,1362,1380,1471,1414
28686,"Albright, Marco D",non-elite,1249,2497,3749,5025,6305,7654,9038,10455,1248,1252,1276,1280,1349,1384,1417
28687,"Stutz, Patrick",non-elite,1282,2568,3862,5150,6440,7752,9166,10494,1286,1294,1288,1290,1312,1414,1328
28688,"Arias, Eduardo",non-elite,1188,2398,3622,4883,6179,7524,8952,10415,1210,1224,1261,1296,1345,1428,1463
28689,"Danza, Brian W",non-elite,1295,2576,3843,5136,6436,7779,9148,10501,1281,1267,1293,1300,1343,1369,1353
28690,"Darkow, James L",non-elite,1211,2422,3673,4949,6210,7540,8987,10450,1211,1251,1276,1261,1330,1447,1463
28691,"Myers, George M. II",non-elite,1274,2523,3769,5099,6423,7808,9226,10519,1249,1246,1330,1324,1385,1418,1293
28692,"Snow, Sean",non-elite,1203,2419,3664,4934,6204,7549,8984,10451,1216,1245,1270,1270,1345,1435,1467
28693,"Doyle, Kevin M.",non-elite,1249,2509,3791,5109,6434,7796,9181,10502,1260,1282,1318,1325,1362,1385,1321
28694,"Schmanski, Matthew B",non-elite,1226,2427,3638,4882,6183,7551,8996,10478,1201,1211,1244,1301,1368,1445,1482
28695,"Szych, Robert",non-elite,1261,2515,3794,5082,6336,7646,9016,10497,1254,1279,1288,1254,1310,1370,1481
28696,"Bower, Grant M",non-elite,1197,2392,3590,4800,6026,7315,8864,10440,1195,1198,1210,1226,1289,1549,1576
28697,"Tokunaga, Yosikazu",non-elite,1300,2538,3788,5090,6412,7748,9127,10495,1238,1250,1302,1322,1336,1379,1368
28698,"Neylon, Dermot",non-elite,1251,2496,3757,5035,6326,7683,9079,10490,1245,1261,1278,1291,1357,1396,1411
28699,"Ranti, Daniel L.",non-elite,1154,2334,3506,4705,5917,7226,8752,10476,1180,1172,1199,1212,1309,1526,1724
28700,"Mcalister, Claron",non-elite,1298,2564,3827,5113,6413,7759,9140,10511,1266,1263,1286,1300,1346,1381,1371
28701,"Leduc, Obed S",non-elite,1266,2538,3811,5107,6377,7713,9092,10509,1272,1273,1296,1270,1336,1379,1417
28702,"Kari, Tiffany",non-elite,1259,2524,3808,5108,6430,7795,9173,10519,1265,1284,1300,1322,1365,1378,1346
28703,"Williams, Brooke S",non-elite,1263,2521,3788,5063,6361,7730,9139,10497,1258,1267,1275,1298,1369,1409,1358
28704,"Keane, James",non-elite,1247,2505,3783,5073,6380,7735,9146,10526,1258,1278,1290,1307,1355,1411,1380
28705,"Poggi, David N.",non-elite,1242,2447,3658,4907,6185,7549,9035,10484,1205,1211,1249,1278,1364,1486,1449
28706,"Hughes, Patrick",non-elite,1159,2301,3471,4686,5940,7286,8759,10416,1142,1170,1215,1254,1346,1473,1657
28707,"Thain, Thomas",non-elite,1253,2488,3725,4974,6239,7602,8999,10464,1235,1237,1249,1265,1363,1397,1465
28708,"Goldberg, Andrew B",non-elite,1246,2506,3769,5049,6346,7696,9080,10540,1260,1263,1280,1297,1350,1384,1460
28709,"Wulfekuhle, Brett",non-elite,1224,2417,3598,4793,6015,7423,8909,10467,1193,1181,1195,1222,1408,1486,1558
28710,"Cusson, Michel",non-elite,1193,2360,3546,4816,6125,7519,8971,10498,1167,1186,1270,1309,1394,1452,1527
28711,"Lewis, Jason",non-elite,1203,2399,3584,4859,6191,7616,9122,10535,1196,1185,1275,1332,1425,1506,1413
28712,"Batjiaka, Andrew",non-elite,1244,2498,3746,5021,6309,7680,9140,10506,1254,1248,1275,1288,1371,1460,1366
28713,"Kennedy, Scott",non-elite,1186,2377,3596,4882,6224,7622,9039,10473,1191,1219,1286,1342,1398,1417,1434
28714,"Moore, Tw",non-elite,1251,2506,3746,5025,6317,7665,9077,10513,1255,1240,1279,1292,1348,1412,1436
28715,"Kehoe, James A",non-elite,1259,2507,3782,5076,6360,7689,9066,10460,1248,1275,1294,1284,1329,1377,1394
28716,"Wostenberg, Eric M",non-elite,1271,2551,3828,5135,6433,7782,9184,10546,1280,1277,1307,1298,1349,1402,1362
28717,"Hill, Derek D",non-elite,1205,2392,3553,4732,5995,7421,8855,10405,1187,1161,1179,1263,1426,1434,1550
28718,"Anderson, Michael",non-elite,1310,2599,3881,5163,6447,7785,9152,10532,1289,1282,1282,1284,1338,1367,1380
28719,"Garnett, Jeffrey",non-elite,1302,2590,3863,5140,6411,7719,9111,10516,1288,1273,1277,1271,1308,1392,1405
28720,"Pasquini, Giacomo",non-elite,1237,2479,3733,5048,6376,7744,9139,10511,1242,1254,1315,1328,1368,1395,1372
28721,"Riley, Nic",non-elite,1330,2646,3940,5255,6574,7910,9251,10546,1316,1294,1315,1319,1336,1341,1295
28723,"Cuccaro, Rodrigo S.",non-elite,1246,2506,3792,5088,6387,7754,9141,10507,1260,1286,1296,1299,1367,1387,1366
28724,"Hoffmann, Christine",non-elite,1279,2535,3792,5057,6310,7605,9009,10451,1256,1257,1265,1253,1295,1404,1442
28725,"Driscoll, Jim",non-elite,1189,2397,3627,4884,6166,7509,8915,10429,1208,1230,1257,1282,1343,1406,1514
28726,"Wise, Lee F.",non-elite,1230,2451,3678,4922,6192,7524,8899,10417,1221,1227,1244,1270,1332,1375,1518
28727,"Leedham, Amy",non-elite,1248,2493,3763,5060,6382,7748,9191,10524,1245,1270,1297,1322,1366,1443,1333
28728,"Gareau, Simon",non-elite,1265,2520,3783,5056,6329,7672,9058,10456,1255,1263,1273,1273,1343,1386,1398
28729,"Rose, Connor",non-elite,1101,2210,3351,4528,5783,7166,8731,10325,1109,1141,1177,1255,1383,1565,1594
28730,"Baker, Amy",non-elite,1366,2725,4091,5480,6880,8098,9349,10552,1359,1366,1389,1400,1218,1251,1203
28731,"Klaver, Mark",non-elite,1271,2546,3825,5103,6390,7728,9100,10469,1275,1279,1278,1287,1338,1372,1369
28732,"Hallock, Will",non-elite,1229,2459,3735,5058,6361,7735,9123,10525,1230,1276,1323,1303,1374,1388,1402
28733,"Song, Youngseok",non-elite,1172,2395,3653,4938,6194,7537,8910,10372,1223,1258,1285,1256,1343,1373,1462
28734,"Mawdsley, Jason",non-elite,1282,2559,3832,5133,6434,7777,9164,10521,1277,1273,1301,1301,1343,1387,1357
28735,"Pinyan, Joshua",non-elite,1218,2405,3588,4813,6073,7487,8952,10465,1187,1183,1225,1260,1414,1465,1513
28736,"Roder, Zachary F.",non-elite,1261,2521,3780,5073,6366,7704,9078,10476,1260,1259,1293,1293,1338,1374,1398
28737,"Tostado, Jesus",non-elite,1255,2531,3807,5092,6391,7728,9110,10501,1276,1276,1285,1299,1337,1382,1391
28738,"Lavietes, Rebecca",non-elite,1299,2605,3883,5189,6505,7855,9211,10542,1306,1278,1306,1316,1350,1356,1331
28739,"Chappell, Kelsi A.",non-elite,1279,2533,3790,5053,6320,7636,9089,10485,1254,1257,1263,1267,1316,1453,1396
28740,"Dravenstott, Richard W",non-elite,1241,2480,3734,4999,6267,7571,8911,10407,1239,1254,1265,1268,1304,1340,1496
28741,"Kujawski, Eric",non-elite,1228,2455,3690,4952,6232,7592,9007,10469,1227,1235,1262,1280,1360,1415,1462
28742,"Palecek, Zdenek",non-elite,1246,2483,3744,5043,6355,7728,9133,10496,1237,1261,1299,1312,1373,1405,1363
28743,"Tanguay, Jonathan",non-elite,1131,2249,3391,4561,5794,7242,8773,10352,1118,1142,1170,1233,1448,1531,1579
28744,"Elias, Jorge R",non-elite,1294,2586,3895,5218,6535,7891,9234,10539,1292,1309,1323,1317,1356,1343,1305
28745,"Thornbrugh, Charley Jr.",non-elite,1254,2499,3750,5022,6310,7665,9057,10484,1245,1251,1272,1288,1355,1392,1427
28746,"Sullivan, Nigel J.",non-elite,1202,2366,3613,4929,6253,7662,9070,10486,1164,1247,1316,1324,1409,1408,1416
28747,"Lyon, Reed",non-elite,1101,2194,3315,4520,5857,7369,8883,10476,1093,1121,1205,1337,1512,1514,1593
28748,"Messineo, Richard",non-elite,1186,2267,3370,4512,5718,7023,8663,10423,1081,1103,1142,1206,1305,1640,1760
28749,"Stocking, Jonathan",non-elite,1265,2520,3759,5025,6299,7612,9009,10463,1255,1239,1266,1274,1313,1397,1454
28750,"Wachtel, Jacki",non-elite,1263,2507,3815,5100,6387,7702,9155,10535,1244,1308,1285,1287,1315,1453,1380
28751,"Lueth, Chris M",non-elite,1265,2521,3749,5025,6291,7604,8957,10430,1256,1228,1276,1266,1313,1353,1473
28752,"Van Wasshenova, Emily J",non-elite,1278,2539,3802,5099,6405,7764,9177,10519,1261,1263,1297,1306,1359,1413,1342
28753,"Eiben, David E",non-elite,1292,2575,3848,5134,6431,7776,9145,10504,1283,1273,1286,1297,1345,1369,1359
28754,"Weerakoon, Neil S.",non-elite,1190,2403,3624,4872,6131,7467,8938,10422,1213,1221,1248,1259,1336,1471,1484
28755,"Dean, Kevin",non-elite,1246,2511,3802,5117,6439,7794,9165,10525,1265,1291,1315,1322,1355,1371,1360
28756,"Maucher, Stefan",non-elite,1289,2563,3845,5130,6412,7735,9116,10521,1274,1282,1285,1282,1323,1381,1405
28757,"Mcgann, Paul A",non-elite,1248,2483,3735,5028,6342,7724,9139,10519,1235,1252,1293,1314,1382,1415,1380
28758,"Heitzman, Ariel",non-elite,1206,2436,3683,4970,6309,7688,9075,10497,1230,1247,1287,1339,1379,1387,1422
28759,"Trussas, Peter J",non-elite,1325,2609,3905,5234,6564,7907,9244,10561,1284,1296,1329,1330,1343,1337,1317
28760,"Castarlenas Chela, Alejandro Sr.",non-elite,1322,2555,3810,5112,6462,7834,9223,10536,1233,1255,1302,1350,1372,1389,1313
28761,"Costa Moutinho, Vitor Manuel",non-elite,1156,2344,3558,4821,6091,7468,8955,10437,1188,1214,1263,1270,1377,1487,1482
28762,"Pettibone, Daniel M",non-elite,1289,2578,3867,5176,6468,7822,9175,10532,1289,1289,1309,1292,1354,1353,1357
28763,"White, Frank M. Jr.",non-elite,1236,2466,3701,4959,6251,7609,9048,10508,1230,1235,1258,1292,1358,1439,1460
28764,"Timmerman, Luke",non-elite,1271,2555,3842,5145,6449,7793,9164,10535,1284,1287,1303,1304,1344,1371,1371
28765,"Kaljurand, Mart",non-elite,1268,2552,3835,5137,6447,7799,9178,10532,1284,1283,1302,1310,1352,1379,1354
28766,"Probst, John",non-elite,1156,2287,3443,4661,5933,7301,8823,10460,1131,1156,1218,1272,1368,1522,1637
28767,"Ifcher, Daniel M",non-elite,1289,2565,3846,5130,6415,7736,9116,10477,1276,1281,1284,1285,1321,1380,1361
28768,"Kukel, Scott",non-elite,1227,2454,3692,4975,6271,7634,9063,10519,1227,1238,1283,1296,1363,1429,1456
28769,"Cooper, Christopher",non-elite,1217,2423,3647,4900,6177,7586,9064,10525,1206,1224,1253,1277,1409,1478,1461
28770,"Gamez, Jose M",non-elite,1260,2499,3740,5011,6300,7624,9017,10489,1239,1241,1271,1289,1324,1393,1472
28771,"Pawlicki, James",non-elite,1244,2487,3742,5014,6294,7619,9015,10475,1243,1255,1272,1280,1325,1396,1460
28772,"Michael, Bryan M",non-elite,1308,2621,3946,5239,6559,7876,9217,10551,1313,1325,1293,1320,1317,1341,1334
28773,"Houck, Jason",non-elite,1333,2608,3864,5141,6427,7751,9123,10507,1275,1256,1277,1286,1324,1372,1384
28774,"Casto, Katie",non-elite,1276,2549,3812,5093,6371,7728,9178,10533,1273,1263,1281,1278,1357,1450,1355
28775,"Abdo, Kevin",non-elite,1238,2473,3690,4917,6143,7403,8700,10455,1235,1217,1227,1226,1260,1297,1755
28776,"Zheng, Xuan",non-elite,1296,2581,3868,5176,6476,7817,9186,10533,1285,1287,1308,1300,1341,1369,1347
28777,"Burnham, Brett M",non-elite,1234,2487,3757,5035,6328,7700,9135,10533,1253,1270,1278,1293,1372,1435,1398
28778,"Mullins, Padraig",non-elite,1161,2386,3662,5005,6410,7803,9206,10555,1225,1276,1343,1405,1393,1403,1349
28779,"Caputi, Gaetano",non-elite,1214,2459,3746,5061,6418,7813,9210,10551,1245,1287,1315,1357,1395,1397,1341
28780,"Laursen, Anders",non-elite,1205,2391,3632,4940,6280,7665,9083,10506,1186,1241,1308,1340,1385,1418,1423
28781,"Dahl, Brian",non-elite,1331,2630,3921,5213,6493,7838,9209,10546,1299,1291,1292,1280,1345,1371,1337
28782,"Stein, Sam",non-elite,1253,2501,3779,5089,6384,7751,9115,10479,1248,1278,1310,1295,1367,1364,1364
28783,"Knast, Stephanie",non-elite,1223,2443,3660,4907,6220,7611,9061,10505,1220,1217,1247,1313,1391,1450,1444
28784,"Bruns, Alexander",non-elite,1249,2492,3719,4969,6230,7556,8954,10423,1243,1227,1250,1261,1326,1398,1469
28785,"Boyce, Jordan L",non-elite,1172,2357,3554,4794,6089,7473,8924,10460,1185,1197,1240,1295,1384,1451,1536
28786,"Dumontet, Philip",non-elite,1308,2600,3881,5188,6508,7840,9181,10545,1292,1281,1307,1320,1332,1341,1364
28787,"Bolda, Thomas J.",non-elite,1245,2482,3719,4974,6263,7616,9050,10504,1237,1237,1255,1289,1353,1434,1454
28788,"Hanna, Mark J",non-elite,1309,2625,3940,5269,6634,7967,9302,10585,1316,1315,1329,1365,1333,1335,1283
28789,"Blais, Pierre-Luc",non-elite,1235,2478,3729,5011,6317,7701,9121,10512,1243,1251,1282,1306,1384,1420,1391
28790,"Reichert, Jake",non-elite,1302,2583,3862,5167,6447,7764,9111,10491,1281,1279,1305,1280,1317,1347,1380
28791,"Hawley, Bradley L",non-elite,1260,2514,3745,5007,6285,7645,9074,10487,1254,1231,1262,1278,1360,1429,1413
28792,"Hickie, Sarah",non-elite,1243,2479,3722,4977,6276,7649,9112,10548,1236,1243,1255,1299,1373,1463,1436
28793,"Wolfe, Michael",non-elite,1246,2507,3758,5027,6290,7625,9051,10466,1261,1251,1269,1263,1335,1426,1415
28794,"Niska, Bobby",non-elite,1120,2283,3473,4692,5962,7367,8883,10434,1163,1190,1219,1270,1405,1516,1551
28795,"Keefer, Michael J.",non-elite,1190,2376,3540,4744,5973,7296,8828,10404,1186,1164,1204,1229,1323,1532,1576
28796,"Van Assche, Ari",non-elite,1299,2598,3878,5177,6481,7821,9193,10544,1299,1280,1299,1304,1340,1372,1351
28797,"Whitfield, Bob",non-elite,1264,2538,3817,5117,6462,7845,9237,10577,1274,1279,1300,1345,1383,1392,1340
28798,"Thompson, Darren",non-elite,1243,2486,3737,5006,6293,7673,9089,10492,1243,1251,1269,1287,1380,1416,1403
28799,"Arpin, Brett",non-elite,1198,2388,3575,4796,6061,7464,8966,10477,1190,1187,1221,1265,1403,1502,1511
28800,"Richards, Tammy A.",non-elite,1198,2426,3698,5037,6394,7787,9230,10558,1228,1272,1339,1357,1393,1443,1328
28801,"Coligado, David M",non-elite,1298,2608,3905,5213,6525,7863,9213,10546,1310,1297,1308,1312,1338,1350,1333
28802,"Jones, David J.",non-elite,1253,2510,3776,5056,6353,7708,9123,10526,1257,1266,1280,1297,1355,1415,1403
28803,"Klene, Mary E.",non-elite,1253,2525,3811,5139,6457,7812,9227,10569,1272,1286,1328,1318,1355,1415,1342
28804,"Magnuson, Samuel K",non-elite,1153,2323,3529,4763,6022,7348,8728,10450,1170,1206,1234,1259,1326,1380,1722
28805,"Funk, Dennis L.",non-elite,1268,2528,3806,5107,6408,7769,9180,10543,1260,1278,1301,1301,1361,1411,1363
28806,"Mcginnis, William M Jr.",non-elite,1231,2466,3706,4965,6290,7694,9128,10546,1235,1240,1259,1325,1404,1434,1418
28807,"Card, Eric",non-elite,1268,2525,3774,5028,6305,7655,9070,10495,1257,1249,1254,1277,1350,1415,1425
28808,"Pantaleon, Pedro Sr.",non-elite,1290,2582,3878,5188,6492,7818,9179,10537,1292,1296,1310,1304,1326,1361,1358
28809,"Siegel, Tim",non-elite,1289,2580,3879,5192,6508,7862,9217,10561,1291,1299,1313,1316,1354,1355,1344
28810,"Mcalister, John",non-elite,1303,2608,3906,5212,6553,7905,9275,10587,1305,1298,1306,1341,1352,1370,1312
28811,"Desruisseaux, Carl Sr.",non-elite,1157,2360,3558,4781,6020,7342,8821,10397,1203,1198,1223,1239,1322,1479,1576
28812,"Gelletich, Scott E.",non-elite,1251,2506,3772,5065,6362,7724,9117,10525,1255,1266,1293,1297,1362,1393,1408
28813,"Lawson, Matthew",non-elite,1187,2374,3576,4837,6175,7605,9109,10555,1187,1202,1261,1338,1430,1504,1446
28814,"Harker, Joseph C",non-elite,1213,2418,3686,4951,6224,7563,9014,10509,1205,1268,1265,1273,1339,1451,1495
28815,"Silver, Elie",non-elite,1253,2497,3758,5071,6379,7744,9167,10547,1244,1261,1313,1308,1365,1423,1380
28816,"Crago, Stephen P",non-elite,1288,2571,3848,5130,6393,7699,9074,10499,1283,1277,1282,1263,1306,1375,1425
28817,"Mayer, Karl",non-elite,1267,2498,3708,4912,6128,7412,8805,10387,1231,1210,1204,1216,1284,1393,1582
28818,"Lambert, Thomas E.",non-elite,1260,2533,3805,5084,6362,7719,9127,10541,1273,1272,1279,1278,1357,1408,1414
28819,"Vande Walle, David M.",non-elite,1226,2460,3703,4945,6205,7550,9005,10496,1234,1243,1242,1260,1345,1455,1491
28820,"Jonguitud, Vicente",non-elite,1204,2396,3604,4835,6100,7463,8919,10433,1192,1208,1231,1265,1363,1456,1514
28821,"Bigelow, Elizabeth",non-elite,1363,2697,4009,5324,6626,7970,9313,10592,1334,1312,1315,1302,1344,1343,1279
28822,"Harrington, Colin K",non-elite,1274,2569,3853,5143,6435,7766,9138,10530,1295,1284,1290,1292,1331,1372,1392
28823,"Rochier, Loic",non-elite,1286,2546,3846,5180,6481,7808,9210,10559,1260,1300,1334,1301,1327,1402,1349
28824,"Garcia, Jerry M.",non-elite,1244,2469,3716,4985,6271,7695,9147,10554,1225,1247,1269,1286,1424,1452,1407
28825,"Smith, Brady M.",non-elite,1274,2546,3822,5158,6501,7879,9281,10611,1272,1276,1336,1343,1378,1402,1330
28826,"Newhauser, Richard",non-elite,1311,2603,3899,5217,6540,7903,9255,10573,1292,1296,1318,1323,1363,1352,1318
28827,"Cooper, Juris W",non-elite,1284,2592,3867,5184,6470,7799,9177,10573,1308,1275,1317,1286,1329,1378,1396
28828,"Rivera, Christian",non-elite,1248,2469,3699,4967,6275,7791,9223,10583,1221,1230,1268,1308,1516,1432,1360
28829,"Zavalishin, Joseph C.",non-elite,1255,2511,3781,5056,6323,7606,8956,10486,1256,1270,1275,1267,1283,1350,1530
28830,"Young, Sarah E",non-elite,1308,2590,3861,5174,6488,7830,9221,10611,1282,1271,1313,1314,1342,1391,1390
28831,"Jones, Zack E.",non-elite,1312,2627,3879,5161,6439,7777,9144,10544,1315,1252,1282,1278,1338,1367,1400
28832,"Lauck, Bryanne J",non-elite,1311,2596,3895,5203,6524,7856,9225,10578,1285,1299,1308,1321,1332,1369,1353
28833,"Ruel, Conor",non-elite,1260,2519,3778,5070,6361,7700,9095,10508,1259,1259,1292,1291,1339,1395,1413
28834,"Funakoshi, Yuji",non-elite,1123,2249,3432,4692,5986,7533,9034,10514,1126,1183,1260,1294,1547,1501,1480
28835,"Dennison, Bill",non-elite,1224,2451,3676,4932,6205,7561,9000,10505,1227,1225,1256,1273,1356,1439,1505
28836,"Huckle, Nathan E",non-elite,1316,2612,3893,5183,6473,7807,9182,10548,1296,1281,1290,1290,1334,1375,1366
28837,"David, Gary C.",non-elite,1290,2607,3893,5174,6484,7810,9159,10561,1317,1286,1281,1310,1326,1349,1402
28838,"Rodriguez, Claudio",non-elite,1283,2586,3919,5267,6595,7943,9282,10591,1303,1333,1348,1328,1348,1339,1309
28839,"Alexander, Jeff",non-elite,1283,2579,3874,5180,6489,7827,9207,10561,1296,1295,1306,1309,1338,1380,1354
28840,"Davis, Michael",non-elite,1225,2473,3721,5009,6322,7728,9153,10594,1248,1248,1288,1313,1406,1425,1441
28841,"Garrison, Scott",non-elite,1244,2488,3740,5014,6312,7685,9129,10557,1244,1252,1274,1298,1373,1444,1428
28842,"Lentini, Michael R.",non-elite,1324,2639,3932,5233,6513,7820,9160,10499,1315,1293,1301,1280,1307,1340,1339
28843,"Tiedeman, Michael F.",non-elite,1237,2452,3676,4966,6274,7642,9076,10530,1215,1224,1290,1308,1368,1434,1454
28844,"Clattenburg, Rachel",non-elite,1293,2580,3869,5183,6493,7819,9175,10552,1287,1289,1314,1310,1326,1356,1377
28845,"Muskopf, Christopher",non-elite,1143,2297,3459,4632,5834,7136,8551,10108,1154,1162,1173,1202,1302,1415,1557
28846,"Rainey, Chandler",non-elite,1286,2574,3862,5146,6423,7749,9148,10543,1288,1288,1284,1277,1326,1399,1395
28847,"Ito, Rina",non-elite,1314,2617,3920,5241,6559,7904,9262,10597,1303,1303,1321,1318,1345,1358,1335
28848,"Rojkind, Michel H",non-elite,1339,2636,3925,5208,6495,7790,9124,10487,1297,1289,1283,1287,1295,1334,1363
28849,"Noxon, Bruce",non-elite,1276,2573,3849,5142,6439,7790,9179,10577,1297,1276,1293,1297,1351,1389,1398
28850,"Reynolds, Justin A.",non-elite,1238,2462,3691,4932,6195,7567,9030,10481,1224,1229,1241,1263,1372,1463,1451
28851,"Tong, Frank",non-elite,1278,2568,3859,5167,6492,7848,9220,10584,1290,1291,1308,1325,1356,1372,1364
28852,"Zhu, Frank",non-elite,1130,2257,3396,4552,5726,6977,8317,10110,1127,1139,1156,1174,1251,1340,1793
28853,"Alvarez, Ian R",non-elite,1279,2551,3830,5133,6438,7794,9179,10568,1272,1279,1303,1305,1356,1385,1389
28854,"Pujol, Santiago",non-elite,1304,2586,3862,5138,6422,7767,9149,10554,1282,1276,1276,1284,1345,1382,1405
28855,"Rosenberger, Darrell",non-elite,1296,2596,3899,5222,6543,7895,9263,10596,1300,1303,1323,1321,1352,1368,1333
28856,"Lynch, Charles",non-elite,1220,2451,3717,5006,6352,7755,9166,10577,1231,1266,1289,1346,1403,1411,1411
28857,"Kelman, Erin M",non-elite,1298,2569,3841,5119,6401,7741,9162,10573,1271,1272,1278,1282,1340,1421,1411
28858,"Herra Arroyo, Gabriela",non-elite,1254,2498,3788,5124,6434,7804,9212,10561,1244,1290,1336,1310,1370,1408,1349
28859,"Asano Filho, Paulo S. Sr.",non-elite,1261,2522,3788,5070,6383,7757,9163,10557,1261,1266,1282,1313,1374,1406,1394
28860,"Mandak, Greg",non-elite,1258,2510,3732,4974,6213,7507,8843,10206,1252,1222,1242,1239,1294,1336,1363
28861,"Balsam, Benjamin",non-elite,1235,2516,3798,5108,6422,7808,9206,10576,1281,1282,1310,1314,1386,1398,1370
28862,"Godale, Stephen",non-elite,1302,2586,3866,5196,6500,7862,9248,10588,1284,1280,1330,1304,1362,1386,1340
28863,"Dugan, Kevney",non-elite,1274,2525,3766,5062,6335,7685,9109,10529,1251,1241,1296,1273,1350,1424,1420
28864,"Johnson, Mary",non-elite,1304,2591,3883,5181,6488,7843,9237,10593,1287,1292,1298,1307,1355,1394,1356
28865,"Zakaluzny, Andrew J",non-elite,1279,2545,3823,5119,6418,7743,9126,10537,1266,1278,1296,1299,1325,1383,1411
28866,"Reeve, Andrew D.",non-elite,1216,2445,3689,4941,6208,7552,8973,10479,1229,1244,1252,1267,1344,1421,1506
28867,"Kelsey, Dennis",non-elite,1299,2591,3859,5157,6454,7775,9125,10581,1292,1268,1298,1297,1321,1350,1456
28868,"Biscaro, Dante",non-elite,1276,2549,3834,5134,6424,7743,9123,10540,1273,1285,1300,1290,1319,1380,1417
28869,"Rutledge, Richard S",non-elite,1288,2580,3861,5158,6443,7757,9139,10576,1292,1281,1297,1285,1314,1382,1437
28870,"Vermesh, Udi B",non-elite,1278,2559,3836,5127,6434,7801,9189,10576,1281,1277,1291,1307,1367,1388,1387
28871,"White, Richard B.",non-elite,1282,2565,3857,5163,6459,7815,9205,10565,1283,1292,1306,1296,1356,1390,1360
28872,"Leach, Adam J",non-elite,1249,2493,3754,5032,6328,7685,9101,10543,1244,1261,1278,1296,1357,1416,1442
28873,"Evans, Rick",non-elite,1179,2371,3603,4870,6156,7513,8949,10539,1192,1232,1267,1286,1357,1436,1590
28874,"Grupp, Matthias",non-elite,1246,2495,3756,5040,6347,7707,9118,10548,1249,1261,1284,1307,1360,1411,1430
28875,"Tayeri, Thomas",non-elite,1279,2559,3827,5121,6409,7840,9240,10595,1280,1268,1294,1288,1431,1400,1355
28876,"Safrit, Alexander J",non-elite,1267,2528,3778,5067,6334,7619,8985,10504,1261,1250,1289,1267,1285,1366,1519
28877,"Perreault, Jocelyn",non-elite,1324,2646,3954,5271,6577,7925,9278,10601,1322,1308,1317,1306,1348,1353,1323
28878,"Viscardo, Peter",non-elite,1208,2403,3597,4806,6017,7336,8909,10465,1195,1194,1209,1211,1319,1573,1556
28879,"Woo, April M.",non-elite,1275,2544,3812,5104,6408,7779,9200,10573,1269,1268,1292,1304,1371,1421,1373
28880,"Vance, Jenny",non-elite,1290,2584,3870,5185,6498,7840,9215,10583,1294,1286,1315,1313,1342,1375,1368
28881,"Chin, Lawrence D",non-elite,1192,2384,3685,4998,6389,7813,9204,10576,1192,1301,1313,1391,1424,1391,1372
28882,"Mudlo, Dylan M",non-elite,1289,2545,3797,5056,6320,7650,8994,10514,1256,1252,1259,1264,1330,1344,1520
28883,"Ribeiro, Welington Sr.",non-elite,1275,2537,3803,5088,6381,7716,9071,10476,1262,1266,1285,1293,1335,1355,1405
28884,"Belk, Andy",non-elite,1266,2511,3774,5073,6374,7750,9154,10557,1245,1263,1299,1301,1376,1404,1403
28885,"Cardenas, Alberto",non-elite,1253,2512,3774,5057,6346,7684,9100,10512,1259,1262,1283,1289,1338,1416,1412
28886,"Gajadhar, Grant",non-elite,1265,2567,3849,5156,6471,7848,9215,10610,1302,1282,1307,1315,1377,1367,1395
28887,"Stevens, George R.",non-elite,1240,2525,3825,5137,6433,7826,9207,10578,1285,1300,1312,1296,1393,1381,1371
28888,"Ebril, Mikhail",non-elite,1185,2423,3717,5047,6372,7742,9170,10553,1238,1294,1330,1325,1370,1428,1383
28889,"Gwynn, Thomas",non-elite,1238,2457,3686,4925,6241,7585,8998,10564,1219,1229,1239,1316,1344,1413,1566
28890,"Palmer, Emilee",non-elite,1238,2514,3794,5101,6400,7751,9174,10560,1276,1280,1307,1299,1351,1423,1386
28891,"Williams, Kristofer J.",non-elite,1273,2536,3787,5068,6364,7709,9085,10538,1263,1251,1281,1296,1345,1376,1453
28892,"Kalescky, Robert",non-elite,1336,2655,3964,5277,6589,7924,9277,10604,1319,1309,1313,1312,1335,1353,1327
28893,"Markwell, Anson",non-elite,1272,2502,3739,5004,6274,7627,9080,10549,1230,1237,1265,1270,1353,1453,1469
28894,"Goldstein, Adam",non-elite,1236,2455,3660,4910,6226,7702,9127,10575,1219,1205,1250,1316,1476,1425,1448
28895,"Traiser, Miles J",non-elite,1223,2449,3684,4920,6180,7559,9018,10512,1226,1235,1236,1260,1379,1459,1494
28896,"Xia, Quanxin",non-elite,1287,2553,3833,5128,6434,7794,9207,10603,1266,1280,1295,1306,1360,1413,1396
28897,"Metzger, Christopher A",non-elite,1294,2590,3872,5161,6443,7775,9168,10561,1296,1282,1289,1282,1332,1393,1393
28898,"Glendenning, Travis R",non-elite,1261,2507,3761,5015,6282,7590,9023,10543,1246,1254,1254,1267,1308,1433,1520
28899,"Wild, Sara K",non-elite,1270,2544,3815,5105,6409,7763,9169,10590,1274,1271,1290,1304,1354,1406,1421
28900,"Sommer, Matthew P.",non-elite,1335,2664,3989,5311,6626,7963,9312,10632,1329,1325,1322,1315,1337,1349,1320
28901,"Capriccioso, Christina",non-elite,1266,2535,3803,5102,6391,7745,9151,10564,1269,1268,1299,1289,1354,1406,1413
28902,"Chaves, Mario E.",non-elite,1374,2615,3884,5160,6456,7771,9160,10571,1241,1269,1276,1296,1315,1389,1411
28903,"D'Amico, Mandi L",non-elite,1284,2596,3936,5281,6589,7911,9260,10597,1312,1340,1345,1308,1322,1349,1337
28904,"Weber, Luke W",non-elite,1178,2377,3584,4838,6148,7566,9068,10565,1199,1207,1254,1310,1418,1502,1497
28905,"Hinson, Kimberly",non-elite,1248,2472,3714,4989,6291,7686,9106,10551,1224,1242,1275,1302,1395,1420,1445
28906,"Kistner, Brian R",non-elite,1239,2481,3761,5041,6343,7716,9126,10537,1242,1280,1280,1302,1373,1410,1411
28907,"Marescaux, Matthieu A",non-elite,1238,2487,3761,5072,6394,7775,9193,10581,1249,1274,1311,1322,1381,1418,1388
28908,"Leclerc, Maxime Olivier",non-elite,1290,2543,3793,5059,6357,7717,9156,10599,1253,1250,1266,1298,1360,1439,1443
28909,"Zhou, Chao",non-elite,1245,2517,3793,5112,6432,7813,9288,10598,1272,1276,1319,1320,1381,1475,1310
28910,"Barrett, John S.",non-elite,1202,2439,3690,4974,6290,7671,9124,10576,1237,1251,1284,1316,1381,1453,1452
28911,"Gonzalez Reece, Juan Diego",non-elite,1317,2602,3881,5180,6484,7850,9242,10587,1285,1279,1299,1304,1366,1392,1345
28912,"Davidow, Peter A",non-elite,1259,2528,3813,5123,6455,7832,9230,10616,1269,1285,1310,1332,1377,1398,1386
28913,"Warner, John",non-elite,1293,2564,3827,5114,6405,7736,9152,10558,1271,1263,1287,1291,1331,1416,1406
28914,"Amoroso, Samuel",non-elite,1261,2510,3773,5074,6408,7779,9211,10604,1249,1263,1301,1334,1371,1432,1393
28915,"Kriesel, Blaine Jr.",non-elite,1308,2620,3913,5222,6541,7896,9268,10614,1312,1293,1309,1319,1355,1372,1346
28916,"Fernandez Mitre, Javier F. Sr.",non-elite,1254,2520,3799,5088,6375,7712,9111,10526,1266,1279,1289,1287,1337,1399,1415
28917,"Roach, Gabriel S.",non-elite,1161,2342,3592,4918,6243,7643,9104,10515,1181,1250,1326,1325,1400,1461,1411
28918,"Lee, Jaedon",non-elite,1199,2427,3715,5097,6465,7834,9214,10605,1228,1288,1382,1368,1369,1380,1391
28919,"Burciaga-Schober, Magaly",non-elite,1301,2580,3861,5166,6446,7763,9166,10572,1279,1281,1305,1280,1317,1403,1406
28920,"Heinzman, Richard",non-elite,1272,2521,3772,5040,6307,7652,9122,10577,1249,1251,1268,1267,1345,1470,1455
28921,"Bednar, Christopher",non-elite,1170,2356,3570,4792,6056,7427,8878,10523,1186,1214,1222,1264,1371,1451,1645
28922,"Beisel, Josh",non-elite,1252,2480,3703,4959,6302,7697,9171,10598,1228,1223,1256,1343,1395,1474,1427
28923,"Vanberg, Georg",non-elite,1277,2585,3888,5221,6538,7875,9253,10604,1308,1303,1333,1317,1337,1378,1351
28924,"Henley, Alice",non-elite,1238,2463,3724,5026,6338,7709,9154,10570,1225,1261,1302,1312,1371,1445,1416
28925,"Saunders, Steve",non-elite,1320,2621,3908,5200,6488,7810,9163,10542,1301,1287,1292,1288,1322,1353,1379
28926,"Laumann, Scott R",non-elite,1210,2424,3639,4885,6168,7554,9027,10587,1214,1215,1246,1283,1386,1473,1560
28927,"Kitano, Masahiro",non-elite,1279,2553,3848,5171,6485,7842,9271,10640,1274,1295,1323,1314,1357,1429,1369
28928,"Cadiz, Laura",non-elite,1178,2419,3714,5046,6359,7715,9163,10589,1241,1295,1332,1313,1356,1448,1426
28929,"Toyokawa, Teru",non-elite,1303,2594,3901,5225,6551,7910,9283,10627,1291,1307,1324,1326,1359,1373,1344
28930,"Sauvola, Lars",non-elite,1234,2517,3812,5120,6440,7814,9228,10616,1283,1295,1308,1320,1374,1414,1388
28931,"De La Riva, Juan Carlos",non-elite,1248,2510,3778,5056,6352,7726,9144,10583,1262,1268,1278,1296,1374,1418,1439
28932,"Williams, Jason G.",non-elite,1275,2552,3840,5143,6428,7773,9186,10573,1277,1288,1303,1285,1345,1413,1387
28934,"Van Fleet, Joseph",non-elite,1273,2553,3830,5115,6416,7792,9208,10604,1280,1277,1285,1301,1376,1416,1396
28935,"Krafft, Joseph M.",non-elite,1245,2504,3766,5048,6336,7680,9094,10556,1259,1262,1282,1288,1344,1414,1462
28936,"Proulx, Jean-Philippe",non-elite,1239,2467,3698,4970,6263,7634,9083,10559,1228,1231,1272,1293,1371,1449,1476
28937,"Kielty, Colin R",non-elite,1281,2542,3792,5060,6332,7654,9058,10519,1261,1250,1268,1272,1322,1404,1461
28938,"Kretz, Jamie",non-elite,1275,2537,3808,5111,6429,7798,9200,10591,1262,1271,1303,1318,1369,1402,1391
28939,"Sanchez, Rony H.",non-elite,1246,2485,3736,5015,6313,7666,9077,10554,1239,1251,1279,1298,1353,1411,1477
28940,"Villeneuve, Christian",non-elite,1220,2466,3729,5014,6314,7679,9137,10564,1246,1263,1285,1300,1365,1458,1427
28941,"Brown, Claire",non-elite,1260,2525,3779,5113,6372,7695,9210,10596,1265,1254,1334,1259,1323,1515,1386
28942,"Tennent, Loren",non-elite,1277,2536,3814,5105,6416,7774,9165,10575,1259,1278,1291,1311,1358,1391,1410
28943,"Nichols, Steve",non-elite,1271,2540,3818,5097,6380,7729,9154,10546,1269,1278,1279,1283,1349,1425,1392
28944,"Mulder, Jeffrey",non-elite,1226,2424,3613,4811,6055,7407,8964,10580,1198,1189,1198,1244,1352,1557,1616
28945,"Stefanello, Claudio",non-elite,1188,2412,3684,5009,6330,7714,9160,10565,1224,1272,1325,1321,1384,1446,1405
28946,"O'Dell, Leslie",non-elite,1284,2556,3826,5126,6436,7795,9198,10588,1272,1270,1300,1310,1359,1403,1390
28947,"Rivadeneira, Francisco",non-elite,1292,2599,3891,5202,6501,7851,9235,10588,1307,1292,1311,1299,1350,1384,1353
28948,"Kelley, Sean",non-elite,1302,2608,3911,5222,6531,7866,9210,10578,1306,1303,1311,1309,1335,1344,1368
28949,"Lightfield, Chris",non-elite,1209,2399,3591,4810,6050,7326,8690,10629,1190,1192,1219,1240,1276,1364,1939
28950,"Lee, Derek",non-elite,1087,2183,3275,4371,5493,6757,8389,10402,1096,1092,1096,1122,1264,1632,2013
28951,"Doyle, Anthony P.",non-elite,1262,2505,3765,5059,6387,7760,9151,10545,1243,1260,1294,1328,1373,1391,1394
28952,"Wittmer, Sean",non-elite,1170,2324,3488,4717,5966,7420,9097,10654,1154,1164,1229,1249,1454,1677,1557
28953,"Lopez Albujar, Alfredo",non-elite,1155,2338,3530,4759,6024,7405,8896,10470,1183,1192,1229,1265,1381,1491,1574
28954,"Grosscup, Neil D",non-elite,1210,2420,3645,4902,6230,7660,9156,10587,1210,1225,1257,1328,1430,1496,1431
28955,"Deveney, Terry T.",non-elite,1261,2534,3801,5114,6443,7805,9187,10583,1273,1267,1313,1329,1362,1382,1396
28956,"Mccreary, Joel",non-elite,1405,2769,4110,5442,6743,8060,9387,10663,1364,1341,1332,1301,1317,1327,1276
28957,"Fennelly, Ryan C",non-elite,1125,2268,3425,4617,6018,7453,8846,10433,1143,1157,1192,1401,1435,1393,1587
28958,"Archambault, Paul",non-elite,1324,2628,3919,5203,6482,7812,9202,10609,1304,1291,1284,1279,1330,1390,1407
28959,"Crawford, Mike J",non-elite,1290,2578,3841,5136,6434,7777,9178,10577,1288,1263,1295,1298,1343,1401,1399
28960,"Matulewicz, Jason T",non-elite,1290,2557,3830,5114,6397,7738,9134,10552,1267,1273,1284,1283,1341,1396,1418
28961,"Reilley, Caitlyn B",non-elite,1340,2604,3966,5299,6637,7988,9331,10652,1264,1362,1333,1338,1351,1343,1321
28962,"Curtis, Matthew L.",non-elite,1274,2553,3823,5100,6376,7721,9125,10590,1279,1270,1277,1276,1345,1404,1465
28963,"Giunta, Suzanne",non-elite,1366,2738,4106,5478,6778,8074,9361,10623,1372,1368,1372,1300,1296,1287,1262
28964,"Endo, Norikazu",non-elite,1101,2218,3336,4486,5646,6886,8638,10528,1117,1118,1150,1160,1240,1752,1890
28965,"Baker, Samuel",non-elite,1246,2485,3731,5004,6295,7652,9099,10564,1239,1246,1273,1291,1357,1447,1465
28966,"Hinse, Guillaume",non-elite,1226,2440,3667,4920,6191,7551,8995,10539,1214,1227,1253,1271,1360,1444,1544
28967,"Gasparotto, Alberto",non-elite,1244,2507,3783,5073,6356,7706,9119,10568,1263,1276,1290,1283,1350,1413,1449
28968,"Giro, Xavier",non-elite,1215,2430,3666,4914,6169,7485,8901,10506,1215,1236,1248,1255,1316,1416,1605
28969,"Falk, Josh",non-elite,1211,2421,3630,4855,6064,7332,8795,10517,1210,1209,1225,1209,1268,1463,1722
28970,"Schram, Remco P.",non-elite,1223,2430,3660,4902,6150,7481,8998,10568,1207,1230,1242,1248,1331,1517,1570
28971,"Volpe, Luiz Paulo P",non-elite,1262,2522,3787,5068,6383,7778,9226,10629,1260,1265,1281,1315,1395,1448,1403
28972,"Bok, Tomas J",non-elite,1323,2584,3837,5120,6424,7768,9203,10608,1261,1253,1283,1304,1344,1435,1405
28973,"Mckay, Arwen",non-elite,1275,2545,3811,5108,6422,7830,9249,10630,1270,1266,1297,1314,1408,1419,1381
28974,"Labranche, Sebastien",non-elite,1235,2506,3783,5075,6366,7854,9233,10618,1271,1277,1292,1291,1488,1379,1385
28975,"Arellano, Jessica",non-elite,1266,2538,3807,5090,6399,7762,9162,10555,1272,1269,1283,1309,1363,1400,1393
28976,"Axelrod, Brian D.",non-elite,1210,2420,3626,4840,6072,7398,8896,10495,1210,1206,1214,1232,1326,1498,1599
28977,"Parker, Alan W",non-elite,1266,2541,3813,5115,6441,7817,9219,10630,1275,1272,1302,1326,1376,1402,1411
28978,"Cadena, Daniel",non-elite,1286,2572,3849,5137,6435,7800,9214,10629,1286,1277,1288,1298,1365,1414,1415
28979,"Pike, Leo",non-elite,1175,2411,3660,4951,6294,7721,9148,10612,1236,1249,1291,1343,1427,1427,1464
28980,"Van De Velde, Guido Sr.",non-elite,1225,2454,3709,5005,6322,7697,9123,10568,1229,1255,1296,1317,1375,1426,1445
28981,"Lee, Kam S.",non-elite,1182,2398,3643,4905,6210,7548,9013,10555,1216,1245,1262,1305,1338,1465,1542
28982,"Neira Montano, Luis Alberto Sr.",non-elite,1309,2615,3929,5261,6585,7939,9318,10663,1306,1314,1332,1324,1354,1379,1345
28983,"Wertz, Jason",non-elite,1308,2596,3883,5185,6475,7804,9193,10577,1288,1287,1302,1290,1329,1389,1384
28984,"Piotrowski, Maciej Edward",non-elite,1222,2433,3635,4842,6056,7374,8961,10573,1211,1202,1207,1214,1318,1587,1612
28985,"Del Giglio, Carlo",non-elite,1324,2636,3941,5251,6586,7939,9317,10653,1312,1305,1310,1335,1353,1378,1336
28986,"Winton, Dustin L.",non-elite,1267,2543,3822,5147,6491,7876,9294,10655,1276,1279,1325,1344,1385,1418,1361
28987,"Combs, Hunter K",non-elite,1385,2738,4060,5401,6722,8057,9363,10657,1353,1322,1341,1321,1335,1306,1294
28988,"Ferrone, Chris",non-elite,1228,2466,3718,4994,6279,7638,9088,10576,1238,1252,1276,1285,1359,1450,1488
28989,"Padula, David",non-elite,1283,2533,3787,5065,6392,7802,9233,10612,1250,1254,1278,1327,1410,1431,1379
28990,"Barnette, Alan",non-elite,1213,2417,3647,4907,6197,7603,9052,10584,1204,1230,1260,1290,1406,1449,1532
28991,"Ortiz, Miguel A",non-elite,1334,2650,3964,5284,6601,7951,9329,10651,1316,1314,1320,1317,1350,1378,1322
28992,"Hunt, Heather M.",non-elite,1298,2630,3977,5319,6622,7931,9242,10582,1332,1347,1342,1303,1309,1311,1340
28993,"Quint, Ian",non-elite,1213,2445,3709,5018,6384,7776,9213,10609,1232,1264,1309,1366,1392,1437,1396
28994,"Prevost, Katherine",non-elite,1291,2564,3834,5126,6430,7787,9191,10603,1273,1270,1292,1304,1357,1404,1412
28995,"Johnson, Tom M",non-elite,1250,2526,3827,5149,6482,7854,9255,10623,1276,1301,1322,1333,1372,1401,1368
28996,"Ruiz S, Luis S",non-elite,1179,2343,3521,4763,6009,7310,8733,10441,1164,1178,1242,1246,1301,1423,1708
28997,"Ryan, Michael",non-elite,1213,2426,3679,4981,6316,7724,9190,10608,1213,1253,1302,1335,1408,1466,1418
28998,"Jacobs, Jason L",non-elite,1241,2517,3799,5116,6462,7895,9303,10647,1276,1282,1317,1346,1433,1408,1344
28999,"Larsson, Hans G.",non-elite,1273,2556,3850,5161,6466,7817,9205,10608,1283,1294,1311,1305,1351,1388,1403
29000,"Mckay, Nicholas A",non-elite,1243,2445,3654,4900,6198,7580,9093,10553,1202,1209,1246,1298,1382,1513,1460
29001,"Hughes, James",non-elite,1315,2612,3907,5200,6498,7846,9230,10607,1297,1295,1293,1298,1348,1384,1377
29002,"Belanger, Philippe",non-elite,1325,2645,3954,5274,6584,7936,9295,10649,1320,1309,1320,1310,1352,1359,1354
29003,"Lund, Mark",non-elite,1313,2623,3927,5243,6557,7901,9255,10628,1310,1304,1316,1314,1344,1354,1373
29004,"Daniels Jr, Errol",non-elite,1317,2665,3975,5315,6645,8010,9374,10669,1348,1310,1340,1330,1365,1364,1295
29005,"Bittfield, Jeff",non-elite,1270,2534,3796,5080,6398,7778,9201,10612,1264,1262,1284,1318,1380,1423,1411
29006,"Acosta Rosales, Edgar",non-elite,1168,2354,3582,4863,6165,7673,9203,10669,1186,1228,1281,1302,1508,1530,1466
29007,"Turner, Dustin S",non-elite,1335,2665,3995,5323,6663,8017,9358,10681,1330,1330,1328,1340,1354,1341,1323
29008,"Hansen Warming, Anders",non-elite,1267,2524,3787,5067,6345,7675,9075,10548,1257,1263,1280,1278,1330,1400,1473
29009,"Turner, Ryan R",non-elite,1335,2666,3995,5323,6663,8017,9358,10681,1331,1329,1328,1340,1354,1341,1323
29010,"Pereira, Andy",non-elite,1336,2638,3905,5181,6439,7763,9154,10594,1302,1267,1276,1258,1324,1391,1440
29011,"Riehle, Thomas D",non-elite,1274,2522,3762,5039,6351,7762,9201,10633,1248,1240,1277,1312,1411,1439,1432
29012,"Gonzalez Suarez, Hernando Sr.",non-elite,1225,2458,3767,5108,6449,7822,9233,10622,1233,1309,1341,1341,1373,1411,1389
29013,"Leon, Aurora",non-elite,1282,2587,3893,5227,6558,7939,9331,10655,1305,1306,1334,1331,1381,1392,1324
29014,"Doherty, George F III",non-elite,1278,2574,3884,5228,6569,7921,9277,10634,1296,1310,1344,1341,1352,1356,1357
29015,"Regehr, Les",non-elite,1300,2564,3842,5130,6404,7742,9155,10589,1264,1278,1288,1274,1338,1413,1434
29016,"Smith, Cameron A.",non-elite,1246,2513,3807,5130,6472,7853,9263,10641,1267,1294,1323,1342,1381,1410,1378
29017,"Schoeller, Erica L.",non-elite,1253,2524,3801,5084,6351,7678,9087,10558,1271,1277,1283,1267,1327,1409,1471
29018,"Wisneski, Rich",non-elite,1233,2486,3742,5021,6307,7645,9073,10579,1253,1256,1279,1286,1338,1428,1506
29019,"Toniatti, Steve A",non-elite,1251,2489,3727,4978,6237,7534,8851,10451,1238,1238,1251,1259,1297,1317,1600
29020,"Durward, Lori",non-elite,1286,2561,3844,5160,6481,7848,9242,10643,1275,1283,1316,1321,1367,1394,1401
29021,"Goelzer, Matthew T.",non-elite,1243,2492,3751,5061,6355,7714,9131,10594,1249,1259,1310,1294,1359,1417,1463
29022,"Fogarty, Zach",non-elite,1308,2600,3878,5174,6485,7834,9213,10619,1292,1278,1296,1311,1349,1379,1406
29023,"Shalyaev, Kirill V.",non-elite,1253,2518,3799,5117,6455,7817,9218,10622,1265,1281,1318,1338,1362,1401,1404
29024,"Lee, Jason A",non-elite,1309,2644,3973,5321,6656,7994,9351,10667,1335,1329,1348,1335,1338,1357,1316
29025,"Quinn, Eric A",non-elite,1260,2508,3761,5026,6315,7684,9144,10602,1248,1253,1265,1289,1369,1460,1458
29026,"Mayfield, Jason",non-elite,1261,2516,3776,5057,6377,7759,9165,10595,1255,1260,1281,1320,1382,1406,1430
29027,"Paul, Jennifer",non-elite,1281,2547,3812,5103,6408,7756,9133,10568,1266,1265,1291,1305,1348,1377,1435
29028,"Underdown, Garrett B",non-elite,1217,2438,3653,4917,6204,7544,9005,10527,1221,1215,1264,1287,1340,1461,1522
29029,"Boeltz, Kyle R",non-elite,1279,2548,3825,5137,6475,7839,9228,10634,1269,1277,1312,1338,1364,1389,1406
29030,"Oguz, Baki",non-elite,1297,2596,3884,5218,6549,7915,9296,10619,1299,1288,1334,1331,1366,1381,1323
29031,"Hosafros, Eric",non-elite,1284,2563,3832,5115,6405,7747,9129,10555,1279,1269,1283,1290,1342,1382,1426
29032,"Devine, Michael",non-elite,1192,2376,3576,4791,6112,7504,9032,10595,1184,1200,1215,1321,1392,1528,1563
29033,"Box, Paul M.",non-elite,1273,2553,3825,5099,6370,7696,9234,10634,1280,1272,1274,1271,1326,1538,1400
29034,"Anderson, Matthew D.",non-elite,1261,2527,3796,5073,6376,7747,9167,10615,1266,1269,1277,1303,1371,1420,1448
29035,"Spatt, Nicolas",non-elite,1251,2478,3716,4978,6246,7619,9095,10585,1227,1238,1262,1268,1373,1476,1490
29036,"Lampros, Austin",non-elite,1242,2474,3713,4976,6269,7637,9109,10606,1232,1239,1263,1293,1368,1472,1497
29037,"Cowell, Robert J.",non-elite,1254,2506,3776,5065,6343,7661,9059,10534,1252,1270,1289,1278,1318,1398,1475
29038,"Gurczak, Joseph",non-elite,1309,2595,3866,5158,6477,7825,9232,10636,1286,1271,1292,1319,1348,1407,1404
29039,"van Veghel, Petrus W.",non-elite,1209,2445,3748,5042,6362,7770,9225,10613,1236,1303,1294,1320,1408,1455,1388
29040,"Arias, Lenny",non-elite,1178,2369,3546,4746,6012,7517,9100,10606,1191,1177,1200,1266,1505,1583,1506
29041,"Seo, Koji",non-elite,1260,2506,3762,5046,6336,7694,9138,10578,1246,1256,1284,1290,1358,1444,1440
29042,"Wall, John",non-elite,1354,2693,4039,5403,6793,8149,9458,10703,1339,1346,1364,1390,1356,1309,1245
29043,"Matarese, Joseph",non-elite,1280,2540,3787,5072,6366,7727,9152,10600,1260,1247,1285,1294,1361,1425,1448
29044,"Kollars, Clinton P",non-elite,1268,2545,3845,5152,6481,7843,9213,10620,1277,1300,1307,1329,1362,1370,1407
29045,"Cavalari, Daniel J",non-elite,1269,2512,3750,5027,6300,7605,9126,10640,1243,1238,1277,1273,1305,1521,1514
29046,"Schmitt, Tommy J. Jr.",non-elite,1317,2628,3921,5232,6539,7904,9288,10659,1311,1293,1311,1307,1365,1384,1371
29047,"Kocanda, Anthony",non-elite,1244,2479,3701,4964,6263,7626,9090,10590,1235,1222,1263,1299,1363,1464,1500
29048,"Kreitals, Oskars",non-elite,1347,2555,3793,5064,6350,7689,9084,10555,1208,1238,1271,1286,1339,1395,1471
29049,"Pardo, Federico",non-elite,1313,2637,3961,5319,6666,8047,9391,10694,1324,1324,1358,1347,1381,1344,1303
29050,"Strohschein, Katie",non-elite,1278,2569,3907,5291,6642,7997,9357,10670,1291,1338,1384,1351,1355,1360,1313
29051,"Timmons, Patrick M.",non-elite,1336,2672,3999,5333,6653,7982,9393,10694,1336,1327,1334,1320,1329,1411,1301
29052,"Reese, Riley",non-elite,1271,2553,3843,5153,6462,7836,9249,10636,1282,1290,1310,1309,1374,1413,1387
29053,"Chamberlain, Joe E",non-elite,1312,2611,3916,5261,6613,7972,9344,10689,1299,1305,1345,1352,1359,1372,1345
29054,"Hancock, Chris",non-elite,1265,2559,3854,5184,6515,7851,9250,10647,1294,1295,1330,1331,1336,1399,1397
29055,"Girouard, Michael",non-elite,1318,2618,3911,5224,6522,7867,9252,10631,1300,1293,1313,1298,1345,1385,1379
29056,"O'Neill, Patrick R.",non-elite,1331,2658,3990,5285,6557,7943,9319,10679,1327,1332,1295,1272,1386,1376,1360
29057,"Moore, M.J.",non-elite,1163,2349,3547,4808,6186,7733,9155,10628,1186,1198,1261,1378,1547,1422,1473
29058,"Ciulla, Peter Jr.",non-elite,1304,2581,3887,5202,6515,7869,9247,10639,1277,1306,1315,1313,1354,1378,1392
29059,"Buck, Peter",non-elite,1278,2566,3847,5124,6396,7725,9089,10618,1288,1281,1277,1272,1329,1364,1529
29060,"Hannon, Michael",non-elite,1286,2565,3842,5138,6415,7767,9178,10630,1279,1277,1296,1277,1352,1411,1452
29061,"Suni, Caen",non-elite,1311,2622,3925,5244,6585,7941,9346,10688,1311,1303,1319,1341,1356,1405,1342
29062,"Foley, Scott",non-elite,1294,2603,3894,5184,6470,7778,9170,10618,1309,1291,1290,1286,1308,1392,1448
29063,"Bolullo, Olivier",non-elite,1251,2512,3772,5042,6364,7801,9227,10644,1261,1260,1270,1322,1437,1426,1417
29064,"Choi, Elizabeth S",non-elite,1293,2579,3865,5189,6525,7904,9308,10672,1286,1286,1324,1336,1379,1404,1364
29065,"Dunn, Matthew L",non-elite,1232,2497,3753,5034,6306,7597,9083,10607,1265,1256,1281,1272,1291,1486,1524
29066,"Klodowski, Emily L",non-elite,1287,2598,3905,5240,6588,7969,9346,10695,1311,1307,1335,1348,1381,1377,1349
29067,"Hadley, Ryan",non-elite,1204,2439,3711,5008,6387,7814,9286,10684,1235,1272,1297,1379,1427,1472,1398
29068,"Vela, Julio R.",non-elite,1185,2377,3579,4813,6081,7456,8939,10595,1192,1202,1234,1268,1375,1483,1656
29069,"Atkins, Bob",non-elite,1281,2557,3821,5122,6424,7788,9220,10624,1276,1264,1301,1302,1364,1432,1404
29070,"Krzan, Noah",non-elite,1318,2615,3896,5192,6480,7855,9254,10651,1297,1281,1296,1288,1375,1399,1397
29071,"Huntington, Franklin C",non-elite,1240,2495,3765,5027,6305,7639,9088,10652,1255,1270,1262,1278,1334,1449,1564
29072,"Lovesky, Jon",non-elite,1237,2466,3720,5023,6356,7776,9215,10629,1229,1254,1303,1333,1420,1439,1414
29073,"Beauchamp, Bret",non-elite,1337,2654,3973,5290,6603,7921,9277,10639,1317,1319,1317,1313,1318,1356,1362
29074,"Stolfer, Greg R",non-elite,1316,2617,3891,5166,6420,7744,9127,10549,1301,1274,1275,1254,1324,1383,1422
29075,"Feil, Justin",non-elite,1203,2418,3674,4984,6332,7739,9185,10612,1215,1256,1310,1348,1407,1446,1427
29076,"Liu, Xiaolin",non-elite,1291,2588,3882,5207,6528,7901,9286,10643,1297,1294,1325,1321,1373,1385,1357
29077,"Colarusso, Angela M.",non-elite,1309,2602,3875,5175,6492,7871,9277,10647,1293,1273,1300,1317,1379,1406,1370
29078,"Drendel, Conner O",non-elite,1248,2511,3787,5059,6327,7662,9098,10556,1263,1276,1272,1268,1335,1436,1458
29079,"Angle, Benjamin",non-elite,1245,2478,3720,4983,6250,7557,8935,10521,1233,1242,1263,1267,1307,1378,1586
29080,"Tuch, Ramon",non-elite,1306,2582,3848,5149,6447,7837,9277,10644,1276,1266,1301,1298,1390,1440,1367
29081,"Stack, Rachael E",non-elite,1258,2527,3818,5129,6466,7882,9306,10680,1269,1291,1311,1337,1416,1424,1374
29082,"Seo, Daniel",non-elite,1261,2499,3727,4977,6249,7633,9123,10641,1238,1228,1250,1272,1384,1490,1518
29083,"Barrera, Felix",non-elite,1285,2569,3864,5170,6491,7848,9253,10638,1284,1295,1306,1321,1357,1405,1385
29084,"Carey, Aaron",non-elite,1302,2597,3898,5202,6508,7835,9212,10636,1295,1301,1304,1306,1327,1377,1424
29085,"Muller, Steve",non-elite,1306,2529,3824,5097,6344,7708,9207,10634,1223,1295,1273,1247,1364,1499,1427
29086,"Kozlowski, Joel",non-elite,1275,2538,3799,5090,6437,7838,9272,10670,1263,1261,1291,1347,1401,1434,1398
29087,"Turpin, Rob",non-elite,1308,2620,3959,5301,6643,8000,9361,10693,1312,1339,1342,1342,1357,1361,1332
29088,"Armijo, Jesse",non-elite,1044,2104,3198,4412,5741,7308,8920,10552,1060,1094,1214,1329,1567,1612,1632
29089,"Noble, Eric",non-elite,1211,2429,3674,4947,6259,7612,9074,10593,1218,1245,1273,1312,1353,1462,1519
29090,"Kieszek, Drew J.",non-elite,1292,2573,3854,5143,6410,7691,9036,10594,1281,1281,1289,1267,1281,1345,1558
29091,"Robin, Guillaume",non-elite,1279,2546,3807,5082,6361,7747,9175,10655,1267,1261,1275,1279,1386,1428,1480
29092,"Tyler, Kurtland L",non-elite,1226,2430,3647,4869,6110,7509,9034,10641,1204,1217,1222,1241,1399,1525,1607
29093,"Bucci, John",non-elite,1298,2575,3850,5140,6431,7760,9144,10593,1277,1275,1290,1291,1329,1384,1449
29094,"Borillo, Aidan J",non-elite,1242,2489,3752,5010,6343,7734,9181,10634,1247,1263,1258,1333,1391,1447,1453
29095,"Lammers, Eric S",non-elite,1339,2649,3957,5281,6598,7939,9325,10685,1310,1308,1324,1317,1341,1386,1360
29096,"Gongora, Enrique",non-elite,1204,2442,3707,5022,6388,7841,9314,10686,1238,1265,1315,1366,1453,1473,1372
29097,"Bang, Steven W.",non-elite,1295,2554,3830,5113,6396,7758,9199,10621,1259,1276,1283,1283,1362,1441,1422
29098,"Boateng, Rowland",non-elite,1219,2481,3804,5155,6496,7900,9298,10674,1262,1323,1351,1341,1404,1398,1376
29099,"Schubel, Leah C",non-elite,1266,2539,3831,5156,6490,7870,9281,10661,1273,1292,1325,1334,1380,1411,1380
29100,"O'Laoi, Ruadhan S.",non-elite,1231,2462,3717,5027,6361,7761,9194,10620,1231,1255,1310,1334,1400,1433,1426
29101,"Widlowski, Daniel",non-elite,1224,2447,3651,4867,6194,7686,9162,10664,1223,1204,1216,1327,1492,1476,1502
29102,"Hinkle, Kevin M.",non-elite,1300,2594,3881,5181,6480,7811,9193,10619,1294,1287,1300,1299,1331,1382,1426
29103,"Perez, Miguel A. Sr.",non-elite,1211,2433,3665,4933,6264,7667,9113,10564,1222,1232,1268,1331,1403,1446,1451
29104,"Ikard, Larry J",non-elite,1282,2538,3809,5107,6433,7826,9231,10632,1256,1271,1298,1326,1393,1405,1401
29105,"Stone, Gregory S.",non-elite,1233,2478,3763,5081,6386,7747,9144,10550,1245,1285,1318,1305,1361,1397,1406
29106,"Moore, Gary A.",non-elite,1275,2562,3838,5137,6434,7758,9113,10589,1287,1276,1299,1297,1324,1355,1476
29107,"Kolarcik, Marek",non-elite,1280,2546,3822,5160,6472,7876,9256,10642,1266,1276,1338,1312,1404,1380,1386
29108,"Zelonis, Christopher M.",non-elite,1286,2548,3807,5077,6348,7684,9089,10572,1262,1259,1270,1271,1336,1405,1483
29109,"Johnson, David T.",non-elite,1246,2436,3633,4839,6061,7401,8966,10566,1190,1197,1206,1222,1340,1565,1600
29110,"Kalechstein, Simon",non-elite,1325,2663,3980,5308,6627,7978,9354,10684,1338,1317,1328,1319,1351,1376,1330
29111,"Traffie, Nels",non-elite,1283,2582,3878,5198,6517,7882,9301,10687,1299,1296,1320,1319,1365,1419,1386
29112,"Clifford, Scott A",non-elite,1289,2573,3857,5174,6486,7840,9255,10649,1284,1284,1317,1312,1354,1415,1394
29113,"Acton, Rob S",non-elite,1274,2556,3841,5138,6449,7807,9220,10631,1282,1285,1297,1311,1358,1413,1411
29114,"Caputo, Michael",non-elite,1311,2639,3957,5309,6644,8008,9372,10659,1328,1318,1352,1335,1364,1364,1287
29115,"Lagucik, James A Jr.",non-elite,1334,2660,3985,5324,6649,8003,9358,10694,1326,1325,1339,1325,1354,1355,1336
29116,"Cervantes, Jose L",non-elite,1265,2506,3792,5124,6460,7886,9344,10672,1241,1286,1332,1336,1426,1458,1328
29117,"Hein, Jansen W",non-elite,1334,2660,3985,5324,6650,8003,9357,10698,1326,1325,1339,1326,1353,1354,1341
29118,"Adamshick, Mike",non-elite,1275,2564,3853,5169,6496,7876,9285,10682,1289,1289,1316,1327,1380,1409,1397
29119,"Buselmeier, Nancy M.",non-elite,1191,2377,3582,4846,6175,7615,9096,10596,1186,1205,1264,1329,1440,1481,1500
29120,"Peragine, Michael J. Jr.",non-elite,1197,2394,3616,4878,6228,7717,9221,10659,1197,1222,1262,1350,1489,1504,1438
29121,"Jendusa, Jake",non-elite,1288,2560,3848,5161,6495,7865,9286,10653,1272,1288,1313,1334,1370,1421,1367
29122,"Lin, Ashley",non-elite,1345,2671,3980,5311,6632,7957,9310,10666,1326,1309,1331,1321,1325,1353,1356
29123,"Candelaria, Linus",non-elite,1206,2427,3665,4944,6248,7650,9102,10569,1221,1238,1279,1304,1402,1452,1467
29124,"Lott, Jon",non-elite,1255,2510,3761,5046,6346,7748,9178,10639,1255,1251,1285,1300,1402,1430,1461
29125,"Govednik, Jonathan",non-elite,1217,2436,3654,4943,6259,7642,9094,10588,1219,1218,1289,1316,1383,1452,1494
29126,"Breault, Edmund",non-elite,1227,2466,3704,4958,6212,7555,8968,10589,1239,1238,1254,1254,1343,1413,1621
29127,"Frake, Brian",non-elite,1168,2337,3522,4768,6171,7604,9165,10635,1169,1185,1246,1403,1433,1561,1470
29128,"Lout, Meghan",non-elite,1182,2366,3573,4819,6156,7629,9084,10576,1184,1207,1246,1337,1473,1455,1492
29129,"Pangapalan, Fred",non-elite,1279,2575,3881,5206,6515,7858,9275,10688,1296,1306,1325,1309,1343,1417,1413
29130,"Muench, Jan",non-elite,1213,2441,3701,5011,6344,7748,9193,10639,1228,1260,1310,1333,1404,1445,1446
29131,"Mulvaney, Connor T",non-elite,1297,2598,3895,5218,6575,7934,9330,10704,1301,1297,1323,1357,1359,1396,1374
29132,"Henke, Christian",non-elite,1268,2537,3815,5120,6434,7816,9215,10639,1269,1278,1305,1314,1382,1399,1424
29133,"Gerlach, Christopher P",non-elite,1231,2475,3733,5032,6348,7742,9229,10654,1244,1258,1299,1316,1394,1487,1425
29134,"Walters, Allie",non-elite,1284,2551,3829,5154,6507,7887,9290,10679,1267,1278,1325,1353,1380,1403,1389
29135,"Yon, Corey",non-elite,1293,2601,3908,5213,6517,7855,9241,10635,1308,1307,1305,1304,1338,1386,1394
29136,"Spannaus, Michaela",non-elite,1259,2515,3809,5140,6451,7803,9225,10652,1256,1294,1331,1311,1352,1422,1427
29137,"Kharitonov, Tony",non-elite,1235,2475,3732,5020,6334,7732,9175,10664,1240,1257,1288,1314,1398,1443,1489
29138,"Brady, Lance",non-elite,1210,2440,3691,5008,6361,7776,9247,10674,1230,1251,1317,1353,1415,1471,1427
29139,"Daluga, Linsey",non-elite,1291,2575,3885,5194,6520,7870,9268,10662,1284,1310,1309,1326,1350,1398,1394
29140,"Dubova, Michael",non-elite,1264,2535,3808,5100,6411,7808,9227,10652,1271,1273,1292,1311,1397,1419,1425
29141,"Pick, Daniel",non-elite,1257,2503,3754,5045,6367,7762,9265,10678,1246,1251,1291,1322,1395,1503,1413
29142,"Maggs, Charles",non-elite,1275,2539,3824,5139,6471,7871,9288,10669,1264,1285,1315,1332,1400,1417,1381
29143,"Lafave, Jason",non-elite,1226,2483,3735,4966,6246,7624,9099,10625,1257,1252,1231,1280,1378,1475,1526
29144,"Pectol, Richard W",non-elite,1350,2692,4029,5416,6739,8057,9399,10707,1342,1337,1387,1323,1318,1342,1308
29145,"Kagan, Ryszard",non-elite,1286,2563,3847,5175,6485,7863,9275,10662,1277,1284,1328,1310,1378,1412,1387
29146,"Eckberg, Keely E.",non-elite,1273,2530,3759,5035,6333,7675,9089,10581,1257,1229,1276,1298,1342,1414,1492
29147,"White, Kalliope",non-elite,1266,2531,3823,5195,6562,7945,9337,10696,1265,1292,1372,1367,1383,1392,1359
29148,"Kuzma, Micaiah",non-elite,1298,2593,3885,5187,6497,7837,9268,10683,1295,1292,1302,1310,1340,1431,1415
29149,"Nie, Matt J",non-elite,1298,2588,3870,5164,6494,7881,9296,10718,1290,1282,1294,1330,1387,1415,1422
29150,"Landers, Michael D",non-elite,1305,2596,3886,5203,6524,7878,9280,10672,1291,1290,1317,1321,1354,1402,1392
29151,"Hagen, Michelle",non-elite,1396,2771,4151,5521,6848,8162,9456,10719,1375,1380,1370,1327,1314,1294,1263
29152,"Roberts, Daniel",non-elite,1298,2546,3782,5049,6326,7688,9144,10624,1248,1236,1267,1277,1362,1456,1480
29153,"Alfaro, Ricardo",non-elite,1309,2564,3828,5129,6439,7808,9238,10672,1255,1264,1301,1310,1369,1430,1434
29154,"Veneziano, Lisa",non-elite,1287,2566,3837,5125,6426,7814,9232,10648,1279,1271,1288,1301,1388,1418,1416
29155,"Hlavin, Steve M.",non-elite,1216,2417,3644,4907,6204,7582,9051,10610,1201,1227,1263,1297,1378,1469,1559
29156,"Hasson, Mauricio L",non-elite,1319,2624,3906,5224,6545,7894,9272,10650,1305,1282,1318,1321,1349,1378,1378
29157,"Dolan, Michael D",non-elite,1293,2576,3854,5139,6436,7815,9248,10661,1283,1278,1285,1297,1379,1433,1413
29158,"Tobin, Jonathan",non-elite,1248,2482,3731,5010,6305,7653,9107,10563,1234,1249,1279,1295,1348,1454,1456
29159,"Gulli, Sarah J",non-elite,1285,2562,3858,5175,6492,7852,9263,10668,1277,1296,1317,1317,1360,1411,1405
29160,"Heredia, Michael",non-elite,1193,2388,3594,4832,6124,7519,8986,10598,1195,1206,1238,1292,1395,1467,1612
29161,"Wagner, Aaron N",non-elite,1245,2469,3698,4944,6205,7540,8931,10454,1224,1229,1246,1261,1335,1391,1523
29162,"Fromm, Anthony I",non-elite,1277,2576,3903,5225,6555,7930,9325,10680,1299,1327,1322,1330,1375,1395,1355
29163,"Tian, Shen",non-elite,1274,2548,3817,5114,6389,7782,9255,10650,1274,1269,1297,1275,1393,1473,1395
29164,"Tian, Daniel",non-elite,1321,2624,3921,5239,6551,7905,9282,10677,1303,1297,1318,1312,1354,1377,1395
29165,"Jones, Matt F",non-elite,1239,2472,3714,4982,6276,7676,9143,10633,1233,1242,1268,1294,1400,1467,1490
29166,"Lew, Gary",non-elite,1339,2591,3870,5142,6435,7797,9210,10653,1252,1279,1272,1293,1362,1413,1443
29167,"Depew, Kris",non-elite,1318,2623,3934,5248,6559,7922,9309,10679,1305,1311,1314,1311,1363,1387,1370
29168,"Evans Marke, Daniel S",non-elite,1107,2237,3424,4705,6063,7479,8951,10568,1130,1187,1281,1358,1416,1472,1617
29169,"Sylvester, Zoltan",non-elite,1244,2514,3799,5113,6467,7875,9315,10694,1270,1285,1314,1354,1408,1440,1379
29170,"Hamel, Chris",non-elite,1209,2436,3683,4980,6298,7657,9189,10642,1227,1247,1297,1318,1359,1532,1453
29171,"Peterson, John R.",non-elite,1333,2660,3981,5337,6683,8050,9404,10737,1327,1321,1356,1346,1367,1354,1333
29172,"Dollas, Elizabeth A",non-elite,1334,2660,3981,5337,6683,8050,9405,10737,1326,1321,1356,1346,1367,1355,1332
29173,"Corrigan, Tom",non-elite,1256,2511,3761,5017,6270,7554,8985,10605,1255,1250,1256,1253,1284,1431,1620
29174,"Savage, Anna E",non-elite,1279,2540,3823,5156,6523,7936,9348,10701,1261,1283,1333,1367,1413,1412,1353
29175,"Enz, Daniel",non-elite,1147,2368,3648,4991,6346,7734,9184,10706,1221,1280,1343,1355,1388,1450,1522
29176,"Murrey, Christopher H.",non-elite,1237,2481,3735,4999,6261,7586,9048,10588,1244,1254,1264,1262,1325,1462,1540
29177,"Tourville, Simon",non-elite,1277,2555,3840,5147,6467,7858,9299,10688,1278,1285,1307,1320,1391,1441,1389
29178,"Pett, Richard A",non-elite,1279,2566,3856,5146,6435,7772,9164,10592,1287,1290,1290,1289,1337,1392,1428
29179,"Wang, Hangbing",non-elite,1221,2475,3751,5052,6368,7756,9182,10661,1254,1276,1301,1316,1388,1426,1479
29180,"Palmer, C. James",non-elite,1291,2560,3826,5115,6396,7753,9194,10653,1269,1266,1289,1281,1357,1441,1459
29181,"Shanabruch, Thomas",non-elite,1307,2594,3858,5141,6431,7772,9167,10630,1287,1264,1283,1290,1341,1395,1463
29182,"Davis, Timothy A",non-elite,1287,2582,3856,5144,6444,7799,9224,10653,1295,1274,1288,1300,1355,1425,1429
29183,"Grechinenko, Julia",non-elite,1237,2505,3798,5149,6523,7955,9382,10699,1268,1293,1351,1374,1432,1427,1317
29184,"Daiss, Robert D.",non-elite,1230,2453,3698,4966,6249,7639,9083,10657,1223,1245,1268,1283,1390,1444,1574
29185,"Oza, Amit",non-elite,1255,2512,3774,5038,6310,7650,9101,10650,1257,1262,1264,1272,1340,1451,1549
29186,"Ariosa, Maude",non-elite,1272,2530,3792,5128,6464,7840,9307,10709,1258,1262,1336,1336,1376,1467,1402
29187,"Steigele, James Jr.",non-elite,1312,2646,3960,5294,6633,8003,9375,10717,1334,1314,1334,1339,1370,1372,1342
29188,"O'Neil, Michael",non-elite,1300,2594,3872,5154,6436,7755,9082,10614,1294,1278,1282,1282,1319,1327,1532
29189,"Track, Larry",non-elite,1285,2569,3852,5150,6473,7809,9247,10646,1284,1283,1298,1323,1336,1438,1399
29190,"Eisenberg, Noah",non-elite,1240,2469,3712,5013,6364,7762,9216,10679,1229,1243,1301,1351,1398,1454,1463
29191,"Tannascoli, David",non-elite,1231,2437,3636,4862,6111,7502,8973,10512,1206,1199,1226,1249,1391,1471,1539
29192,"Shi, Sam",non-elite,1175,2352,3532,4739,6021,7369,8904,10574,1177,1180,1207,1282,1348,1535,1670
29193,"Tuggle, Mark",non-elite,1210,2467,3733,5020,6336,7723,9182,10649,1257,1266,1287,1316,1387,1459,1467
29194,"Neumann, Jonathan D.",non-elite,1251,2478,3726,4999,6301,7688,9180,10670,1227,1248,1273,1302,1387,1492,1490
29195,"Olsen, Kristen",non-elite,1241,2492,3767,5112,6466,7873,9309,10691,1251,1275,1345,1354,1407,1436,1382
29196,"Gallagher, Keith",non-elite,1243,2456,3683,4932,6193,7514,8989,10593,1213,1227,1249,1261,1321,1475,1604
29197,"Gallozzi, Emanuele",non-elite,1213,2404,3604,4857,6169,7543,9025,10603,1191,1200,1253,1312,1374,1482,1578
29198,"Hulbert, Jonah M",non-elite,1281,2540,3797,5092,6387,7770,9215,10673,1259,1257,1295,1295,1383,1445,1458
29199,"Salazar, Eli",non-elite,1287,2565,3846,5141,6459,7833,9241,10661,1278,1281,1295,1318,1374,1408,1420
29200,"Matsuno, Myles M",non-elite,1267,2514,3746,4989,6230,7556,9108,10653,1247,1232,1243,1241,1326,1552,1545
29201,"Taylor, Marlow IV",non-elite,1294,2596,3894,5214,6531,7912,9316,10727,1302,1298,1320,1317,1381,1404,1411
29202,"Homma, Mike C",non-elite,1232,2464,3709,4969,6249,7609,9092,10619,1232,1245,1260,1280,1360,1483,1527
29203,"Kimura, Kyle T",non-elite,1209,2417,3622,4905,6265,7651,9103,10646,1208,1205,1283,1360,1386,1452,1543
29204,"Wilkins, Charles F IV",non-elite,1304,2614,3921,5244,6568,7955,9354,10709,1310,1307,1323,1324,1387,1399,1355
29205,"Dack, Gary",non-elite,1247,2521,3785,5058,6358,7718,9230,10645,1274,1264,1273,1300,1360,1512,1415
29206,"Manning, Tommy",non-elite,1029,2075,3140,4315,6663,7970,9341,10702,1046,1065,1175,2348,1307,1371,1361
29207,"Birnbaum, Charles",non-elite,1325,2620,3910,5230,6602,7977,9375,10722,1295,1290,1320,1372,1375,1398,1347
29208,"Mcnary, Bill",non-elite,1274,2545,3817,5102,6407,7773,9171,10669,1271,1272,1285,1305,1366,1398,1498
29209,"Dean, Tripp",non-elite,1235,2506,3788,5082,6384,7757,9204,10688,1271,1282,1294,1302,1373,1447,1484
29210,"Dagnino Marquez, Gean Ivan Sr.",non-elite,1286,2589,3885,5231,6544,7930,9311,10674,1303,1296,1346,1313,1386,1381,1363
29211,"Spencer, Stuart P.",non-elite,1241,2528,3807,5104,6475,7847,9272,10680,1287,1279,1297,1371,1372,1425,1408
29212,"Chuang, Ting-Jui",non-elite,1280,2553,3841,5159,6512,7903,9301,10705,1273,1288,1318,1353,1391,1398,1404
29213,"Ring, Adam",non-elite,1286,2577,3923,5320,6635,8019,9307,10750,1291,1346,1397,1315,1384,1288,1443
29214,"Pore, Thomas",non-elite,1258,2505,3761,5046,6359,7736,9229,10682,1247,1256,1285,1313,1377,1493,1453
29215,"Jerotz, Sarah C",non-elite,1294,2569,3842,5144,6463,7842,9269,10687,1275,1273,1302,1319,1379,1427,1418
29216,"Knoss, Trent",non-elite,1273,2541,3817,5124,6472,7855,9253,10677,1268,1276,1307,1348,1383,1398,1424
29217,"Wallack, Neil",non-elite,1346,2690,4028,5370,6713,8071,9427,10752,1344,1338,1342,1343,1358,1356,1325
29218,"Moffat, Oliver J",non-elite,1331,2676,4010,5390,6710,8106,9478,10757,1345,1334,1380,1320,1396,1372,1279
29219,"McCallie, Charles 'Tripp' E. III",non-elite,1324,2628,3918,5183,6453,7777,9191,10666,1304,1290,1265,1270,1324,1414,1475
29220,"Mckinney, Martin M",non-elite,1256,2476,3691,4947,6280,7702,9247,10691,1220,1215,1256,1333,1422,1545,1444
29221,"Snyder, Jordan",non-elite,1238,2503,3796,5084,6417,7815,9258,10671,1265,1293,1288,1333,1398,1443,1413
29222,"Stevenson, David",non-elite,1297,2589,3867,5164,6481,7848,9272,10702,1292,1278,1297,1317,1367,1424,1430
29223,"Bickett, Jonathan",non-elite,1260,2523,3780,5071,6352,7716,9158,10653,1263,1257,1291,1281,1364,1442,1495
29224,"Mccarron, Grace K",non-elite,1293,2592,3888,5217,6582,7961,9348,10712,1299,1296,1329,1365,1379,1387,1364
29225,"Vanderkwaak, Nick",non-elite,1285,2574,3865,5177,6497,7877,9311,10696,1289,1291,1312,1320,1380,1434,1385
29226,"Mulley, Russell J.",non-elite,1133,2251,3378,4540,5885,7429,9015,10668,1118,1127,1162,1345,1544,1586,1653
29227,"Romanelli, Anthony J Jr.",non-elite,1285,2582,3879,5173,6491,7840,9247,10692,1297,1297,1294,1318,1349,1407,1445
29228,"Zhao, Eric J.",non-elite,1274,2558,3815,5089,6355,7680,9276,10650,1284,1257,1274,1266,1325,1596,1374
29229,"Laforge, Thierry",non-elite,1289,2596,3917,5241,6569,7945,9358,10723,1307,1321,1324,1328,1376,1413,1365
29230,"Nambiar, Rajiv R",non-elite,1283,2561,3841,5132,6416,7762,9193,10660,1278,1280,1291,1284,1346,1431,1467
29231,"Alegnani, John",non-elite,1305,2608,3905,5230,6549,7905,9301,10708,1303,1297,1325,1319,1356,1396,1407
29232,"Dawson, David",non-elite,1280,2554,3830,5113,6420,7806,9264,10685,1274,1276,1283,1307,1386,1458,1421
29233,"Hicks, Evan",non-elite,1178,2375,3594,4878,6190,7581,9114,10664,1197,1219,1284,1312,1391,1533,1550
29234,"Cook, Brian",non-elite,1302,2583,3862,5182,6527,7932,9348,10726,1281,1279,1320,1345,1405,1416,1378
29235,"Dufour, Gregory P.",non-elite,1356,2687,4016,5340,6671,8038,9398,10732,1331,1329,1324,1331,1367,1360,1334
29236,"Jaynes, Kevin E.",non-elite,1290,2591,3891,5196,6520,7881,9298,10690,1301,1300,1305,1324,1361,1417,1392
29237,"Spencer, Nathan",non-elite,1275,2529,3802,5079,6402,7850,9331,10746,1254,1273,1277,1323,1448,1481,1415
29238,"Salvatore, Joseph",non-elite,1271,2542,3812,5090,6373,7712,9148,10634,1271,1270,1278,1283,1339,1436,1486
29239,"Turcotte, Shana",non-elite,1286,2579,3894,5242,6585,7947,9344,10722,1293,1315,1348,1343,1362,1397,1378
29240,"Markiewicz, John Jr.",non-elite,1286,2561,3830,5107,6415,7808,9238,10677,1275,1269,1277,1308,1393,1430,1439
29241,"Craft, John",non-elite,1355,2696,4049,5414,6764,8105,9452,10769,1341,1353,1365,1350,1341,1347,1317
29242,"Quinn, Anthony",non-elite,1207,2411,3631,4900,6190,7531,8930,10600,1204,1220,1269,1290,1341,1399,1670
29243,"Lass, Barry",non-elite,1294,2579,3852,5143,6466,7870,9287,10683,1285,1273,1291,1323,1404,1417,1396
29244,"Martin, Evan",non-elite,1207,2413,3616,4849,6117,7484,9069,10626,1206,1203,1233,1268,1367,1585,1557
29245,"Rushton, Michael J",non-elite,1151,2351,3593,4865,6162,7566,9042,10626,1200,1242,1272,1297,1404,1476,1584
29246,"Dapice, Robert",non-elite,1244,2513,3804,5099,6443,7826,9267,10691,1269,1291,1295,1344,1383,1441,1424
29247,"Nuccio, T J",non-elite,1288,2568,3851,5146,6430,7783,9172,10626,1280,1283,1295,1284,1353,1389,1454
29248,"Smith, Timothy D.",non-elite,1290,2548,3808,5112,6450,7880,9355,10738,1258,1260,1304,1338,1430,1475,1383
29249,"May, Jason",non-elite,1282,2497,3768,5084,6403,7784,9206,10651,1215,1271,1316,1319,1381,1422,1445
29250,"Walton, Jenn",non-elite,1281,2561,3829,5116,6452,7829,9289,10722,1280,1268,1287,1336,1377,1460,1433
29251,"Taylor, Rex",non-elite,1261,2510,3714,4940,6195,7556,9084,10617,1249,1204,1226,1255,1361,1528,1533
29252,"Kositzke, Jacob A.",non-elite,1193,2394,3620,4899,6244,7715,9224,10668,1201,1226,1279,1345,1471,1509,1444
29253,"Makovskaya, Elena",non-elite,1334,2654,3981,5302,6625,7981,9358,10717,1320,1327,1321,1323,1356,1377,1359
29254,"Kawarai, Tsukasa",non-elite,1300,2589,3878,5189,6503,7890,9325,10701,1289,1289,1311,1314,1387,1435,1376
29255,"Orgar, Patrick",non-elite,1186,2380,3571,4825,6088,7466,8945,10602,1194,1191,1254,1263,1378,1479,1657
29256,"Thorsteinsson, Vidar B.",non-elite,1266,2550,3848,5170,6493,7873,9247,10677,1284,1298,1322,1323,1380,1374,1430
29257,"Haugen, Michael",non-elite,1244,2473,3743,4977,6267,7692,9134,10613,1229,1270,1234,1290,1425,1442,1479
29258,"Miller, Arthur K",non-elite,1191,2354,3544,4855,6213,7816,9254,10694,1163,1190,1311,1358,1603,1438,1440
29259,"Moore, Scott M",non-elite,1274,2534,3821,5172,6497,7802,9206,10659,1260,1287,1351,1325,1305,1404,1453
29260,"Grant, Chris W",non-elite,1264,2505,3759,5037,6342,7704,9121,10620,1241,1254,1278,1305,1362,1417,1499
29261,"Tu, Andrew",non-elite,1238,2494,3753,5010,6295,7740,9290,10718,1256,1259,1257,1285,1445,1550,1428
29262,"Bilello, John P",non-elite,1293,2588,3893,5230,6579,7969,9366,10739,1295,1305,1337,1349,1390,1397,1373
29263,"Niven, John M",non-elite,1295,2585,3883,5211,6546,7938,9364,10758,1290,1298,1328,1335,1392,1426,1394
29264,"Miklic, Mirko Bogomir",non-elite,1203,2400,3627,4923,6217,7612,9131,10676,1197,1227,1296,1294,1395,1519,1545
29265,"O'Meara, Paul",non-elite,1250,2528,3807,5106,6431,7819,9254,10678,1278,1279,1299,1325,1388,1435,1424
29266,"Lombardi, Christopher",non-elite,1328,2664,3934,5219,6503,7843,9265,10690,1336,1270,1285,1284,1340,1422,1425
29267,"Adair, Nikolas J.",non-elite,1309,2600,3896,5186,6494,7865,9274,10701,1291,1296,1290,1308,1371,1409,1427
29268,"Aranda Celis, Héctor",non-elite,1170,2347,3577,4865,6214,7633,9098,10573,1177,1230,1288,1349,1419,1465,1475
29269,"Killoran, Aidan A.",non-elite,1312,2632,3940,5259,6586,7974,9370,10739,1320,1308,1319,1327,1388,1396,1369
29270,"Bartus, Cynthia L",non-elite,1306,2614,3922,5243,6563,7937,9336,10728,1308,1308,1321,1320,1374,1399,1392
29271,"Goldschmidt, Simon",non-elite,1273,2576,3886,5239,6583,7979,9392,10746,1303,1310,1353,1344,1396,1413,1354
29272,"Wordelman, Mike D",non-elite,1269,2537,3796,5077,6374,7769,9199,10671,1268,1259,1281,1297,1395,1430,1472
29273,"Schmottlach, Kraig L.",non-elite,1292,2587,3886,5221,6552,7910,9326,10722,1295,1299,1335,1331,1358,1416,1396
29274,"Mylvaganam, Katarina",non-elite,1335,2641,3959,5293,6619,7997,9362,10735,1306,1318,1334,1326,1378,1365,1373
29275,"Vaughan, Alex E",non-elite,1290,2560,3811,5089,6372,7686,9059,10570,1270,1251,1278,1283,1314,1373,1511
29276,"Leary, Adam",non-elite,1276,2523,3787,5069,6360,7718,9189,10704,1247,1264,1282,1291,1358,1471,1515
29277,"Hawley, Joey",non-elite,1182,2363,3554,4806,6143,7625,9120,10636,1181,1191,1252,1337,1482,1495,1516
29278,"Liu, Kexun",non-elite,1232,2480,3757,5072,6398,7816,9269,10705,1248,1277,1315,1326,1418,1453,1436
29279,"Warburg, Frederick M",non-elite,1310,2625,3937,5264,6589,7928,9318,10731,1315,1312,1327,1325,1339,1390,1413
29280,"Monheim, Christopher",non-elite,1295,2589,3879,5182,6491,7838,9253,10672,1294,1290,1303,1309,1347,1415,1419
29281,"Benson, Ashley M.",non-elite,1282,2547,3817,5125,6464,7919,9408,10750,1265,1270,1308,1339,1455,1489,1342
29282,"Blankenship, Joey",non-elite,1321,2661,4009,5355,6693,8037,9383,10744,1340,1348,1346,1338,1344,1346,1361
29283,"Chapman, Damon",non-elite,1280,2553,3818,5129,6387,7772,9216,10715,1273,1265,1311,1258,1385,1444,1499
29284,"Nate, Steve",non-elite,1330,2652,3983,5341,6692,8085,9487,10793,1322,1331,1358,1351,1393,1402,1306
29285,"Del Calvo, Andrew O",non-elite,1202,2408,3613,4846,6150,7625,9167,10694,1206,1205,1233,1304,1475,1542,1527
29286,"Hedling, Zachary W.",non-elite,1270,2544,3802,5091,6398,7764,9185,10641,1274,1258,1289,1307,1366,1421,1456
29287,"Lifferth, Brian S",non-elite,1257,2537,3834,5138,6479,7868,9310,10721,1280,1297,1304,1341,1389,1442,1411
29288,"Sullivan, James",non-elite,1204,2400,3584,4813,6094,7500,9013,10625,1196,1184,1229,1281,1406,1513,1612
29289,"Stokes, Steven M",non-elite,1257,2508,3760,5041,6360,7764,9284,10699,1251,1252,1281,1319,1404,1520,1415
29290,"Smlatic, Zvonko",non-elite,1263,2535,3820,5142,6471,7854,9314,10713,1272,1285,1322,1329,1383,1460,1399
29291,"Lemoine, Gregory S",non-elite,1339,2657,3940,5262,6588,7964,9356,10710,1318,1283,1322,1326,1376,1392,1354
29292,"Tremblay, Martin",non-elite,1289,2568,3874,5196,6511,7863,9266,10708,1279,1306,1322,1315,1352,1403,1442
29293,"Wandoff, Richard J",non-elite,1308,2575,3842,5130,6429,7824,9272,10715,1267,1267,1288,1299,1395,1448,1443
29294,"Dalbec, Kyle M.",non-elite,1169,2339,3503,4694,5929,7307,8988,10657,1170,1164,1191,1235,1378,1681,1669
29295,"Momerak, Mark O",non-elite,1285,2579,3881,5197,6522,7931,9353,10746,1294,1302,1316,1325,1409,1422,1393
29296,"Crudgington, Ben A.",non-elite,1227,2453,3699,4968,6247,7608,9050,10603,1226,1246,1269,1279,1361,1442,1553
29297,"Peel, Tim",non-elite,1270,2541,3834,5147,6472,7852,9289,10723,1271,1293,1313,1325,1380,1437,1434
29298,"Davison, David J",non-elite,1342,2623,3919,5233,6546,7924,9359,10760,1281,1296,1314,1313,1378,1435,1401
29299,"Yamamura, Kevin",non-elite,1251,2500,3760,5027,6296,7637,9098,10643,1249,1260,1267,1269,1341,1461,1545
29300,"Wile, Daniel",non-elite,1286,2574,3878,5175,6467,7835,9259,10678,1288,1304,1297,1292,1368,1424,1419
29301,"Mercado, Jose M.",non-elite,1320,2627,3925,5245,6575,7943,9349,10728,1307,1298,1320,1330,1368,1406,1379
29302,"Felix, Ernie",non-elite,1318,2616,3919,5249,6586,7966,9336,10705,1298,1303,1330,1337,1380,1370,1369
29303,"Conto, Cory J",non-elite,1252,2513,3774,5041,6313,7630,9076,10600,1261,1261,1267,1272,1317,1446,1524
29304,"Fry, Charles A.",non-elite,1279,2567,3854,5166,6492,7873,9287,10725,1288,1287,1312,1326,1381,1414,1438
29305,"Mansur, Alicia",non-elite,1312,2636,3954,5280,6618,7977,9364,10730,1324,1318,1326,1338,1359,1387,1366
29306,"Hall, Mary E.",non-elite,1319,2648,3961,5295,6616,7978,9378,10743,1329,1313,1334,1321,1362,1400,1365
29307,"Rhode, Nathan",non-elite,1280,2554,3829,5142,6504,7915,9344,10746,1274,1275,1313,1362,1411,1429,1402
29308,"Martin, Bruce V.",non-elite,1254,2544,3821,5109,6406,7742,9156,10628,1290,1277,1288,1297,1336,1414,1472
29309,"Fortune, Sean",non-elite,1328,2639,3936,5218,6505,7797,9167,10701,1311,1297,1282,1287,1292,1370,1534
29310,"Crowe, Heather",non-elite,1291,2570,3865,5228,6605,8013,9423,10764,1279,1295,1363,1377,1408,1410,1341
29311,"Giordano, Roger A",non-elite,1319,2605,3901,5231,6587,7938,9324,10718,1286,1296,1330,1356,1351,1386,1394
29312,"Brady, Stephen J",non-elite,1299,2566,3843,5201,6535,7906,9291,10717,1267,1277,1358,1334,1371,1385,1426
29313,"Currier, Mary-Lynn",non-elite,1198,2446,3744,5083,6416,7794,9210,10690,1248,1298,1339,1333,1378,1416,1480
29314,"Bailey, Derek A",non-elite,1331,2649,3965,5304,6630,7999,9386,10759,1318,1316,1339,1326,1369,1387,1373
29315,"Gomez, Gabe",non-elite,1272,2521,3785,5087,6414,7804,9255,10712,1249,1264,1302,1327,1390,1451,1457
29316,"Kenna, Timothy C.",non-elite,1356,2710,4055,5406,6747,8110,9480,10795,1354,1345,1351,1341,1363,1370,1315
29317,"Exline, Kyle D",non-elite,1233,2480,3745,4999,6274,7647,9092,10678,1247,1265,1254,1275,1373,1445,1586
29318,"Quintanilla, James S",non-elite,1273,2502,3693,4914,6281,7725,9102,10714,1229,1191,1221,1367,1444,1377,1612
29319,"Wischoff, Nichole",non-elite,1326,2651,3976,5301,6615,7981,9380,10762,1325,1325,1325,1314,1366,1399,1382
29320,"Wang, Dong",non-elite,1185,2389,3622,4912,6205,7554,8970,10572,1204,1233,1290,1293,1349,1416,1602
29321,"Staples, Jamie",non-elite,1291,2560,3834,5113,6371,7685,9065,10617,1269,1274,1279,1258,1314,1380,1552
29322,"Rychlik, Garrett",non-elite,1235,2506,3763,5061,6395,7792,9249,10707,1271,1257,1298,1334,1397,1457,1458
29323,"Oketani, Shigenari",non-elite,1292,2578,3879,5182,6501,7845,9217,10675,1286,1301,1303,1319,1344,1372,1458
29324,"Carlman, Anna R.",non-elite,1294,2599,3906,5222,6543,7909,9321,10726,1305,1307,1316,1321,1366,1412,1405
29325,"Ramirez, Felipe",non-elite,1254,2512,3781,5055,6334,7674,9124,10640,1258,1269,1274,1279,1340,1450,1516
29326,"Mkhantar, Hassan",non-elite,1281,2546,3812,5113,6424,7805,9251,10706,1265,1266,1301,1311,1381,1446,1455
29327,"Petersen, Thomas",non-elite,1074,2141,3241,4404,5630,6980,8598,10316,1067,1100,1163,1226,1350,1618,1718
29328,"Ryan, Jeremiah M.",non-elite,1269,2458,3662,4933,6236,7607,9064,10597,1189,1204,1271,1303,1371,1457,1533
29329,"Troland, Brian D",non-elite,1286,2564,3832,5117,6387,7745,9268,10750,1278,1268,1285,1270,1358,1523,1482
29330,"Watters, Amanda M.",non-elite,1267,2531,3780,5082,6424,7825,9289,10718,1264,1249,1302,1342,1401,1464,1429
29331,"Foster, Cameron",non-elite,1301,2593,3866,5183,6504,7900,9323,10733,1292,1273,1317,1321,1396,1423,1410
29332,"Block, Brian",non-elite,1326,2664,3993,5339,6695,8063,9428,10777,1338,1329,1346,1356,1368,1365,1349
29333,"Schulte, Rick",non-elite,1219,2394,3610,4859,6114,7449,8871,10599,1175,1216,1249,1255,1335,1422,1728
29334,"Mendez, Ramage",non-elite,1295,2595,3906,5244,6594,7974,9386,10768,1300,1311,1338,1350,1380,1412,1382
29335,"Harren, Matthew B",non-elite,1239,2476,3691,4957,6303,7710,9178,10687,1237,1215,1266,1346,1407,1468,1509
29336,"Cobbs, Joe B",non-elite,1300,2619,3955,5296,6634,7973,9362,10748,1319,1336,1341,1338,1339,1389,1386
29337,"Lively, Michael L",non-elite,1291,2598,3896,5241,6585,7967,9385,10743,1307,1298,1345,1344,1382,1418,1358
29338,"Hopper, Melissa",non-elite,1259,2513,3830,5192,6540,7908,9306,10711,1254,1317,1362,1348,1368,1398,1405
29339,"Foehner, Dan",non-elite,1339,2718,4062,5413,6753,8120,9505,10809,1379,1344,1351,1340,1367,1385,1304
29340,"Gillis, Peter R.",non-elite,1228,2466,3709,4980,6291,7681,9152,10674,1238,1243,1271,1311,1390,1471,1522
29341,"Russell, Aaron",non-elite,1290,2560,3811,5089,6382,7790,9255,10706,1270,1251,1278,1293,1408,1465,1451
29342,"Higgins, Kevin",non-elite,1343,2661,4011,5354,6702,8062,9443,10773,1318,1350,1343,1348,1360,1381,1330
29343,"Flaman, Eric",non-elite,1112,2225,3463,4620,5820,7141,8889,10563,1113,1238,1157,1200,1321,1748,1674
29344,"Tombrink, Mark A.",non-elite,1295,2593,3885,5195,6524,7897,9305,10736,1298,1292,1310,1329,1373,1408,1431
29345,"Grissom, Justin C",non-elite,1296,2592,3878,5198,6521,7883,9277,10710,1296,1286,1320,1323,1362,1394,1433
29346,"Lilley, Sean",non-elite,1322,2649,3972,5317,6639,8018,9401,10771,1327,1323,1345,1322,1379,1383,1370
29347,"Qi, Wanwen",non-elite,1278,2568,3884,5225,6560,7964,9382,10746,1290,1316,1341,1335,1404,1418,1364
29348,"Gombeski, Christopher D.",non-elite,1298,2583,3873,5179,6501,7855,9271,10726,1285,1290,1306,1322,1354,1416,1455
29349,"Hartstein, Taylor F",non-elite,1212,2408,3628,4889,6196,7613,9137,10673,1196,1220,1261,1307,1417,1524,1536
29350,"Motta Garcia, Jose Eduardo",non-elite,1238,2486,3737,5017,6357,7748,9229,10714,1248,1251,1280,1340,1391,1481,1485
29351,"Gonzalez, Eloy",non-elite,1236,2452,3679,4934,6212,7580,9124,10675,1216,1227,1255,1278,1368,1544,1551
29352,"Barrow, Mary Aiken",non-elite,1293,2591,3873,5176,6505,7903,9346,10751,1298,1282,1303,1329,1398,1443,1405
29353,"Kelley, Elizabeth H",non-elite,1329,2659,3988,5326,6665,8033,9410,10763,1330,1329,1338,1339,1368,1377,1353
29354,"Van Tubbergh, Philip",non-elite,1293,2568,3839,5128,6439,7801,9200,10707,1275,1271,1289,1311,1362,1399,1507
29355,"Garrett, Michael",non-elite,1323,2626,3946,5275,6611,7976,9349,10737,1303,1320,1329,1336,1365,1373,1388
29356,"Opie, Jasmine P.",non-elite,1338,2689,4046,5418,6771,8139,9499,10817,1351,1357,1372,1353,1368,1360,1318
29357,"Dominguez, Roland Pablo",non-elite,1282,2548,3838,5148,6465,7848,9290,10712,1266,1290,1310,1317,1383,1442,1422
29358,"Nicolas, Regis",non-elite,1268,2527,3790,5070,6362,7722,9185,10696,1259,1263,1280,1292,1360,1463,1511
29359,"Schmidt, Graham A",non-elite,1286,2568,3851,5148,6466,7832,9235,10681,1282,1283,1297,1318,1366,1403,1446
29360,"Sandoval, David G Sr.",non-elite,1256,2508,3794,5103,6422,7814,9267,10711,1252,1286,1309,1319,1392,1453,1444
29361,"Omega, Jeffrey A",non-elite,1313,2607,3890,5179,6470,7829,9250,10751,1294,1283,1289,1291,1359,1421,1501
29362,"Hannon, Elizabeth P",non-elite,1327,2624,3935,5257,6599,7987,9415,10770,1297,1311,1322,1342,1388,1428,1355
29363,"Duncan, Adam",non-elite,1187,2375,3585,4855,6191,7592,9096,10671,1188,1210,1270,1336,1401,1504,1575
29364,"Newport, Jason",non-elite,1204,2426,3658,4900,6142,7526,9034,10705,1222,1232,1242,1242,1384,1508,1671
29365,"Le Jamtel, Jerome",non-elite,1262,2538,3853,5187,6533,7940,9362,10759,1276,1315,1334,1346,1407,1422,1397
29366,"Germain, Daniel",non-elite,1268,2563,3887,5191,6531,7955,9378,10758,1295,1324,1304,1340,1424,1423,1380
29367,"Roth, Justin R",non-elite,1272,2531,3794,5105,6449,7863,9329,10752,1259,1263,1311,1344,1414,1466,1423
29368,"Toscano, John R",non-elite,1379,2717,4049,5395,6755,8119,9496,10816,1338,1332,1346,1360,1364,1377,1320
29369,"Sutherland, Michael",non-elite,1238,2484,3762,5052,6347,7704,9122,10722,1246,1278,1290,1295,1357,1418,1600
29370,"Yoon, Cheonho",non-elite,1246,2486,3740,5017,6284,7637,9100,10663,1240,1254,1277,1267,1353,1463,1563
29371,"Drook, Tim J",non-elite,1290,2600,3893,5211,6549,7938,9343,10745,1310,1293,1318,1338,1389,1405,1402
29372,"Poland, Nathan",non-elite,1227,2429,3639,4992,6263,7659,9243,10752,1202,1210,1353,1271,1396,1584,1509
29373,"Chenoweth, Rob",non-elite,1209,2407,3606,4819,6047,7887,9275,10765,1198,1199,1213,1228,1840,1388,1490
29374,"Yonick, Bob",non-elite,1266,2526,3794,5077,6361,7731,9173,10660,1260,1268,1283,1284,1370,1442,1487
29375,"Myer, Paul D.",non-elite,1240,2504,3805,5123,6437,7830,9220,10690,1264,1301,1318,1314,1393,1390,1470
29376,"Ensminger, Varinka T",non-elite,1275,2583,3926,5281,6634,8006,9401,10762,1308,1343,1355,1353,1372,1395,1361
29377,"Sze, Wang",non-elite,1245,2504,3781,5083,6387,7764,9252,10720,1259,1277,1302,1304,1377,1488,1468
29378,"Wilson, David",non-elite,1284,2547,3812,5096,6382,7715,9150,10654,1263,1265,1284,1286,1333,1435,1504
29379,"Aller, Larry",non-elite,1172,2334,3521,4743,6002,7349,8783,10441,1162,1187,1222,1259,1347,1434,1658
29380,"Ramirez, Miguel",non-elite,1284,2555,3846,5209,6579,7979,9372,10755,1271,1291,1363,1370,1400,1393,1383
29381,"Yao, Chihcheng",non-elite,1280,2543,3816,5110,6391,7750,9179,10676,1263,1273,1294,1281,1359,1429,1497
29382,"Heinlein, Thomas",non-elite,1346,2684,4027,5374,6718,8067,9416,10761,1338,1343,1347,1344,1349,1349,1345
29383,"Pope, John W",non-elite,1140,2285,3442,4635,5848,7168,8625,10627,1145,1157,1193,1213,1320,1457,2002
29384,"Wong, Ka Ming",non-elite,1294,2586,3883,5214,6548,7958,9385,10740,1292,1297,1331,1334,1410,1427,1355
29385,"Davies, Mark A",non-elite,1305,2620,3954,5300,6639,8011,9427,10779,1315,1334,1346,1339,1372,1416,1352
29386,"Garza, Gabriel",non-elite,1235,2452,3678,4934,6177,7494,8909,10614,1217,1226,1256,1243,1317,1415,1705
29387,"Dreilinger, Sam",non-elite,1246,2485,3712,4980,6293,7748,9236,10730,1239,1227,1268,1313,1455,1488,1494
29388,"Carter, Benjamin J",non-elite,1183,2378,3582,4850,6180,7644,9150,10671,1195,1204,1268,1330,1464,1506,1521
29389,"Mcdonnell, Jerome",non-elite,1288,2571,3826,5126,6469,7879,9293,10737,1283,1255,1300,1343,1410,1414,1444
29390,"Holmes, Hannah",non-elite,1389,2762,4118,5486,6823,8184,9519,10816,1373,1356,1368,1337,1361,1335,1297
29391,"Marincic, Tommy",non-elite,1272,2575,3897,5239,6579,7981,9393,10776,1303,1322,1342,1340,1402,1412,1383
29392,"Laprise, Sylvain",non-elite,1244,2482,3743,5072,6408,7770,9249,10722,1238,1261,1329,1336,1362,1479,1473
29393,"Kratz, Natalie R",non-elite,1322,2653,4027,5365,6705,8066,9445,10795,1331,1374,1338,1340,1361,1379,1350
29394,"Dudek, Daniel J.",non-elite,1279,2556,3910,5289,6638,8005,9397,10772,1277,1354,1379,1349,1367,1392,1375
29395,"Hanna, Howard",non-elite,1309,2607,3905,5217,6534,7889,9298,10755,1298,1298,1312,1317,1355,1409,1457
29396,"White, Todd R",non-elite,1242,2503,3779,5090,6397,7786,9227,10697,1261,1276,1311,1307,1389,1441,1470
29397,"Seney, Matt",non-elite,1248,2490,3737,5035,6378,7797,9281,10721,1242,1247,1298,1343,1419,1484,1440
29398,"Honrath, Jerod",non-elite,1246,2488,3770,5095,6423,7846,9332,10761,1242,1282,1325,1328,1423,1486,1429
29399,"Manuel, Lauren",non-elite,1239,2477,3728,5041,6374,7834,9302,10732,1238,1251,1313,1333,1460,1468,1430
29400,"Ortiz, Orlando",non-elite,1165,2302,3487,4752,6087,7548,9091,10647,1137,1185,1265,1335,1461,1543,1556
29401,"Beauchesne, Eric",non-elite,1261,2510,3774,5054,6354,7800,9322,10733,1249,1264,1280,1300,1446,1522,1411
29402,"Vallie, Cameron",non-elite,1155,2316,3492,4723,5996,7429,8940,10653,1161,1176,1231,1273,1433,1511,1713
29403,"Desautel, M Gregory",non-elite,1287,2591,3878,5202,6549,7929,9335,10747,1304,1287,1324,1347,1380,1406,1412
29404,"Choi, Stephanie",non-elite,1331,2652,3943,5270,6606,7991,9392,10763,1321,1291,1327,1336,1385,1401,1371
29405,"Martin, Brian",non-elite,1290,2584,3871,5190,6514,7882,9298,10727,1294,1287,1319,1324,1368,1416,1429
29406,"Supper, Jonathan",non-elite,1303,2620,3933,5265,6586,7933,9327,10749,1317,1313,1332,1321,1347,1394,1422
29407,"Luongo, Francesco",non-elite,1270,2538,3824,5145,6461,7863,9297,10755,1268,1286,1321,1316,1402,1434,1458
29408,"Welch, Brian",non-elite,1274,2536,3778,5050,6339,7724,9226,10667,1262,1242,1272,1289,1385,1502,1441
29409,"Vipond, Tim L.",non-elite,1281,2569,3870,5204,6553,7943,9354,10757,1288,1301,1334,1349,1390,1411,1403
29410,"LaTourette, Dave A.",non-elite,1295,2600,3905,5228,6567,7933,9357,10768,1305,1305,1323,1339,1366,1424,1411
29411,"Siragusa, Shannon J",non-elite,1259,2514,3787,5108,6479,7924,9374,10788,1255,1273,1321,1371,1445,1450,1414
29412,"Brown, Kenny",non-elite,1293,2543,3790,5128,6402,7891,9269,10744,1250,1247,1338,1274,1489,1378,1475
29413,"Fronapfel, Richard",non-elite,1263,2545,3846,5185,6543,7941,9347,10750,1282,1301,1339,1358,1398,1406,1403
29414,"Gates, Bradley",non-elite,1285,2587,3886,5189,6494,7832,9225,10719,1302,1299,1303,1305,1338,1393,1494
29415,"Beltran, Marco A.",non-elite,1279,2584,3882,5212,6572,7948,9364,10788,1305,1298,1330,1360,1376,1416,1424
29416,"Fryan, Raymond V.",non-elite,1301,2606,3920,5236,6559,7931,9351,10753,1305,1314,1316,1323,1372,1420,1402
29417,"Surrette, Tom",non-elite,1287,2601,3915,5242,6548,7915,9328,10736,1314,1314,1327,1306,1367,1413,1408
29418,"Sabadosa, Apryl J",non-elite,1289,2518,3767,5052,6376,7781,9277,10753,1229,1249,1285,1324,1405,1496,1476
29419,"Karfor, Lynton G",non-elite,1275,2533,3794,5156,6546,7950,9371,10764,1258,1261,1362,1390,1404,1421,1393
29420,"Dansie, Thomas",non-elite,1304,2593,3885,5186,6471,7796,9177,10667,1289,1292,1301,1285,1325,1381,1490
29421,"Boudjack, Yann",non-elite,1214,2445,3688,4980,6318,7754,9272,10722,1231,1243,1292,1338,1436,1518,1450
29422,"Dalton, Joel D.",non-elite,1248,2491,3752,5064,6397,7763,9314,10772,1243,1261,1312,1333,1366,1551,1458
29423,"Whitmer, Jeffrey",non-elite,1207,2420,3661,4945,6275,7701,9201,10700,1213,1241,1284,1330,1426,1500,1499
29424,"Rivkin, Alex",non-elite,1314,2640,3970,5312,6649,8031,9407,10776,1326,1330,1342,1337,1382,1376,1369
29425,"Richardson, Craig I",non-elite,1291,2561,3819,5154,6515,7913,9340,10759,1270,1258,1335,1361,1398,1427,1419
29426,"Sapienza, Hunter P.",non-elite,1157,2295,3433,4630,5908,7361,9001,10665,1138,1138,1197,1278,1453,1640,1664
29427,"Stermer, Michael R.",non-elite,1264,2532,3798,5102,6437,7825,9237,10715,1268,1266,1304,1335,1388,1412,1478
29428,"Bova, Mackenzie",non-elite,1356,2664,3980,5308,6625,7986,9383,10785,1308,1316,1328,1317,1361,1397,1402
29429,"Trivitt, Keith A.",non-elite,1255,2502,3759,5035,6321,7708,9205,10736,1247,1257,1276,1286,1387,1497,1531
29430,"Mohtashamian, Arash",non-elite,1297,2605,3917,5244,6579,7957,9370,10776,1308,1312,1327,1335,1378,1413,1406
29431,"Smith, Mark",non-elite,1337,2663,3986,5322,6649,7976,9335,10737,1326,1323,1336,1327,1327,1359,1402
29432,"Lowry, Cristina",non-elite,1335,2682,4027,5364,6696,8058,9416,10779,1347,1345,1337,1332,1362,1358,1363
29433,"Chalmers, Jeffrey R",non-elite,1208,2431,3655,4898,6148,7448,8949,10621,1223,1224,1243,1250,1300,1501,1672
29434,"Jenkins, Timbo S",non-elite,1264,2500,3733,5033,6382,7796,9261,10749,1236,1233,1300,1349,1414,1465,1488
29435,"Glaser, Jeff",non-elite,1299,2610,3932,5277,6604,7979,9382,10782,1311,1322,1345,1327,1375,1403,1400
29436,"Crumbliss, John A",non-elite,1268,2546,3833,5126,6412,7749,9173,10674,1278,1287,1293,1286,1337,1424,1501
29437,"Thompson, Steven",non-elite,1319,2636,3952,5273,6599,7969,9364,10811,1317,1316,1321,1326,1370,1395,1447
29438,"Liebmann, Theo",non-elite,1274,2542,3826,5144,6509,7911,9377,10778,1268,1284,1318,1365,1402,1466,1401
29439,"Martin, Shawn M.",non-elite,1337,2659,4028,5378,6728,8111,9477,10836,1322,1369,1350,1350,1383,1366,1359
29440,"Wang, Baoyan",non-elite,1241,2480,3719,4993,6291,7676,9133,10702,1239,1239,1274,1298,1385,1457,1569
29441,"Novitsky, Max",non-elite,1245,2473,3727,5046,6431,7901,9380,10797,1228,1254,1319,1385,1470,1479,1417
29442,"Rajan, Ben",non-elite,1235,2468,3726,5000,6315,7716,9253,10767,1233,1258,1274,1315,1401,1537,1514
29443,"Kilgore, Jake",non-elite,1222,2474,3778,5130,6515,7937,9370,10784,1252,1304,1352,1385,1422,1433,1414
29444,"Lee, Gene",non-elite,1310,2588,3865,5170,6484,7862,9296,10754,1278,1277,1305,1314,1378,1434,1458
29445,"Argyle, Ben",non-elite,1296,2602,3929,5277,6623,8028,9450,10811,1306,1327,1348,1346,1405,1422,1361
29446,"Popa, Cristian",non-elite,1261,2537,3773,5040,6356,7724,9155,10712,1276,1236,1267,1316,1368,1431,1557
29447,"Taylor, Ryan",non-elite,1230,2452,3686,4958,6332,7745,9241,10749,1222,1234,1272,1374,1413,1496,1508
29448,"Makovsky, Eric",non-elite,1237,2447,3673,4926,6197,7580,9121,10755,1210,1226,1253,1271,1383,1541,1634
29449,"Pulliam, Joseph",non-elite,1278,2551,3835,5120,6396,7730,9152,10717,1273,1284,1285,1276,1334,1422,1565
29450,"Matthews, Thomas W III",non-elite,1181,2356,3609,4910,6262,7685,9137,10777,1175,1253,1301,1352,1423,1452,1640
29451,"Seekell, Jason",non-elite,1239,2486,3775,5118,6474,7889,9338,10771,1247,1289,1343,1356,1415,1449,1433
29452,"Grizzetti, James",non-elite,1342,2674,3995,5338,6675,8020,9393,10766,1332,1321,1343,1337,1345,1373,1373
29453,"Moyer, Benjamin A.",non-elite,1335,2623,3914,5219,6547,7898,9301,10745,1288,1291,1305,1328,1351,1403,1444
29454,"Tomek, Ondrej",non-elite,1334,2691,4009,5354,6676,8074,9480,10808,1357,1318,1345,1322,1398,1406,1328
29455,"Nantais, Michel",non-elite,1253,2537,3856,5199,6556,7966,9394,10782,1284,1319,1343,1357,1410,1428,1388
29456,"Barre, Vincent",non-elite,1248,2516,3805,5119,6448,7855,9313,10767,1268,1289,1314,1329,1407,1458,1454
29457,"Solverson, Dan",non-elite,1242,2500,3765,5071,6434,7866,9309,10756,1258,1265,1306,1363,1432,1443,1447
29458,"Dykes, Gene",non-elite,1310,2626,3952,5278,6620,7992,9390,10766,1316,1326,1326,1342,1372,1398,1376
29459,"Greaves, Mark J.",non-elite,1172,2349,3536,4787,6092,7496,9077,10651,1177,1187,1251,1305,1404,1581,1574
29460,"Stone, Jim",non-elite,1335,2666,3990,5325,6663,8032,9436,10809,1331,1324,1335,1338,1369,1404,1373
29461,"Raymond, Emily S.",non-elite,1267,2531,3780,5069,6399,7838,9324,10758,1264,1249,1289,1330,1439,1486,1434
29462,"Goobic, Sophie C",non-elite,1316,2616,3920,5247,6568,7905,9277,10738,1300,1304,1327,1321,1337,1372,1461
29463,"Mccutcheon, Murray W",non-elite,1201,2404,3617,4860,6172,7650,9185,10696,1203,1213,1243,1312,1478,1535,1511
29464,"Canaday, Zen",non-elite,1218,2456,3703,4987,6370,7835,9315,10773,1238,1247,1284,1383,1465,1480,1458
29465,"Beier, Jesse",non-elite,1289,2592,3908,5249,6595,7991,9420,10805,1303,1316,1341,1346,1396,1429,1385
29466,"Mongeau, Richard",non-elite,1261,2530,3817,5105,6397,7772,9261,10745,1269,1287,1288,1292,1375,1489,1484
29467,"Chen, Xiao",non-elite,1265,2540,3809,5089,6388,7738,9210,10746,1275,1269,1280,1299,1350,1472,1536
29468,"Mcgraw, Keara",non-elite,1307,2607,3929,5273,6623,8020,9424,10785,1300,1322,1344,1350,1397,1404,1361
29469,"Merritt, Andrew E.",non-elite,1258,2524,3794,5079,6382,7756,9234,10741,1266,1270,1285,1303,1374,1478,1507
29470,"Martin, Patrick",non-elite,1240,2499,3790,5106,6441,7853,9305,10751,1259,1291,1316,1335,1412,1452,1446
29471,"Ryan, Lisa",non-elite,1254,2519,3782,5077,6449,7875,9278,10707,1265,1263,1295,1372,1426,1403,1429
29472,"Simons, Marco",non-elite,1277,2541,3818,5095,6367,7703,9246,10746,1264,1277,1277,1272,1336,1543,1500
29473,"Mccardel, Barry",non-elite,1301,2601,3894,5241,6559,7933,9352,10759,1300,1293,1347,1318,1374,1419,1407
29474,"Dubord, Anthony",non-elite,1253,2518,3816,5101,6415,7820,9255,10754,1265,1298,1285,1314,1405,1435,1499
29475,"Barnes, Rick Sr.",non-elite,1222,2468,3720,5010,6350,7806,9227,10707,1246,1252,1290,1340,1456,1421,1480
29476,"Uhlenbecker, Wilm",non-elite,1275,2571,3888,5235,6596,8005,9444,10831,1296,1317,1347,1361,1409,1439,1387
29477,"Fielding, James D",non-elite,1319,2649,3989,5323,6649,8043,9447,10805,1330,1340,1334,1326,1394,1404,1358
29478,"Favre, Donald P",non-elite,1278,2579,3861,5179,6517,7917,9356,10785,1301,1282,1318,1338,1400,1439,1429
29479,"Hogston, Erin R.",non-elite,1289,2569,3847,5163,6488,7875,9336,10790,1280,1278,1316,1325,1387,1461,1454
29480,"Noon, Theodore",non-elite,1283,2568,3860,5183,6557,7947,9365,10795,1285,1292,1323,1374,1390,1418,1430
29481,"Khatcheressian, Anne",non-elite,1329,2654,3998,5337,6674,8047,9433,10792,1325,1344,1339,1337,1373,1386,1359
29482,"Sitarz, Hans C.",non-elite,1196,2387,3648,4907,6225,7640,9168,10725,1191,1261,1259,1318,1415,1528,1557
29483,"Bukowski, Nichole",non-elite,1258,2540,3803,5119,6473,7893,9372,10795,1282,1263,1316,1354,1420,1479,1423
29484,"Dolge, Karen",non-elite,1281,2581,3888,5238,6604,8011,9427,10789,1300,1307,1350,1366,1407,1416,1362
29485,"Deeter, Tracy L",non-elite,1226,2430,3660,4937,6248,7663,9180,10719,1204,1230,1277,1311,1415,1517,1539
29486,"Sebestik, Taylor R",non-elite,1147,2279,3429,4636,6001,7573,9174,10721,1132,1150,1207,1365,1572,1601,1547
29487,"Costa, Marcelo C. Sr.",non-elite,1311,2636,3971,5329,6674,8041,9463,10820,1325,1335,1358,1345,1367,1422,1357
29488,"Mueller, Jessica E",non-elite,1252,2517,3805,5168,6553,7962,9375,10814,1265,1288,1363,1385,1409,1413,1439
29489,"Carroll, Jennifer L.",non-elite,1305,2610,3908,5235,6572,7967,9379,10786,1305,1298,1327,1337,1395,1412,1407
29490,"Manning, Lindsay",non-elite,1281,2543,3821,5145,6471,7833,9302,10775,1262,1278,1324,1326,1362,1469,1473
29491,"Muhlner, Gregory M",non-elite,1348,2669,4002,5332,6656,8009,9383,10791,1321,1333,1330,1324,1353,1374,1408
29492,"Young, Kim L",non-elite,1323,2640,3972,5319,6657,8020,9408,10796,1317,1332,1347,1338,1363,1388,1388
29493,"Trethowan, Peter G",non-elite,1272,2550,3822,5096,6387,7740,9254,10798,1278,1272,1274,1291,1353,1514,1544
29494,"Slates, Steve",non-elite,1194,2414,3643,4917,6219,7594,9100,10685,1220,1229,1274,1302,1375,1506,1585
29495,"Greenblatt, Saul",non-elite,1370,2717,4052,5420,6771,8141,9497,10846,1347,1335,1368,1351,1370,1356,1349
29496,"Nakai, Yuko",non-elite,1324,2656,3994,5449,6783,8177,9561,10832,1332,1338,1455,1334,1394,1384,1271
29497,"Leer, Anna",non-elite,1337,2675,4012,5359,6694,8085,9509,10842,1338,1337,1347,1335,1391,1424,1333
29498,"Zastera, Martin",non-elite,1313,2645,4020,5393,6740,8122,9508,10843,1332,1375,1373,1347,1382,1386,1335
29499,"Book, Avigdor",non-elite,1279,2575,3895,5220,6589,8005,9447,10845,1296,1320,1325,1369,1416,1442,1398
29500,"Martin, Nate",non-elite,1229,2442,3659,4876,6150,7618,9224,10749,1213,1217,1217,1274,1468,1606,1525
29501,"Antokal, Erik L.",non-elite,1160,2317,3492,4677,5914,7270,8822,10592,1157,1175,1185,1237,1356,1552,1770
29502,"Bennally, Harold J",non-elite,1225,2429,3650,4906,6233,7639,9159,10657,1204,1221,1256,1327,1406,1520,1498
29503,"Cutler, Hope",non-elite,1361,2717,4069,5427,6799,8168,9525,10850,1356,1352,1358,1372,1369,1357,1325
29504,"Schab, Michael",non-elite,1207,2408,3613,4870,6199,7683,9198,10803,1201,1205,1257,1329,1484,1515,1605
29505,"Pearson, Mark Q",non-elite,1263,2515,3800,5124,6453,7842,9405,10792,1252,1285,1324,1329,1389,1563,1387
29506,"Rouillard, Molly",non-elite,1325,2625,3935,5256,6571,7917,9350,10793,1300,1310,1321,1315,1346,1433,1443
29507,"Grover, Damien B",non-elite,1246,2486,3742,5020,6314,7700,9178,10755,1240,1256,1278,1294,1386,1478,1577
29508,"Malecki, Allison",non-elite,1358,2699,4034,5373,6699,8057,9463,10823,1341,1335,1339,1326,1358,1406,1360
29509,"Legay, Bruno",non-elite,1205,2383,3585,4827,6120,7644,9249,10784,1178,1202,1242,1293,1524,1605,1535
29510,"Chen, Felicia",non-elite,1320,2626,3932,5278,6603,7961,9357,10773,1306,1306,1346,1325,1358,1396,1416
29511,"Steele, Scott",non-elite,1286,2605,3928,5260,6602,7979,9378,10774,1319,1323,1332,1342,1377,1399,1396
29512,"Bothwell, Jason D",non-elite,1286,2605,3928,5260,6602,7979,9387,10775,1319,1323,1332,1342,1377,1408,1388
29513,"Cooney, Kathryn A",non-elite,1352,2687,4013,5371,6743,8106,9484,10827,1335,1326,1358,1372,1363,1378,1343
29514,"Sutton, Dylan P",non-elite,1280,2559,3829,5104,6374,7685,9137,10727,1279,1270,1275,1270,1311,1452,1590
29515,"Poitras, Caroline",non-elite,1273,2562,3872,5226,6612,8040,9460,10824,1289,1310,1354,1386,1428,1420,1364
29516,"Nance, Michael W",non-elite,1280,2542,3791,5057,6342,7728,9201,10695,1262,1249,1266,1285,1386,1473,1494
29517,"Gonzales, Ricky",non-elite,1194,2387,3610,4885,6214,7691,9263,10780,1193,1223,1275,1329,1477,1572,1517
29518,"Rauk, Benjamin M",non-elite,1229,2481,3784,5132,6489,7905,9312,10727,1252,1303,1348,1357,1416,1407,1415
29519,"Brunet, Phil",non-elite,1370,2695,4016,5337,6655,8003,9380,10801,1325,1321,1321,1318,1348,1377,1421
29520,"Harrell, Tobie",non-elite,1214,2421,3635,4882,6183,7626,9153,10773,1207,1214,1247,1301,1443,1527,1620
29521,"Goldstein, Matthew J",non-elite,1292,2568,3845,5139,6448,7886,9371,10801,1276,1277,1294,1309,1438,1485,1430
29522,"Scanlon, Garrett D",non-elite,1221,2469,3698,5133,6424,7830,9263,10780,1248,1229,1435,1291,1406,1433,1517
29523,"Anderson, Megan",non-elite,1361,2718,4061,5408,6733,8090,9480,10833,1357,1343,1347,1325,1357,1390,1353
29524,"Girycki, Adam",non-elite,1268,2566,3889,5223,6552,7941,9370,10767,1298,1323,1334,1329,1389,1429,1397
29525,"Ratta, Tim A",non-elite,1292,2569,3864,5170,6499,7896,9349,10784,1277,1295,1306,1329,1397,1453,1435
29526,"Rivera, Joel",non-elite,1323,2627,3932,5260,6614,8025,9448,10821,1304,1305,1328,1354,1411,1423,1373
29527,"Havel, Jan",non-elite,1294,2638,3990,5343,6694,8092,9498,10818,1344,1352,1353,1351,1398,1406,1320
29528,"Spang, Howard D.",non-elite,1274,2550,3836,5142,6451,7828,9245,10741,1276,1286,1306,1309,1377,1417,1496
29529,"Robinson, Keith",non-elite,1311,2626,3948,5293,6634,8029,9440,10805,1315,1322,1345,1341,1395,1411,1365
29530,"Franklin, Steven L.",non-elite,1306,2634,3944,5259,6578,7951,9375,10816,1328,1310,1315,1319,1373,1424,1441
29531,"Romine, Michael",non-elite,1262,2519,3778,5065,6363,7733,9226,10743,1257,1259,1287,1298,1370,1493,1517
29532,"Levesque, Caroline B.",non-elite,1269,2563,3898,5260,6631,8039,9457,10831,1294,1335,1362,1371,1408,1418,1374
29533,"Jacobs, Matthew L",non-elite,1310,2628,3940,5283,6623,7990,9397,10803,1318,1312,1343,1340,1367,1407,1406
29534,"Chung, Wan Hang",non-elite,1236,2528,3863,5214,6557,7953,9387,10785,1292,1335,1351,1343,1396,1434,1398
29535,"Van Oostrum, Alexander",non-elite,1180,2376,3592,4871,6204,7665,9217,10731,1196,1216,1279,1333,1461,1552,1514
29536,"Rossolimo, Amanda",non-elite,1325,2666,4006,5364,6710,8084,9466,10814,1341,1340,1358,1346,1374,1382,1348
29537,"Bauder, Andrew R",non-elite,1123,2267,3433,4689,6133,7541,9114,10735,1144,1166,1256,1444,1408,1573,1621
29538,"Santiago, David",non-elite,1239,2516,3778,5088,6413,7803,9329,10786,1277,1262,1310,1325,1390,1526,1457
29539,"Chisholm, Rob",non-elite,1292,2578,3851,5130,6430,7833,9348,10806,1286,1273,1279,1300,1403,1515,1458
29540,"Foster, Darren P.",non-elite,1281,2565,3857,5176,6513,7904,9380,10814,1284,1292,1319,1337,1391,1476,1434
29541,"Tanguay, Steeve",non-elite,1129,2267,3417,4620,5870,7258,8902,10644,1138,1150,1203,1250,1388,1644,1742
29542,"Garcia, Alfredo",non-elite,1310,2604,3917,5262,6617,8051,9531,10871,1294,1313,1345,1355,1434,1480,1340
29543,"Weidner, John",non-elite,1273,2569,3890,5249,6612,8008,9422,10818,1296,1321,1359,1363,1396,1414,1396
29544,"Orrson, Marina",non-elite,1275,2530,3769,5031,6332,7762,9283,10788,1255,1239,1262,1301,1430,1521,1505
29545,"Hewlett, Martin",non-elite,1250,2488,3750,5051,6349,7721,9205,10757,1238,1262,1301,1298,1372,1484,1552
29546,"Webster, Nate J.",non-elite,1280,2558,3835,5123,6451,7827,9297,10786,1278,1277,1288,1328,1376,1470,1489
29547,"Taylor, Will",non-elite,1238,2465,3707,4978,6268,7636,9120,10709,1227,1242,1271,1290,1368,1484,1589
29548,"Layton, Scott F",non-elite,1239,2482,3742,5052,6398,7833,9322,10799,1243,1260,1310,1346,1435,1489,1477
29549,"Howard, Loren",non-elite,1276,2532,3798,5080,6372,7731,9286,10764,1256,1266,1282,1292,1359,1555,1478
29550,"Samuelson, Kari-Anne",non-elite,1386,2816,4190,5543,6880,8233,9572,10877,1430,1374,1353,1337,1353,1339,1305
29551,"Taylor, Kyle R",non-elite,1151,2330,3514,4721,5991,7410,8909,10667,1179,1184,1207,1270,1419,1499,1758
29552,"Huppert, Steven C.",non-elite,1310,2618,3927,5251,6586,7977,9402,10803,1308,1309,1324,1335,1391,1425,1401
29553,"Simons, Michael E",non-elite,1318,2612,3899,5191,6471,7817,9246,10727,1294,1287,1292,1280,1346,1429,1481
29554,"Voutchkov, Nikolay",non-elite,1204,2401,3608,4833,6102,7449,8976,10715,1197,1207,1225,1269,1347,1527,1739
29555,"Zirdok, Lynda",non-elite,1324,2633,3958,5316,6680,8074,9493,10845,1309,1325,1358,1364,1394,1419,1352
29556,"Huber, Gerald",non-elite,1330,2653,3979,5340,6648,8013,9360,10787,1323,1326,1361,1308,1365,1347,1427
29557,"Schmidt, Karl A.",non-elite,1215,2416,3632,4896,6203,7659,9169,10766,1201,1216,1264,1307,1456,1510,1597
29558,"Edwards, Elizabeth M",non-elite,1315,2623,3899,5207,6538,7944,9486,10863,1308,1276,1308,1331,1406,1542,1377
29559,"Craven, Eric V",non-elite,1313,2617,3899,5202,6524,7889,9392,10775,1304,1282,1303,1322,1365,1503,1383
29560,"Duval, Dari",non-elite,1279,2565,3853,5178,6519,7916,9386,10816,1286,1288,1325,1341,1397,1470,1430
29561,"Howson, Chris",non-elite,1388,2818,4193,5545,6882,8235,9574,10879,1430,1375,1352,1337,1353,1339,1305
29562,"Weimar, Christopher",non-elite,1405,2737,4067,5427,6724,8047,9387,10794,1332,1330,1360,1297,1323,1340,1407
29563,"Paulin, Michael",non-elite,1319,2648,3994,5355,6724,8050,9400,10784,1329,1346,1361,1369,1326,1350,1384
29564,"Sims, Don",non-elite,1308,2609,3909,5230,6572,7992,9424,10828,1301,1300,1321,1342,1420,1432,1404
29565,"Solis, Victor R Jr.",non-elite,1192,2367,3592,4940,6506,8082,9575,10904,1175,1225,1348,1566,1576,1493,1329
29566,"Price, Tim",non-elite,1166,2334,3527,4723,6020,7428,9043,10726,1168,1193,1196,1297,1408,1615,1683
29567,"Beutler, Roger",non-elite,1265,2537,3823,5145,6491,7914,9366,10806,1272,1286,1322,1346,1423,1452,1440
29568,"Cooper, Dane A.",non-elite,1338,2612,3897,5196,6504,7851,9294,10768,1274,1285,1299,1308,1347,1443,1474
29569,"Luc, Ryan",non-elite,1285,2556,3828,5132,6447,7854,9276,10743,1271,1272,1304,1315,1407,1422,1467
29570,"Fitts, John Jr.",non-elite,1300,2630,3970,5334,6694,8073,9457,10829,1330,1340,1364,1360,1379,1384,1372
29571,"Faber, Jason F.",non-elite,1273,2548,3825,5106,6429,7809,9260,10757,1275,1277,1281,1323,1380,1451,1497
29572,"Bufe, Michael",non-elite,1265,2534,3809,5113,6439,7842,9351,10808,1269,1275,1304,1326,1403,1509,1457
29573,"Lang, Samuel J.",non-elite,1289,2599,3916,5258,6591,7975,9375,10776,1310,1317,1342,1333,1384,1400,1401
29574,"Denham, Jeffrey H",non-elite,1307,2628,4002,5369,6730,8136,9560,10878,1321,1374,1367,1361,1406,1424,1318
29575,"Connor, Allison R",non-elite,1365,2723,4096,5459,6807,8172,9548,10856,1358,1373,1363,1348,1365,1376,1308
29576,"Scivally, Steve",non-elite,1272,2521,3778,5103,6448,7801,9224,10753,1249,1257,1325,1345,1353,1423,1529
29577,"Westrick, Jack",non-elite,1226,2483,3763,5053,6359,7728,9186,10721,1257,1280,1290,1306,1369,1458,1535
29578,"Hayes, Ashley L",non-elite,1336,2657,3989,5389,6751,8137,9516,10862,1321,1332,1400,1362,1386,1379,1346
29579,"Pyasta, Roman",non-elite,1219,2470,3759,5084,6429,8005,9483,10856,1251,1289,1325,1345,1576,1478,1373
29580,"Koleske, Patrick",non-elite,1359,2694,3998,5315,6648,8028,9429,10833,1335,1304,1317,1333,1380,1401,1404
29581,"Linhart, Greg",non-elite,1228,2451,3692,4990,6299,7669,9136,10702,1223,1241,1298,1309,1370,1467,1566
29582,"Metcalfe, Max V.",non-elite,1243,2468,3710,4993,6311,7730,9272,10773,1225,1242,1283,1318,1419,1542,1501
29583,"Rodriguez, Benny",non-elite,1154,2351,3577,4897,6274,7781,9310,10800,1197,1226,1320,1377,1507,1529,1490
29584,"Milhorn, Brinson",non-elite,1154,2282,3422,4581,5821,7450,8948,10611,1128,1140,1159,1240,1629,1498,1663
29585,"Fogarty, Daniel IV",non-elite,1155,2337,3558,4830,6154,7571,9162,10722,1182,1221,1272,1324,1417,1591,1560
29586,"Vautour, Mark",non-elite,1286,2600,3929,5257,6573,7956,9417,10835,1314,1329,1328,1316,1383,1461,1418
29587,"Miranda, Nathaniel J.",non-elite,1098,2253,3496,4801,6175,7694,9268,10802,1155,1243,1305,1374,1519,1574,1534
29588,"Veliky, George W.",non-elite,1235,2455,3660,4910,6178,7604,9154,10780,1220,1205,1250,1268,1426,1550,1626
29589,"Bumbaca, Dean",non-elite,1279,2553,3854,5202,6574,7983,9431,10849,1274,1301,1348,1372,1409,1448,1418
29590,"Grossman, Lawrence C",non-elite,1297,2579,3870,5164,6495,7961,9389,10804,1282,1291,1294,1331,1466,1428,1415
29591,"Pyon, Tommy",non-elite,1277,2559,3865,5195,6590,8148,9545,10872,1282,1306,1330,1395,1558,1397,1327
29592,"Millett, Aly R.",non-elite,1236,2463,3716,5033,6422,7892,9383,10805,1227,1253,1317,1389,1470,1491,1422
29593,"Hilsenbeck, Craig R",non-elite,1288,2564,3833,5119,6518,7858,9340,10853,1276,1269,1286,1399,1340,1482,1513
29594,"Caetano, Carlos M. Sr.",non-elite,1230,2476,3751,5066,6420,7868,9400,10844,1246,1275,1315,1354,1448,1532,1444
29595,"Peterson, Brian C",non-elite,1287,2568,3826,5104,6367,7691,9188,10747,1281,1258,1278,1263,1324,1497,1559
29596,"Burnell, Sarah L",non-elite,1352,2645,3939,5258,6578,7943,9353,10813,1293,1294,1319,1320,1365,1410,1460
29597,"Malm, Filip",non-elite,1209,2441,3698,5007,6371,7824,9346,10837,1232,1257,1309,1364,1453,1522,1491
29598,"G-Despatis, Dominic",non-elite,1178,2356,3569,4830,6186,7657,9230,10766,1178,1213,1261,1356,1471,1573,1536
29599,"Jones, Colin A.",non-elite,1230,2460,3689,4914,6151,7592,9233,10741,1230,1229,1225,1237,1441,1641,1508
29600,"Gagne, Timothy J",non-elite,1290,2565,3844,5150,6484,7869,9331,10808,1275,1279,1306,1334,1385,1462,1477
29601,"Messier, Francis",non-elite,1232,2476,3721,5001,6323,7768,9254,10768,1244,1245,1280,1322,1445,1486,1514
29602,"Liebiediev, Yehor",non-elite,1301,2549,3791,5112,6563,8008,9442,10836,1248,1242,1321,1451,1445,1434,1394
29603,"Suit, Dickson",non-elite,1344,2668,3980,5316,6665,8043,9431,10832,1324,1312,1336,1349,1378,1388,1401
29604,"Wills, Paul R",non-elite,1270,2549,3831,5133,6432,7796,9254,10739,1279,1282,1302,1299,1364,1458,1485
29605,"Souza, Eduardo",non-elite,1239,2474,3698,4950,6215,7563,9014,10748,1235,1224,1252,1265,1348,1451,1734
29606,"Qi, Pengfei",non-elite,1206,2475,3771,5148,6520,7981,9448,10848,1269,1296,1377,1372,1461,1467,1400
29607,"Ho, Keng Hong",non-elite,1311,2638,3960,5308,6664,8085,9508,10858,1327,1322,1348,1356,1421,1423,1350
29608,"Hartman, Angela N.",non-elite,1354,2691,4017,5363,6715,8091,9491,10880,1337,1326,1346,1352,1376,1400,1389
29609,"Majewski, Timothy",non-elite,1221,2415,3604,4834,6090,7422,9115,10769,1194,1189,1230,1256,1332,1693,1654
29610,"Panossian, Dearon",non-elite,1203,2410,3639,4952,6308,7722,9178,10760,1207,1229,1313,1356,1414,1456,1582
29611,"Maxey, John",non-elite,1240,2502,3792,5138,6530,7945,9395,10833,1262,1290,1346,1392,1415,1450,1438
29612,"Baum, Sam",non-elite,1275,2522,3769,5032,6316,7685,9168,10724,1247,1247,1263,1284,1369,1483,1556
29613,"Callaghan, James",non-elite,1223,2414,3638,5028,6400,7827,9279,10755,1191,1224,1390,1372,1427,1452,1476
29614,"Evans, Dan",non-elite,1239,2472,3715,4972,6275,7723,9252,10768,1233,1243,1257,1303,1448,1529,1516
29615,"Jones, Patrick",non-elite,1314,2587,3866,5174,6494,7878,9317,10792,1273,1279,1308,1320,1384,1439,1475
29616,"Stewart, Michael",non-elite,1241,2482,3733,5028,6356,7785,9287,10786,1241,1251,1295,1328,1429,1502,1499
29617,"Ezekiel, Ephraim",non-elite,1308,2616,3936,5277,6609,7984,9404,10818,1308,1320,1341,1332,1375,1420,1414
29618,"Chua, Catherine C",non-elite,1273,2560,3897,5288,6637,8037,9471,10848,1287,1337,1391,1349,1400,1434,1377
29619,"Hutzel, James",non-elite,1269,2546,3817,5139,6503,7925,9366,10824,1277,1271,1322,1364,1422,1441,1458
29620,"Ichihara, Masayoshi",non-elite,1250,2499,3767,5049,6341,7700,9213,10750,1249,1268,1282,1292,1359,1513,1537
29621,"Amico, Joe",non-elite,1355,2712,4052,5418,6775,8168,9544,10882,1357,1340,1366,1357,1393,1376,1338
29622,"Votteler, Jeffrey",non-elite,1261,2550,3865,5205,6537,7919,9358,10812,1289,1315,1340,1332,1382,1439,1454
29623,"Antonson, Dave",non-elite,1288,2568,3869,5192,6521,7901,9338,10796,1280,1301,1323,1329,1380,1437,1458
29624,"Fraychineaud, Tommy",non-elite,1233,2469,3731,5032,6370,7844,9350,10846,1236,1262,1301,1338,1474,1506,1496
29625,"Neumann, Nils",non-elite,1231,2465,3749,5082,6435,7872,9380,10845,1234,1284,1333,1353,1437,1508,1465
29626,"Johnson, Erik",non-elite,1248,2490,3746,5029,6435,7842,9328,10830,1242,1256,1283,1406,1407,1486,1502
29627,"Beamesderfer, Timothy",non-elite,1312,2598,3909,5307,6640,8006,9425,10827,1286,1311,1398,1333,1366,1419,1402
29628,"Gibbs, Adam",non-elite,1251,2496,3744,5011,6294,7642,9101,10722,1245,1248,1267,1283,1348,1459,1621
29629,"Andric, Mirko",non-elite,1259,2498,3732,4991,6298,7798,9491,10889,1239,1234,1259,1307,1500,1693,1398
29630,"Allred, Cassandra C",non-elite,1355,2706,4040,5389,6733,8106,9512,10874,1351,1334,1349,1344,1373,1406,1362
29631,"Mangold, Zandy",non-elite,1279,2543,3829,5117,6381,7667,9117,10757,1264,1286,1288,1264,1286,1450,1640
29632,"Tam, Benny",non-elite,1295,2582,3887,5223,6565,7947,9381,10832,1287,1305,1336,1342,1382,1434,1451
29633,"Dolezal, Marek",non-elite,1316,2638,3953,5320,6685,8090,9488,10847,1322,1315,1367,1365,1405,1398,1359
29634,"Oswalt, Erin",non-elite,1298,2564,3846,5156,6492,7892,9341,10806,1266,1282,1310,1336,1400,1449,1465
29635,"Schmitz, Brian",non-elite,1273,2506,3761,5056,6362,7833,9319,10834,1233,1255,1295,1306,1471,1486,1515
29636,"Methot, Michel",non-elite,1265,2515,3769,5063,6370,7855,9366,10848,1250,1254,1294,1307,1485,1511,1482
29637,"Psilakis, Alexander G.",non-elite,1276,2545,3818,5074,6333,7644,9282,10850,1269,1273,1256,1259,1311,1638,1568
29638,"Kelley, Mike",non-elite,1284,2579,3891,5230,6563,7934,9351,10818,1295,1312,1339,1333,1371,1417,1467
29639,"Smith, Scott D",non-elite,1154,2304,3512,4831,6223,7686,9165,10732,1150,1208,1319,1392,1463,1479,1567
29640,"Bermudez, Conrado S Jr.",non-elite,1297,2590,3887,5207,6552,7962,9399,10841,1293,1297,1320,1345,1410,1437,1442
29641,"Marcoux, Louis-Etienne",non-elite,1349,2691,4037,5382,6713,8081,9459,10849,1342,1346,1345,1331,1368,1378,1390
29642,"Jennings, Hannah",non-elite,1312,2623,3907,5282,6595,8002,9502,10877,1311,1284,1375,1313,1407,1500,1375
29643,"Walker, Alan R",non-elite,1284,2591,3830,5068,6301,7591,8985,10739,1307,1239,1238,1233,1290,1394,1754
29644,"Schless, Colin W.",non-elite,1303,2653,4032,5367,6701,8078,9493,10854,1350,1379,1335,1334,1377,1415,1361
29645,"Gabriel, Rodrigo",non-elite,1145,2297,3463,4670,5877,7238,8934,10666,1152,1166,1207,1207,1361,1696,1732
29646,"Becker, Eric",non-elite,1288,2568,3840,5150,6459,7830,9239,10803,1280,1272,1310,1309,1371,1409,1564
29647,"Cruise, Amanda M",non-elite,1362,2719,4066,5430,6781,8157,9544,10875,1357,1347,1364,1351,1376,1387,1331
29648,"Aguila, Anton",non-elite,1115,2252,3412,4606,5870,7431,8985,10749,1137,1160,1194,1264,1561,1554,1764
29649,"Martinez Vargas, Abraham E.",non-elite,1276,2542,3804,5104,6426,7816,9264,10772,1266,1262,1300,1322,1390,1448,1508
29650,"Kobialka, Adam",non-elite,1213,2426,3660,4930,6264,7715,9249,10802,1213,1234,1270,1334,1451,1534,1553
29651,"Okunishi, Mayumi",non-elite,1219,2473,3747,5103,6477,7894,9390,10838,1254,1274,1356,1374,1417,1496,1448
29652,"Freddo, Marcos H Sr.",non-elite,1246,2522,3819,5151,6492,7876,9392,10852,1276,1297,1332,1341,1384,1516,1460
29653,"Montpetit, Stephane",non-elite,1286,2567,3851,5131,6417,7776,9444,10851,1281,1284,1280,1286,1359,1668,1407
29654,"Wesemann, Duane",non-elite,1233,2517,3798,5110,6427,7824,9298,10792,1284,1281,1312,1317,1397,1474,1494
29655,"Poirier, Erin",non-elite,1341,2679,4023,5374,6762,8143,9535,10872,1338,1344,1351,1388,1381,1392,1337
29656,"Levene, Joseph J.",non-elite,1262,2527,3800,5114,6491,7941,9420,10860,1265,1273,1314,1377,1450,1479,1440
29657,"Rothschild, Andrea L.",non-elite,1261,2513,3786,5100,6446,7882,9354,10822,1252,1273,1314,1346,1436,1472,1468
29658,"Baage, Silvia U",non-elite,1326,2632,3947,5283,6613,7993,9414,10842,1306,1315,1336,1330,1380,1421,1428
29659,"Wheelock, Aaron",non-elite,1353,2675,3999,5384,6748,8154,9578,10913,1322,1324,1385,1364,1406,1424,1335
29660,"Damenti, Nicholas",non-elite,1326,2640,4002,5346,6708,8097,9506,10882,1314,1362,1344,1362,1389,1409,1376
29661,"Tate, Amanda",non-elite,1325,2604,3884,5176,6492,7869,9347,10804,1279,1280,1292,1316,1377,1478,1457
29662,"Sanders, Jeremy",non-elite,1281,2572,3868,5192,6513,7880,9340,10817,1291,1296,1324,1321,1367,1460,1477
29663,"Duthie, Matthew",non-elite,1242,2499,3753,5039,6350,7740,9197,10803,1257,1254,1286,1311,1390,1457,1606
29664,"Pareja, Andres",non-elite,1306,2635,3967,5318,6666,8050,9457,10859,1329,1332,1351,1348,1384,1407,1402
29665,"Kerby, Joseph F",non-elite,1287,2542,3807,5098,6394,7803,9304,10800,1255,1265,1291,1296,1409,1501,1496
29666,"Spann-Ly, Loc",non-elite,1285,2556,3824,5111,6596,8042,9467,10832,1271,1268,1287,1485,1446,1425,1365
29667,"Ospina, Jorge",non-elite,1242,2475,3719,4999,6329,7831,9440,10851,1233,1244,1280,1330,1502,1609,1411
29668,"Pelczar, Benoit",non-elite,1298,2602,3890,5238,6611,8014,9449,10877,1304,1288,1348,1373,1403,1435,1428
29669,"Meyer, Tino",non-elite,1248,2454,3703,4978,6281,7684,9182,10767,1206,1249,1275,1303,1403,1498,1585
29670,"Layne, Jeffrey E",non-elite,1282,2552,3810,5104,6418,7797,9418,10846,1270,1258,1294,1314,1379,1621,1428
29671,"Gomez, Jorge",non-elite,1289,2596,3898,5229,6586,7995,9453,10865,1307,1302,1331,1357,1409,1458,1412
29672,"Furdek, Joe",non-elite,1196,2382,3579,4822,6109,7476,8939,10771,1186,1197,1243,1287,1367,1463,1832
29673,"Warriner, Lawrence",non-elite,1132,2290,3507,4802,6132,7558,9056,10615,1158,1217,1295,1330,1426,1498,1559
29674,"Miller, Sue A.",non-elite,1219,2466,3740,5057,6419,7846,9302,10806,1247,1274,1317,1362,1427,1456,1504
29675,"St-Pierre, Ernest",non-elite,1232,2506,3768,5046,6321,7707,9223,10822,1274,1262,1278,1275,1386,1516,1599
29676,"Markham, Kelsey",non-elite,1257,2525,3821,5181,6566,7982,9443,10875,1268,1296,1360,1385,1416,1461,1432
29677,"Lidmark Eriksson, Ola",non-elite,1209,2417,3646,4900,6182,7554,8995,10706,1208,1229,1254,1282,1372,1441,1711
29678,"Saucier, Bert",non-elite,1352,2677,3998,5342,6658,8021,9435,10835,1325,1321,1344,1316,1363,1414,1400
29679,"Waterman, Mike",non-elite,1270,2543,3814,5110,6414,7792,9236,10674,1273,1271,1296,1304,1378,1444,1438
29681,"Isenberg, Travis",non-elite,1231,2687,3978,5250,6541,7896,9326,10827,1456,1291,1272,1291,1355,1430,1501
29682,"Onishi, Annie",non-elite,1363,2741,4097,5457,6798,8166,9548,10883,1378,1356,1360,1341,1368,1382,1335
29683,"Sullivan, John T.",non-elite,1246,2504,3761,5035,6305,7642,9328,10802,1258,1257,1274,1270,1337,1686,1474
29684,"Bedford, Sylvia",non-elite,1235,2473,3722,5002,6312,7706,9282,10829,1238,1249,1280,1310,1394,1576,1547
29685,"Brent, David",non-elite,1265,2522,3780,5055,6371,7809,9401,10884,1257,1258,1275,1316,1438,1592,1483
29686,"Benz, Brad",non-elite,1240,2493,3754,5061,6397,7819,9363,10851,1253,1261,1307,1336,1422,1544,1488
29687,"Kawashima, Jun",non-elite,1337,2666,4004,5336,6650,8015,9404,10829,1329,1338,1332,1314,1365,1389,1425
29688,"Deer, Timothy R",non-elite,1351,2699,4038,5388,6736,8106,9497,10871,1348,1339,1350,1348,1370,1391,1374
29689,"Torelli, Roberto",non-elite,1279,2543,3805,5101,6422,7810,9295,10805,1264,1262,1296,1321,1388,1485,1510
29690,"Kusanagi, Yuta",non-elite,1238,2523,3824,5193,6557,7976,9451,10907,1285,1301,1369,1364,1419,1475,1456
29691,"Neal, James P",non-elite,1329,2643,3943,5272,6599,7985,9376,10842,1314,1300,1329,1327,1386,1391,1466
29692,"Best, Gregg W.",non-elite,1271,2524,3826,5169,6499,7856,9341,10837,1253,1302,1343,1330,1357,1485,1496
29693,"Wichmann, Katherine A.",non-elite,1283,2572,3862,5220,6610,8016,9445,10864,1289,1290,1358,1390,1406,1429,1419
29694,"Nielsen, Robert",non-elite,1359,2701,4063,5430,6792,8152,9556,10905,1342,1362,1367,1362,1360,1404,1349
29695,"Ables, Ina",non-elite,1294,2558,3834,5136,6447,7848,9358,10886,1264,1276,1302,1311,1401,1510,1528
29696,"Abbott, Brent",non-elite,1224,2421,3606,4815,6032,7299,8721,10618,1197,1185,1209,1217,1267,1422,1897
29697,"Glenn, Denis",non-elite,1252,2501,3767,5052,6363,7786,9308,10834,1249,1266,1285,1311,1423,1522,1526
29698,"Godby, Jeffrey E",non-elite,1366,2718,4065,5418,6759,8156,9536,10896,1352,1347,1353,1341,1397,1380,1360
29699,"Doctor, Vishal",non-elite,1328,2627,3907,5193,6490,7862,9306,10824,1299,1280,1286,1297,1372,1444,1518
29700,"Nadeau, Bill",non-elite,1300,2637,3997,5361,6715,8101,9507,10883,1337,1360,1364,1354,1386,1406,1376
29701,"Shell, Alison",non-elite,1311,2637,3961,5307,6660,8045,9444,10859,1326,1324,1346,1353,1385,1399,1415
29702,"Lirio, Evandro Sr.",non-elite,1288,2573,3869,5196,6524,7906,9341,10800,1285,1296,1327,1328,1382,1435,1459
29703,"Clark, Roger B",non-elite,1311,2616,3940,5289,6647,8036,9471,10884,1305,1324,1349,1358,1389,1435,1413
29704,"Folio, Brandon",non-elite,1153,2286,3433,4630,5931,7477,9257,10813,1133,1147,1197,1301,1546,1780,1556
29705,"Perl, Nicholas",non-elite,1247,2484,3734,5002,6288,7729,9231,10774,1237,1250,1268,1286,1441,1502,1543
29706,"Lin, Zun",non-elite,1282,2558,3862,5186,6532,7904,9368,10836,1276,1304,1324,1346,1372,1464,1468
29707,"Bierkan, Mark",non-elite,1235,2457,3697,4970,6288,7727,9234,10802,1222,1240,1273,1318,1439,1507,1568
29708,"Belza, Jan M.",non-elite,1246,2485,3749,5051,6420,7902,9393,10857,1239,1264,1302,1369,1482,1491,1464
29709,"Cusick, Jonathan",non-elite,1224,2452,3665,4878,6137,7478,9058,10816,1228,1213,1213,1259,1341,1580,1758
29710,"Sanford, Shawn",non-elite,1278,2565,3851,5185,6523,7908,9375,10826,1287,1286,1334,1338,1385,1467,1451
29711,"Lindley, Rachel",non-elite,1303,2623,3955,5299,6637,8039,9497,10890,1320,1332,1344,1338,1402,1458,1393
29712,"Mitchell, Ryan",non-elite,1324,2657,4010,5394,6830,8218,9559,10895,1333,1353,1384,1436,1388,1341,1336
29713,"How, Timothy D.",non-elite,1227,2469,3727,5025,6363,7791,9308,10818,1242,1258,1298,1338,1428,1517,1510
29714,"Kollar, Steven",non-elite,1299,2593,3885,5206,6547,7939,9385,10855,1294,1292,1321,1341,1392,1446,1470
29715,"Lynch, Cindy G.",non-elite,1329,2666,4026,5392,6747,8163,9558,10903,1337,1360,1366,1355,1416,1395,1345
29716,"Lyke, Greg",non-elite,1321,2652,3981,5343,6694,8094,9493,10873,1331,1329,1362,1351,1400,1399,1380
29717,"Samler, Tyler",non-elite,1262,2518,3780,5126,6597,7996,9459,10877,1256,1262,1346,1471,1399,1463,1418
29718,"Staudte-Blondeaux, Nelly",non-elite,1359,2705,4036,5377,6727,8099,9488,10872,1346,1331,1341,1350,1372,1389,1384
29719,"Bartholic, Claire",non-elite,1274,2549,3841,5135,6428,7762,9254,10786,1275,1292,1294,1293,1334,1492,1532
29720,"Hayden, Michael",non-elite,1158,2349,3587,4857,6159,7614,9131,10870,1191,1238,1270,1302,1455,1517,1739
29721,"Hedge, Corey",non-elite,1327,2661,3996,5328,6649,8016,9427,10851,1334,1335,1332,1321,1367,1411,1424
29722,"Juurlink, Alexis",non-elite,1306,2625,3947,5286,6637,8036,9461,10881,1319,1322,1339,1351,1399,1425,1420
29723,"Leon, Oscar",non-elite,1275,2505,3752,5031,6352,7757,9224,10764,1230,1247,1279,1321,1405,1467,1540
29724,"Snyder, Scott F.",non-elite,1206,2403,3605,4826,6213,7753,9305,10850,1197,1202,1221,1387,1540,1552,1545
29725,"Paitre, Cedric",non-elite,1240,2485,3727,4995,6288,7697,9228,10789,1245,1242,1268,1293,1409,1531,1561
29726,"Morrison, Paul D.",non-elite,1252,2531,3818,5133,6505,7886,9334,10814,1279,1287,1315,1372,1381,1448,1480
29727,"Fiorini, Allison M",non-elite,1266,2541,3828,5159,6514,7949,9413,10835,1275,1287,1331,1355,1435,1464,1422
29728,"Baldwin, Aaron D.",non-elite,1221,2463,3709,4997,6345,7776,9272,10832,1242,1246,1288,1348,1431,1496,1560
29729,"Saldanha, Kaitlynn",non-elite,1452,2814,4137,5460,6766,8093,9490,10862,1362,1323,1323,1306,1327,1397,1372
29730,"Vergunst, Leonard",non-elite,1249,2524,3792,5097,6450,7868,9373,10857,1275,1268,1305,1353,1418,1505,1484
29731,"Anderson, Matthew P.",non-elite,1285,2542,3804,5111,6445,7869,9432,10892,1257,1262,1307,1334,1424,1563,1460
29732,"Lee, Joseph",non-elite,1303,2612,3937,5281,6650,8070,9522,10908,1309,1325,1344,1369,1420,1452,1386
29733,"Michels, Kurt",non-elite,1124,2210,3320,4455,5699,7530,9442,10873,1086,1110,1135,1244,1831,1912,1431
29734,"Frumes, Max",non-elite,1252,2493,3758,5057,6399,7892,9379,10835,1241,1265,1299,1342,1493,1487,1456
29735,"Sharp, Joshua A.",non-elite,1303,2587,3869,5181,6508,7914,9403,10859,1284,1282,1312,1327,1406,1489,1456
29736,"Shea, John W Jr.",non-elite,1330,2661,3992,5331,6669,8040,9448,10842,1331,1331,1339,1338,1371,1408,1394
29737,"Plague, Thierry",non-elite,1301,2649,3986,5331,6669,8026,9428,10858,1348,1337,1345,1338,1357,1402,1430
29738,"Monge, Jorge",non-elite,1299,2612,3928,5274,6610,7964,9344,10833,1313,1316,1346,1336,1354,1380,1489
29739,"Killick, Dan",non-elite,1289,2587,3859,5155,6538,7983,9458,10867,1298,1272,1296,1383,1445,1475,1409
29740,"Ronberg, Steve A",non-elite,1274,2498,3768,5117,6521,7909,9391,10851,1224,1270,1349,1404,1388,1482,1460
29741,"Ziegenfuss, Joe",non-elite,1211,2471,3751,5061,6394,7840,9349,10834,1260,1280,1310,1333,1446,1509,1485
29742,"Mccourt, Brian J",non-elite,1322,2642,3955,5275,6599,7968,9389,10848,1320,1313,1320,1324,1369,1421,1459
29743,"Gutierrez, Octavio",non-elite,1249,2517,3781,5067,6499,7904,9364,10854,1268,1264,1286,1432,1405,1460,1490
29744,"Ward, Patrick A",non-elite,1211,2430,3639,4860,6195,7610,9277,10857,1219,1209,1221,1335,1415,1667,1580
29745,"Ozahowski, David",non-elite,1160,2342,3769,5141,6546,8012,9479,10894,1182,1427,1372,1405,1466,1467,1415
29746,"Mays-Sulewski, Lucie",non-elite,1227,2480,3750,5060,6378,7895,9399,10861,1253,1270,1310,1318,1517,1504,1462
29747,"Dierksen, Gregory",non-elite,1170,2340,3504,4697,6051,7538,9064,10778,1170,1164,1193,1354,1487,1526,1714
29748,"Burke, Patrick J",non-elite,1209,2484,3785,5077,6423,7780,9325,10836,1275,1301,1292,1346,1357,1545,1511
29749,"Garcia, Michael",non-elite,1310,2621,3922,5253,6614,8041,9471,10859,1311,1301,1331,1361,1427,1430,1388
29750,"Ponsard, Alain",non-elite,1295,2630,3992,5378,6733,8121,9523,10905,1335,1362,1386,1355,1388,1402,1382
29751,"Muchow, Trevor",non-elite,1309,2595,3864,5148,6449,7830,9350,10864,1286,1269,1284,1301,1381,1520,1514
29752,"Pollina, Marc W",non-elite,1367,2722,4060,5406,6746,8120,9518,10903,1355,1338,1346,1340,1374,1398,1385
29753,"Stackpole, Peter",non-elite,1356,2699,4039,5399,6772,8158,9547,10905,1343,1340,1360,1373,1386,1389,1358
29754,"Green, Ken",non-elite,1321,2630,3932,5286,6618,8029,9486,10884,1309,1302,1354,1332,1411,1457,1398
29755,"Macausland, Scott H",non-elite,1293,2600,3877,5170,6476,7908,9325,10807,1307,1277,1293,1306,1432,1417,1482
29756,"Callejas, Brian",non-elite,1204,2418,3633,4853,6107,7433,8870,10831,1214,1215,1220,1254,1326,1437,1961
29757,"Bonnett, Don B",non-elite,1391,2760,4115,5483,6831,8198,9568,10904,1369,1355,1368,1348,1367,1370,1336
29758,"Christoni, Timothy",non-elite,1224,2477,3813,5177,6561,7998,9442,10869,1253,1336,1364,1384,1437,1444,1427
29759,"Phan, Howie",non-elite,1340,2678,4020,5377,6723,8102,9514,10894,1338,1342,1357,1346,1379,1412,1380
29760,"Cheung, Chi Hung",non-elite,1301,2583,3892,5246,6597,8031,9478,10878,1282,1309,1354,1351,1434,1447,1400
29761,"Wilkins, Jon S",non-elite,1239,2490,3743,5023,6318,7685,9181,10780,1251,1253,1280,1295,1367,1496,1599
29762,"Kim, Luke K.",non-elite,1326,2651,3977,5317,6640,7989,9384,10846,1325,1326,1340,1323,1349,1395,1462
29763,"Campeau, Nathan D.",non-elite,1266,2531,3795,5080,6387,7761,9246,10802,1265,1264,1285,1307,1374,1485,1556
29764,"Kracht, Justin",non-elite,1349,2662,3971,5306,6637,8013,9421,10850,1313,1309,1335,1331,1376,1408,1429
29765,"Pereira, Fernanda",non-elite,1365,2715,4078,5452,6815,8206,9592,10922,1350,1363,1374,1363,1391,1386,1330
29766,"Faucher, Pierre",non-elite,1290,2639,3985,5332,6666,8096,9554,10916,1349,1346,1347,1334,1430,1458,1362
29767,"Seifert, Eric",non-elite,1330,2654,3958,5277,6581,7921,9332,10813,1324,1304,1319,1304,1340,1411,1481
29768,"Wilson, Brian",non-elite,1288,2562,3841,5148,6461,7837,9343,10876,1274,1279,1307,1313,1376,1506,1533
29769,"Lynch, Philip",non-elite,1334,2639,3948,5283,6605,7968,9395,10880,1305,1309,1335,1322,1363,1427,1485
29770,"Healy, Bernie",non-elite,1223,2421,3634,4891,6204,7544,9191,10826,1198,1213,1257,1313,1340,1647,1635
29771,"Alcoba, Nicolas F. Sr.",non-elite,1294,2575,3853,5162,6510,7905,9361,10844,1281,1278,1309,1348,1395,1456,1483
29772,"Flack, Sean",non-elite,1298,2592,3906,5228,6550,7927,9375,10830,1294,1314,1322,1322,1377,1448,1455
29773,"Troxell, Eric",non-elite,1312,2619,3928,5258,6596,7974,9404,10864,1307,1309,1330,1338,1378,1430,1460
29774,"Culver, Jessica M",non-elite,1340,2693,4032,5385,6750,8107,9504,10876,1353,1339,1353,1365,1357,1397,1372
29775,"Cubillos, Jose F. Sr.",non-elite,1329,2650,3966,5310,6654,8062,9477,10892,1321,1316,1344,1344,1408,1415,1415
29776,"Schoenberg, Jon S.",non-elite,1252,2526,3808,5101,6412,7823,9314,10850,1274,1282,1293,1311,1411,1491,1536
29777,"Rose, Jordan",non-elite,1167,2329,3515,4811,6205,7756,9268,10843,1162,1186,1296,1394,1551,1512,1575
29778,"Starr, Matt",non-elite,1236,2483,3751,5054,6396,7845,9362,10850,1247,1268,1303,1342,1449,1517,1488
29779,"Winkelhake, Jay",non-elite,1289,2547,3805,5087,6420,7845,9375,10893,1258,1258,1282,1333,1425,1530,1518
29780,"Kilmer, Austin H.",non-elite,1338,2660,3981,5321,6648,8025,9441,10888,1322,1321,1340,1327,1377,1416,1447
29781,"Barrow, Bennett H",non-elite,1324,2624,3921,5244,6574,7969,9414,10867,1300,1297,1323,1330,1395,1445,1453
29782,"Beus, Brian D.",non-elite,1346,2696,4056,5407,6764,8163,9565,10926,1350,1360,1351,1357,1399,1402,1361
29783,"Huang, He",non-elite,1244,2519,3820,5163,6553,8042,9520,10945,1275,1301,1343,1390,1489,1478,1425
29784,"Child, Max",non-elite,1299,2588,3887,5199,6510,7853,9294,10791,1289,1299,1312,1311,1343,1441,1497
29785,"Tapp, Carolyn T.",non-elite,1309,2621,3949,5295,6638,8039,9474,10887,1312,1328,1346,1343,1401,1435,1413
29786,"Kasuga, Shinji",non-elite,1268,2567,3857,5205,6577,8005,9478,10902,1299,1290,1348,1372,1428,1473,1424
29787,"Klein, Jon R",non-elite,1291,2585,3891,5245,6592,7993,9429,10883,1294,1306,1354,1347,1401,1436,1454
29788,"Oomkes, Niels",non-elite,1348,2663,3989,5344,6669,8067,9508,10896,1315,1326,1355,1325,1398,1441,1388
29789,"Phelps, John E",non-elite,1306,2628,3951,5292,6625,7984,9408,10865,1322,1323,1341,1333,1359,1424,1457
29790,"Siefert, Mauricio A. Sr.",non-elite,1273,2524,3792,5112,6448,7880,9371,10853,1251,1268,1320,1336,1432,1491,1482
29791,"Patterson, Ross P",non-elite,1212,2415,3637,4907,6253,7610,9106,10769,1203,1222,1270,1346,1357,1496,1663
29792,"Vanderschuren, Abel",non-elite,1154,2341,3721,5137,6613,8100,9558,10934,1187,1380,1416,1476,1487,1458,1376
29793,"Luksich, Aaron T",non-elite,1297,2619,3909,5227,6553,7944,9396,10856,1322,1290,1318,1326,1391,1452,1460
29794,"Smith, Jonathan J. Jr.",non-elite,1225,2444,3716,5012,6374,7788,9292,10836,1219,1272,1296,1362,1414,1504,1544
29795,"Juarez, Miguel A Sr.",non-elite,1237,2485,3751,5015,6265,7595,9068,10727,1248,1266,1264,1250,1330,1473,1659
29796,"Galdamez, Carlos",non-elite,1244,2481,3706,5018,6340,7789,9301,10822,1237,1225,1312,1322,1449,1512,1521
29797,"Tremaine, Scott",non-elite,1269,2541,3814,5138,6509,7955,9439,10882,1272,1273,1324,1371,1446,1484,1443
29798,"Giammar, David",non-elite,1276,2559,3870,5208,6551,7966,9403,10861,1283,1311,1338,1343,1415,1437,1458
29799,"Kanjilimadhom, Ramesh P.",non-elite,1327,2640,3947,5282,6628,8049,9509,10932,1313,1307,1335,1346,1421,1460,1423
29800,"Carvajal Martin, Juan Jose Sr.",non-elite,1272,2547,3819,5091,6371,7738,9200,10771,1275,1272,1272,1280,1367,1462,1571
29801,"Grana, Fernando Sr.",non-elite,1331,2669,4016,5371,6718,8110,9514,10887,1338,1347,1355,1347,1392,1404,1373
29802,"Vandecasteele, Herman",non-elite,1252,2498,3771,5103,6479,7918,9422,10873,1246,1273,1332,1376,1439,1504,1451
29803,"Foy, Aaron G.",non-elite,1259,2504,3770,5082,6476,7918,9453,10880,1245,1266,1312,1394,1442,1535,1427
29804,"Unsicker, Andrew J",non-elite,1241,2468,3694,5045,6302,7650,9215,10795,1227,1226,1351,1257,1348,1565,1580
29805,"Schmidt, Jeffrey",non-elite,1316,2626,3931,5260,6588,7972,9425,10875,1310,1305,1329,1328,1384,1453,1450
29806,"Collins, Terrance M",non-elite,1315,2639,3965,5306,6638,8016,9441,10892,1324,1326,1341,1332,1378,1425,1451
29807,"Ditsch, Andre P.",non-elite,1267,2528,3795,5068,6354,7741,9220,10802,1261,1267,1273,1286,1387,1479,1582
29808,"Harning, Brian L.",non-elite,1470,2776,4141,5495,6804,8149,9533,10936,1306,1365,1354,1309,1345,1384,1403
29809,"Ball, Mitchell J",non-elite,1295,2638,3983,5321,6655,8044,9489,10889,1343,1345,1338,1334,1389,1445,1400
29810,"Radford, Alexander J",non-elite,1282,2546,3853,5199,6561,7980,9438,10890,1264,1307,1346,1362,1419,1458,1452
29811,"Flannery, Christopher",non-elite,1304,2580,3840,5130,6424,7799,9288,10800,1276,1260,1290,1294,1375,1489,1512
29812,"Soulieres, Denis",non-elite,1303,2586,3852,5176,6499,7886,9360,10843,1283,1266,1324,1323,1387,1474,1483
29813,"Lennon, Barry",non-elite,1232,2472,3761,5096,6464,7905,9365,10856,1240,1289,1335,1368,1441,1460,1491
29814,"Burns, Sinead",non-elite,1232,2472,3761,5097,6466,7905,9365,10856,1240,1289,1336,1369,1439,1460,1491
29815,"Troutman, David",non-elite,1243,2486,3778,5110,6442,7854,9346,10808,1243,1292,1332,1332,1412,1492,1462
29816,"Russell, Zachary F.",non-elite,1209,2445,3719,5086,6425,7858,9271,10822,1236,1274,1367,1339,1433,1413,1551
29817,"Peng, Stanley",non-elite,1315,2653,3989,5336,6660,8033,9447,10853,1338,1336,1347,1324,1373,1414,1406
29818,"Foote, Kurt",non-elite,1293,2578,3876,5182,6490,7848,9307,10804,1285,1298,1306,1308,1358,1459,1497
29819,"Novak, Daniel",non-elite,1298,2627,3972,5327,6679,8060,9471,10892,1329,1345,1355,1352,1381,1411,1421
29820,"Liao, Hung-Wei",non-elite,1220,2434,3666,4937,6236,7638,9201,10856,1214,1232,1271,1299,1402,1563,1655
29821,"Ladson, Jonathan",non-elite,1279,2530,3786,5056,6342,7719,9179,10815,1251,1256,1270,1286,1377,1460,1636
29822,"Clare, Benjamin J",non-elite,1280,2585,3908,5260,6618,8041,9492,10908,1305,1323,1352,1358,1423,1451,1416
29823,"Harden, Steven",non-elite,1345,2681,4013,5359,6705,8095,9495,10893,1336,1332,1346,1346,1390,1400,1398
29824,"Rasch, Silvana M",non-elite,1318,2668,4024,5392,6765,8151,9563,10931,1350,1356,1368,1373,1386,1412,1368
29825,"Pearson, Edward A",non-elite,1380,2756,4133,5494,6849,8206,9591,10935,1376,1377,1361,1355,1357,1385,1344
29826,"Deines, Danielle A.",non-elite,1365,2696,4030,5383,6732,8103,9527,10918,1331,1334,1353,1349,1371,1424,1391
29827,"Anter, Daniel A",non-elite,1281,2570,3886,5240,6591,7995,9449,10899,1289,1316,1354,1351,1404,1454,1450
29828,"Porter, Stephen R",non-elite,1241,2496,3746,5051,6426,7925,9511,10928,1255,1250,1305,1375,1499,1586,1417
29829,"Featherstone, John J",non-elite,1291,2569,3879,5185,6533,7924,9380,10860,1278,1310,1306,1348,1391,1456,1480
29830,"Nearing, Jeff C",non-elite,1335,2654,3965,5298,6620,7995,9427,10867,1319,1311,1333,1322,1375,1432,1440
29831,"Normandin, Jocelyn",non-elite,1392,2720,4030,5349,6672,8062,9480,10866,1328,1310,1319,1323,1390,1418,1386
29832,"Short, Richard E",non-elite,1328,2658,3978,5302,6620,8015,9468,10905,1330,1320,1324,1318,1395,1453,1437
29833,"Medina, Moises",non-elite,1261,2512,3769,5064,6389,7806,9309,10833,1251,1257,1295,1325,1417,1503,1524
29834,"Villenas, Edwin",non-elite,1340,2659,4010,5406,6812,8202,9559,10917,1319,1351,1396,1406,1390,1357,1358
29835,"Breadner, Robby",non-elite,1302,2606,3910,5225,6547,7940,9390,10839,1304,1304,1315,1322,1393,1450,1449
29836,"Konstanzer, Heather",non-elite,1379,2749,4106,5456,6817,8187,9561,10930,1370,1357,1350,1361,1370,1374,1369
29837,"Schwartz, Michael",non-elite,1280,2558,3836,5138,6451,7853,9322,10865,1278,1278,1302,1313,1402,1469,1543
29838,"Ackermann, Melissa",non-elite,1279,2558,3851,5163,6456,7834,9334,10840,1279,1293,1312,1293,1378,1500,1506
29839,"Kiviaho, Colin",non-elite,1254,2508,3784,5092,6469,7990,9503,10929,1254,1276,1308,1377,1521,1513,1426
29840,"Dalton, Christopher",non-elite,1290,2559,3828,5123,6443,7844,9360,10871,1269,1269,1295,1320,1401,1516,1511
29841,"Sandoval, Victor",non-elite,1301,2609,3896,5206,6546,7920,9476,10904,1308,1287,1310,1340,1374,1556,1428
29842,"Taniguchi, Michael",non-elite,1323,2629,3942,5278,6620,8001,9434,10884,1306,1313,1336,1342,1381,1433,1450
29843,"Wenger, Mendy",non-elite,1302,2600,3916,5249,6565,7948,9356,10867,1298,1316,1333,1316,1383,1408,1511
29844,"Mccarron, Emma L",non-elite,1293,2592,3888,5216,6582,7975,9424,10895,1299,1296,1328,1366,1393,1449,1471
29845,"Coude, Pascal",non-elite,1319,2625,3936,5269,6600,7974,9400,10864,1306,1311,1333,1331,1374,1426,1464
29846,"Stiegel, Stephen W",non-elite,1289,2586,3892,5307,6664,8060,9457,10898,1297,1306,1415,1357,1396,1397,1441
29847,"Smith, Thomas G",non-elite,1329,2671,4020,5389,6739,8131,9554,10949,1342,1349,1369,1350,1392,1423,1395
29848,"Lizak, Marisa A",non-elite,1269,2559,3862,5201,6553,7961,9425,10882,1290,1303,1339,1352,1408,1464,1457
29850,"Smart, Jeffrey D.",non-elite,1346,2674,4000,5332,6705,8066,9489,10865,1328,1326,1332,1373,1361,1423,1376
29851,"Quesada, Jason",non-elite,1410,2784,4107,5427,6744,8129,9533,10900,1374,1323,1320,1317,1385,1404,1367
29852,"Rixe, Jeffrey",non-elite,1179,2374,3597,4920,6346,7842,9356,10885,1195,1223,1323,1426,1496,1514,1529
29853,"Jerome, Kate",non-elite,1322,2643,3983,5358,6717,8139,9554,10942,1321,1340,1375,1359,1422,1415,1388
29854,"Roberge, Melanie",non-elite,1317,2619,3931,5268,6612,7998,9428,10919,1302,1312,1337,1344,1386,1430,1491
29855,"Davis, Addy E",non-elite,1283,2584,3912,5279,6677,8107,9565,10921,1301,1328,1367,1398,1430,1458,1356
29856,"Li, Tong",non-elite,1370,2709,4016,5343,6663,8040,9475,10879,1339,1307,1327,1320,1377,1435,1404
29857,"Hensley, Donald",non-elite,1237,2472,3709,4963,6222,7536,8937,10541,1235,1237,1254,1259,1314,1401,1604
29858,"Castro, Rocky Joe P.",non-elite,1269,2539,3844,5198,6579,8058,9537,10939,1270,1305,1354,1381,1479,1479,1402
29859,"Watkins, Robin",non-elite,1265,2540,3856,5224,6622,8036,9481,10905,1275,1316,1368,1398,1414,1445,1424
29861,"Mattis, Shanda L.",non-elite,1304,2607,3926,5271,6632,8050,9507,10899,1303,1319,1345,1361,1418,1457,1392
29862,"Willenberg, Lukasz",non-elite,1200,2402,3625,4945,6270,7698,9175,10778,1202,1223,1320,1325,1428,1477,1603
29863,"Cooke, Mike",non-elite,1310,2592,3914,5196,6567,7913,9386,10879,1282,1322,1282,1371,1346,1473,1493
29864,"Fetters, Samuel",non-elite,1264,2529,3804,5093,6422,7836,9330,10863,1265,1275,1289,1329,1414,1494,1533
29865,"Bray, Michael S.",non-elite,1295,2588,3863,5163,6475,7837,9324,10844,1293,1275,1300,1312,1362,1487,1520
29866,"Keelapatla, Krishna C",non-elite,1300,2597,3912,5252,6604,7987,9411,10864,1297,1315,1340,1352,1383,1424,1453
29867,"Allen, Jason",non-elite,1374,2778,4179,5567,6946,8330,9672,10957,1404,1401,1388,1379,1384,1342,1285
29868,"Neale, Ben",non-elite,1240,2485,3736,5007,6276,7628,9209,10796,1245,1251,1271,1269,1352,1581,1587
29869,"Fischer, Saeger",non-elite,1304,2594,3908,5246,6622,7997,9464,10911,1290,1314,1338,1376,1375,1467,1447
29870,"Giuliano, Paul W",non-elite,1241,2463,3703,4974,6289,7705,9370,10841,1222,1240,1271,1315,1416,1665,1471
29871,"Sanchez-Blanco, Adolfo",non-elite,1313,2619,3929,5258,6598,7986,9443,10914,1306,1310,1329,1340,1388,1457,1471
29872,"Guillemin, Benjamin",non-elite,1229,2489,3772,5083,6421,7810,9406,10912,1260,1283,1311,1338,1389,1596,1506
29873,"Wallace, Matthew E.",non-elite,1169,2300,3461,4705,6053,7680,9229,10790,1131,1161,1244,1348,1627,1549,1561
29874,"Lowder, Patrick",non-elite,1277,2557,3849,5164,6496,7858,9301,10791,1280,1292,1315,1332,1362,1443,1490
29875,"Benz, Brian",non-elite,1240,2493,3754,5061,6365,7750,9230,10843,1253,1261,1307,1304,1385,1480,1613
29876,"Bouchard, Etienne",non-elite,1276,2540,3821,5121,6462,7888,9394,10896,1264,1281,1300,1341,1426,1506,1502
29877,"Colon, Ricardo",non-elite,1297,2613,3931,5270,6592,7946,9363,10802,1316,1318,1339,1322,1354,1417,1439
29878,"Novis, Andrew C.",non-elite,1293,2588,3931,5331,6678,8049,9481,10914,1295,1343,1400,1347,1371,1432,1433
29879,"Tedsen Winkelman, Elizabeth",non-elite,1347,2669,3995,5331,6681,8055,9489,10917,1322,1326,1336,1350,1374,1434,1428
29880,"Cook, Benjamin",non-elite,1256,2520,3775,5047,6343,7742,9266,10819,1264,1255,1272,1296,1399,1524,1553
29881,"Orzel, Andrew",non-elite,1266,2551,3832,5159,6509,7922,9405,10881,1285,1281,1327,1350,1413,1483,1476
29882,"Young, Kristy N.",non-elite,1323,2656,4015,5396,6746,8129,9551,10924,1333,1359,1381,1350,1383,1422,1373
29883,"Young, Carl R.",non-elite,1295,2576,3857,5190,6540,7966,9421,10874,1281,1281,1333,1350,1426,1455,1453
29884,"Consigli, David E.",non-elite,1308,2576,3852,5164,6505,7923,9392,10872,1268,1276,1312,1341,1418,1469,1480
29885,"Chui, Nicole K.",non-elite,1309,2617,3914,5216,6533,7878,9281,10850,1308,1297,1302,1317,1345,1403,1569
29886,"Charles, David",non-elite,1291,2582,3879,5250,6617,8061,9499,10924,1291,1297,1371,1367,1444,1438,1425
29887,"Buchholtz, Mark",non-elite,1273,2530,3785,5071,6371,7769,9269,10876,1257,1255,1286,1300,1398,1500,1607
29888,"Mccallum, Neil J",non-elite,1331,2635,3929,5251,6597,8015,9468,10912,1304,1294,1322,1346,1418,1453,1444
29889,"Hamlin-Levin, Andrea",non-elite,1280,2607,3940,5286,6634,8023,9451,10952,1327,1333,1346,1348,1389,1428,1501
29890,"Green, Nicole",non-elite,1287,2579,3888,5220,6560,7985,9461,10898,1292,1309,1332,1340,1425,1476,1437
29891,"Garneau, Martin",non-elite,1321,2643,3944,5283,6636,8024,9460,10910,1322,1301,1339,1353,1388,1436,1450
29892,"Colby, Christopher M",non-elite,1389,2711,4034,5350,6667,8009,9379,10847,1322,1323,1316,1317,1342,1370,1468
29893,"Romano, Irineu",non-elite,1314,2624,3941,5277,6624,8007,9440,10902,1310,1317,1336,1347,1383,1433,1462
29894,"Vossen, Thomas S.",non-elite,1303,2620,3995,5346,6687,8074,9500,10899,1317,1375,1351,1341,1387,1426,1399
29895,"Phelps, David M",non-elite,1292,2555,3810,5124,6456,7840,9325,10849,1263,1255,1314,1332,1384,1485,1524
29896,"Minnich, John M.",non-elite,1273,2564,3893,5252,6608,8033,9477,10920,1291,1329,1359,1356,1425,1444,1443
29897,"Collins, Grant",non-elite,1305,2612,3920,5249,6573,7975,9394,10877,1307,1308,1329,1324,1402,1419,1483
29898,"Simon, Matthew C",non-elite,1277,2814,4198,5549,6925,8312,9690,10978,1537,1384,1351,1376,1387,1378,1288
29899,"Wolf, Jeffrey",non-elite,1244,2496,3775,5070,6378,7752,9238,10823,1252,1279,1295,1308,1374,1486,1585
29900,"Sakalowsky, John",non-elite,1228,2450,3705,5001,6276,7578,9190,10900,1222,1255,1296,1275,1302,1612,1710
29901,"Goble, Grant",non-elite,1343,2669,3985,5301,6636,7986,9411,10864,1326,1316,1316,1335,1350,1425,1453
29902,"Kotchen, Peter M",non-elite,1225,2462,3731,5062,6416,7990,9472,10883,1237,1269,1331,1354,1574,1482,1411
29903,"Hatch, Jeffrey A.",non-elite,1333,2671,4028,5394,6744,8106,9518,10918,1338,1357,1366,1350,1362,1412,1400
29904,"Giffin, Kell T.",non-elite,1205,2395,3576,4775,5987,7345,9089,10856,1190,1181,1199,1212,1358,1744,1767
29905,"White, Paul",non-elite,1346,2715,4077,5460,6831,8195,9572,10952,1369,1362,1383,1371,1364,1377,1380
29906,"Sobey, Richard",non-elite,1211,2411,3634,4873,6168,7579,9217,10835,1200,1223,1239,1295,1411,1638,1618
29907,"Hall, Tom",non-elite,1248,2477,3705,4974,6328,7808,9370,10890,1229,1228,1269,1354,1480,1562,1520
29908,"Martinez, Salvador",non-elite,1332,2635,3942,5280,6661,8046,9469,10944,1303,1307,1338,1381,1385,1423,1475
29909,"Monllor, Javier A",non-elite,1279,2576,3899,5270,6639,8029,9472,10897,1297,1323,1371,1369,1390,1443,1425
29910,"Acevedo, Felipe",non-elite,1282,2544,3799,5069,6354,7718,9356,10836,1262,1255,1270,1285,1364,1638,1480
29911,"Larson-Long, Lauren M",non-elite,1286,2605,3953,5302,6646,7999,9423,10869,1319,1348,1349,1344,1353,1424,1446
29912,"Miessenböck, Florian",non-elite,1253,2496,3761,5083,6449,7918,9456,10928,1243,1265,1322,1366,1469,1538,1472
29913,"Davidson, Jason",non-elite,1280,2571,3866,5177,6560,7973,9413,10888,1291,1295,1311,1383,1413,1440,1475
29914,"Bachl Stewart, Carolyn",non-elite,1308,2609,3916,5253,6615,8006,9470,10901,1301,1307,1337,1362,1391,1464,1431
29915,"Temple, Brian",non-elite,1214,2438,3672,5001,6405,7884,9390,10877,1224,1234,1329,1404,1479,1506,1487
29916,"Rusk, Sarah S.",non-elite,1371,2749,4090,5445,6807,8176,9561,10948,1378,1341,1355,1362,1369,1385,1387
29917,"Parulis, Alex",non-elite,1237,2408,3592,4880,6307,7805,9348,10851,1171,1184,1288,1427,1498,1543,1503
29918,"Andruskeviciute, Audinga",non-elite,1321,2642,3974,5324,6681,8070,9501,10908,1321,1332,1350,1357,1389,1431,1407
29919,"Dreher, Jonathan",non-elite,1286,2573,3847,5155,6511,7983,9454,10921,1287,1274,1308,1356,1472,1471,1467
29920,"Silberman, Hernan G",non-elite,1290,2570,3847,5183,6522,7933,9416,10926,1280,1277,1336,1339,1411,1483,1510
29921,"Dwyer, Tim R",non-elite,1176,2396,3663,4979,6322,7760,9322,10916,1220,1267,1316,1343,1438,1562,1594
29922,"Pierret, Nicolas P.",non-elite,1269,2555,3816,5137,6475,7923,9404,10902,1286,1261,1321,1338,1448,1481,1498
29923,"Dougherty, Kevin M",non-elite,1268,2533,3805,5099,6430,7876,9454,10937,1265,1272,1294,1331,1446,1578,1483
29924,"Steinburg, Bill",non-elite,1185,2374,3599,4874,6238,7760,9272,10873,1189,1225,1275,1364,1522,1512,1601
29925,"Harold, Jona J.",non-elite,1337,2669,3987,5340,6704,8172,9632,10948,1332,1318,1353,1364,1468,1460,1316
29926,"Oneal, Cameron",non-elite,1284,2566,3833,5118,6421,7807,9316,10883,1282,1267,1285,1303,1386,1509,1567
29927,"Gaeta, Jose",non-elite,1211,2429,3670,4943,6242,7648,9192,10801,1218,1241,1273,1299,1406,1544,1609
29928,"Hall, Darlene",non-elite,1324,2653,4004,5371,6754,8192,9609,10972,1329,1351,1367,1383,1438,1417,1363
29929,"Jaeger, Andre",non-elite,1277,2573,3877,5209,6572,7989,9436,10904,1296,1304,1332,1363,1417,1447,1468
29930,"Ragan, Ty",non-elite,1165,2341,3563,4882,6239,7719,9370,10908,1176,1222,1319,1357,1480,1651,1538
29931,"Allison, Damon R",non-elite,1330,2659,3959,5304,6669,8061,9490,10926,1329,1300,1345,1365,1392,1429,1436
29932,"Sueper, Alvin J",non-elite,1359,2677,3972,5282,6587,7975,9444,10867,1318,1295,1310,1305,1388,1469,1423
29933,"Shearin, Wilson H.",non-elite,1191,2398,3615,4851,6133,7466,8952,10729,1207,1217,1236,1282,1333,1486,1777
29934,"Albinsson, Stefan",non-elite,1293,2599,3946,5273,6626,8107,9507,10925,1306,1347,1327,1353,1481,1400,1418
29935,"Whitelam, Paul M",non-elite,1292,2547,3846,5182,6506,7907,9356,10901,1255,1299,1336,1324,1401,1449,1545
29936,"Mcguire, James A",non-elite,1306,2603,3873,5191,6555,7991,9460,10930,1297,1270,1318,1364,1436,1469,1470
29937,"Campo, Franklin",non-elite,1324,2638,3959,5290,6641,8081,9518,10915,1314,1321,1331,1351,1440,1437,1397
29938,"Goodnough, Robert",non-elite,1283,2573,3884,5244,6617,8022,9470,10920,1290,1311,1360,1373,1405,1448,1450
29939,"Dovan, Wayne",non-elite,1338,2665,3992,5328,6661,8043,9460,10897,1327,1327,1336,1333,1382,1417,1437
29940,"Rylyakov, Alexander",non-elite,1354,2678,3990,5328,6654,8029,9467,10912,1324,1312,1338,1326,1375,1438,1445
29941,"Baker, Aaron R.",non-elite,1304,2611,3928,5251,6582,7979,9486,10929,1307,1317,1323,1331,1397,1507,1443
29942,"Wells, Mike",non-elite,1304,2605,3907,5238,6588,7999,9439,10921,1301,1302,1331,1350,1411,1440,1482
29943,"Malaski, Brent",non-elite,1308,2603,3881,5162,6454,7840,9398,10898,1295,1278,1281,1292,1386,1558,1500
29944,"Lockwood, Preston W.",non-elite,1231,2446,3693,5005,6359,7810,9370,10895,1215,1247,1312,1354,1451,1560,1525
29945,"Hempel, Alexandra",non-elite,1361,2694,4035,5378,6720,8101,9531,10935,1333,1341,1343,1342,1381,1430,1404
29946,"Morton, George P",non-elite,1303,2605,3931,5276,6644,8053,9533,10955,1302,1326,1345,1368,1409,1480,1422
29947,"Marshall, Ryan",non-elite,1189,2379,3601,4898,6252,7686,9240,10850,1190,1222,1297,1354,1434,1554,1610
29948,"Dai, Chengzhen",non-elite,1213,2399,3585,4807,6077,7554,9133,10804,1186,1186,1222,1270,1477,1579,1671
29949,"Liao, Kuo Chih",non-elite,1307,2609,3872,5181,6509,7926,9377,10876,1302,1263,1309,1328,1417,1451,1499
29950,"Gaytan, Sergio",non-elite,1275,2530,3779,5071,6406,7824,9307,10848,1255,1249,1292,1335,1418,1483,1541
29951,"Davalan, Paula J",non-elite,1213,2479,3807,5154,6506,7953,9456,10905,1266,1328,1347,1352,1447,1503,1449
29952,"McGee, Katie",non-elite,1195,2395,3610,4913,6287,7714,9256,10899,1200,1215,1303,1374,1427,1542,1643
29953,"Mellow, Todd C",non-elite,1312,2601,3912,5257,6624,8007,9457,10893,1289,1311,1345,1367,1383,1450,1436
29954,"Cluff, Ken W",non-elite,1328,2737,4100,5454,6804,8198,9596,10932,1409,1363,1354,1350,1394,1398,1336
29955,"Mccoleman, Tom",non-elite,1318,2636,3968,5304,6647,8049,9512,10944,1318,1332,1336,1343,1402,1463,1432
29956,"Pinkerton, Jonathan",non-elite,1295,2579,3845,5139,6457,7897,9429,10908,1284,1266,1294,1318,1440,1532,1479
29957,"Deasey, Michael Ryan",non-elite,1248,2494,3730,5089,6537,8034,9513,10940,1246,1236,1359,1448,1497,1479,1427
29958,"Herrick, Megan",non-elite,1284,2563,3845,5156,6521,7953,9426,10914,1279,1282,1311,1365,1432,1473,1488
29959,"Mucho, Laura E.",non-elite,1313,2647,3999,5373,6745,8166,9592,10958,1334,1352,1374,1372,1421,1426,1366
29960,"Hoff, Timothy J Jr.",non-elite,1193,2372,3554,4758,6082,7445,8986,10858,1179,1182,1204,1324,1363,1541,1872
29961,"Staberg, Dan",non-elite,1336,2654,3967,5307,6661,8077,9517,10943,1318,1313,1340,1354,1416,1440,1426
29962,"Grisham, C Keith",non-elite,1377,2697,4000,5332,6659,8029,9465,10912,1320,1303,1332,1327,1370,1436,1447
29963,"Raid, Ben J.",non-elite,1297,2611,3924,5240,6582,7979,9444,10921,1314,1313,1316,1342,1397,1465,1477
29964,"Zuccardi Merli, Gianluigi",non-elite,1288,2597,3934,5302,6668,8067,9546,10945,1309,1337,1368,1366,1399,1479,1399
29965,"Martin, Jason M.",non-elite,1272,2572,3863,5191,6533,7935,9390,10892,1300,1291,1328,1342,1402,1455,1502
29966,"Serna, Dennis",non-elite,1330,2690,4020,5354,6713,8103,9531,10950,1360,1330,1334,1359,1390,1428,1419
29967,"Gauthier, Eric",non-elite,1368,2635,3915,5333,6694,8072,9532,10915,1267,1280,1418,1361,1378,1460,1383
29968,"Schwichtenberg, Jarrod",non-elite,1111,2223,3359,4520,5702,7043,8851,10641,1112,1136,1161,1182,1341,1808,1790
29969,"Tamburrino, Kristen M",non-elite,1213,2448,3733,5082,6583,8050,9523,10933,1235,1285,1349,1501,1467,1473,1410
29970,"Scoffin, Peter",non-elite,1265,2548,3836,5146,6495,7970,9457,10951,1283,1288,1310,1349,1475,1487,1494
29971,"Anderson, Michael R.",non-elite,1186,2374,3595,4922,6237,7677,9219,10857,1188,1221,1327,1315,1440,1542,1638
29972,"Fleet, Robert",non-elite,1285,2595,3929,5316,6722,8149,9588,10964,1310,1334,1387,1406,1427,1439,1376
29973,"Gutierrez, Jose Angel Sr.",non-elite,1317,2620,3947,5284,6623,8017,9464,10907,1303,1327,1337,1339,1394,1447,1443
29974,"Kieley, Eric",non-elite,1419,2801,4165,5532,6892,8299,9674,10991,1382,1364,1367,1360,1407,1375,1317
29975,"Proulx, Jean-Sebastien",non-elite,1271,2544,3817,5106,6412,7818,9322,10900,1273,1273,1289,1306,1406,1504,1578
29976,"Carbone, Gianluca",non-elite,1297,2601,3909,5233,6550,7950,9452,10935,1304,1308,1324,1317,1400,1502,1483
29977,"Garcia, Jesus",non-elite,1274,2565,3894,5254,6623,8045,9492,10920,1291,1329,1360,1369,1422,1447,1428
29978,"Xuereb, Mike J",non-elite,1307,2603,3916,5275,6609,8014,9481,10913,1296,1313,1359,1334,1405,1467,1432
29979,"Angel, James",non-elite,1296,2603,3915,5248,6594,8001,9451,10902,1307,1312,1333,1346,1407,1450,1451
29980,"Johnson, Christopher",non-elite,1344,2671,4022,5371,6707,8102,9518,10947,1327,1351,1349,1336,1395,1416,1429
29982,"Magneson, Chrissy",non-elite,1369,2750,4094,5437,6781,8168,9579,10976,1381,1344,1343,1344,1387,1411,1397
29983,"Chiappetta, Dave Jr.",non-elite,1273,2526,3800,5077,6411,7911,9390,10906,1253,1274,1277,1334,1500,1479,1516
29984,"Weber, Jane",non-elite,1326,2653,3980,5335,6707,8122,9541,10953,1327,1327,1355,1372,1415,1419,1412
29985,"Schiessler, Jason",non-elite,1206,2424,3638,4933,6264,7711,9193,10806,1218,1214,1295,1331,1447,1482,1613
29986,"O'Connor, Siobhan A",non-elite,1242,2486,3736,5038,6467,7941,9423,10921,1244,1250,1302,1429,1474,1482,1498
29987,"Smits, Bobby",non-elite,1387,2784,4159,5533,6877,8257,9633,10973,1397,1375,1374,1344,1380,1376,1340
29988,"Bergen, Evan A",non-elite,1269,2515,3747,5005,6285,7679,9214,10804,1246,1232,1258,1280,1394,1535,1590
29989,"Daniels, Jennifer",non-elite,1276,2548,3826,5137,6512,8000,9482,10933,1272,1278,1311,1375,1488,1482,1451
29990,"Losee, Todd",non-elite,1345,2681,4013,5359,6705,8094,9494,10901,1336,1332,1346,1346,1389,1400,1407
29991,"Sullivan, Richard J. III",non-elite,1274,2529,3808,5173,6564,8002,9544,10963,1255,1279,1365,1391,1438,1542,1419
29992,"Shieh, Connie Y",non-elite,1450,2792,4115,5514,6841,8284,9665,10997,1342,1323,1399,1327,1443,1381,1332
29993,"Skloven, Michaela R.",non-elite,1333,2653,3966,5297,6633,8054,9518,10928,1320,1313,1331,1336,1421,1464,1410
29994,"Barcomb, Brandon M",non-elite,1250,2511,3783,5078,6381,7774,9393,10971,1261,1272,1295,1303,1393,1619,1578
29995,"Ellis, Jeff L",non-elite,1297,2605,3918,5242,6570,7962,9438,10912,1308,1313,1324,1328,1392,1476,1474
29996,"Chen, Christopher",non-elite,1307,2595,3896,5182,6483,7834,9283,10833,1288,1301,1286,1301,1351,1449,1550
29997,"Castro, Jason",non-elite,1252,2484,3784,5106,6442,7868,9410,10879,1232,1300,1322,1336,1426,1542,1469
29998,"Black, Darren M",non-elite,1347,2690,4028,5371,6713,8072,9470,10929,1343,1338,1343,1342,1359,1398,1459
29999,"Fortier, Yannick",non-elite,1273,2558,3853,5156,6475,7849,9301,10898,1285,1295,1303,1319,1374,1452,1597
30000,"Studenny, Matthew",non-elite,1295,2643,3960,5314,6650,8055,9499,10949,1348,1317,1354,1336,1405,1444,1450
30001,"Cramer, David D",non-elite,1228,2416,3591,4777,5987,7314,9058,10899,1188,1175,1186,1210,1327,1744,1841
30002,"Kostulas, Nikolaos",non-elite,1282,2577,3887,5234,6619,8018,9479,10922,1295,1310,1347,1385,1399,1461,1443
30003,"Towne, Cassie L.",non-elite,1349,2696,4062,5430,6793,8183,9578,10974,1347,1366,1368,1363,1390,1395,1396
30004,"Trnovcova, Zuzana",non-elite,1308,2636,3975,5352,6732,8160,9578,10956,1328,1339,1377,1380,1428,1418,1378
30005,"Lowry, Theresa M.",non-elite,1195,2409,3693,5037,6419,7909,9419,10922,1214,1284,1344,1382,1490,1510,1503
30006,"Shaw, Hillary L.",non-elite,1341,2669,4003,5351,6703,8106,9540,10947,1328,1334,1348,1352,1403,1434,1407
30007,"Bateman, Mike",non-elite,1287,2568,3845,5175,6542,7966,9429,10909,1281,1277,1330,1367,1424,1463,1480
30008,"Yurkiw, Adam",non-elite,1328,2620,3890,5193,6512,7895,9526,10955,1292,1270,1303,1319,1383,1631,1429
30009,"Dillon, Jonathan L.",non-elite,1291,2570,3856,5198,6559,7978,9420,10946,1279,1286,1342,1361,1419,1442,1526
30010,"Stonestrom, Aaron J",non-elite,1193,2376,3579,4844,6180,7645,9288,10906,1183,1203,1265,1336,1465,1643,1618
30011,"Goldberg, Josh",non-elite,1323,2627,3932,5260,6614,8049,9569,10999,1304,1305,1328,1354,1435,1520,1430
30012,"Connolly, Katherine",non-elite,1267,2532,3828,5171,6556,7990,9472,10938,1265,1296,1343,1385,1434,1482,1466
30013,"Ambrosio, Jean-François",non-elite,1196,2386,3593,4815,6071,7445,8904,10913,1190,1207,1222,1256,1374,1459,2009
30014,"Chun, Hongjoon",non-elite,1217,2453,3722,5045,6394,7829,9362,10896,1236,1269,1323,1349,1435,1533,1534
30015,"Metz, Matthew C",non-elite,1278,2537,3792,5081,6386,7795,9268,10857,1259,1255,1289,1305,1409,1473,1589
30016,"Sapienza, Paul J",non-elite,1313,2611,3902,5221,6568,7993,9493,10931,1298,1291,1319,1347,1425,1500,1438
30017,"Potter, Amanda",non-elite,1305,2612,3936,5300,6667,8094,9547,10965,1307,1324,1364,1367,1427,1453,1418
30018,"Haushalter, Jeff W",non-elite,1321,2658,4002,5364,6699,8043,9423,10810,1337,1344,1362,1335,1344,1380,1387
30019,"Espinosa, Florian",non-elite,1209,2442,3714,5014,6311,7696,9171,10746,1233,1272,1300,1297,1385,1475,1575
30020,"Ball, David L.",non-elite,1276,2525,3770,5026,6276,7572,8933,10587,1249,1245,1256,1250,1296,1361,1654
30021,"Ward-Waller, Chelsea",non-elite,1452,2814,4137,5460,6769,8135,9570,10999,1362,1323,1323,1309,1366,1435,1429
30022,"Mccready, John D",non-elite,1306,2623,3958,5311,6655,8040,9475,10921,1317,1335,1353,1344,1385,1435,1446
30023,"Naughton, Kevin J. Jr.",non-elite,1148,2283,3421,4567,5725,7016,8697,10854,1135,1138,1146,1158,1291,1681,2157
30024,"Saenz, Jose L Jr.",non-elite,1293,2557,3797,5044,6300,7569,8898,10672,1264,1240,1247,1256,1269,1329,1774
30025,"Monhemius, Daniel",non-elite,1367,2704,4043,5405,6726,8087,9496,10944,1337,1339,1362,1321,1361,1409,1448
30026,"Hand, Katie",non-elite,1297,2603,3936,5303,6695,8116,9560,10964,1306,1333,1367,1392,1421,1444,1404
30027,"Tyler, Lucas J",non-elite,1132,2287,3472,4774,6083,7479,9005,10762,1155,1185,1302,1309,1396,1526,1757
30028,"Turk, Christopher M",non-elite,1316,2688,4026,5402,6728,8111,9525,10949,1372,1338,1376,1326,1383,1414,1424
30029,"Hahn, Jason",non-elite,1348,2678,4018,5377,6732,8103,9526,10953,1330,1340,1359,1355,1371,1423,1427
30030,"Baum, Brian",non-elite,1304,2598,3886,5193,6518,7959,9505,10978,1294,1288,1307,1325,1441,1546,1473
30031,"Wolters, Michael J",non-elite,1273,2548,3845,5174,6531,7971,9469,10951,1275,1297,1329,1357,1440,1498,1482
30032,"Karliner, Sam",non-elite,1282,2561,3850,5159,6456,7824,9264,10800,1279,1289,1309,1297,1368,1440,1536
30033,"Reddall, Kevin S",non-elite,1219,2454,3699,4995,6325,7763,9334,10920,1235,1245,1296,1330,1438,1571,1586
30034,"Brooks, Benjamin",non-elite,1372,2766,4169,5580,6970,8359,9709,11006,1394,1403,1411,1390,1389,1350,1297
30035,"Kane, Joe",non-elite,1225,2463,3702,4952,6241,7670,9224,10873,1238,1239,1250,1289,1429,1554,1649
30036,"Smith, Cassie L.",non-elite,1275,2566,3868,5214,6579,8002,9479,10957,1291,1302,1346,1365,1423,1477,1478
30037,"Fromage, Sylvain",non-elite,1345,2692,4032,5381,6743,8135,9571,10988,1347,1340,1349,1362,1392,1436,1417
30038,"Tsai, Michael",non-elite,1263,2523,3789,5098,6462,7927,9462,10940,1260,1266,1309,1364,1465,1535,1478
30039,"Berk, Peter",non-elite,1328,2637,3951,5282,6627,8027,9468,10904,1309,1314,1331,1345,1400,1441,1436
30040,"Jatti, Suresh",non-elite,1267,2541,3814,5150,6512,7896,9415,10886,1274,1273,1336,1362,1384,1519,1471
30041,"Minervino, John R",non-elite,1245,2497,3768,5055,6363,7731,9214,10932,1252,1271,1287,1308,1368,1483,1718
30042,"Stein, Joshua J",non-elite,1228,2417,3608,4826,6311,7661,9086,10985,1189,1191,1218,1485,1350,1425,1899
30043,"Mayer, Georg S.",non-elite,1351,2674,3997,5344,6697,8107,9552,10962,1323,1323,1347,1353,1410,1445,1410
30044,"Wright, Brad",non-elite,1318,2638,3948,5287,6635,8032,9490,10934,1320,1310,1339,1348,1397,1458,1444
30045,"Guillot, Thierry M Sr.",non-elite,1346,2638,3931,5252,6581,8009,9465,10948,1292,1293,1321,1329,1428,1456,1483
30046,"Durbin, Bill",non-elite,1203,2410,3631,4872,6171,7519,9080,10821,1207,1221,1241,1299,1348,1561,1741
30047,"Chapman, Craig G",non-elite,1248,2480,3728,4981,6245,7600,9175,10953,1232,1248,1253,1264,1355,1575,1778
30049,"Aguilar Perez, Fausto Brian Jr.",non-elite,1162,2321,3514,4746,6019,7558,9183,10873,1159,1193,1232,1273,1539,1625,1690
30050,"Maurer, Rob",non-elite,1222,2442,3671,4905,6170,7622,9518,10968,1220,1229,1234,1265,1452,1896,1450
30051,"Burciaga, Kristine",non-elite,1282,2579,3916,5263,6651,8052,9509,10968,1297,1337,1347,1388,1401,1457,1459
30052,"Nelson, Michael P",non-elite,1287,2588,3895,5238,6601,8027,9494,10945,1301,1307,1343,1363,1426,1467,1451
30053,"Eluchans Errazuriz, Diego",non-elite,1241,2467,3678,4957,6403,7959,9576,10959,1226,1211,1279,1446,1556,1617,1383
30054,"Randall, Jack",non-elite,1103,2295,3612,4980,6413,7967,9483,10967,1192,1317,1368,1433,1554,1516,1484
30055,"Rasmussen, Lars V.",non-elite,1355,2681,4007,5359,6729,8140,9571,10994,1326,1326,1352,1370,1411,1431,1423
30056,"Sabio, Hernan",non-elite,1276,2543,3810,5096,6437,7899,9378,10935,1267,1267,1286,1341,1462,1479,1557
30057,"Gemeda, Kassaye D. Sr.",non-elite,1091,2302,3544,4845,6149,7485,8950,10634,1211,1242,1301,1304,1336,1465,1684
30058,"Malsberger, Rosalie",non-elite,1359,2738,4116,5505,6890,8296,9677,11008,1379,1378,1389,1385,1406,1381,1331
30059,"Thompson, Dean",non-elite,1235,2444,3622,4914,6310,7742,9292,10872,1209,1178,1292,1396,1432,1550,1580
30060,"Goecker, Crystal",non-elite,1336,2699,4076,5461,6828,8244,9712,11042,1363,1377,1385,1367,1416,1468,1330
30061,"Moynihan, Kaitlan A.",non-elite,1318,2622,3959,5307,6651,8054,9506,10969,1304,1337,1348,1344,1403,1452,1463
30062,"Van Dyne, Alan",non-elite,1283,2591,3915,5267,6638,8061,9515,10949,1308,1324,1352,1371,1423,1454,1434
30063,"Hunkele, Mark A",non-elite,1142,2342,3640,5008,6436,8082,9661,11007,1200,1298,1368,1428,1646,1579,1346
30064,"Cacacho, Javier",non-elite,1182,2346,3526,4730,5992,7420,9218,10920,1164,1180,1204,1262,1428,1798,1702
30065,"Bihl, Scott A.",non-elite,1324,2670,4004,5343,6675,8049,9493,10956,1346,1334,1339,1332,1374,1444,1463
30066,"Eyzaguirre, Jose Maria Sr.",non-elite,1367,2759,4118,5492,6837,8213,9608,10995,1392,1359,1374,1345,1376,1395,1387
30067,"Porte, Eric R.",non-elite,1388,2700,3984,5307,6615,7982,9435,10918,1312,1284,1323,1308,1367,1453,1483
30068,"Gordon, Glen",non-elite,1382,2741,4075,5413,6745,8121,9516,10979,1359,1334,1338,1332,1376,1395,1463
30069,"Gao, Sihai",non-elite,1220,2464,3733,5034,6546,8048,9609,11009,1244,1269,1301,1512,1502,1561,1400
30070,"Donnelly, Joseph P",non-elite,1302,2615,3950,5296,6649,8063,9515,10953,1313,1335,1346,1353,1414,1452,1438
30071,"Pozin, Justin",non-elite,1298,2586,3870,5193,6560,7982,9465,10945,1288,1284,1323,1367,1422,1483,1480
30072,"Kunene, Glen",non-elite,1353,2711,4094,5470,6844,8235,9624,10997,1358,1383,1376,1374,1391,1389,1373
30073,"Prack, Bryan",non-elite,1277,2542,3803,5109,6418,7860,9398,10925,1265,1261,1306,1309,1442,1538,1527
30074,"Curley, Lavar",non-elite,1146,2438,3649,5057,6560,8024,9469,10948,1292,1211,1408,1503,1464,1445,1479
30075,"Izanec, Peter E.",non-elite,1237,2476,3743,5052,6376,7787,9359,10915,1239,1267,1309,1324,1411,1572,1556
30076,"Tremblay, Frederic",non-elite,1292,2544,3834,5202,6572,8030,9512,10953,1252,1290,1368,1370,1458,1482,1441
30077,"Wassner, Laurel J.",non-elite,1495,2902,4209,5529,6869,8218,9661,11008,1407,1307,1320,1340,1349,1443,1347
30078,"Pyysalo, Raimo",non-elite,1272,2582,3920,5297,6678,8104,9569,10979,1310,1338,1377,1381,1426,1465,1410
30080,"Campbell, Iain A.",non-elite,1325,2620,3932,5276,6639,8046,9508,10967,1295,1312,1344,1363,1407,1462,1459
30081,"Teal, John",non-elite,1301,2621,3934,5342,6686,8073,9558,10967,1320,1313,1408,1344,1387,1485,1409
30082,"Hunziker, Kurt W.",non-elite,1215,2410,3627,4881,6182,7605,9227,10881,1195,1217,1254,1301,1423,1622,1654
30083,"Ng, Tak Wa",non-elite,1263,2533,3857,5221,6581,8012,9470,10959,1270,1324,1364,1360,1431,1458,1489
30084,"Kornachuk, Tana",non-elite,1315,2643,3958,5277,6588,7940,9353,10891,1328,1315,1319,1311,1352,1413,1538
30085,"Pinaire, Christohper R.",non-elite,1338,2693,4047,5399,6747,8134,9529,10947,1355,1354,1352,1348,1387,1395,1418
30086,"Williamson, Eleanor F.",non-elite,1372,2697,4048,5422,6806,8192,9600,10985,1325,1351,1374,1384,1386,1408,1385
30087,"Walsh, Nate J",non-elite,1203,2419,3689,5071,6469,7885,9464,10986,1216,1270,1382,1398,1416,1579,1522
30088,"Grajeda, Jesus Jr.",non-elite,1274,2569,3844,5120,6417,7788,9221,10824,1295,1275,1276,1297,1371,1433,1603
30089,"Ashogbon, Habib",non-elite,1223,2425,3634,4864,6104,7427,8882,10768,1202,1209,1230,1240,1323,1455,1886
30090,"Peterson, Robert G.",non-elite,1336,2683,4011,5366,6707,8103,9523,10968,1347,1328,1355,1341,1396,1420,1445
30091,"Dias, Claudio Henrique R.",non-elite,1260,2519,3786,5071,6453,7890,9384,10933,1259,1267,1285,1382,1437,1494,1549
30092,"Walsh, Patrick D",non-elite,1265,2590,3933,5272,6639,8047,9523,10960,1325,1343,1339,1367,1408,1476,1437
30093,"Low, Stephen A.",non-elite,1191,2398,3658,4957,6299,7719,9208,10723,1207,1260,1299,1342,1420,1489,1515
30094,"Cattaneo, Pierpaolo",non-elite,1259,2529,3797,5114,6489,7953,9533,10965,1270,1268,1317,1375,1464,1580,1432
30095,"Smith, Mark P.",non-elite,1133,2283,3451,4734,6176,7748,9407,10948,1150,1168,1283,1442,1572,1659,1541
30096,"Ness, Ryan W.",non-elite,1251,2538,3830,5183,6554,8038,9535,10973,1287,1292,1353,1371,1484,1497,1438
30097,"Lethbridge, Jeremy",non-elite,1338,2670,4004,5375,6738,8133,9571,10984,1332,1334,1371,1363,1395,1438,1413
30098,"Juarez, Boris",non-elite,1336,2690,4045,5429,6799,8198,9629,11008,1354,1355,1384,1370,1399,1431,1379
30099,"Clark, Devon",non-elite,1361,2682,3989,5338,6683,8066,9514,10946,1321,1307,1349,1345,1383,1448,1432
30100,"Andersson, Steven D",non-elite,1225,2516,3823,5178,6538,7958,9442,10974,1291,1307,1355,1360,1420,1484,1532
30101,"Bezgin, Julia",non-elite,1372,2722,4067,5429,6798,8185,9601,10987,1350,1345,1362,1369,1387,1416,1386
30102,"Cooley, Damien L.",non-elite,1226,2426,3638,4889,6175,7594,9231,10855,1200,1212,1251,1286,1419,1637,1624
30103,"Bekers, Frans",non-elite,1271,2572,3883,5227,6575,8003,9458,10934,1301,1311,1344,1348,1428,1455,1476
30104,"Grimmer, Mackenzie",non-elite,1284,2578,3902,5270,6638,8065,9530,10976,1294,1324,1368,1368,1427,1465,1446
30105,"Waldorff, Kristian",non-elite,1262,2526,3788,5089,6460,7974,9445,10934,1264,1262,1301,1371,1514,1471,1489
30106,"Dick, Josh R",non-elite,1282,2568,3849,5144,6452,7889,9379,10882,1286,1281,1295,1308,1437,1490,1503
30107,"Lahart, Joe",non-elite,1213,2428,3652,4953,6328,7767,9319,10905,1215,1224,1301,1375,1439,1552,1586
30108,"Doyle, Todd P.",non-elite,1313,2640,3965,5341,6716,8135,9572,10985,1327,1325,1376,1375,1419,1437,1413
30109,"Jean, Michael",non-elite,1307,2622,3941,5289,6662,8093,9539,10968,1315,1319,1348,1373,1431,1446,1429
30110,"Lawhorne, Clinton",non-elite,1271,2546,3814,5086,6378,7745,9235,10868,1275,1268,1272,1292,1367,1490,1633
30111,"Lynn, Colleen",non-elite,1318,2664,4001,5341,6695,8076,9492,10947,1346,1337,1340,1354,1381,1416,1455
30112,"Lepine, Mathieu",non-elite,1276,2566,3859,5174,6535,7974,9456,10948,1290,1293,1315,1361,1439,1482,1492
30113,"Lyons, Conor",non-elite,1234,2457,3717,4998,6347,7732,9412,10869,1223,1260,1281,1349,1385,1680,1457
30114,"Straw, Keith",non-elite,1367,2694,4037,5417,6794,8190,9610,11004,1327,1343,1380,1377,1396,1420,1394
30115,"Rolfson, Scott",non-elite,1246,2491,3736,5004,6273,7624,9036,10838,1245,1245,1268,1269,1351,1412,1802
30116,"Bain, Hope",non-elite,1319,2632,3964,5306,6643,8042,9500,10939,1313,1332,1342,1337,1399,1458,1439
30117,"Johnson, Jonathan P.",non-elite,1415,2799,4147,5496,6846,8230,9623,10993,1384,1348,1349,1350,1384,1393,1370
30118,"Campbell, Jared W.",non-elite,1214,2373,3532,4712,5885,7189,9016,10687,1159,1159,1180,1173,1304,1827,1671
30119,"Buckley, Jim W Jr.",non-elite,1371,2740,4098,5459,6804,8182,9588,10987,1369,1358,1361,1345,1378,1406,1399
30120,"Chivasa, Mufaro",non-elite,1247,2511,3807,5191,6688,8103,9565,10969,1264,1296,1384,1497,1415,1462,1404
30121,"Zhou, Marcia",non-elite,1277,2572,3943,5317,6678,8109,9566,10995,1295,1371,1374,1361,1431,1457,1429
30122,"James, Christopher M.",non-elite,1250,2512,3777,5052,6338,7666,9093,10717,1262,1265,1275,1286,1328,1427,1624
30123,"Edmonson, Jon",non-elite,1277,2536,3793,5078,6374,7737,9320,10917,1259,1257,1285,1296,1363,1583,1597
30124,"Hui, Yue Yat Michael",non-elite,1277,2572,3943,5317,6678,8109,9566,10995,1295,1371,1374,1361,1431,1457,1429
30125,"Boynton, Mandy",non-elite,1390,2747,4097,5480,6831,8230,9639,10986,1357,1350,1383,1351,1399,1409,1347
30126,"O'Bryan, David",non-elite,1336,2677,4013,5353,6718,8110,9560,10965,1341,1336,1340,1365,1392,1450,1405
30127,"Vinciquerra, Joseph",non-elite,1299,2605,3925,5264,6641,8091,9564,10991,1306,1320,1339,1377,1450,1473,1427
30128,"Magana, Cristobal",non-elite,1209,2484,3829,5187,6577,8045,9509,10956,1275,1345,1358,1390,1468,1464,1447
30129,"Blair, Amanda M.",non-elite,1306,2597,3903,5255,6687,8132,9595,10998,1291,1306,1352,1432,1445,1463,1403
30130,"Tomasian, Thomas M Jr.",non-elite,1273,2557,3844,5180,6535,7934,9375,10960,1284,1287,1336,1355,1399,1441,1585
30131,"Datwyler, Thomas C.",non-elite,1339,2648,3948,5216,6493,8004,9429,10965,1309,1300,1268,1277,1511,1425,1536
30132,"St. Louis, Gregory",non-elite,1325,2648,3969,5297,6632,8009,9446,10943,1323,1321,1328,1335,1377,1437,1497
30133,"Tiongson, Ron",non-elite,1342,2678,4022,5389,6760,8155,9580,10999,1336,1344,1367,1371,1395,1425,1419
30134,"Guth, Michael",non-elite,1302,2578,3862,5185,6568,8022,9485,10982,1276,1284,1323,1383,1454,1463,1497
30135,"Zangmeister, Jessica M",non-elite,1326,2621,3922,5246,6572,7949,9400,10950,1295,1301,1324,1326,1377,1451,1550
30136,"Morton, Barry",non-elite,1299,2605,3938,5297,6672,8088,9557,10985,1306,1333,1359,1375,1416,1469,1428
30137,"Costello, Heather V",non-elite,1390,2767,4079,5417,6752,8119,9540,10996,1377,1312,1338,1335,1367,1421,1456
30138,"Garner, James W",non-elite,1219,2415,3636,4900,6235,7766,9339,10969,1196,1221,1264,1335,1531,1573,1630
30139,"Ortiz, Vincent",non-elite,1321,2657,4009,5356,6707,8114,9528,10981,1336,1352,1347,1351,1407,1414,1453
30140,"Marsh, William P",non-elite,1374,2721,4066,5425,6799,8183,9612,10997,1347,1345,1359,1374,1384,1429,1385
30141,"Drummond, Tom",non-elite,1267,2558,3887,5240,6619,8056,9520,10982,1291,1329,1353,1379,1437,1464,1462
30142,"Ryan, Ann M.",non-elite,1312,2631,3985,5377,6785,8223,9637,11011,1319,1354,1392,1408,1438,1414,1374
30143,"Morris, Trey N",non-elite,1317,2629,3937,5300,6665,8099,9534,11021,1312,1308,1363,1365,1434,1435,1487
30144,"Moreau, Christine",non-elite,1339,2665,4000,5353,6708,8113,9553,10980,1326,1335,1353,1355,1405,1440,1427
30145,"Valdes Samaniego, Erika L.",non-elite,1343,2695,4066,5428,6793,8195,9671,11030,1352,1371,1362,1365,1402,1476,1359
30146,"Benoit, Alexandre",non-elite,1215,2420,3650,4941,6327,7783,9280,10846,1205,1230,1291,1386,1456,1497,1566
30147,"Stamm, Robert A.",non-elite,1367,2711,4039,5370,6711,8107,9589,10990,1344,1328,1331,1341,1396,1482,1401
30148,"Mortis, R",non-elite,1286,2546,3842,5182,6611,8042,9506,10981,1260,1296,1340,1429,1431,1464,1475
30149,"King, Ryan",non-elite,1265,2530,3779,5049,6325,7715,9249,10885,1265,1249,1270,1276,1390,1534,1636
30150,"Vespa, Kristin",non-elite,1297,2591,3903,5265,6653,8090,9551,11002,1294,1312,1362,1388,1437,1461,1451
30151,"Fedyushkin, Alexander",non-elite,1244,2527,3821,5145,6502,7987,9557,11051,1283,1294,1324,1357,1485,1570,1494
30152,"Dieckmann, Olaf",non-elite,1288,2569,3868,5212,6579,8001,9494,10967,1281,1299,1344,1367,1422,1493,1473
30153,"Kinder, Neil",non-elite,1268,2526,3831,5184,6541,7956,9453,10963,1258,1305,1353,1357,1415,1497,1510
30154,"Lemire, Jeffrey A",non-elite,1281,2529,3779,5043,6333,7781,9323,10852,1248,1250,1264,1290,1448,1542,1529
30155,"Borzick, Gregory D.",non-elite,1316,2639,3969,5332,6694,8109,9530,10974,1323,1330,1363,1362,1415,1421,1444
30156,"Stasiowski, Ryan",non-elite,1116,2229,3428,4639,5883,7494,9243,10919,1113,1199,1211,1244,1611,1749,1676
30157,"Rolston, Scott A",non-elite,1336,2672,3999,5333,6673,8098,9544,10977,1336,1327,1334,1340,1425,1446,1433
30158,"Feeny, Beau M.",non-elite,1244,2462,3736,5032,6643,8061,9535,10950,1218,1274,1296,1611,1418,1474,1415
30159,"Reiland, Holly A",non-elite,1250,2510,3778,5134,6461,7960,9542,11004,1260,1268,1356,1327,1499,1582,1462
30160,"Josiah-Tanner, Euleen",non-elite,1335,2638,3929,5220,6507,7879,9393,10927,1303,1291,1291,1287,1372,1514,1534
30161,"Burt, Sam",non-elite,1297,2590,3868,5167,6471,7889,9407,10946,1293,1278,1299,1304,1418,1518,1539
30162,"Cleland, George M V",non-elite,1165,2339,3541,4816,6178,7808,9363,10992,1174,1202,1275,1362,1630,1555,1629
30163,"Botnen, James H",non-elite,1311,2618,3919,5286,6621,8046,9499,11015,1307,1301,1367,1335,1425,1453,1516
30164,"Gosselin, Marilene",non-elite,1333,2648,3980,5346,6714,8139,9581,11011,1315,1332,1366,1368,1425,1442,1430
30165,"Mattfolk, Henrik",non-elite,1219,2473,3745,5087,6515,8009,9506,10962,1254,1272,1342,1428,1494,1497,1456
30166,"Clark, Daniel B",non-elite,1260,2543,3856,5225,6582,8022,9499,11016,1283,1313,1369,1357,1440,1477,1517
30167,"Pulaski, Sarah",non-elite,1321,2658,4011,5367,6724,8123,9546,11014,1337,1353,1356,1357,1399,1423,1468
30168,"Chen, Tony",non-elite,1357,2720,4040,5381,6746,8140,9539,10944,1363,1320,1341,1365,1394,1399,1405
30169,"Janiak, Przemyslaw",non-elite,1232,2488,3739,5012,6314,7729,9288,10951,1256,1251,1273,1302,1415,1559,1663
30170,"Barton, Bryce W",non-elite,1302,2629,3942,5273,6608,7963,9395,10977,1327,1313,1331,1335,1355,1432,1582
30171,"Ono, Satoshi",non-elite,1223,2488,3802,5134,6499,7984,9494,10930,1265,1314,1332,1365,1485,1510,1436
30172,"Li, Kin Sun Benny",non-elite,1257,2556,3905,5296,6690,8136,9589,11025,1299,1349,1391,1394,1446,1453,1436
30173,"Gomes, Alex P",non-elite,1275,2556,3832,5116,6400,7765,9360,10939,1281,1276,1284,1284,1365,1595,1579
30174,"Gruber, Albert",non-elite,1316,2621,3935,5253,6581,7982,9434,10949,1305,1314,1318,1328,1401,1452,1515
30175,"Dull, Ryan R.",non-elite,1141,2309,3503,4790,6161,7660,9342,10944,1168,1194,1287,1371,1499,1682,1602
30176,"Moorefield, Rob",non-elite,1386,2752,4127,5680,7033,8410,9780,11084,1366,1375,1553,1353,1377,1370,1304
30177,"Randolph, Ross G.",non-elite,1354,2712,4062,5440,6802,8192,9654,11030,1358,1350,1378,1362,1390,1462,1376
30178,"Panin, Eduard V. Sr.",non-elite,1301,2549,3792,5092,6444,7895,9471,11009,1248,1243,1300,1352,1451,1576,1538
30179,"Cornish, Christopher J.",non-elite,1276,2541,3822,5153,6532,7971,9453,10932,1265,1281,1331,1379,1439,1482,1479
30180,"Peacock, Jason",non-elite,1378,2775,4111,5449,6789,8179,9605,11013,1397,1336,1338,1340,1390,1426,1408
30181,"Gill, Todd A",non-elite,1272,2549,3828,5112,6397,7735,9209,10849,1277,1279,1284,1285,1338,1474,1640
30182,"Krebs, Eric",non-elite,1350,2681,4040,5413,6776,8173,9596,10996,1331,1359,1373,1363,1397,1423,1400
30183,"Dalton, Phillip M",non-elite,1189,2367,3572,4818,6404,7858,9294,10920,1178,1205,1246,1586,1454,1436,1626
30184,"Winkels, Jim",non-elite,1275,2585,3912,5264,6618,8036,9513,10980,1310,1327,1352,1354,1418,1477,1467
30185,"Suchey, Alex",non-elite,1198,2416,3709,5010,6388,7858,9377,10924,1218,1293,1301,1378,1470,1519,1547
30186,"Navis, Shelley",non-elite,1328,2642,3978,5313,6642,8007,9427,10930,1314,1336,1335,1329,1365,1420,1503
30187,"Karl, Andrea L",non-elite,1208,2413,3674,5010,6354,7735,9241,10857,1205,1261,1336,1344,1381,1506,1616
30188,"Tatarczak, Norbert",non-elite,1253,2512,3791,5082,6434,7949,9532,11015,1259,1279,1291,1352,1515,1583,1483
30189,"Dunn, Peter",non-elite,1271,2560,3898,5280,6663,8122,9589,11036,1289,1338,1382,1383,1459,1467,1447
30190,"Tse, Ping Sang",non-elite,1324,2687,4040,5401,6749,8118,9557,11012,1363,1353,1361,1348,1369,1439,1455
30191,"Hennager, Travis",non-elite,1290,2596,3916,5240,6579,7969,9450,10963,1306,1320,1324,1339,1390,1481,1513
30192,"Spencer, Jennifer L.",non-elite,1299,2653,4001,5365,6719,8107,9526,10965,1354,1348,1364,1354,1388,1419,1439
30193,"Bonder, Craig",non-elite,1307,2614,3930,5249,6555,7916,9366,10931,1307,1316,1319,1306,1361,1450,1565
30194,"Siewert, Morgan K.",non-elite,1381,2747,4110,5482,6842,8240,9666,11034,1366,1363,1372,1360,1398,1426,1368
30195,"Gomez, Derek M",non-elite,1312,2592,3871,5166,6439,7781,9251,10938,1280,1279,1295,1273,1342,1470,1687
30196,"Carrillo, Eduardo",non-elite,1285,2577,3873,5195,6537,7953,9436,10957,1292,1296,1322,1342,1416,1483,1521
30197,"Bell, Dean W.",non-elite,1349,2706,4056,5412,6767,8135,9543,10979,1357,1350,1356,1355,1368,1408,1436
30198,"Hauptman, Barry",non-elite,1326,2621,3919,5248,6622,8059,9520,10989,1295,1298,1329,1374,1437,1461,1469
30199,"Mccampbell, Leslie A Jr.",non-elite,1263,2512,3743,4998,6271,7615,9055,10576,1249,1231,1255,1273,1344,1440,1521
30200,"Nieuwenhuijse, Wim",non-elite,1240,2499,3798,5183,6611,8100,9574,10996,1259,1299,1385,1428,1489,1474,1422
30201,"Grange, Chris",non-elite,1221,2466,3774,5065,6475,8000,9483,10980,1245,1308,1291,1410,1525,1483,1497
30202,"Davis, John",non-elite,1177,2339,3500,4690,5877,7135,8892,10841,1162,1161,1190,1187,1258,1757,1949
30203,"Venables, Ray",non-elite,1274,2537,3784,5043,6366,7859,9489,11022,1263,1247,1259,1323,1493,1630,1533
30204,"Lane, John P",non-elite,1196,2395,3594,4837,6270,7742,9393,11038,1199,1199,1243,1433,1472,1651,1645
30205,"Sack, Myra",non-elite,1350,2693,4049,5414,6774,8146,9566,10984,1343,1356,1365,1360,1372,1420,1418
30206,"Scotto, Ben A",non-elite,1356,2692,4032,5383,6743,8157,9585,11010,1336,1340,1351,1360,1414,1428,1425
30207,"Hellmann, Joshua",non-elite,1336,2649,3965,5293,6649,8033,9481,10959,1313,1316,1328,1356,1384,1448,1478
30209,"Garlick, Vanessa C.",non-elite,1243,2516,3859,5254,6665,8110,9574,10999,1273,1343,1395,1411,1445,1464,1425
30210,"Buiocchi, Charles M.",non-elite,1240,2499,3784,5093,6459,7859,9499,11028,1259,1285,1309,1366,1400,1640,1529
30211,"Lambert, Craig A.",non-elite,1246,2506,3774,5061,6350,7805,9483,10992,1260,1268,1287,1289,1455,1678,1509
30212,"Maylone, Bethany",non-elite,1251,2539,3859,5209,6594,8041,9530,10985,1288,1320,1350,1385,1447,1489,1455
30213,"Duvall, Harry",non-elite,1315,2636,3962,5300,6653,8071,9552,10997,1321,1326,1338,1353,1418,1481,1445
30214,"Moore, Scott",non-elite,1297,2610,3910,5222,6557,7938,9388,10945,1313,1300,1312,1335,1381,1450,1557
30215,"Smith, Jason",non-elite,1342,2677,4014,5374,6715,8084,9514,10960,1335,1337,1360,1341,1369,1430,1446
30216,"Chang, Kelly",non-elite,1367,2708,4052,5423,6798,8205,9631,11036,1341,1344,1371,1375,1407,1426,1405
30217,"Cross, Jonathan G",non-elite,1252,2512,3792,5097,6468,7896,9403,10949,1260,1280,1305,1371,1428,1507,1546
30218,"Sherer, Dave",non-elite,1283,2546,3839,5192,6569,8005,9487,10986,1263,1293,1353,1377,1436,1482,1499
30219,"Vogler, Stephan",non-elite,1270,2516,3751,5022,6310,7717,9245,10932,1246,1235,1271,1288,1407,1528,1687
30220,"Nakamachi, Akihito",non-elite,1292,2570,3872,5267,6674,8140,9634,11039,1278,1302,1395,1407,1466,1494,1405
30221,"Song, Kun",non-elite,1238,2498,3769,5062,6372,7769,9350,10945,1260,1271,1293,1310,1397,1581,1595
30222,"Geissinger, John D",non-elite,1373,2741,4102,5478,6850,8252,9653,11044,1368,1361,1376,1372,1402,1401,1391
30223,"Jones, Lia M.",non-elite,1388,2763,4151,5541,6917,8310,9718,11070,1375,1388,1390,1376,1393,1408,1352
30224,"Chirdon, Jeff",non-elite,1298,2600,3910,5270,6657,8095,9571,11027,1302,1310,1360,1387,1438,1476,1456
30225,"Kent, Dylan",non-elite,1273,2491,3715,4979,6280,7696,9308,10842,1218,1224,1264,1301,1416,1612,1534
30226,"Soffian, Jay M",non-elite,1313,2632,3944,5270,6700,8121,9643,11033,1319,1312,1326,1430,1421,1522,1390
30227,"Egorov, Alexey",non-elite,1352,2710,4073,5429,6783,8189,9634,11040,1358,1363,1356,1354,1406,1445,1406
30228,"Susser, Shawn",non-elite,1371,2714,4053,5402,6770,8180,9617,11030,1343,1339,1349,1368,1410,1437,1413
30229,"Vallieres, Chris J",non-elite,1333,2634,3950,5285,6680,8110,9581,11033,1301,1316,1335,1395,1430,1471,1452
30230,"Mcelwain, Jason J",non-elite,1213,2412,3639,4898,6156,7464,8970,10917,1199,1227,1259,1258,1308,1506,1947
30231,"Peltzer, James",non-elite,1238,2466,3717,4991,6298,7876,9403,10965,1228,1251,1274,1307,1578,1527,1562
30232,"Hawkins, Zach",non-elite,1293,2601,3909,5244,6587,7998,9467,10982,1308,1308,1335,1343,1411,1469,1515
30233,"Olson, Paul H",non-elite,1262,2506,3761,5019,6291,7666,9265,10907,1244,1255,1258,1272,1375,1599,1642
30234,"Brennan, James F",non-elite,1300,2592,3896,5240,6623,8063,9552,10991,1292,1304,1344,1383,1440,1489,1439
30235,"Fredrich, Rich",non-elite,1354,2690,4039,5410,6784,8183,9605,11017,1336,1349,1371,1374,1399,1422,1412
30236,"McEachern, Ross A.",non-elite,1211,2428,3706,5003,6356,7821,9387,10963,1217,1278,1297,1353,1465,1566,1576
30237,"Jones, Kevin C.",non-elite,1378,2720,4055,5418,6796,8227,9651,11044,1342,1335,1363,1378,1431,1424,1393
30238,"Borgstrom, Márk N.",non-elite,1205,2441,3707,5009,6342,7744,9259,10962,1236,1266,1302,1333,1402,1515,1703
30239,"Nevitt, Dave",non-elite,1290,2590,3908,5281,6657,8110,9580,11020,1300,1318,1373,1376,1453,1470,1440
30240,"An, Baozhong",non-elite,1315,2648,3987,5380,6734,8135,9582,11009,1333,1339,1393,1354,1401,1447,1427
30241,"Birchall, Lynn M.",non-elite,1326,2677,4034,5388,6730,8120,9566,10995,1351,1357,1354,1342,1390,1446,1429
30242,"Begley, Joel D.",non-elite,1298,2581,3853,5179,6532,7946,9498,11032,1283,1272,1326,1353,1414,1552,1534
30243,"Shane, Michael",non-elite,1301,2636,3943,5288,6657,8081,9570,11019,1335,1307,1345,1369,1424,1489,1449
30244,"Sanders, Jason",non-elite,1306,2593,3870,5173,6529,7968,9500,11009,1287,1277,1303,1356,1439,1532,1509
30245,"Mclaughlin, Christy",non-elite,1328,2644,3972,5333,6699,8116,9568,11014,1316,1328,1361,1366,1417,1452,1446
30246,"Kruse, Peter C.",non-elite,1270,2553,3819,5101,6393,7773,9333,10969,1283,1266,1282,1292,1380,1560,1636
30247,"Stuart, Rebecca",non-elite,1301,2599,3919,5284,6655,8093,9558,11000,1298,1320,1365,1371,1438,1465,1442
30248,"Held, Michael S",non-elite,1321,2674,3984,5335,6702,8109,9542,11035,1353,1310,1351,1367,1407,1433,1493
30249,"Kalinowski, John G",non-elite,1284,2554,3823,5117,6421,7784,9261,10888,1270,1269,1294,1304,1363,1477,1627
30250,"Phillips, Jeff L",non-elite,1324,2671,4005,5344,6675,8050,9512,11010,1347,1334,1339,1331,1375,1462,1498
30251,"Hoeritz, Tom",non-elite,1287,2593,3930,5309,6699,8146,9617,11040,1306,1337,1379,1390,1447,1471,1423
30252,"Braham, John",non-elite,1278,2576,3889,5230,6584,8006,9493,10985,1298,1313,1341,1354,1422,1487,1492
30253,"Karthas, Michael F. II",non-elite,1256,2525,3818,5142,6489,7895,9393,10962,1269,1293,1324,1347,1406,1498,1569
30254,"Wheatall, Michael",non-elite,1403,2742,4027,5319,6647,8081,9561,11006,1339,1285,1292,1328,1434,1480,1445
30255,"Torres, Sergio",non-elite,1266,2527,3797,5088,6397,7804,9328,10923,1261,1270,1291,1309,1407,1524,1595
30256,"Bens, Robert",non-elite,1292,2573,3889,5208,6557,7961,9479,10993,1281,1316,1319,1349,1404,1518,1514
30257,"D'Souza, Carlton P. Sr.",non-elite,1370,2725,4091,5465,6837,8239,9649,11049,1355,1366,1374,1372,1402,1410,1400
30258,"Merryman, Scott",non-elite,1347,2663,3988,5345,6702,8114,9565,11006,1316,1325,1357,1357,1412,1451,1441
30259,"Stephens, Kirk",non-elite,1399,2769,4153,5539,6913,8305,9708,11081,1370,1384,1386,1374,1392,1403,1373
30260,"Brecher, Erica A",non-elite,1349,2695,4048,5411,6775,8176,9619,11034,1346,1353,1363,1364,1401,1443,1415
30261,"Howard, Phil",non-elite,1327,2648,3977,5325,6672,8063,9512,10987,1321,1329,1348,1347,1391,1449,1475
30262,"Chambless, Brandon D",non-elite,1335,2670,3996,5331,6670,8050,9522,10981,1335,1326,1335,1339,1380,1472,1459
30263,"Broyles, Melissa J",non-elite,1282,2568,3852,5145,6499,7956,9500,11010,1286,1284,1293,1354,1457,1544,1510
30264,"Canipe, Brian L",non-elite,1330,2664,4010,5374,6743,8151,9563,10978,1334,1346,1364,1369,1408,1412,1415
30265,"Lauber, Jared T.",non-elite,1211,2370,3523,4698,5955,7578,9138,10755,1159,1153,1175,1257,1623,1560,1617
30266,"Murrie, Andrew S",non-elite,1343,2713,4063,5428,6780,8147,9567,11003,1370,1350,1365,1352,1367,1420,1436
30267,"Liuzzo, Lauren",non-elite,1278,2539,3821,5150,6564,8014,9580,11061,1261,1282,1329,1414,1450,1566,1481
30268,"Chorpita, Bruce F.",non-elite,1405,2799,4177,5568,6936,8340,9736,11086,1394,1378,1391,1368,1404,1396,1350
30269,"Hsieh, Wu-Feng",non-elite,1290,2610,3975,5379,6757,8197,9668,11027,1320,1365,1404,1378,1440,1471,1359
30270,"Lamb, Erin Marie B.",non-elite,1373,2735,4089,5478,6833,8232,9681,11063,1362,1354,1389,1355,1399,1449,1382
30271,"Doriot, Nick",non-elite,1271,2538,3812,5081,6345,7636,8968,10687,1267,1274,1269,1264,1291,1332,1719
30272,"Frantz, Michael S.",non-elite,1316,2644,3997,5363,6724,8137,9588,11034,1328,1353,1366,1361,1413,1451,1446
30273,"Wilson, Kennard S.",non-elite,1318,2647,3977,5330,6694,8114,9607,11040,1329,1330,1353,1364,1420,1493,1433
30274,"Lavergne, Amanda",non-elite,1334,2664,3976,5273,6579,7962,9508,11003,1330,1312,1297,1306,1383,1546,1495
30275,"O'Keeffe, David L",non-elite,1228,2444,3751,5001,6369,7934,9524,11027,1216,1307,1250,1368,1565,1590,1503
30276,"Cooper, Mark",non-elite,1315,2648,4004,5371,6723,8099,9536,11007,1333,1356,1367,1352,1376,1437,1471
30277,"Newman, Shannon K.",non-elite,1319,2636,3967,5325,6687,8109,9569,11027,1317,1331,1358,1362,1422,1460,1458
30278,"Johnson, Todd",non-elite,1249,2575,3975,5383,6794,8250,9686,11051,1326,1400,1408,1411,1456,1436,1365
30279,"Smythe, Paul J.",non-elite,1301,2575,3877,5183,6547,7966,9419,10957,1274,1302,1306,1364,1419,1453,1538
30280,"McBride, Mark T.",non-elite,1268,2518,3778,5064,6396,7804,9450,10992,1250,1260,1286,1332,1408,1646,1542
30281,"Medeiros, Sandy",non-elite,1330,2674,4037,5411,6783,8194,9628,11033,1344,1363,1374,1372,1411,1434,1405
30282,"Wimert, Rebecca",non-elite,1295,2558,3856,5206,6577,8025,9525,11008,1263,1298,1350,1371,1448,1500,1483
30283,"Krueger, David G.",non-elite,1225,2455,3684,4934,6266,7779,9350,10965,1230,1229,1250,1332,1513,1571,1615
30284,"Boyce, Robert C",non-elite,1344,2663,3990,5343,6695,8102,9561,10995,1319,1327,1353,1352,1407,1459,1434
30285,"Tanner, Martin",non-elite,1265,2518,3781,5066,6406,7901,9443,10993,1253,1263,1285,1340,1495,1542,1550
30286,"Whitham, Joshua E",non-elite,1266,2538,3810,5104,6434,7838,9389,11012,1272,1272,1294,1330,1404,1551,1623
30287,"Ramsey, Jessica",non-elite,1340,2676,4004,5359,6714,8105,9550,11013,1336,1328,1355,1355,1391,1445,1463
30288,"Powers, Colleen",non-elite,1356,2703,4065,5449,6809,8194,9614,11037,1347,1362,1384,1360,1385,1420,1423
30289,"Dion, Ryan",non-elite,1282,2567,3858,5169,6501,7932,9407,10958,1285,1291,1311,1332,1431,1475,1551
30290,"Kupish, Hillary",non-elite,1346,2654,3974,5332,6740,8176,9621,11036,1308,1320,1358,1408,1436,1445,1415
30291,"Silva, Rafael P.",non-elite,1259,2518,3784,5090,6421,7796,9400,10961,1259,1266,1306,1331,1375,1604,1561
30292,"Ross, Timothy R.",non-elite,1352,2684,4017,5377,6720,8087,9496,11035,1332,1333,1360,1343,1367,1409,1539
30293,"Ashinay, Leyuwork A",non-elite,1271,2538,3851,5223,6615,8054,9571,11026,1267,1313,1372,1392,1439,1517,1455
30294,"Chernin, Arielle",non-elite,1337,2661,3998,5356,6706,8146,9634,11031,1324,1337,1358,1350,1440,1488,1397
30295,"McNamee, Clayton A.",non-elite,1280,2555,3825,5125,6444,7836,9308,10958,1275,1270,1300,1319,1392,1472,1650
30296,"Provenzano, Jeff T",non-elite,1305,2620,3941,5299,6654,8081,9555,11011,1315,1321,1358,1355,1427,1474,1456
30297,"Harvey, Thomas W",non-elite,1298,2606,3926,5274,6645,8064,9528,11002,1308,1320,1348,1371,1419,1464,1474
30298,"Truitt, Melissa L",non-elite,1280,2564,3841,5138,6481,7946,9505,11003,1284,1277,1297,1343,1465,1559,1498
30299,"Rebuck, Michael J.",non-elite,1354,2728,4102,5509,6881,8291,9708,11085,1374,1374,1407,1372,1410,1417,1377
30300,"Levy, Boaz",non-elite,1298,2619,3963,5297,6660,8066,9528,10992,1321,1344,1334,1363,1406,1462,1464
30301,"Kuester, Meike",non-elite,1286,2570,3886,5243,6622,8085,9585,11023,1284,1316,1357,1379,1463,1500,1438
30302,"Cunningham, Brendan P.",non-elite,1275,2563,3858,5182,6568,8026,9521,11018,1288,1295,1324,1386,1458,1495,1497
30303,"Marlier, Jessica",non-elite,1236,2445,3656,5005,6410,7919,9448,11018,1209,1211,1349,1405,1509,1529,1570
30304,"Cermak, Tracy",non-elite,1314,2638,3972,5326,6706,8141,9606,11039,1324,1334,1354,1380,1435,1465,1433
30305,"Shifflett, Paul",non-elite,1280,2564,3860,5172,6532,7970,9484,11034,1284,1296,1312,1360,1438,1514,1550
30306,"Kaplan-Rakowski, Regina",non-elite,1442,2876,4285,5661,7007,8387,9790,11107,1434,1409,1376,1346,1380,1403,1317
30307,"Salgueiro Antunes, Joao Sr.",non-elite,1281,2572,3856,5179,6542,8018,9551,11021,1291,1284,1323,1363,1476,1533,1470
30308,"Terracina, Joe",non-elite,1322,2643,3993,5349,6716,8160,9594,11047,1321,1350,1356,1367,1444,1434,1453
30309,"Pagliaro, Frank",non-elite,1310,2626,3955,5315,6661,8084,9565,11022,1316,1329,1360,1346,1423,1481,1457
30310,"Chernysh, Max",non-elite,1327,2630,3940,5332,6719,8204,9695,11078,1303,1310,1392,1387,1485,1491,1383
30311,"Painter, Ted",non-elite,1258,2567,3890,5233,6577,7980,9488,11000,1309,1323,1343,1344,1403,1508,1512
30312,"Kunitz, Everett",non-elite,1214,2449,3683,4960,6373,7856,9408,10947,1235,1234,1277,1413,1483,1552,1539
30313,"Singh, Vijay Kumar",non-elite,1293,2592,3881,5206,6536,7961,9457,10963,1299,1289,1325,1330,1425,1496,1506
30314,"Swift, Todd N",non-elite,1276,2564,3844,5145,6460,7822,9266,10869,1288,1280,1301,1315,1362,1444,1603
30315,"Hughes, Tim",non-elite,1228,2460,3698,4955,6244,7803,9402,11040,1232,1238,1257,1289,1559,1599,1638
30316,"Menschner, Andrew",non-elite,1271,2540,3859,5226,6601,8052,9560,11030,1269,1319,1367,1375,1451,1508,1470
30317,"Kennedy, Pamela",non-elite,1340,2715,4077,5452,6829,8262,9682,11105,1375,1362,1375,1377,1433,1420,1423
30318,"Karry, John D",non-elite,1319,2648,3998,5392,6744,8150,9604,11036,1329,1350,1394,1352,1406,1454,1432
30319,"Firla, Ian",non-elite,1234,2492,3782,5121,6533,7956,9431,11038,1258,1290,1339,1412,1423,1475,1607
30320,"Backhaus, Axel",non-elite,1293,2584,3898,5251,6626,8067,9572,11045,1291,1314,1353,1375,1441,1505,1473
30321,"Nislow, Corey",non-elite,1282,2565,3865,5191,6552,7987,9510,11028,1283,1300,1326,1361,1435,1523,1518
30322,"Burns, Stephen",non-elite,1304,2583,3853,5136,6430,7864,9422,10974,1279,1270,1283,1294,1434,1558,1552
30323,"Pearlman, Adam",non-elite,1348,2673,4000,5369,6740,8188,9665,11078,1325,1327,1369,1371,1448,1477,1413
30324,"Gendron, Frederic",non-elite,1367,2728,4075,5459,6823,8231,9640,11052,1361,1347,1384,1364,1408,1409,1412
30325,"Hamilton, Jeffrey S",non-elite,1288,2563,3856,5168,6501,7914,9407,10971,1275,1293,1312,1333,1413,1493,1564
30326,"Hunter, Mark",non-elite,1315,2602,3893,5195,6529,7934,9464,10964,1287,1291,1302,1334,1405,1530,1500
30327,"Layton, Todd",non-elite,1301,2616,3955,5297,6631,8010,9429,10963,1315,1339,1342,1334,1379,1419,1534
30328,"Bruestle, Sydney L",non-elite,1317,2629,3934,5259,6591,7979,9477,11027,1312,1305,1325,1332,1388,1498,1550
30329,"Botkins, Ryan",non-elite,1362,2715,4061,5406,6765,8193,9643,11071,1353,1346,1345,1359,1428,1450,1428
30330,"Bourgeois, A. Danielle",non-elite,1298,2597,3905,5279,6662,8070,9506,11022,1299,1308,1374,1383,1408,1436,1516
30331,"Morales, Gustavo A",non-elite,1342,2685,4041,5408,6776,8185,9645,11048,1343,1356,1367,1368,1409,1460,1403
30332,"King, Jennifer",non-elite,1311,2614,3928,5276,6672,8108,9609,11012,1303,1314,1348,1396,1436,1501,1403
30333,"Graham, Chrissy",non-elite,1386,2759,4129,5501,6867,8260,9677,11077,1373,1370,1372,1366,1393,1417,1400
30334,"Stamplis, Matthew",non-elite,1428,2816,4169,5525,6872,8272,9691,11089,1388,1353,1356,1347,1400,1419,1398
30335,"Tilk, Jochen",non-elite,1285,2597,3920,5280,6668,8110,9556,11035,1312,1323,1360,1388,1442,1446,1479
30336,"Nigh, Phillip A",non-elite,1335,2632,3933,5259,6601,8038,9546,11040,1297,1301,1326,1342,1437,1508,1494
30337,"Miller, Liisa A",non-elite,1370,2758,4112,5480,6850,8232,9649,11068,1388,1354,1368,1370,1382,1417,1419
30338,"Mccarthy, Michael",non-elite,1278,2557,3834,5146,6503,7937,9432,10968,1279,1277,1312,1357,1434,1495,1536
30339,"Webb, Frank J",non-elite,1271,2544,3834,5186,6577,8035,9539,11036,1273,1290,1352,1391,1458,1504,1497
30340,"Barry, Joshua D.",non-elite,1226,2517,3824,5179,6539,7969,9479,11001,1291,1307,1355,1360,1430,1510,1522
30341,"Jamison, Joshua",non-elite,1284,2571,3872,5200,6542,7921,9409,10938,1287,1301,1328,1342,1379,1488,1529
30342,"Medeiros, Michael C.",non-elite,1325,2667,4011,5387,6772,8217,9672,11071,1342,1344,1376,1385,1445,1455,1399
30343,"Bacon, Anthony",non-elite,1327,2658,3986,5332,6671,8072,9519,11016,1331,1328,1346,1339,1401,1447,1497
30344,"Bennett, Lee M",non-elite,1300,2613,3896,5207,6519,7880,9336,10927,1313,1283,1311,1312,1361,1456,1591
30345,"Pindrock, Erik T",non-elite,1269,2521,3805,5132,6489,7908,9396,10970,1252,1284,1327,1357,1419,1488,1574
30346,"Ferrari, Francesco",non-elite,1451,2777,4089,5389,6717,8098,9636,11041,1326,1312,1300,1328,1381,1538,1405
30347,"Hurley, Emily",non-elite,1243,2490,3772,5091,6461,7944,9452,11030,1247,1282,1319,1370,1483,1508,1578
30348,"Bourdon, Melissa",non-elite,1356,2700,4041,5404,6778,8210,9660,11077,1344,1341,1363,1374,1432,1450,1417
30349,"Atkinson, Daren",non-elite,1331,2660,3992,5360,6741,8175,9616,11064,1329,1332,1368,1381,1434,1441,1448
30350,"Owen, Christopher",non-elite,1323,2611,3890,5153,6408,7737,9178,10828,1288,1279,1263,1255,1329,1441,1650
30351,"Pontrelli, Jerome C.",non-elite,1312,2620,3934,5289,6647,8082,9559,11023,1308,1314,1355,1358,1435,1477,1464
30352,"Lee, Bronson",non-elite,1270,2552,3811,5080,6382,7770,9320,11013,1282,1259,1269,1302,1388,1550,1693
30353,"Bassi, Stefano",non-elite,1281,2604,3945,5307,6680,8077,9579,11075,1323,1341,1362,1373,1397,1502,1496
30354,"Markle, Phoebe",non-elite,1333,2678,4019,5399,6790,8201,9677,11084,1345,1341,1380,1391,1411,1476,1407
30355,"Sepulveda, Nakima",non-elite,1377,2736,4100,5462,6819,8220,9658,11079,1359,1364,1362,1357,1401,1438,1421
30356,"Tribone, Dominick A.",non-elite,1275,2549,3841,5201,6661,8123,9613,11070,1274,1292,1360,1460,1462,1490,1457
30357,"Baker, Michelle E.",non-elite,1331,2635,3964,5321,6692,8110,9545,10999,1304,1329,1357,1371,1418,1435,1454
30358,"Gutjahr, Joey",non-elite,1272,2549,3825,5115,6412,7775,9370,10995,1277,1276,1290,1297,1363,1595,1625
30359,"McKinley, Randy L.",non-elite,1298,2611,3969,5360,6772,8231,9657,11074,1313,1358,1391,1412,1459,1426,1417
30360,"Crews, Ken",non-elite,1352,2662,3999,5362,6703,8079,9511,10956,1310,1337,1363,1341,1376,1432,1445
30361,"Kelly, Thomas",non-elite,1351,2704,4073,5457,6839,8243,9666,11072,1353,1369,1384,1382,1404,1423,1406
30362,"Mulsow, Robert",non-elite,1304,2636,3973,5330,6687,8131,9636,11069,1332,1337,1357,1357,1444,1505,1433
30363,"Headrick, Douglas",non-elite,1319,2663,4004,5382,6753,8169,9623,11054,1344,1341,1378,1371,1416,1454,1431
30364,"Connolly, Paull",non-elite,1364,2733,4114,5492,6872,8286,9694,11070,1369,1381,1378,1380,1414,1408,1376
30365,"LaBonte, Griffin L.",non-elite,1263,2488,3737,5100,6402,7800,9380,10939,1225,1249,1363,1302,1398,1580,1559
30367,"Jimenez, Freddy",non-elite,1300,2614,3939,5294,6645,8052,9506,10992,1314,1325,1355,1351,1407,1454,1486
30368,"Notter, Stefan",non-elite,1278,2605,3975,5367,6763,8177,9645,11059,1327,1370,1392,1396,1414,1468,1414
30369,"Street, Holly",non-elite,1322,2651,4002,5362,6727,8142,9602,11034,1329,1351,1360,1365,1415,1460,1432
30370,"Gannon, Jonathan",non-elite,1359,2724,4087,5461,6841,8246,9664,11076,1365,1363,1374,1380,1405,1418,1412
30371,"Pop, Fredy A. Sr.",non-elite,1372,2725,4063,5422,6767,8162,9590,11013,1353,1338,1359,1345,1395,1428,1423
30372,"Chong, Hung Hoi Henry",non-elite,1232,2446,3671,4931,6262,7807,9396,10968,1214,1225,1260,1331,1545,1589,1572
30373,"Taylor, Dink A",non-elite,1310,2600,3884,5184,6484,7847,9429,10960,1290,1284,1300,1300,1363,1582,1531
30374,"Della Serra, Rocco",non-elite,1307,2621,3962,5330,6701,8103,9556,11025,1314,1341,1368,1371,1402,1453,1469
30375,"Toomey, James E. IV",non-elite,1231,2461,3791,5236,6676,8087,9553,11048,1230,1330,1445,1440,1411,1466,1495
30376,"Schwab, Darren",non-elite,1299,2603,3917,5243,6569,7988,9451,10995,1304,1314,1326,1326,1419,1463,1544
30377,"Ballance, Scott",non-elite,1373,2711,4050,5410,6789,8224,9638,11034,1338,1339,1360,1379,1435,1414,1396
30378,"Cummins, Jason",non-elite,1266,2545,3808,5098,6395,7770,9295,10890,1279,1263,1290,1297,1375,1525,1595
30379,"Perez Meza, Fernando",non-elite,1337,2660,3987,5351,6730,8163,9653,11043,1323,1327,1364,1379,1433,1490,1390
30380,"Mccarthy, Darren",non-elite,1297,2613,3960,5327,6700,8126,9612,11066,1316,1347,1367,1373,1426,1486,1454
30381,"Chalmers, Jeff",non-elite,1319,2643,3979,5308,6630,8020,9535,11041,1324,1336,1329,1322,1390,1515,1506
30382,"Bigoni, Brian",non-elite,1271,2551,3853,5209,6573,7989,9462,10998,1280,1302,1356,1364,1416,1473,1536
30383,"Perkins, Stuart T",non-elite,1285,2571,3848,5142,6475,7920,9445,10988,1286,1277,1294,1333,1445,1525,1543
30384,"Silva, Alexandre",non-elite,1383,2683,3983,5284,6600,8005,9514,11000,1300,1300,1301,1316,1405,1509,1486
30385,"Flom, Nicholas T",non-elite,1278,2534,3800,5081,6399,7796,9292,10879,1256,1266,1281,1318,1397,1496,1587
30386,"McDonald, Paul",non-elite,1305,2599,3911,5235,6573,7995,9481,10990,1294,1312,1324,1338,1422,1486,1509
30387,"Menchaca, Albino",non-elite,1203,2403,3676,5010,6369,7833,9451,11003,1200,1273,1334,1359,1464,1618,1552
30388,"Henry, Todd J",non-elite,1401,2737,4053,5396,6726,8104,9554,11042,1336,1316,1343,1330,1378,1450,1488
30389,"Trombatore, Ken",non-elite,1387,2759,4129,5499,6868,8260,9677,11077,1372,1370,1370,1369,1392,1417,1400
30390,"Engle, Chuck J.",non-elite,1243,2494,3743,5027,6298,7707,9038,10999,1251,1249,1284,1271,1409,1331,1961
30391,"Grant, Clint",non-elite,1313,2646,3989,5328,6689,8070,9494,11007,1333,1343,1339,1361,1381,1424,1513
30392,"Wang, Hsueh-Yao",non-elite,1251,2532,3818,5150,6511,7946,9470,10988,1281,1286,1332,1361,1435,1524,1518
30393,"Martin, Jason",non-elite,1311,2631,3974,5365,6782,8240,9711,11102,1320,1343,1391,1417,1458,1471,1391
30394,"Lang, Joseph A.",non-elite,1200,2423,3685,5021,6374,7821,9391,11003,1223,1262,1336,1353,1447,1570,1612
30395,"Kinnaman, Matt",non-elite,1329,2669,4025,5407,6783,8192,9641,11073,1340,1356,1382,1376,1409,1449,1432
30396,"Crounse, Brian C",non-elite,1242,2480,3728,4982,6244,7593,9311,11064,1238,1248,1254,1262,1349,1718,1753
30397,"Ganger, Chad M",non-elite,1295,2588,3901,5259,6636,8071,9549,11028,1293,1313,1358,1377,1435,1478,1479
30398,"Harvey, Stefani",non-elite,1286,2570,3854,5178,6551,8022,9561,11051,1284,1284,1324,1373,1471,1539,1490
30399,"Huntsberger, William",non-elite,1227,2491,3878,5316,6730,8136,9685,11062,1264,1387,1438,1414,1406,1549,1377
30400,"Philips, Douglas",non-elite,1297,2550,3817,5198,6714,8157,9615,11045,1253,1267,1381,1516,1443,1458,1430
30401,"Kokta, Victor",non-elite,1206,2432,3698,5001,6343,7804,9464,11093,1226,1266,1303,1342,1461,1660,1629
30402,"Snowdon, Adria",non-elite,1329,2664,4004,5406,6762,8144,9590,11052,1335,1340,1402,1356,1382,1446,1462
30403,"Beachy, Kevin",non-elite,1170,2306,3484,4734,6054,7512,9156,10868,1136,1178,1250,1320,1458,1644,1712
30404,"Posner, Kenneth A",non-elite,1311,2589,3889,5253,6653,8083,9609,11078,1278,1300,1364,1400,1430,1526,1469
30405,"Glenn, Ashley",non-elite,1265,2534,3812,5142,6508,7976,9515,11026,1269,1278,1330,1366,1468,1539,1511
30406,"Labare, Megan",non-elite,1249,2519,3863,5253,6651,8108,9589,11045,1270,1344,1390,1398,1457,1481,1456
30407,"Christian, Courtney T.",non-elite,1349,2686,4054,5428,6798,8213,9658,11074,1337,1368,1374,1370,1415,1445,1416
30408,"Christian, Kevin L",non-elite,1349,2686,4055,5428,6798,8213,9658,11074,1337,1369,1373,1370,1415,1445,1416
30409,"Wild, Lindsey",non-elite,1290,2604,3941,5354,6778,8222,9684,11096,1314,1337,1413,1424,1444,1462,1412
30410,"Pereira, Ronald V.",non-elite,1340,2657,3985,5360,6737,8156,9610,11040,1317,1328,1375,1377,1419,1454,1430
30411,"Neiberg, Leonard",non-elite,1346,2686,4035,5387,6733,8127,9582,11034,1340,1349,1352,1346,1394,1455,1452
30412,"Lee-Ohlsson, Fredrick",non-elite,1254,2512,3815,5172,6564,8020,9514,11040,1258,1303,1357,1392,1456,1494,1526
30413,"Mcniven, Lauren",non-elite,1355,2691,4054,5434,6808,8226,9672,11086,1336,1363,1380,1374,1418,1446,1414
30414,"Barter, Aaron",non-elite,1180,2354,3588,4940,6385,7868,9408,10999,1174,1234,1352,1445,1483,1540,1591
30415,"Thorkelson, Donovan",non-elite,1270,2529,3797,5108,6465,7891,9389,10996,1259,1268,1311,1357,1426,1498,1607
30416,"McCann, Bryan J.",non-elite,1269,2539,3800,5051,6297,7624,9226,10909,1270,1261,1251,1246,1327,1602,1683
30417,"Mah, Lincoln",non-elite,1283,2546,3817,5101,6406,7817,9416,11025,1263,1271,1284,1305,1411,1599,1609
30418,"Roca, Juan J",non-elite,1229,2459,3706,5003,6342,7802,9408,10996,1230,1247,1297,1339,1460,1606,1588
30419,"Twining, Christine",non-elite,1288,2571,3881,5258,6681,8116,9613,11050,1283,1310,1377,1423,1435,1497,1437
30420,"Panzer, Jamie",non-elite,1310,2633,3974,5345,6733,8159,9657,11074,1323,1341,1371,1388,1426,1498,1417
30421,"Corcoran, Doug P",non-elite,1303,2605,3921,5278,6641,8046,9490,10972,1302,1316,1357,1363,1405,1444,1482
30422,"Baker, Jonathan E.",non-elite,1286,2570,3854,5178,6550,8022,9560,11050,1284,1284,1324,1372,1472,1538,1490
30423,"Castanon, Raul H. Sr.",non-elite,1273,2560,3852,5178,6565,8007,9532,11011,1287,1292,1326,1387,1442,1525,1479
30424,"Reed, Craig S",non-elite,1349,2702,4049,5395,6751,8160,9608,11035,1353,1347,1346,1356,1409,1448,1427
30425,"Crudo, Antonello",non-elite,1339,2682,4034,5406,6777,8211,9664,11102,1343,1352,1372,1371,1434,1453,1438
30426,"Hernandez, Joshua J.",non-elite,1248,2482,3746,5021,6327,7753,9233,10984,1234,1264,1275,1306,1426,1480,1751
30427,"Neeway, Jim",non-elite,1182,2349,3578,4803,6092,7500,9126,11008,1167,1229,1225,1289,1408,1626,1882
30428,"Coyle, Joseph",non-elite,1338,2660,3958,5276,6597,8018,9508,11024,1322,1298,1318,1321,1421,1490,1516
30429,"Patriarca, Ryan",non-elite,1272,2550,3841,5180,6576,8068,9550,11000,1278,1291,1339,1396,1492,1482,1450
30430,"Penrose, Janice H.",non-elite,1274,2553,3868,5185,6528,7932,9400,10904,1279,1315,1317,1343,1404,1468,1504
30431,"Mayer, Stephanie",non-elite,1305,2599,3921,5274,6637,8057,9532,11023,1294,1322,1353,1363,1420,1475,1491
30432,"Ogata, Masako",non-elite,1332,2676,4057,5464,6858,8289,9721,11083,1344,1381,1407,1394,1431,1432,1362
30433,"Ivancik, Tom",non-elite,1323,2656,3984,5334,6698,8121,9608,11071,1333,1328,1350,1364,1423,1487,1463
30434,"White, Joelle",non-elite,1322,2638,3969,5332,6715,8168,9628,11058,1316,1331,1363,1383,1453,1460,1430
30435,"Paul, Kendal J",non-elite,1335,2669,4034,5415,6791,8216,9673,11098,1334,1365,1381,1376,1425,1457,1425
30436,"Clark, Samantha L",non-elite,1371,2710,4049,5419,6783,8155,9556,11038,1339,1339,1370,1364,1372,1401,1482
30437,"Miranda, Andreia S.",non-elite,1329,2656,3989,5355,6748,8149,9592,11072,1327,1333,1366,1393,1401,1443,1480
30438,"Vaughan, James",non-elite,1336,2656,3970,5307,6635,8015,9463,10980,1320,1314,1337,1328,1380,1448,1517
30439,"Petricevic, Ante",non-elite,1291,2598,3903,5224,6563,7967,9458,11005,1307,1305,1321,1339,1404,1491,1547
30440,"Kell, Richard A",non-elite,1280,2577,3899,5253,6648,8089,9602,11055,1297,1322,1354,1395,1441,1513,1453
30441,"Hoffman, William F",non-elite,1193,2434,3651,4937,6305,7787,9333,10944,1241,1217,1286,1368,1482,1546,1611
30442,"Bishop, Tom",non-elite,1347,2694,4032,5400,6765,8188,9644,11071,1347,1338,1368,1365,1423,1456,1427
30443,"Barnum, Matthew J.",non-elite,1375,2723,4052,5394,6730,8144,9609,11060,1348,1329,1342,1336,1414,1465,1451
30444,"Brancato, Melissa",non-elite,1390,2711,4068,5443,6802,8205,9666,11075,1321,1357,1375,1359,1403,1461,1409
30445,"Kilefner, Bret M.",non-elite,1410,2725,4019,5334,6690,8111,9610,11066,1315,1294,1315,1356,1421,1499,1456
30446,"Galarneau, Jason",non-elite,1320,2647,3983,5333,6686,8084,9531,11022,1327,1336,1350,1353,1398,1447,1491
30447,"Brown, Doyle",non-elite,1298,2578,3857,5152,6478,7917,9449,11006,1280,1279,1295,1326,1439,1532,1557
30448,"Tempia Bonda, Filippo",non-elite,1260,2525,3802,5092,6429,7892,9551,11057,1265,1277,1290,1337,1463,1659,1506
30449,"Leidlein, Hugh",non-elite,1269,2560,3863,5207,6565,8009,9518,11016,1291,1303,1344,1358,1444,1509,1498
30450,"Pierson, Daniel J.",non-elite,1277,2583,3897,5240,6592,8015,9530,11039,1306,1314,1343,1352,1423,1515,1509
30451,"Diller, Derek R",non-elite,1284,2560,3837,5151,6492,7922,9426,11017,1276,1277,1314,1341,1430,1504,1591
30452,"Wesley, Todd",non-elite,1253,2505,3771,5080,6412,7900,9436,10978,1252,1266,1309,1332,1488,1536,1542
30453,"Hernandez, Andres",non-elite,1341,2669,4001,5380,6737,8159,9604,11053,1328,1332,1379,1357,1422,1445,1449
30454,"O'Neil, Patrick",non-elite,1224,2433,3634,4861,6101,7391,8762,10990,1209,1201,1227,1240,1290,1371,2228
30455,"Logan, Tyler",non-elite,1341,2694,4051,5447,6794,8187,9620,11065,1353,1357,1396,1347,1393,1433,1445
30456,"Boeh, Michael W",non-elite,1250,2526,3800,5086,6395,7773,9459,11022,1276,1274,1286,1309,1378,1686,1563
30457,"Habermann, Christian M.",non-elite,1277,2563,3881,5220,6585,7991,9450,10968,1286,1318,1339,1365,1406,1459,1518
30458,"Miller, Jeremy",non-elite,1293,2590,3902,5218,6561,8011,9506,11011,1297,1312,1316,1343,1450,1495,1505
30459,"Juarez, Eduardo",non-elite,1303,2589,3874,5177,6505,7901,9442,11039,1286,1285,1303,1328,1396,1541,1597
30460,"Blong, Philip",non-elite,1234,2457,3692,4934,6202,7669,9348,10927,1223,1235,1242,1268,1467,1679,1579
30461,"Crotteau, Charles A",non-elite,1242,2493,3787,5133,6505,7954,9482,11038,1251,1294,1346,1372,1449,1528,1556
30462,"Blaauw, Andre",non-elite,1276,2596,3937,5306,6667,8092,9569,11047,1320,1341,1369,1361,1425,1477,1478
30463,"Maxwell, Brittany",non-elite,1380,2761,4143,5532,6909,8302,9710,11100,1381,1382,1389,1377,1393,1408,1390
30464,"Hofmann, Anthony",non-elite,1367,2730,4098,5486,6862,8266,9682,11102,1363,1368,1388,1376,1404,1416,1420
30465,"Shandley, Robert R",non-elite,1309,2600,3909,5230,6573,7941,9375,10940,1291,1309,1321,1343,1368,1434,1565
30466,"Trout, Christina",non-elite,1360,2722,4080,5463,6826,8244,9679,11092,1362,1358,1383,1363,1418,1435,1413
30467,"Betcher, David",non-elite,1335,2647,3941,5252,6595,8008,9502,11040,1312,1294,1311,1343,1413,1494,1538
30468,"Elliott, Layton Jr.",non-elite,1291,2581,3864,5183,6541,8017,9544,11074,1290,1283,1319,1358,1476,1527,1530
30469,"Castanha, William R",non-elite,1291,2607,3936,5289,6671,8125,9627,11085,1316,1329,1353,1382,1454,1502,1458
30470,"Tager, Jordan E",non-elite,1194,2389,3632,4916,6134,7567,9243,11015,1195,1243,1284,1218,1433,1676,1772
30471,"Patty, Scott D",non-elite,1260,2509,3816,5166,6581,8015,9529,11034,1249,1307,1350,1415,1434,1514,1505
30472,"Bliss, Paul A",non-elite,1294,2573,3847,5157,6476,7864,9381,11016,1279,1274,1310,1319,1388,1517,1635
30473,"Pederson, Dustin",non-elite,1216,2413,3617,4824,6057,7361,8885,10844,1197,1204,1207,1233,1304,1524,1959
30474,"Conner, Caroline",non-elite,1299,2571,3859,5184,6535,7953,9432,10989,1272,1288,1325,1351,1418,1479,1557
30475,"Miles, David",non-elite,1258,2538,3846,5191,6597,8028,9515,11041,1280,1308,1345,1406,1431,1487,1526
30476,"Fletcher, Matt",non-elite,1333,2700,4068,5443,6816,8223,9653,11087,1367,1368,1375,1373,1407,1430,1434
30477,"Buckley, Gregory",non-elite,1239,2518,3829,5160,6531,7971,9495,11058,1279,1311,1331,1371,1440,1524,1563
30478,"Donaghy, Brian",non-elite,1233,2476,3771,5096,6459,7911,9425,11007,1243,1295,1325,1363,1452,1514,1582
30479,"Rall, Tracie",non-elite,1293,2608,3948,5337,6720,8162,9632,11069,1315,1340,1389,1383,1442,1470,1437
30480,"Cook, Gary R",non-elite,1360,2661,3950,5278,6622,8049,9517,11034,1301,1289,1328,1344,1427,1468,1517
30481,"Phelps, Kara L",non-elite,1238,2532,3850,5226,6596,8072,9598,11102,1294,1318,1376,1370,1476,1526,1504
30482,"Mack, Don",non-elite,1325,2623,3929,5267,6604,8020,9541,11032,1298,1306,1338,1337,1416,1521,1491
30483,"Gau, Wanda M",non-elite,1319,2624,3939,5303,6687,8135,9617,11050,1305,1315,1364,1384,1448,1482,1433
30484,"Taylor, Jeff M.",non-elite,1233,2440,3667,4925,6232,7659,9171,10909,1207,1227,1258,1307,1427,1512,1738
30485,"Cauller, Greg",non-elite,1306,2672,4017,5363,6702,8077,9533,11042,1366,1345,1346,1339,1375,1456,1509
30486,"Keizer, Ronald J.",non-elite,1283,2588,3935,5303,6691,8152,9632,11051,1305,1347,1368,1388,1461,1480,1419
30487,"Gascon, Jacques",non-elite,1291,2558,3843,5162,6509,7921,9432,11022,1267,1285,1319,1347,1412,1511,1590
30488,"Arango, Jason",non-elite,1180,2362,3574,4821,6100,7443,9508,11119,1182,1212,1247,1279,1343,2065,1611
30489,"Wasko, Myrlin",non-elite,1288,2600,3943,5302,6685,8110,9582,11052,1312,1343,1359,1383,1425,1472,1470
30490,"Ketterling, Jeffrey",non-elite,1310,2630,3959,5304,6642,8023,9469,11032,1320,1329,1345,1338,1381,1446,1563
30491,"Hammervold, Jerry",non-elite,1285,2575,3878,5237,6611,8059,9555,11042,1290,1303,1359,1374,1448,1496,1487
30492,"Nakich, Erik M.",non-elite,1316,2607,3920,5263,6615,8044,9530,11039,1291,1313,1343,1352,1429,1486,1509
30493,"Leyva, Joshua L.",non-elite,1260,2525,3834,5212,6617,8084,9606,11061,1265,1309,1378,1405,1467,1522,1455
30494,"Dufour, Michael P",non-elite,1327,2647,3969,5309,6653,8037,9477,11011,1320,1322,1340,1344,1384,1440,1534
30495,"Donahue, Lauren E",non-elite,1228,2513,3841,5206,6579,8015,9529,11060,1285,1328,1365,1373,1436,1514,1531
30496,"Halperin, David",non-elite,1369,2731,4086,5428,6757,8131,9546,11016,1362,1355,1342,1329,1374,1415,1470
30497,"Stasiuk, Allison T.",non-elite,1295,2564,3866,5286,6672,8166,9664,11089,1269,1302,1420,1386,1494,1498,1425
30498,"Everett, Sherman",non-elite,1231,2469,3711,4980,6315,7793,9360,10966,1238,1242,1269,1335,1478,1567,1606
30499,"Cmejla, Adam",non-elite,1294,2598,3885,5184,6481,7909,9472,11155,1304,1287,1299,1297,1428,1563,1683
30500,"Megran, Jack",non-elite,1367,2708,4062,5431,6797,8196,9631,11062,1341,1354,1369,1366,1399,1435,1431
30501,"Carlson, Steven",non-elite,1271,2546,3822,5123,6466,7918,9623,11030,1275,1276,1301,1343,1452,1705,1407
30502,"Ermakov, Alexey",non-elite,1281,2579,3889,5273,6680,8156,9674,11118,1298,1310,1384,1407,1476,1518,1444
30503,"Price, Cairns E.",non-elite,1125,2256,3414,4612,5896,7474,9147,10982,1131,1158,1198,1284,1578,1673,1835
30505,"Jones, Logan M",non-elite,1383,2784,4180,5582,6969,8390,9809,11162,1401,1396,1402,1387,1421,1419,1353
30506,"Cantin, Paul W",non-elite,1346,2682,4009,5343,6685,8087,9557,11038,1336,1327,1334,1342,1402,1470,1481
30507,"Ware, Andrew",non-elite,1261,2536,3813,5156,6498,8006,9648,11107,1275,1277,1343,1342,1508,1642,1459
30508,"Rothschild, Daniel",non-elite,1213,2447,3797,5330,6684,8161,9663,11077,1234,1350,1533,1354,1477,1502,1414
30509,"Crumley, Euan J.",non-elite,1311,2591,3899,5233,6571,8017,9551,11071,1280,1308,1334,1338,1446,1534,1520
30510,"Murphy, Edward B",non-elite,1333,2625,3929,5252,6601,8032,9569,11091,1292,1304,1323,1349,1431,1537,1522
30511,"Ambler, Douglas M.",non-elite,1295,2592,3921,5286,6658,8115,9612,11067,1297,1329,1365,1372,1457,1497,1455
30512,"Lagace, Frederic",non-elite,1236,2479,3736,5029,6356,7753,9376,11073,1243,1257,1293,1327,1397,1623,1697
30513,"Hechler, Paul",non-elite,1315,2614,3919,5248,6597,8008,9483,11063,1299,1305,1329,1349,1411,1475,1580
30514,"Lugg, Robert H",non-elite,1195,2403,3615,4853,6180,7745,9486,11030,1208,1212,1238,1327,1565,1741,1544
30515,"Nishimura, Lou",non-elite,1315,2651,3985,5348,6724,8149,9612,11057,1336,1334,1363,1376,1425,1463,1445
30516,"Schneider, Candice",non-elite,1318,2618,3911,5263,6650,8065,9564,11064,1300,1293,1352,1387,1415,1499,1500
30517,"Leahy, Colm E",non-elite,1261,2530,3802,5105,6428,7821,9642,11103,1269,1272,1303,1323,1393,1821,1461
30518,"Mcdaniel, Steven",non-elite,1321,2660,4004,5358,6725,8153,9614,11098,1339,1344,1354,1367,1428,1461,1484
30519,"Vishik, Inna",non-elite,1330,2660,4007,5395,6778,8226,9684,11104,1330,1347,1388,1383,1448,1458,1420
30520,"Bellucci, Tiffany A",non-elite,1363,2726,4083,5462,6835,8243,9673,11088,1363,1357,1379,1373,1408,1430,1415
30521,"Then, James",non-elite,1177,2390,3651,4989,6361,7805,9373,11022,1213,1261,1338,1372,1444,1568,1649
30522,"Asher, Bobby",non-elite,1131,2291,3459,4643,5813,7045,8364,10551,1160,1168,1184,1170,1232,1319,2187
30523,"Cooke, Amanda R.",non-elite,1317,2663,3961,5305,6659,8090,9578,11062,1346,1298,1344,1354,1431,1488,1484
30524,"Li, Zaijun",non-elite,1257,2544,3876,5290,6739,8269,9779,11154,1287,1332,1414,1449,1530,1510,1375
30525,"Briggs, Mike",non-elite,1380,2749,4106,5484,6855,8245,9679,11054,1369,1357,1378,1371,1390,1434,1375
30526,"Foster, Mark",non-elite,1155,2310,3507,4822,6362,7812,9609,11087,1155,1197,1315,1540,1450,1797,1478
30527,"Stanislav, Grace H.",non-elite,1303,2600,3924,5343,6741,8205,9691,11116,1297,1324,1419,1398,1464,1486,1425
30528,"Reed, Jason P",non-elite,1282,2649,4061,5481,6887,8356,9835,11176,1367,1412,1420,1406,1469,1479,1341
30529,"Crick, Matthew W.",non-elite,1322,2625,3917,5244,6580,8133,9627,11075,1303,1292,1327,1336,1553,1494,1448
30530,"Chavarria, Fernando Sr.",non-elite,1388,2741,4117,5481,6869,8251,9650,11120,1353,1376,1364,1388,1382,1399,1470
30531,"Zevgolis, Matt",non-elite,1286,2550,3806,5081,6351,7859,9466,11062,1264,1256,1275,1270,1508,1607,1596
30532,"Relano, Samuel J.",non-elite,1325,2626,3936,5261,6609,8049,9555,11070,1301,1310,1325,1348,1440,1506,1515
30533,"Teichman, Joel",non-elite,1334,2673,4012,5373,6739,8152,9623,11062,1339,1339,1361,1366,1413,1471,1439
30534,"Laneuville, Danick",non-elite,1299,2589,3883,5235,6645,8086,9585,11072,1290,1294,1352,1410,1441,1499,1487
30535,"Johnson, Jeremiah",non-elite,1306,2585,3871,5291,6621,8052,9513,11058,1279,1286,1420,1330,1431,1461,1545
30536,"Ritter, Alison M.",non-elite,1352,2701,4054,5413,6762,8175,9725,11169,1349,1353,1359,1349,1413,1550,1444
30537,"Johnson, Andy M",non-elite,1293,2579,3885,5234,6614,8059,9577,11067,1286,1306,1349,1380,1445,1518,1490
30538,"Wimberly, Jay J",non-elite,1285,2567,3818,5101,6419,7870,9419,11008,1282,1251,1283,1318,1451,1549,1589
30539,"Taylor, Jordan K",non-elite,1343,2620,3920,5257,6629,8075,9623,11112,1277,1300,1337,1372,1446,1548,1489
30540,"Kucheran, Julianne",non-elite,1324,2670,4021,5389,6757,8200,9652,11108,1346,1351,1368,1368,1443,1452,1456
30541,"Gorowski, Greg",non-elite,1317,2603,3913,5310,6676,8093,9571,11049,1286,1310,1397,1366,1417,1478,1478
30542,"Mclaren, Brooks",non-elite,1296,2582,3863,5173,6497,7921,9533,11104,1286,1281,1310,1324,1424,1612,1571
30543,"Silva, Isaias J",non-elite,1269,2513,3745,5008,6282,7638,9157,10806,1244,1232,1263,1274,1356,1519,1649
30544,"Fogle, Michelle",non-elite,1369,2739,4112,5491,6864,8270,9721,11110,1370,1373,1379,1373,1406,1451,1389
30545,"Reece, Tyler L.",non-elite,1203,2388,3579,4778,6053,7422,9030,10901,1185,1191,1199,1275,1369,1608,1871
30546,"Norris, Sarah-Dawn C",non-elite,1373,2724,4080,5439,6797,8203,9648,11095,1351,1356,1359,1358,1406,1445,1447
30547,"Garcia-Dunna, Eduardo",non-elite,1368,2718,4080,5448,6822,8253,9719,11136,1350,1362,1368,1374,1431,1466,1417
30548,"Kimberley, Glenn",non-elite,1316,2625,3941,5293,6657,8052,9481,10944,1309,1316,1352,1364,1395,1429,1463
30549,"Konda, Daren A",non-elite,1298,2592,3888,5222,6557,8041,9564,11092,1294,1296,1334,1335,1484,1523,1528
30550,"Sullivan, Thomas",non-elite,1274,2528,3859,5185,6535,7999,9438,10980,1254,1331,1326,1350,1464,1439,1542
30551,"Douglas, Kevin",non-elite,1263,2554,3877,5248,6648,8090,9579,11083,1291,1323,1371,1400,1442,1489,1504
30552,"Johnson, Eric",non-elite,1268,2534,3835,5270,6687,8163,9616,11126,1266,1301,1435,1417,1476,1453,1510
30553,"Fitzpatrick, Jim",non-elite,1297,2597,3911,5253,6618,8052,9563,11082,1300,1314,1342,1365,1434,1511,1519
30554,"Matveev, Victor",non-elite,1355,2720,4087,5454,6826,8269,9706,11099,1365,1367,1367,1372,1443,1437,1393
30555,"Anderson, Jakob",non-elite,1263,2514,3820,5136,6484,7904,9390,11045,1251,1306,1316,1348,1420,1486,1655
30556,"Gareri, Nicole J",non-elite,1322,2645,3990,5343,6723,8166,9654,11089,1323,1345,1353,1380,1443,1488,1435
30557,"McGinley, John",non-elite,1421,2764,4109,5480,6846,8280,9713,11121,1343,1345,1371,1366,1434,1433,1408
30558,"Seremetis, Christina",non-elite,1321,2648,3978,5334,6689,8096,9649,11121,1327,1330,1356,1355,1407,1553,1472
30559,"Chavez, Roberto",non-elite,1295,2602,3939,5286,6652,8081,9549,11042,1307,1337,1347,1366,1429,1468,1493
30560,"Bisers, Daniel",non-elite,1127,2280,3542,5017,6396,7777,9306,11095,1153,1262,1475,1379,1381,1529,1789
30561,"Rodas, Harald E",non-elite,1193,2380,3581,4822,6174,7665,9347,11038,1187,1201,1241,1352,1491,1682,1691
30562,"Hoppe, Timothy",non-elite,1259,2539,3853,5149,6466,7897,9414,11010,1280,1314,1296,1317,1431,1517,1596
30563,"Yost, Christopher P.",non-elite,1332,2676,4047,5399,6774,8200,9650,11077,1344,1371,1352,1375,1426,1450,1427
30564,"McPherson, Brian",non-elite,1374,2703,4071,5378,6703,8076,9593,11085,1329,1368,1307,1325,1373,1517,1492
30565,"Bodack, Allie",non-elite,1309,2631,3993,5384,6784,8231,9701,11120,1322,1362,1391,1400,1447,1470,1419
30566,"Anderson, Loren W",non-elite,1321,2632,3934,5273,6614,8022,9470,11003,1311,1302,1339,1341,1408,1448,1533
30567,"Carmona, Rafael",non-elite,1261,2544,3883,5245,6620,8165,9632,11092,1283,1339,1362,1375,1545,1467,1460
30568,"Tursi, Megan",non-elite,1341,2711,4102,5535,6959,8351,9798,11156,1370,1391,1433,1424,1392,1447,1358
30569,"Sulkowski, Adam J.",non-elite,1205,2468,3764,5137,6631,8043,9606,11095,1263,1296,1373,1494,1412,1563,1489
30570,"Spital, Barry I.",non-elite,1258,2539,3868,5253,6660,8121,9618,11071,1281,1329,1385,1407,1461,1497,1453
30571,"Avendt, Meghan",non-elite,1309,2637,3980,5352,6735,8148,9620,11086,1328,1343,1372,1383,1413,1472,1466
30572,"Beckley, Casey",non-elite,1296,2576,3866,5228,6615,8056,9557,11073,1280,1290,1362,1387,1441,1501,1516
30573,"Haselden, Amanda L",non-elite,1385,2765,4134,5508,6862,8262,9727,11113,1380,1369,1374,1354,1400,1465,1386
30574,"London, Sarah",non-elite,1383,2731,4087,5455,6837,8258,9704,11124,1348,1356,1368,1382,1421,1446,1420
30575,"Ter Haar, Ernst",non-elite,1214,2428,3678,4997,6346,7762,9419,11041,1214,1250,1319,1349,1416,1657,1622
30576,"Schaefer, Patricia",non-elite,1376,2753,4119,5498,6883,8296,9740,11128,1377,1366,1379,1385,1413,1444,1388
30577,"Stelmach, Peter M",non-elite,1417,2809,4185,5574,6933,8334,9743,11143,1392,1376,1389,1359,1401,1409,1400
30578,"Doyle, Kevin",non-elite,1279,2551,3824,5127,6498,7972,9503,11071,1272,1273,1303,1371,1474,1531,1568
30579,"Guidera, Jen A",non-elite,1360,2736,4128,5522,6895,8302,9735,11129,1376,1392,1394,1373,1407,1433,1394
30580,"Ashworth, Simeon",non-elite,1342,2688,4030,5384,6796,8212,9694,11129,1346,1342,1354,1412,1416,1482,1435
30581,"Whitlock, Richard",non-elite,1294,2593,3892,5210,6559,8028,9600,11083,1299,1299,1318,1349,1469,1572,1483
30582,"Orr, Stephen J.",non-elite,1220,2449,3732,5065,6426,7888,9422,11010,1229,1283,1333,1361,1462,1534,1588
30583,"Arensen, Michael",non-elite,1310,2633,3951,5304,6673,8130,9628,11095,1323,1318,1353,1369,1457,1498,1467
30584,"Pretto, Stefano",non-elite,1264,2526,3809,5145,6515,7998,9543,11092,1262,1283,1336,1370,1483,1545,1549
30585,"Ostolaza, Pablo",non-elite,1253,2511,3773,5057,6355,7775,9294,10906,1258,1262,1284,1298,1420,1519,1612
30586,"Kolok, Joseph",non-elite,1304,2634,3987,5363,6747,8184,9652,11102,1330,1353,1376,1384,1437,1468,1450
30587,"Krause, Ken",non-elite,1269,2572,3856,5174,6494,7894,9388,11031,1303,1284,1318,1320,1400,1494,1643
30588,"Mattocks, Joel E.",non-elite,1251,2496,3736,5003,6390,7969,9567,11081,1245,1240,1267,1387,1579,1598,1514
30589,"O'Mara, Erin M",non-elite,1365,2724,4089,5473,6845,8257,9735,11147,1359,1365,1384,1372,1412,1478,1412
30590,"Tegano, John",non-elite,1346,2681,4015,5377,6738,8154,9603,11074,1335,1334,1362,1361,1416,1449,1471
30591,"Song, Xuhui",non-elite,1277,2688,4117,5521,6877,8306,9736,11150,1411,1429,1404,1356,1429,1430,1414
30592,"Williamson, Taylor",non-elite,1238,2471,3702,4934,6187,7517,8970,10830,1233,1231,1232,1253,1330,1453,1860
30593,"Kenda, Kayla",non-elite,1367,2729,4080,5496,6895,8320,9745,11142,1362,1351,1416,1399,1425,1425,1397
30594,"Heindel, Jed",non-elite,1251,2521,3786,5191,6674,8145,9685,11143,1270,1265,1405,1483,1471,1540,1458
30595,"Morales, Leandro",non-elite,1315,2659,3993,5352,6724,8134,9597,11091,1344,1334,1359,1372,1410,1463,1494
30596,"Bailey, Peter B",non-elite,1323,2668,4013,5426,6824,8292,9804,11136,1345,1345,1413,1398,1468,1512,1332
30597,"Madeo, Bill",non-elite,1314,2636,3965,5337,6732,8158,9637,11108,1322,1329,1372,1395,1426,1479,1471
30598,"Navarro Galicia, Carlos Alfredo Sr.",non-elite,1287,2571,3868,5184,6518,7931,9416,11078,1284,1297,1316,1334,1413,1485,1662
30599,"Chevarie, Guy",non-elite,1331,2659,3968,5277,6634,8064,9544,11060,1328,1309,1309,1357,1430,1480,1516
30600,"Saxton, Ron",non-elite,1268,2560,3884,5255,6652,8082,9577,11077,1292,1324,1371,1397,1430,1495,1500
30601,"Trotter, Jill M",non-elite,1375,2749,4127,5515,6890,8277,9704,11115,1374,1378,1388,1375,1387,1427,1411
30603,"Sadtler, Patrick T",non-elite,1216,2446,3699,5002,6348,7774,9386,11040,1230,1253,1303,1346,1426,1612,1654
30604,"Terry, Jason B",non-elite,1329,2651,3993,5348,6706,8112,9590,11080,1322,1342,1355,1358,1406,1478,1490
30605,"Warnke, Sara E",non-elite,1346,2685,4023,5366,6711,8109,9628,11126,1339,1338,1343,1345,1398,1519,1498
30606,"Hodge, Stephanie J.",non-elite,1330,2706,4094,5486,6852,8274,9717,11112,1376,1388,1392,1366,1422,1443,1395
30607,"Lewis, Laura E",non-elite,1414,2826,4210,5591,6960,8378,9801,11156,1412,1384,1381,1369,1418,1423,1355
30608,"Blocker, Tracy",non-elite,1315,2631,3941,5269,6603,8003,9505,11081,1316,1310,1328,1334,1400,1502,1576
30609,"Esche, Molly",non-elite,1260,2525,3845,5252,6686,8159,9630,11124,1265,1320,1407,1434,1473,1471,1494
30610,"Close, Lindsay M",non-elite,1352,2687,4013,5371,6747,8169,9632,11101,1335,1326,1358,1376,1422,1463,1469
30611,"Dunn, George M",non-elite,1391,2758,4129,5502,6866,8253,9691,11136,1367,1371,1373,1364,1387,1438,1445
30612,"Noonan, Timothy F",non-elite,1342,2680,4026,5406,6779,8169,9608,11065,1338,1346,1380,1373,1390,1439,1457
30613,"Hutterer, Benjamin",non-elite,1300,2594,3903,5177,6635,8019,9576,11076,1294,1309,1274,1458,1384,1557,1500
30614,"Aldana, Mylene C.",non-elite,1364,2712,4043,5399,6762,8177,9659,11106,1348,1331,1356,1363,1415,1482,1447
30615,"Yu, Ming Gui",non-elite,1262,2592,3954,5395,6818,8284,9714,11129,1330,1362,1441,1423,1466,1430,1415
30616,"Smith, David",non-elite,1220,2459,3709,4970,6272,7734,9285,10996,1239,1250,1261,1302,1462,1551,1711
30617,"Damveld, Mark",non-elite,1298,2597,3927,5269,6647,8110,9617,11113,1299,1330,1342,1378,1463,1507,1496
30618,"Wege, Mike",non-elite,1348,2702,4055,5415,6763,8127,9548,11030,1354,1353,1360,1348,1364,1421,1482
30619,"Kaufman, Ryan",non-elite,1280,2550,3838,5170,6535,8008,9657,11098,1270,1288,1332,1365,1473,1649,1441
30620,"Krum, Scott",non-elite,1295,2603,3938,5294,6661,8100,9609,11082,1308,1335,1356,1367,1439,1509,1473
30621,"Wilson, Mitch",non-elite,1208,2407,3614,4872,6242,7755,9367,11038,1199,1207,1258,1370,1513,1612,1671
30622,"Rossi, Timothy M.",non-elite,1280,2550,3838,5170,6535,8007,9509,11068,1270,1288,1332,1365,1472,1502,1559
30623,"Post, Neal",non-elite,1305,2621,3949,5311,6710,8143,9629,11102,1316,1328,1362,1399,1433,1486,1473
30624,"Gerbier, Marion",non-elite,1287,2579,3920,5346,6749,8201,9696,11098,1292,1341,1426,1403,1452,1495,1402
30625,"Ho, Margaret P",non-elite,1205,2427,3670,4935,6245,7605,9423,11125,1222,1243,1265,1310,1360,1818,1702
30626,"Kruse, Brett",non-elite,1267,2532,3814,5130,6479,7959,9493,11086,1265,1282,1316,1349,1480,1534,1593
30627,"Breda, Luca",non-elite,1282,2577,3879,5215,6578,8016,9557,11075,1295,1302,1336,1363,1438,1541,1518
30628,"Vath, Steven",non-elite,1205,2488,3811,5163,6524,7971,9481,11050,1283,1323,1352,1361,1447,1510,1569
30629,"Oxenham, Jody",non-elite,1355,2720,4122,5610,6996,8416,9820,11158,1365,1402,1488,1386,1420,1404,1338
30630,"Morinaga, Koji",non-elite,1306,2637,4011,5412,6895,8405,9830,11196,1331,1374,1401,1483,1510,1425,1366
30631,"Armstrong, Jeff",non-elite,1334,2652,3974,5316,6657,8057,9525,11049,1318,1322,1342,1341,1400,1468,1524
30632,"Juenger, Todd",non-elite,1321,2672,4048,5454,6861,8287,9743,11153,1351,1376,1406,1407,1426,1456,1410
30633,"Tremblay, Yanick",non-elite,1313,2629,3958,5330,6724,8157,9613,11100,1316,1329,1372,1394,1433,1456,1487
30634,"Bowen, Scott",non-elite,1250,2510,3810,5232,6666,8160,9718,11144,1260,1300,1422,1434,1494,1558,1426
30635,"Carrizosa, Esteban",non-elite,1235,2477,3758,5040,6454,7976,9535,11131,1242,1281,1282,1414,1522,1559,1596
30636,"Turzynski, Marek M",non-elite,1289,2601,3950,5338,6726,8179,9655,11112,1312,1349,1388,1388,1453,1476,1457
30637,"Rangel, Jessica L.",non-elite,1351,2702,4069,5454,6839,8255,9716,11151,1351,1367,1385,1385,1416,1461,1435
30638,"Dock, Timothy",non-elite,1281,2562,3843,5167,6530,7965,9440,11021,1281,1281,1324,1363,1435,1475,1581
30639,"Elsinger, Robert",non-elite,1273,2498,3749,5059,6366,7799,9397,11109,1225,1251,1310,1307,1433,1598,1712
30640,"Salerno, Matthew G",non-elite,1290,2568,3846,5140,6456,7818,9349,11079,1278,1278,1294,1316,1362,1531,1730
30641,"Adrian, Taylor",non-elite,1237,2497,3839,5233,6675,8162,9687,11150,1260,1342,1394,1442,1487,1525,1463
30642,"Shahid, Kameron R",non-elite,1250,2542,3875,5265,6669,8119,9586,11111,1292,1333,1390,1404,1450,1467,1525
30643,"Scott, Antony G",non-elite,1394,2748,4104,5460,6823,8246,9681,11115,1354,1356,1356,1363,1423,1435,1434
30644,"Fowlds, Michael",non-elite,1377,2769,4171,5565,6947,8357,9781,11157,1392,1402,1394,1382,1410,1424,1376
30645,"Olin, Ericka S",non-elite,1317,2608,3978,5362,6724,8160,9637,11108,1291,1370,1384,1362,1436,1477,1471
30646,"Chong, Michael",non-elite,1340,2686,4038,5438,6862,8297,9743,11156,1346,1352,1400,1424,1435,1446,1413
30647,"Marin, Kassandra L.",non-elite,1304,2616,3971,5400,6816,8273,9729,11182,1312,1355,1429,1416,1457,1456,1453
30648,"Jones, Jessica L",non-elite,1407,2818,4222,5651,7043,8448,9853,11195,1411,1404,1429,1392,1405,1405,1342
30649,"Basu, Subhashis",non-elite,1327,2631,3938,5245,6578,8002,9518,11066,1304,1307,1307,1333,1424,1516,1548
30650,"Thomas, Marshall E.",non-elite,1281,2555,3810,5116,6454,7877,9350,11020,1274,1255,1306,1338,1423,1473,1670
30651,"Durant-Young, Zaire",non-elite,1252,2497,3773,5095,6462,7912,9389,11008,1245,1276,1322,1367,1450,1477,1619
30652,"Macdonald, Rick",non-elite,1210,2467,3820,5281,6765,8270,9727,11158,1257,1353,1461,1484,1505,1457,1431
30653,"Horlick, Michael L.",non-elite,1208,2455,3737,5050,6379,7900,9432,11029,1247,1282,1313,1329,1521,1532,1597
30654,"Buckley, Ll",non-elite,1351,2693,4033,5416,6789,8207,9645,11099,1342,1340,1383,1373,1418,1438,1454
30655,"Ness, Larry M",non-elite,1295,2599,3921,5291,6673,8125,9614,11105,1304,1322,1370,1382,1452,1489,1491
30656,"Schultz, Nathan D",non-elite,1222,2437,3665,5012,6513,7964,9505,11103,1215,1228,1347,1501,1451,1541,1598
30657,"Batson, Amy C.",non-elite,1336,2699,4076,5461,6828,8244,9712,11140,1363,1377,1385,1367,1416,1468,1428
30658,"Kosteva, John",non-elite,1337,2689,4047,5426,6824,8235,9680,11140,1352,1358,1379,1398,1411,1445,1460
30659,"Nash, Carl D.",non-elite,1406,2777,4152,5539,6913,8317,9729,11142,1371,1375,1387,1374,1404,1412,1413
30660,"Iwasaki, Brayden",non-elite,1312,2602,3877,5163,6446,7766,9160,10826,1290,1275,1286,1283,1320,1394,1666
30661,"Nelson, Cameron R",non-elite,1312,2602,3877,5163,6451,7901,9427,10976,1290,1275,1286,1288,1450,1526,1549
30662,"Heller, Ted",non-elite,1325,2650,3977,5315,6660,8062,9555,11068,1325,1327,1338,1345,1402,1493,1513
30663,"Willimon, Charles",non-elite,1299,2580,3856,5173,6468,7922,9514,11036,1281,1276,1317,1295,1454,1592,1522
30664,"Mace, Matthew A",non-elite,1320,2647,4017,5422,6809,8235,9687,11133,1327,1370,1405,1387,1426,1452,1446
30665,"Greenan, Colin",non-elite,1311,2603,3896,5224,6561,7984,9528,11131,1292,1293,1328,1337,1423,1544,1603
30666,"Clarke-Hollingbery, Kirsten",non-elite,1331,2681,4054,5486,6902,8346,9768,11159,1350,1373,1432,1416,1444,1422,1391
30667,"Filiberto, Amanda",non-elite,1330,2659,3982,5325,6678,8113,9647,11120,1329,1323,1343,1353,1435,1534,1473
30668,"Calinda, David",non-elite,1294,2578,3881,5229,6598,8041,9579,11082,1284,1303,1348,1369,1443,1538,1503
30669,"Blaszynski, Robert S",non-elite,1240,2506,3794,5135,6514,7995,9556,11097,1266,1288,1341,1379,1481,1561,1541
30670,"Campbell, Catherine B",non-elite,1286,2542,3813,5111,6457,7924,9529,11125,1256,1271,1298,1346,1467,1605,1596
30671,"Miller, Benjamin",non-elite,1325,2662,3996,5345,6696,8129,9594,11101,1337,1334,1349,1351,1433,1465,1507
30672,"Cheng, Megan J",non-elite,1390,2791,4190,5597,6984,8391,9805,11176,1401,1399,1407,1387,1407,1414,1371
30673,"Elko, Erika",non-elite,1388,2766,4136,5527,6911,8329,9743,11157,1378,1370,1391,1384,1418,1414,1414
30674,"Gonzalez, David",non-elite,1264,2480,3717,4997,6300,7699,9243,10994,1216,1237,1280,1303,1399,1544,1751
30675,"Jaitly, Akshay",non-elite,1311,2623,3931,5257,6600,8006,9568,11096,1312,1308,1326,1343,1406,1562,1528
30676,"McCray, Dan",non-elite,1361,2707,4074,5449,6837,8240,9661,11114,1346,1367,1375,1388,1403,1421,1453
30677,"Lavalle, David",non-elite,1313,2642,3980,5339,6698,8130,9624,11095,1329,1338,1359,1359,1432,1494,1471
30678,"Egan, Alexander",non-elite,1211,2431,3698,5033,6445,7942,9496,11062,1220,1267,1335,1412,1497,1554,1566
30679,"Roberts, Abbey",non-elite,1317,2653,4007,5388,6781,8224,9709,11149,1336,1354,1381,1393,1443,1485,1440
30680,"Wagner, Jeremiah J.",non-elite,1330,2642,3935,5261,6624,8102,9633,11131,1312,1293,1326,1363,1478,1531,1498
30681,"Kadala, Kristyn",non-elite,1347,2705,4082,5492,6888,8323,9779,11179,1358,1377,1410,1396,1435,1456,1400
30682,"Colin, Alberto",non-elite,1386,2769,4153,5562,6972,8405,9834,11181,1383,1384,1409,1410,1433,1429,1347
30683,"Berry, Will",non-elite,1231,2473,3724,4980,6254,7596,9147,11022,1242,1251,1256,1274,1342,1551,1875
30684,"Candeago, Anthony",non-elite,1293,2602,3930,5304,6719,8211,9723,11163,1309,1328,1374,1415,1492,1512,1440
30685,"Wild, Adriana S",non-elite,1315,2625,3981,5376,6778,8232,9714,11156,1310,1356,1395,1402,1454,1482,1442
30686,"Raines Moshe, Ran",non-elite,1258,2534,3847,5208,6586,8019,9525,11071,1276,1313,1361,1378,1433,1506,1546
30687,"Kelly, John A",non-elite,1256,2526,3821,5205,6631,8055,9579,11105,1270,1295,1384,1426,1424,1524,1526
30688,"Coleman, Craig",non-elite,1314,2657,4017,5400,6780,8206,9653,11118,1343,1360,1383,1380,1426,1447,1465
30689,"Murphy, Andrew",non-elite,1288,2585,3870,5196,6493,7855,9284,10872,1297,1285,1326,1297,1362,1429,1588
30690,"Pontes, Thiago M Sr.",non-elite,1246,2481,3728,4994,6261,7611,9096,10925,1235,1247,1266,1267,1350,1485,1829
30691,"Deioma, David",non-elite,1259,2577,3942,5352,6763,8207,9705,11153,1318,1365,1410,1411,1444,1498,1448
30692,"Andrew, Katie W",non-elite,1357,2718,4084,5466,6854,8273,9729,11144,1361,1366,1382,1388,1419,1456,1415
30693,"Gill, Marc",non-elite,1271,2529,3787,5141,6469,7894,9504,11104,1258,1258,1354,1328,1425,1610,1600
30694,"Repetti, Sandro",non-elite,1279,2570,3867,5199,6654,8236,9687,11118,1291,1297,1332,1455,1582,1451,1431
30695,"Kidane, Argaw",non-elite,1289,2576,3870,5198,6546,7980,9471,11051,1287,1294,1328,1348,1434,1491,1580
30696,"Cogan, Patrick",non-elite,1266,2475,3719,5014,6340,7796,9380,11024,1209,1244,1295,1326,1456,1584,1644
30697,"Kiernan, Kaitlyn S",non-elite,1288,2568,3836,5133,6455,7884,9419,11024,1280,1268,1297,1322,1429,1535,1605
30698,"Wilbur, Christopher",non-elite,1247,2480,3719,5016,6361,7888,9530,11088,1233,1239,1297,1345,1527,1642,1558
30699,"Taylor, Dan",non-elite,1226,2438,3660,4900,6164,7620,9226,11058,1212,1222,1240,1264,1456,1606,1832
30700,"Wu, Di",non-elite,1270,2555,3847,5145,6530,8061,9602,11151,1285,1292,1298,1385,1531,1541,1549
30701,"Kaulback, Darren J",non-elite,1362,2690,4014,5351,6691,8253,9730,11151,1328,1324,1337,1340,1562,1477,1421
30702,"Richards, Kylie-Anne",non-elite,1420,2790,4168,5560,6936,8340,9765,11142,1370,1378,1392,1376,1404,1425,1377
30703,"Schultheis, Christian",non-elite,1359,2741,4126,5507,6895,8331,9788,11178,1382,1385,1381,1388,1436,1457,1390
30704,"Gentry, Nate",non-elite,1310,2596,3864,5149,6504,8017,9596,11132,1286,1268,1285,1355,1513,1579,1536
30705,"Hayes, Frank",non-elite,1387,2775,4139,5507,6866,8272,9745,11153,1388,1364,1368,1359,1406,1473,1408
30706,"Hackenheimer, Charles A. Jr.",non-elite,1228,2454,3666,4893,6151,7596,9263,10981,1226,1212,1227,1258,1445,1667,1718
30707,"Miller, Hayley R.",non-elite,1245,2514,3834,5245,6624,8090,9580,11092,1269,1320,1411,1379,1466,1490,1512
30708,"Anderson, Laura E.",non-elite,1272,2532,3791,5090,6530,8058,9640,11154,1260,1259,1299,1440,1528,1582,1514
30709,"Amend, Thomas F. Jr.",non-elite,1290,2577,3873,5208,6563,7970,9623,11119,1287,1296,1335,1355,1407,1653,1496
30710,"Poole, Richard J.",non-elite,1285,2546,3804,5117,6475,7939,9535,11092,1261,1258,1313,1358,1464,1596,1557
30711,"Kofford, Tom",non-elite,1368,2786,4227,5648,7043,8469,9870,11193,1418,1441,1421,1395,1426,1401,1323
30712,"Shurtleff, Genevieve",non-elite,1303,2615,3949,5328,6705,8144,9630,11120,1312,1334,1379,1377,1439,1486,1490
30713,"Graham, David",non-elite,1238,2465,3747,5121,6608,8121,9650,11143,1227,1282,1374,1487,1513,1529,1493
30714,"Vanier, Daniel",non-elite,1271,2590,3918,5256,6593,7980,9437,10999,1319,1328,1338,1337,1387,1457,1562
30715,"Baeskens, Joe",non-elite,1327,2660,4006,5355,6707,8117,9622,11138,1333,1346,1349,1352,1410,1505,1516
30716,"Gomez Ortega, Monica",non-elite,1341,2668,4018,5386,6753,8199,9678,11126,1327,1350,1368,1367,1446,1479,1448
30717,"Abel, Martin",non-elite,1235,2492,3750,5033,6355,7758,9293,10929,1257,1258,1283,1322,1403,1535,1636
30718,"Poon, Kam Po",non-elite,1234,2475,3737,5034,6370,7811,9319,11037,1241,1262,1297,1336,1441,1508,1718
30719,"Cardosi, Calesse",non-elite,1343,2689,4038,5389,6752,8163,9637,11119,1346,1349,1351,1363,1411,1474,1482
30720,"Ahouansou, Reginald",non-elite,1267,2545,3907,5374,6821,8237,9720,11168,1278,1362,1467,1447,1416,1483,1448
30721,"Hunt, Nathan A.",non-elite,1270,2527,3800,5129,6479,7962,9506,11027,1257,1273,1329,1350,1483,1544,1521
30722,"Jacobson, Doug",non-elite,1295,2596,3907,5239,6568,8042,9545,11100,1301,1311,1332,1329,1474,1503,1555
30723,"Bowers, Kyle",non-elite,1297,2616,3953,5335,6719,8190,9697,11147,1319,1337,1382,1384,1471,1507,1450
30724,"Tieri, Angela",non-elite,1275,2529,3791,5077,6421,7860,9561,11109,1254,1262,1286,1344,1439,1701,1548
30725,"Richey, Barclay",non-elite,1170,2364,3603,4972,6463,8053,9629,11156,1194,1239,1369,1491,1590,1576,1527
30726,"Vandeventer, Alix",non-elite,1336,2657,3995,5369,6758,8192,9685,11147,1321,1338,1374,1389,1434,1493,1462
30727,"Clifford, Shambra",non-elite,1255,2519,3845,5233,6670,8194,9717,11155,1264,1326,1388,1437,1524,1523,1438
30728,"Conn, Michael",non-elite,1286,2562,3854,5211,6575,8003,9511,11057,1276,1292,1357,1364,1428,1508,1546
30729,"Abanses, Jolene C",non-elite,1381,2740,4107,5508,6898,8323,9781,11174,1359,1367,1401,1390,1425,1458,1393
30730,"Som, Kethanda",non-elite,1302,2602,3925,5283,6646,8087,9609,11132,1300,1323,1358,1363,1441,1522,1523
30731,"Wroblewski, Amy M",non-elite,1411,2782,4145,5509,6867,8264,9693,11112,1371,1363,1364,1358,1397,1429,1419
30732,"Kelly, Kristin",non-elite,1356,2698,4058,5422,6786,8214,9670,11138,1342,1360,1364,1364,1428,1456,1468
30733,"Hart, Caleb A.",non-elite,1205,2420,3683,4992,6329,7797,9375,11075,1215,1263,1309,1337,1468,1578,1700
30734,"Garneau, Simon",non-elite,1369,2750,4118,5496,6856,8261,9690,11139,1381,1368,1378,1360,1405,1429,1449
30735,"Rabe, Peter",non-elite,1282,2593,3912,5271,6649,8100,9612,11114,1311,1319,1359,1378,1451,1512,1502
30736,"Cooke, Ray D",non-elite,1365,2712,4078,5455,6840,8252,9713,11154,1347,1366,1377,1385,1412,1461,1441
30737,"Rubio Salgado, Hernan Andres Sr.",non-elite,1275,2526,3794,5113,6425,7750,9109,11084,1251,1268,1319,1312,1325,1359,1975
30738,"Madsen, Sarah",non-elite,1395,2750,4144,5530,6915,8335,9746,11164,1355,1394,1386,1385,1420,1411,1418
30739,"Mcloughlin, Caitlin J.",non-elite,1334,2651,4002,5406,6809,8258,9723,11152,1317,1351,1404,1403,1449,1465,1429
30740,"Hernandez, Jacob S.",non-elite,1228,2493,3762,5062,6452,7919,9445,11079,1265,1269,1300,1390,1467,1526,1634
30741,"Flynn, Meghan E",non-elite,1323,2646,3992,5378,6778,8212,9681,11143,1323,1346,1386,1400,1434,1469,1462
30742,"Spowart, Jonathan E",non-elite,1288,2598,3920,5267,6656,8127,9642,11141,1310,1322,1347,1389,1471,1515,1499
30743,"Milton, Kimberly",non-elite,1374,2730,4095,5475,6860,8279,9735,11179,1356,1365,1380,1385,1419,1456,1444
30744,"Gras, Rodrigo",non-elite,1244,2504,3774,5056,6366,7776,9340,11028,1260,1270,1282,1310,1410,1564,1688
30745,"Milton, Michelle",non-elite,1374,2730,4095,5475,6860,8279,9735,11180,1356,1365,1380,1385,1419,1456,1445
30746,"Mansur, Jason",non-elite,1247,2508,3775,5039,6267,7677,9319,11156,1261,1267,1264,1228,1410,1642,1837
30747,"Wilantowicz, Brian",non-elite,1341,2689,4044,5425,6803,8243,9679,11138,1348,1355,1381,1378,1440,1436,1459
30748,"Weinberg, Jill",non-elite,1219,2452,3789,5183,6583,8032,9566,11120,1233,1337,1394,1400,1449,1534,1554
30749,"Mentasti, Andrea",non-elite,1225,2515,3825,5148,6495,7963,9566,11109,1290,1310,1323,1347,1468,1603,1543
30750,"Fisher, Ben H",non-elite,1298,2587,3875,5201,6584,8044,9569,11093,1289,1288,1326,1383,1460,1525,1524
30751,"Nagle, Cassidy",non-elite,1329,2646,3998,5386,6784,8219,9681,11132,1317,1352,1388,1398,1435,1462,1451
30752,"Lariviere, Ben G",non-elite,1223,2505,3856,5229,6642,8128,9647,11131,1282,1351,1373,1413,1486,1519,1484
30753,"McDevitt, Katie",non-elite,1333,2649,3972,5312,6679,8104,9605,11120,1316,1323,1340,1367,1425,1501,1515
30754,"De La Barreda, Rafael",non-elite,1258,2546,3859,5208,6578,8018,9518,11099,1288,1313,1349,1370,1440,1500,1581
30755,"Bleau, Kevin M",non-elite,1324,2636,3968,5321,6679,8090,9566,11069,1312,1332,1353,1358,1411,1476,1503
30756,"Eck, Sarah M",non-elite,1406,2805,4195,5583,6964,8393,9805,11178,1399,1390,1388,1381,1429,1412,1373
30757,"Crill, Brendan",non-elite,1257,2483,3750,5045,6405,7861,9375,11119,1226,1267,1295,1360,1456,1514,1744
30758,"Lunne, Emma",non-elite,1465,2912,4330,5726,7085,8468,9871,11211,1447,1418,1396,1359,1383,1403,1340
30759,"Gundberg, Cory",non-elite,1319,2665,4016,5376,6732,8143,9639,11120,1346,1351,1360,1356,1411,1496,1481
30760,"Thomas, John",non-elite,1263,2546,3866,5213,6605,8053,9556,11097,1283,1320,1347,1392,1448,1503,1541
30761,"Merlis, Josh",non-elite,1202,2370,3529,4711,5929,7414,9409,11175,1168,1159,1182,1218,1485,1995,1766
30762,"Vega, Alvaro",non-elite,1309,2627,3958,5386,6835,8272,9713,11167,1318,1331,1428,1449,1437,1441,1454
30763,"Gates, Mike",non-elite,1570,2986,4341,5688,7016,8405,9851,11225,1416,1355,1347,1328,1389,1446,1374
30764,"Weiss, Brian J",non-elite,1394,2787,4162,5562,6961,8371,9800,11183,1393,1375,1400,1399,1410,1429,1383
30765,"Woodley, Kevin W",non-elite,1442,2926,4363,5801,7166,8567,9955,11252,1484,1437,1438,1365,1401,1388,1297
30766,"Picard, Melissa",non-elite,1287,2602,3947,5324,6714,8152,9640,11126,1315,1345,1377,1390,1438,1488,1486
30767,"Shaver, Jason",non-elite,1355,2752,4133,5485,6845,8250,9688,11131,1397,1381,1352,1360,1405,1438,1443
30768,"Reed, Debbie",non-elite,1338,2694,4066,5466,6855,8299,9777,11179,1356,1372,1400,1389,1444,1478,1402
30769,"David, Samuel L",non-elite,1307,2614,3907,5240,6594,8020,9551,11097,1307,1293,1333,1354,1426,1531,1546
30770,"Scheer, Amanda",non-elite,1372,2723,4067,5430,6800,8209,9707,11161,1351,1344,1363,1370,1409,1498,1454
30771,"Graf, Ryan M.",non-elite,1225,2427,3645,4932,6249,7661,9308,11032,1202,1218,1287,1317,1412,1647,1724
30772,"Smit, Bruwer J.",non-elite,1297,2618,3931,5254,6584,7960,9457,11103,1321,1313,1323,1330,1376,1497,1646
30773,"Harvey, Jim",non-elite,1313,2614,3921,5246,6571,7973,9458,11030,1301,1307,1325,1325,1402,1485,1572
30774,"Finke, Jeremy T.",non-elite,1351,2691,4023,5365,6723,8141,9622,11132,1340,1332,1342,1358,1418,1481,1510
30775,"Velde, Ty",non-elite,1284,2586,3907,5269,6648,8120,9658,11174,1302,1321,1362,1379,1472,1538,1516
30776,"Pedersen, Nils E.",non-elite,1326,2663,3991,5357,6739,8203,9690,11175,1337,1328,1366,1382,1464,1487,1485
30777,"Hine, Melissa C.",non-elite,1373,2728,4082,5462,6842,8273,9727,11166,1355,1354,1380,1380,1431,1454,1439
30778,"Hammers, Bill",non-elite,1345,2700,4057,5419,6774,8177,9631,11137,1355,1357,1362,1355,1403,1454,1506
30779,"Kieser, Jeremy S.",non-elite,1313,2582,3863,5176,6509,7967,9525,11119,1269,1281,1313,1333,1458,1558,1594
30780,"Silva Toro, Oscar A. Sr.",non-elite,1239,2448,3698,4985,6298,7757,9395,11049,1209,1250,1287,1313,1459,1638,1654
30781,"Costa, Brian",non-elite,1307,2615,3939,5302,6668,8086,9563,11092,1308,1324,1363,1366,1418,1477,1529
30782,"Reep, Matthew L",non-elite,1326,2635,3957,5292,6654,8112,9557,11080,1309,1322,1335,1362,1458,1445,1523
30783,"Yost, Mark J.",non-elite,1299,2568,3841,5176,6537,7992,9520,11096,1269,1273,1335,1361,1455,1528,1576
30784,"Conti, Christine M.",non-elite,1370,2748,4126,5515,6933,8333,9778,11198,1378,1378,1389,1418,1400,1445,1420
30785,"Sanford, Dana J",non-elite,1275,2525,3759,5011,6294,7803,9447,11111,1250,1234,1252,1283,1509,1644,1664
30786,"Donadio, Isabella",non-elite,1412,2790,4159,5538,6921,8328,9778,11196,1378,1369,1379,1383,1407,1450,1418
30787,"Dessureault, Jean",non-elite,1380,2754,4122,5490,6859,8287,9741,11155,1374,1368,1368,1369,1428,1454,1414
30788,"Coon, Joshua A",non-elite,1265,2542,3833,5171,6531,7997,9553,11076,1277,1291,1338,1360,1466,1556,1523
30789,"Jones, Michael",non-elite,1257,2516,3778,5100,6493,8057,9666,11170,1259,1262,1322,1393,1564,1609,1504
30790,"Cowley, Greg",non-elite,1292,2583,3895,5242,6592,8022,9609,11118,1291,1312,1347,1350,1430,1587,1509
30791,"Banas, Vladimir",non-elite,1351,2697,4051,5437,6841,8318,9822,11211,1346,1354,1386,1404,1477,1504,1389
30792,"Faught, David",non-elite,1304,2617,3967,5352,6764,8255,9771,11200,1313,1350,1385,1412,1491,1516,1429
30793,"Salas, Jose",non-elite,1325,2638,3947,5331,6669,8104,9619,11121,1313,1309,1384,1338,1435,1515,1502
30794,"Iandolo, Meaghan J.",non-elite,1255,2511,3781,5106,6473,7989,9576,11120,1256,1270,1325,1367,1516,1587,1544
30795,"Carter, Jeff",non-elite,1318,2657,4003,5359,6714,8118,9618,11070,1339,1346,1356,1355,1404,1500,1452
30796,"Gaia, Guilherme",non-elite,1260,2521,3823,5284,6749,8291,9816,11213,1261,1302,1461,1465,1542,1525,1397
30797,"Blom, Sam",non-elite,1251,2501,3756,5044,6361,7830,9440,11073,1250,1255,1288,1317,1469,1610,1633
30798,"Antonir, Sharon",non-elite,1244,2539,3897,5294,6725,8163,9661,11132,1295,1358,1397,1431,1438,1498,1471
30799,"Wo, Stephen",non-elite,1242,2475,3716,4989,6292,7643,9143,10934,1233,1241,1273,1303,1351,1500,1791
30800,"Finfrock, Casey",non-elite,1294,2586,3920,5247,6650,8112,9605,11133,1292,1334,1327,1403,1462,1493,1528
30801,"Yao, Cheng",non-elite,1372,2725,4063,5432,6780,8171,9624,11126,1353,1338,1369,1348,1391,1453,1502
30802,"Neiderer, Theresa",non-elite,1361,2720,4087,5464,6847,8275,9739,11175,1359,1367,1377,1383,1428,1464,1436
30803,"Fahey, Patrick",non-elite,1401,2794,4186,5586,6991,8404,9813,11214,1393,1392,1400,1405,1413,1409,1401
30804,"Mitchell, Raymond L.",non-elite,1227,2538,3879,5365,6748,8214,9708,11180,1311,1341,1486,1383,1466,1494,1472
30805,"Madden, Michael",non-elite,1245,2487,3731,5000,6335,7850,9564,11141,1242,1244,1269,1335,1515,1714,1577
30806,"Mcmurray, David L. Jr.",non-elite,1261,2512,3780,5078,6368,7740,9264,10944,1251,1268,1298,1290,1372,1524,1680
30807,"Frega, Javier A.",non-elite,1291,2594,3918,5278,6667,8126,9635,11150,1303,1324,1360,1389,1459,1509,1515
30808,"Crosby, Alicia",non-elite,1375,2757,4131,5509,6862,8244,9642,11093,1382,1374,1378,1353,1382,1398,1451
30809,"Martin, David J.",non-elite,1304,2576,3845,5143,6494,7926,9461,11049,1272,1269,1298,1351,1432,1535,1588
30810,"Relihan, Katherine",non-elite,1462,2890,4274,5654,7019,8418,9821,11202,1428,1384,1380,1365,1399,1403,1381
30811,"Meeuwenberg, Jack H",non-elite,1297,2603,3910,5222,6529,7928,9455,11065,1306,1307,1312,1307,1399,1527,1610
30812,"Marty, Michael",non-elite,1239,2459,3673,4922,6295,7889,9495,11113,1220,1214,1249,1373,1594,1606,1618
30813,"Vincent, Anthony",non-elite,1231,2483,3752,5053,6394,7806,9322,11027,1252,1269,1301,1341,1412,1516,1705
30814,"Fleg, Anthony",non-elite,1165,2340,3528,4815,6242,7767,9324,11080,1175,1188,1287,1427,1525,1557,1756
30815,"Knight Pech, Heather",non-elite,1376,2724,4076,5450,6836,8255,9710,11165,1348,1352,1374,1386,1419,1455,1455
30816,"Bosecker, Scott D",non-elite,1296,2593,3904,5242,6605,8035,9554,11128,1297,1311,1338,1363,1430,1519,1574
30817,"Saunders, Richard A.",non-elite,1304,2583,3868,5196,6539,7949,9539,11058,1279,1285,1328,1343,1410,1590,1519
30818,"Botten, Jason W",non-elite,1360,2768,4161,5572,6959,8386,9815,11213,1408,1393,1411,1387,1427,1429,1398
30819,"Roecker, Samantha",non-elite,1215,2414,3649,4969,6343,7850,9526,11116,1199,1235,1320,1374,1507,1676,1590
30820,"Hansen, Michael",non-elite,1339,2645,3945,5286,6646,8089,9588,11099,1306,1300,1341,1360,1443,1499,1511
30821,"Mastrantonio, Shawn J",non-elite,1374,2750,4136,5529,6902,8322,9797,11210,1376,1386,1393,1373,1420,1475,1413
30822,"Duggan, Margaret",non-elite,1303,2665,4002,5366,6744,8190,9693,11127,1362,1337,1364,1378,1446,1503,1434
30823,"Bertrand, Matthew D",non-elite,1288,2582,3891,5242,6633,8118,9652,11173,1294,1309,1351,1391,1485,1534,1521
30824,"Clements, Neil",non-elite,1355,2720,4075,5429,6793,8230,9688,11140,1365,1355,1354,1364,1437,1458,1452
30825,"Cahill, Dave J.",non-elite,1286,2571,3887,5227,6602,8100,9634,11164,1285,1316,1340,1375,1498,1534,1530
30826,"Lesperance, Jean",non-elite,1100,2306,3601,4978,6427,7923,9525,11131,1206,1295,1377,1449,1496,1602,1606
30827,"Fleury, Simon",non-elite,1382,2748,4128,5529,6930,8370,9805,11199,1366,1380,1401,1401,1440,1435,1394
30828,"Zhang, Renhua",non-elite,1303,2630,3979,5369,6753,8235,9731,11173,1327,1349,1390,1384,1482,1496,1442
30829,"Cooper, Keith W.",non-elite,1361,2729,4104,5487,6863,8279,9706,11158,1368,1375,1383,1376,1416,1427,1452
30830,"Parkinson, David T.",non-elite,1384,2799,4232,5685,7071,8477,9869,11217,1415,1433,1453,1386,1406,1392,1348
30831,"Schellhaass, Elaina",non-elite,1431,2851,4284,5660,7037,8453,9892,11230,1420,1433,1376,1377,1416,1439,1338
30832,"Goglia, Robert",non-elite,1262,2535,3824,5152,6521,8003,9522,11099,1273,1289,1328,1369,1482,1519,1577
30833,"Ovah, Steven L",non-elite,1217,2449,3693,4966,6240,7635,9377,11029,1232,1244,1273,1274,1395,1742,1652
30834,"Dooling, Krissy",non-elite,1303,2601,3908,5262,6648,8086,9616,11132,1298,1307,1354,1386,1438,1530,1516
30835,"Campos, Mario Sr.",non-elite,1235,2465,3740,5096,6527,8048,9528,11091,1230,1275,1356,1431,1521,1480,1563
30836,"Hollandsworth, Stephan",non-elite,1276,2541,3799,5069,6361,7792,9483,11060,1265,1258,1270,1292,1431,1691,1577
30837,"Workman, Ray D. Jr.",non-elite,1332,2676,4036,5429,6815,8258,9716,11158,1344,1360,1393,1386,1443,1458,1442
30838,"Racano, Tommy",non-elite,1296,2582,3867,5159,6552,8046,9560,11155,1286,1285,1292,1393,1494,1514,1595
30839,"Antolin, Stephen",non-elite,1289,2564,3843,5125,6410,7807,9613,11147,1275,1279,1282,1285,1397,1806,1534
30840,"D'Amanda, Kevin",non-elite,1305,2669,4062,5502,6934,8375,9742,11167,1364,1393,1440,1432,1441,1367,1425
30841,"Litofsky, Josh H",non-elite,1201,2393,3641,5025,6482,8019,9580,11183,1192,1248,1384,1457,1537,1561,1603
30842,"Curato, Anna",non-elite,1379,2732,4114,5514,6896,8336,9799,11198,1353,1382,1400,1382,1440,1463,1399
30843,"Decarli, Michael L",non-elite,1299,2603,3921,5270,6646,8092,9595,11118,1304,1318,1349,1376,1446,1503,1523
30844,"Trok, Benjamin M",non-elite,1291,2591,3905,5249,6616,8078,9629,11144,1300,1314,1344,1367,1462,1551,1515
30845,"Woodnutt, John R.",non-elite,1302,2667,4064,5499,6922,8391,9822,11190,1365,1397,1435,1423,1469,1431,1368
30846,"Mccoubrie, Doreen",non-elite,1331,2662,4003,5370,6747,8195,9693,11163,1331,1341,1367,1377,1448,1498,1470
30847,"Finegan, Kaitlyn L",non-elite,1292,2627,4000,5435,6856,8314,9783,11205,1335,1373,1435,1421,1458,1469,1422
30848,"Royal, James",non-elite,1315,2636,3963,5312,6661,8080,9606,11126,1321,1327,1349,1349,1419,1526,1520
30849,"Larose, Frederic",non-elite,1383,2774,4141,5522,6902,8323,9759,11175,1391,1367,1381,1380,1421,1436,1416
30850,"Nevalainen, Alec",non-elite,1223,2460,3704,5033,6411,7859,9372,11147,1237,1244,1329,1378,1448,1513,1775
30851,"Bazzi, Gabriele",non-elite,1255,2536,3866,5252,6677,8229,9852,11206,1281,1330,1386,1425,1552,1623,1354
30852,"Klasen, Matt",non-elite,1279,2560,3838,5155,6514,7945,9421,11139,1281,1278,1317,1359,1431,1476,1718
30853,"Provencher, Dany",non-elite,1237,2497,3806,5174,6549,8011,9575,11159,1260,1309,1368,1375,1462,1564,1584
30854,"Names, Curtis",non-elite,1394,2755,4117,5487,6856,8255,9703,11156,1361,1362,1370,1369,1399,1448,1453
30855,"Snyder, Julia",non-elite,1297,2598,3938,5338,6755,8236,9731,11181,1301,1340,1400,1417,1481,1495,1450
30856,"Smith, Rob C.",non-elite,1214,2475,3805,5274,6681,8136,9603,11131,1261,1330,1469,1407,1455,1467,1528
30857,"Sass, Kirsten",non-elite,1454,2847,4242,5658,7061,8494,9921,11252,1393,1395,1416,1403,1433,1427,1331
30858,"Karssemeijer, Roos",non-elite,1280,2603,4025,5479,6920,8404,9854,11219,1323,1422,1454,1441,1484,1450,1365
30859,"Lesnowski, Suzanne",non-elite,1337,2698,4077,5463,6850,8296,9753,11179,1361,1379,1386,1387,1446,1457,1426
30860,"Madison, John F",non-elite,1337,2654,3980,5321,6688,8096,9569,11151,1317,1326,1341,1367,1408,1473,1582
30861,"Hall, Kenneth W.",non-elite,1260,2519,3800,5109,6432,7794,9369,11118,1259,1281,1309,1323,1362,1575,1749
30862,"Roby, Eric P",non-elite,1294,2604,3918,5287,6608,8008,9525,11115,1310,1314,1369,1321,1400,1517,1590
30863,"Weinrobe, Josh L",non-elite,1286,2605,3944,5302,6687,8151,9700,11174,1319,1339,1358,1385,1464,1549,1474
30864,"Ogren, Jayce",non-elite,1274,2544,3825,5139,6495,7913,9501,11121,1270,1281,1314,1356,1418,1588,1620
30865,"Bonilla-Gomez, Minor",non-elite,1289,2610,3943,5343,6782,8226,9697,11161,1321,1333,1400,1439,1444,1471,1464
30866,"Sousa, Jairo J.",non-elite,1318,2669,4020,5393,6752,8185,9665,11137,1351,1351,1373,1359,1433,1480,1472
30867,"Cupp, Halle",non-elite,1292,2569,3868,5284,6758,8238,9736,11179,1277,1299,1416,1474,1480,1498,1443
30868,"Senra, Rodolfo S.",non-elite,1285,2579,3897,5232,6615,8106,9619,11149,1294,1318,1335,1383,1491,1513,1530
30869,"Walmsley, John",non-elite,1273,2525,3794,5077,6373,7773,9353,11031,1252,1269,1283,1296,1400,1580,1678
30870,"Esquerre, Fernando Sr.",non-elite,1241,2482,3748,5035,6330,7690,9120,10757,1241,1266,1287,1295,1360,1430,1637
30871,"Pepp, Frank M IV",non-elite,1217,2484,3767,5101,6461,7921,9461,11082,1267,1283,1334,1360,1460,1540,1621
30872,"Houttekier, Michael J.",non-elite,1288,2593,3889,5234,6606,8040,9561,11142,1305,1296,1345,1372,1434,1521,1581
30873,"Bates, Elizabeth J",non-elite,1410,2831,4252,5674,7100,8528,9940,11274,1421,1421,1422,1426,1428,1412,1334
30874,"Dobesh, Michael",non-elite,1271,2550,3856,5201,6604,8105,9648,11159,1279,1306,1345,1403,1501,1543,1511
30875,"Ostlund, Daniel Sr.",non-elite,1249,2477,3708,4957,6240,7597,9328,11070,1228,1231,1249,1283,1357,1731,1742
30876,"Redmann, Mark",non-elite,1326,2670,4017,5381,6739,8168,9635,11137,1344,1347,1364,1358,1429,1467,1502
30877,"Steinbeck, Allison H.",non-elite,1292,2571,3852,5188,6603,8136,9757,11262,1279,1281,1336,1415,1533,1621,1505
30878,"Smith, Melanie M.",non-elite,1370,2748,4134,5533,6916,8349,9778,11201,1378,1386,1399,1383,1433,1429,1423
30879,"Caldwell, Andre B",non-elite,1272,2525,3777,5046,6322,7640,9254,11057,1253,1252,1269,1276,1318,1614,1803
30880,"Silva, Mariana",non-elite,1334,2646,3967,5322,6688,8111,9625,11138,1312,1321,1355,1366,1423,1514,1513
30881,"Batko, David",non-elite,1304,2585,3895,5218,6558,7982,9567,11134,1281,1310,1323,1340,1424,1585,1567
30882,"Calderon, Elmer",non-elite,1239,2513,3857,5213,6628,8120,9646,11152,1274,1344,1356,1415,1492,1526,1506
30883,"Naegele, Sara T",non-elite,1392,2798,4213,5630,7036,8455,9873,11242,1406,1415,1417,1406,1419,1418,1369
30884,"Parazoo, Nick",non-elite,1299,2603,3901,5275,6672,8180,9716,11187,1304,1298,1374,1397,1508,1536,1471
30885,"Webster, Deanne C",non-elite,1415,2807,4208,5606,6998,8421,9856,11231,1392,1401,1398,1392,1423,1435,1375
30886,"Howie, Alan D",non-elite,1370,2748,4132,5526,6913,8352,9808,11218,1378,1384,1394,1387,1439,1456,1410
30887,"Felton, Philippe",non-elite,961,2288,3660,5067,6496,8024,9605,11158,1327,1372,1407,1429,1528,1581,1553
30888,"Morales, Jonnatan Sr.",non-elite,1189,2381,3571,4800,6064,7447,9011,10973,1192,1190,1229,1264,1383,1564,1962
30889,"Lorberg, Stuart I",non-elite,1365,2700,4032,5380,6729,8131,9627,11165,1335,1332,1348,1349,1402,1496,1538
30890,"Guiney, Erin A.",non-elite,1343,2680,4046,5426,6828,8276,9752,11200,1337,1366,1380,1402,1448,1476,1448
30891,"Webster, Zoe J.",non-elite,1316,2638,4003,5496,6913,8380,9837,11225,1322,1365,1493,1417,1467,1457,1388
30892,"Zelent, Craig D",non-elite,1354,2710,4081,5484,6892,8343,9811,11230,1356,1371,1403,1408,1451,1468,1419
30893,"Fischer, Brad",non-elite,1348,2699,4068,5439,6815,8251,9747,11198,1351,1369,1371,1376,1436,1496,1451
30894,"Banaszak, Heiko",non-elite,1217,2463,3765,5117,6524,7996,9582,11143,1246,1302,1352,1407,1472,1586,1561
30895,"Judge, Aaron",non-elite,1285,2582,3850,5170,6509,7922,9397,10977,1297,1268,1320,1339,1413,1475,1580
30896,"Klein, Iris",non-elite,1311,2611,3936,5308,6695,8254,9768,11192,1300,1325,1372,1387,1559,1514,1424
30897,"Perez Colon, Francisco R.",non-elite,1302,2590,3895,5216,6582,8038,9593,11171,1288,1305,1321,1366,1456,1555,1578
30898,"Miller, Eric A",non-elite,1346,2679,4022,5364,6717,8121,9606,11132,1333,1343,1342,1353,1404,1485,1526
30899,"Tochowicz, Sebastian",non-elite,1320,2638,3977,5365,6758,8201,9715,11189,1318,1339,1388,1393,1443,1514,1474
30900,"Snukis, Samantha",non-elite,1200,2417,3668,4993,6424,7984,9607,11158,1217,1251,1325,1431,1560,1623,1551
30901,"Wilder, Rebecca J.",non-elite,1411,2835,4247,5684,7082,8457,9850,11229,1424,1412,1437,1398,1375,1393,1379
30902,"Schoelles, James D",non-elite,1429,2831,4223,5638,7016,8446,9882,11242,1402,1392,1415,1378,1430,1436,1360
30903,"Mail, Ellen C",non-elite,1333,2644,3985,5368,6772,8222,9708,11183,1311,1341,1383,1404,1450,1486,1475
30904,"Webb, Brandon",non-elite,1325,2636,3955,5276,6598,7940,9411,11109,1311,1319,1321,1322,1342,1471,1698
30905,"Dougherty, James",non-elite,1334,2649,3982,5347,6720,8146,9601,11124,1315,1333,1365,1373,1426,1455,1523
30906,"Page, Jonathan D.",non-elite,1275,2544,3808,5115,6462,7934,9508,11081,1269,1264,1307,1347,1472,1574,1573
30907,"Singerman, Benjamin",non-elite,1245,2489,3733,5056,6420,7911,9503,11124,1244,1244,1323,1364,1491,1592,1621
30908,"Looysen, Michael",non-elite,1314,2638,3968,5313,6676,8110,9635,11156,1324,1330,1345,1363,1434,1525,1521
30909,"Smith, Lindsay",non-elite,1254,2483,3694,4938,6251,7707,9338,11053,1229,1211,1244,1313,1456,1631,1715
30910,"Souza, Edward C.",non-elite,1375,2709,4042,5409,6791,8239,9757,11226,1334,1333,1367,1382,1448,1518,1469
30911,"Konig, Jordan A.",non-elite,1339,2682,4031,5409,6798,8231,9706,11183,1343,1349,1378,1389,1433,1475,1477
30912,"Vavrek, Gregory M",non-elite,1254,2518,3813,5178,6575,8041,9625,11187,1264,1295,1365,1397,1466,1584,1562
30913,"Hansen, Ryan P.",non-elite,1246,2521,3782,5052,6353,7726,9192,11029,1275,1261,1270,1301,1373,1466,1837
30914,"Tonelli, Grant G.",non-elite,1307,2621,3962,5312,6664,8089,9606,11156,1314,1341,1350,1352,1425,1517,1550
30915,"Dorsey, Paul M",non-elite,1253,2492,3745,5055,6396,7805,9323,11064,1239,1253,1310,1341,1409,1518,1741
30916,"Nahigian, Laurie",non-elite,1388,2779,4165,5578,6960,8374,9825,11216,1391,1386,1413,1382,1414,1451,1391
30917,"Masterson, Stephen G.",non-elite,1270,2545,3829,5140,6490,7946,9590,11170,1275,1284,1311,1350,1456,1644,1580
30918,"Sacchini, Alberto",non-elite,1385,2770,4158,5541,6894,8307,9737,11184,1385,1388,1383,1353,1413,1430,1447
30919,"Goudie, Philip",non-elite,1266,2523,3783,5114,6490,7930,9465,11146,1257,1260,1331,1376,1440,1535,1681
30920,"Poskin, Brady",non-elite,1161,2346,3568,4884,6278,7785,9429,11133,1185,1222,1316,1394,1507,1644,1704
30921,"Rahn, Elita M",non-elite,1342,2679,4046,5446,6835,8247,9712,11176,1337,1367,1400,1389,1412,1465,1464
30922,"Roeth, Tyler L",non-elite,1092,2230,3398,4677,6040,7582,9418,11187,1138,1168,1279,1363,1542,1836,1769
30923,"Grimes, Stephen J.",non-elite,1362,2717,4072,5433,6805,8228,9703,11197,1355,1355,1361,1372,1423,1475,1494
30924,"Haggerty, Kevin",non-elite,1233,2503,3855,5285,6743,8303,9810,11215,1270,1352,1430,1458,1560,1507,1405
30925,"Ehrenfried, Charlie",non-elite,1329,2652,3969,5296,6642,8058,9587,11148,1323,1317,1327,1346,1416,1529,1561
30926,"Szakal, Steve",non-elite,1294,2588,3853,5142,6483,7951,9534,11122,1294,1265,1289,1341,1468,1583,1588
30927,"Tieu, Johnny",non-elite,1250,2523,3798,5090,6412,7925,9478,11169,1273,1275,1292,1322,1513,1553,1691
30928,"Relyea, Joseph D",non-elite,1275,2511,3750,5037,6390,7824,9379,11026,1236,1239,1287,1353,1434,1555,1647
30929,"Gange, Wilmer",non-elite,1344,2687,4025,5369,6704,8067,9487,11047,1343,1338,1344,1335,1363,1420,1560
30930,"Boland, Neil W",non-elite,1297,2574,3890,5204,6583,8087,9623,11166,1277,1316,1314,1379,1504,1536,1543
30931,"Danford, Andrew J.",non-elite,1357,2697,4150,5535,6888,8364,9861,11257,1340,1453,1385,1353,1476,1497,1396
30932,"Alberghini, Jeffrey J",non-elite,1288,2541,3800,5103,6543,8096,9624,11156,1253,1259,1303,1440,1553,1528,1532
30933,"Spang, Jeff E",non-elite,1319,2620,3925,5272,6628,8085,9620,11154,1301,1305,1347,1356,1457,1535,1534
30934,"Rothman, Alexandra",non-elite,1352,2730,4105,5496,6870,8290,9755,11207,1378,1375,1391,1374,1420,1465,1452
30935,"Carrijo, Ivaltemir B. Sr.",non-elite,1291,2586,3917,5296,6687,8140,9651,11188,1295,1331,1379,1391,1453,1511,1537
30936,"Mastroberardino, Antonio",non-elite,1246,2511,3773,5037,6297,7601,8978,10903,1265,1262,1264,1260,1304,1377,1925
30937,"Mscichowski, Matt L.",non-elite,1301,2612,3922,5263,6603,7978,9393,10977,1311,1310,1341,1340,1375,1415,1584
30938,"Jones, Chris S",non-elite,1312,2642,4001,5385,6792,8260,9764,11213,1330,1359,1384,1407,1468,1504,1449
30939,"Johansson, Mikael",non-elite,1235,2495,3791,5188,6641,8147,9670,11196,1260,1296,1397,1453,1506,1523,1526
30940,"Voghel, Louise",non-elite,1336,2689,4072,5523,6915,8351,9797,11202,1353,1383,1451,1392,1436,1446,1405
30941,"Sobrino, Karen A",non-elite,1259,2553,3892,5293,6727,8229,9757,11211,1294,1339,1401,1434,1502,1528,1454
30942,"Bedard, Jean-Paul",non-elite,1313,2648,4018,5445,6850,8297,9753,11201,1335,1370,1427,1405,1447,1456,1448
30943,"Minzner, Daniel",non-elite,1310,2628,3954,5313,6700,8160,9661,11171,1318,1326,1359,1387,1460,1501,1510
30944,"Reuterfeldt, Scott C",non-elite,1336,2691,4046,5426,6805,8227,9699,11182,1355,1355,1380,1379,1422,1472,1483
30945,"Zakaluzny, Lauren N.",non-elite,1382,2790,4207,5662,7056,8474,9886,11270,1408,1417,1455,1394,1418,1412,1384
30946,"Balinsky, Laurette A",non-elite,1311,2645,3995,5374,6778,8251,9766,11222,1334,1350,1379,1404,1473,1515,1456
30947,"Marlow, Gary J",non-elite,1321,2667,4029,5427,6821,8277,9768,11209,1346,1362,1398,1394,1456,1491,1441
30948,"Girardot, Richard M III",non-elite,1275,2560,3864,5160,6411,7766,9362,11098,1285,1304,1296,1251,1355,1596,1736
30949,"King, Tony",non-elite,1373,2738,4101,5492,6879,8316,9797,11218,1365,1363,1391,1387,1437,1481,1421
30950,"Larios, Gabriel R.",non-elite,1260,2533,3805,5133,6548,8081,9690,11294,1273,1272,1328,1415,1533,1609,1604
30951,"Roberts, Brad B",non-elite,1282,2572,3861,5191,6575,8032,9581,11173,1290,1289,1330,1384,1457,1549,1592
30952,"Fischer, Florian",non-elite,1229,2496,3804,5190,6638,8108,9651,11163,1267,1308,1386,1448,1470,1543,1512
30953,"Wang, Yan",non-elite,1263,2568,3881,5254,6630,8088,9637,11145,1305,1313,1373,1376,1458,1549,1508
30954,"Martin, Kristen M.",non-elite,1369,2738,4101,5484,6870,8304,9782,11236,1369,1363,1383,1386,1434,1478,1454
30955,"Schellenberg, Frank",non-elite,1337,2664,3984,5359,6697,8114,9632,11181,1327,1320,1375,1338,1417,1518,1549
30956,"Miller, Wayne",non-elite,1292,2558,3883,5345,6779,8283,9801,11198,1266,1325,1462,1434,1504,1518,1397
30957,"Soraghan, Tara",non-elite,1339,2662,4018,5421,6815,8250,9714,11176,1323,1356,1403,1394,1435,1464,1462
30958,"Hallisey, Joseph",non-elite,1319,2650,3987,5355,6722,8159,9678,11192,1331,1337,1368,1367,1437,1519,1514
30959,"Trueman, Rick",non-elite,1364,2677,3985,5311,6649,8058,9588,11154,1313,1308,1326,1338,1409,1530,1566
30960,"Morrison, Scott W",non-elite,1440,2851,4250,5650,7019,8433,9862,11249,1411,1399,1400,1369,1414,1429,1387
30961,"Todorov, Emmanuel",non-elite,1311,2631,3954,5374,6856,8309,9818,11277,1320,1323,1420,1482,1453,1509,1459
30962,"Hasell, Simon",non-elite,1240,2490,3789,5095,6415,7803,9423,11063,1250,1299,1306,1320,1388,1620,1640
30963,"Nowak, Andrew",non-elite,1233,2476,3717,4969,6252,7694,9374,11131,1243,1241,1252,1283,1442,1680,1757
30964,"Lee, Aaron",non-elite,1203,2446,3702,4999,6355,7778,9491,11102,1243,1256,1297,1356,1423,1713,1611
30966,"Roser, Brian J.",non-elite,1310,2648,4011,5435,6873,8360,9841,11274,1338,1363,1424,1438,1487,1481,1433
30967,"Worley, Michael J.",non-elite,1310,2625,3958,5332,6726,8176,9716,11223,1315,1333,1374,1394,1450,1540,1507
30968,"Berardi, Kenneth A",non-elite,1369,2739,4116,5510,6897,8311,9757,11210,1370,1377,1394,1387,1414,1446,1453
30969,"Graves, Lisa L.",non-elite,1367,2731,4109,5505,6884,8306,9777,11218,1364,1378,1396,1379,1422,1471,1441
30970,"Petzold, Barry",non-elite,1271,2529,3781,5066,6362,7766,9339,11031,1258,1252,1285,1296,1404,1573,1692
30972,"Gladstone, Kevin",non-elite,1353,2669,3999,5341,6668,8084,9615,11162,1316,1330,1342,1327,1416,1531,1547
30973,"Sigle, Ben",non-elite,1244,2488,3749,5057,6418,7901,9504,11139,1244,1261,1308,1361,1483,1603,1635
30974,"Huelsmann, Michael",non-elite,1333,2664,3991,5328,6679,8074,9585,11128,1331,1327,1337,1351,1395,1511,1543
30975,"Ketterer, Kevin",non-elite,1330,2627,3903,5217,6552,7970,9509,11129,1297,1276,1314,1335,1418,1539,1620
30976,"Sellers, B. J.",non-elite,1292,2571,3861,5212,6598,8067,9588,11150,1279,1290,1351,1386,1469,1521,1562
30977,"Gutierrez, Ana C.",non-elite,1378,2717,4061,5433,6800,8244,9717,11201,1339,1344,1372,1367,1444,1473,1484
30978,"Kessler, Brian M",non-elite,1257,2523,3803,5137,6618,8188,9732,11233,1266,1280,1334,1481,1570,1544,1501
30979,"Yoshida, Taro",non-elite,1397,2768,4102,5478,6858,8335,9918,11241,1371,1334,1376,1380,1477,1583,1323
30980,"Sharp, Ray",non-elite,1434,2749,4068,5420,6772,8181,9654,11179,1315,1319,1352,1352,1409,1473,1525
30981,"Ortiz De Pinedo Fernandez, Jose Maria",non-elite,1250,2529,3850,5290,6769,8279,9773,11229,1279,1321,1440,1479,1510,1494,1456
30982,"O' Callaghan, Manus",non-elite,1315,2647,3993,5370,6774,8232,9739,11217,1332,1346,1377,1404,1458,1507,1478
30983,"Weis, Erick D",non-elite,1236,2518,3834,5177,6552,8008,9570,11140,1282,1316,1343,1375,1456,1562,1570
30984,"Pectol, Jb",non-elite,1350,2692,4028,5416,6813,8256,9726,11205,1342,1336,1388,1397,1443,1470,1479
30985,"Patterson, Tyler",non-elite,1331,2659,4000,5366,6752,8189,9684,11183,1328,1341,1366,1386,1437,1495,1499
30986,"Zons, Joseph M",non-elite,1311,2656,4015,5413,6829,8285,9750,11195,1345,1359,1398,1416,1456,1465,1445
30987,"Mattingly, Ashley R",non-elite,1418,2811,4195,5596,6997,8430,9871,11265,1393,1384,1401,1401,1433,1441,1394
30988,"Galford, Jeffrey",non-elite,1295,2585,3900,5269,6651,8092,9664,11202,1290,1315,1369,1382,1441,1572,1538
30989,"Scales, Jerome",non-elite,1393,2784,4161,5525,6871,8277,9718,11201,1391,1377,1364,1346,1406,1441,1483
30990,"Smith, Bridget",non-elite,1354,2695,4025,5367,6712,8143,9662,11183,1341,1330,1342,1345,1431,1519,1521
30991,"Mann, Ken",non-elite,1405,2797,4199,5597,6986,8381,9793,11211,1392,1402,1398,1389,1395,1412,1418
30992,"Creel, Caleb P.",non-elite,1271,2523,3764,5052,6430,7970,9565,11181,1252,1241,1288,1378,1540,1595,1616
30993,"Lachance, Martin",non-elite,1265,2549,3860,5229,6638,8227,9736,11195,1284,1311,1369,1409,1589,1509,1459
30994,"Votapka, Todd E",non-elite,1397,2794,4187,5593,6978,8394,9836,11236,1397,1393,1406,1385,1416,1442,1400
30995,"Champagne, Hugo",non-elite,1260,2547,3851,5201,6617,8097,9617,11179,1287,1304,1350,1416,1480,1520,1562
30996,"Fox, Alaric J.",non-elite,1344,2693,4056,5442,6835,8285,9764,11220,1349,1363,1386,1393,1450,1479,1456
30997,"Araujo, Luciano B. Sr.",non-elite,1283,2553,3820,5106,6404,7769,9237,11031,1270,1267,1286,1298,1365,1468,1794
30998,"Mason, Andrew M",non-elite,1309,2606,3898,5303,6696,8154,9672,11209,1297,1292,1405,1393,1458,1518,1537
30999,"Zhang, Jie",non-elite,1215,2448,3694,4969,6302,7766,9596,11151,1233,1246,1275,1333,1464,1830,1555
31000,"Uecker, Gregg",non-elite,1318,2651,3983,5357,6739,8168,9625,11161,1333,1332,1374,1382,1429,1457,1536
31001,"Cronin, Neil J.",non-elite,1378,2715,4052,5410,6781,8212,9718,11198,1337,1337,1358,1371,1431,1506,1480
31002,"Yingling, Leah R.",non-elite,1415,2825,4241,5650,7053,8479,9910,11292,1410,1416,1409,1403,1426,1431,1382
31003,"Kohuth, Steven",non-elite,1327,2593,3833,5117,6451,7992,9574,11187,1266,1240,1284,1334,1541,1582,1613
31004,"Berger, Ben",non-elite,1324,2647,3983,5346,6731,8181,9698,11219,1323,1336,1363,1385,1450,1517,1521
31005,"Frye, Zachary",non-elite,1177,2350,3589,4940,6442,7983,9540,11150,1173,1239,1351,1502,1541,1557,1610
31006,"Gillett, Allen",non-elite,1254,2500,3745,5043,6388,7865,9480,11150,1246,1245,1298,1345,1477,1615,1670
31007,"Brinning, Cullin J",non-elite,1248,2484,3737,5026,6369,7809,9436,11181,1236,1253,1289,1343,1440,1627,1745
31008,"Reichmann, Lisa L",non-elite,1297,2602,3945,5319,6709,8162,9660,11182,1305,1343,1374,1390,1453,1498,1522
31009,"Willson, Scott G.",non-elite,1365,2723,4075,5442,6795,8195,9664,11207,1358,1352,1367,1353,1400,1469,1543
31010,"Gray, Steve J",non-elite,1416,2783,4120,5504,6884,8292,9763,11211,1367,1337,1384,1380,1408,1471,1448
31011,"Morales Bermudez, Daniela",non-elite,1388,2780,4154,5548,6957,8405,9855,11248,1392,1374,1394,1409,1448,1450,1393
31012,"Sampson, Thomas",non-elite,1399,2748,4070,5427,6811,8228,9682,11185,1349,1322,1357,1384,1417,1454,1503
31013,"Spencer, Dana",non-elite,1316,2629,3950,5281,6644,8104,9661,11169,1313,1321,1331,1363,1460,1557,1508
31014,"Kemp, John",non-elite,1361,2727,4093,5488,6891,8321,9818,11261,1366,1366,1395,1403,1430,1497,1443
31015,"Allen, Kenneth",non-elite,1364,2719,4075,5444,6806,8248,9753,11207,1355,1356,1369,1362,1442,1505,1454
31016,"Sykes, Jessie",non-elite,1348,2691,4037,5391,6775,8253,9759,11221,1343,1346,1354,1384,1478,1506,1462
31017,"Matthews, Paul",non-elite,1365,2722,4070,5452,6808,8233,9698,11198,1357,1348,1382,1356,1425,1465,1500
31018,"Byra, Joseph",non-elite,1430,2853,4269,5690,7084,8511,9908,11276,1423,1416,1421,1394,1427,1397,1368
31019,"Curran, Jamie M",non-elite,1377,2734,4096,5477,6871,8308,9800,11250,1357,1362,1381,1394,1437,1492,1450
31020,"Hunyara, John",non-elite,1224,2411,3624,4889,6212,7751,9383,11115,1187,1213,1265,1323,1539,1632,1732
31021,"Yoder, Daniel",non-elite,1272,2518,3765,5046,6439,7936,9657,11253,1246,1247,1281,1393,1497,1721,1596
31022,"Angrove, Michael C",non-elite,1229,2469,3718,5128,6508,8002,9680,11221,1240,1249,1410,1380,1494,1678,1541
31023,"Dean, Gregg",non-elite,1259,2527,3803,5095,6425,7887,9464,11148,1268,1276,1292,1330,1462,1577,1684
31024,"Penta, Mike",non-elite,1361,2707,4062,5426,6797,8219,9702,11199,1346,1355,1364,1371,1422,1483,1497
31025,"Rothenburger, David",non-elite,1288,2562,3838,5324,6721,8160,9757,11210,1274,1276,1486,1397,1439,1597,1453
31026,"Escartin, Jessica M",non-elite,1371,2730,4115,5557,6990,8445,9887,11271,1359,1385,1442,1433,1455,1442,1384
31027,"Duffin, Kevin",non-elite,1371,2733,4074,5438,6817,8255,9718,11204,1362,1341,1364,1379,1438,1463,1486
31028,"Figari, Vladimir",non-elite,1388,2779,4153,5547,6954,8404,9854,11246,1391,1374,1394,1407,1450,1450,1392
31029,"Hanley, Matt",non-elite,1266,2542,3860,5228,6632,8059,9615,11201,1276,1318,1368,1404,1427,1556,1586
31030,"Alcorn, Joshua",non-elite,1302,2601,3918,5232,6604,8120,9652,11176,1299,1317,1314,1372,1516,1532,1524
31031,"Wlezien, Kristin A.",non-elite,1376,2757,4137,5514,6899,8320,9803,11247,1381,1380,1377,1385,1421,1483,1444
31032,"Kubicki, Benjamin J",non-elite,1270,2516,3770,5086,6458,7886,9596,11197,1246,1254,1316,1372,1428,1710,1601
31033,"Hatfield, Jason E",non-elite,1286,2577,3864,5168,6475,7903,9521,11146,1291,1287,1304,1307,1428,1618,1625
31034,"Rees, David",non-elite,1338,2666,4033,5426,6834,8313,9806,11255,1328,1367,1393,1408,1479,1493,1449
31035,"Levan, Emily",non-elite,1373,2755,4146,5578,7003,8451,9903,11264,1382,1391,1432,1425,1448,1452,1361
31036,"Rotundo, Cesare",non-elite,1329,2667,4024,5410,6807,8232,9731,11213,1338,1357,1386,1397,1425,1499,1482
31037,"Osborne, Kelsey M",non-elite,1351,2668,3978,5320,6691,8162,9690,11201,1317,1310,1342,1371,1471,1528,1511
31038,"Haddock, Kailey M.",non-elite,1331,2667,3998,5352,6765,8261,9756,11226,1336,1331,1354,1413,1496,1495,1470
31039,"Andrew Piel, Judy",non-elite,1348,2742,4135,5542,6937,8378,9819,11238,1394,1393,1407,1395,1441,1441,1419
31040,"Verkerke, Erin",non-elite,1361,2729,4089,5474,6866,8313,9794,11241,1368,1360,1385,1392,1447,1481,1447
31041,"Sader, Ben",non-elite,1296,2635,3972,5339,6702,8104,9572,11148,1339,1337,1367,1363,1402,1468,1576
31042,"Ames, Kenny",non-elite,1331,2656,3986,5347,6719,8173,9718,11263,1325,1330,1361,1372,1454,1545,1545
31043,"Carpenter, Heather M",non-elite,1385,2774,4148,5517,6891,8284,9720,11202,1389,1374,1369,1374,1393,1436,1482
31044,"Cull, David",non-elite,1330,2652,3995,5357,6744,8215,9720,11216,1322,1343,1362,1387,1471,1505,1496
31045,"Rivard, Alain",non-elite,1403,2797,4171,5559,6937,8348,9789,11222,1394,1374,1388,1378,1411,1441,1433
31046,"Chang, Huan-Chou",non-elite,1262,2552,3856,5221,6616,8060,9576,11156,1290,1304,1365,1395,1444,1516,1580
31047,"Moore, Sean",non-elite,1268,2591,3954,5357,6767,8228,9727,11207,1323,1363,1403,1410,1461,1499,1480
31048,"Carr, Jim",non-elite,1373,2754,4141,5537,6918,8349,9803,11241,1381,1387,1396,1381,1431,1454,1438
31049,"Gallagher, Robert J.",non-elite,1306,2587,3862,5199,6611,8076,9604,11176,1281,1275,1337,1412,1465,1528,1572
31050,"Miller, Samantha J",non-elite,1409,2819,4236,5652,7039,8456,9882,11279,1410,1417,1416,1387,1417,1426,1397
31051,"Pilcher, Lauren E",non-elite,1347,2699,4054,5433,6824,8284,9783,11258,1352,1355,1379,1391,1460,1499,1475
31052,"Muursepp, Peeter",non-elite,1365,2723,4076,5454,6850,8302,9783,11244,1358,1353,1378,1396,1452,1481,1461
31053,"Orders, Nathaniel R",non-elite,1332,2703,4084,5460,6856,8292,9743,11214,1371,1381,1376,1396,1436,1451,1471
31054,"Langlois, Catalina",non-elite,1334,2691,4066,5476,6895,8373,9840,11257,1357,1375,1410,1419,1478,1467,1417
31055,"Yagel, Amanda",non-elite,1422,2860,4310,5715,7093,8500,9905,11288,1438,1450,1405,1378,1407,1405,1383
31056,"Elion, Colin",non-elite,1302,2634,4002,5413,6831,8304,9811,11278,1332,1368,1411,1418,1473,1507,1467
31057,"Della Badia, Antonio",non-elite,1327,2658,4014,5391,6778,8207,9712,11217,1331,1356,1377,1387,1429,1505,1505
31058,"Hribar, Madelyn C",non-elite,1350,2701,4079,5502,6923,8371,9826,11249,1351,1378,1423,1421,1448,1455,1423
31059,"Mui, Dennis",non-elite,1303,2613,3931,5273,6644,8105,9664,11207,1310,1318,1342,1371,1461,1559,1543
31060,"Lizotte, Connie",non-elite,1337,2668,4044,5443,6854,8311,9809,11265,1331,1376,1399,1411,1457,1498,1456
31061,"Tremblay, Christian",non-elite,1356,2716,4092,5485,6872,8318,9796,11247,1360,1376,1393,1387,1446,1478,1451
31062,"Velmer, Zhihong",non-elite,1324,2657,4030,5456,6875,8334,9829,11246,1333,1373,1426,1419,1459,1495,1417
31063,"Gall, Kali M",non-elite,1360,2719,4081,5502,6896,8398,9849,11276,1359,1362,1421,1394,1502,1451,1427
31064,"Boucher, Alain",non-elite,1375,2757,4123,5514,6898,8314,9761,11219,1382,1366,1391,1384,1416,1447,1458
31065,"Mclean, Scott A",non-elite,1265,2523,3791,5092,6476,7915,9541,11172,1258,1268,1301,1384,1439,1626,1631
31066,"Goncalves, Marcelino M.",non-elite,1404,2789,4180,5568,6960,8396,9849,11255,1385,1391,1388,1392,1436,1453,1406
31067,"Borish, Tom",non-elite,1213,2399,3588,4828,6153,7737,9360,11054,1186,1189,1240,1325,1584,1623,1694
31068,"Nichols, Douglas A.",non-elite,1390,2745,4125,5518,6900,8299,9733,11201,1355,1380,1393,1382,1399,1434,1468
31069,"Topalis, Kathryn M.",non-elite,1386,2754,4127,5520,6914,8328,9772,11210,1368,1373,1393,1394,1414,1444,1438
31070,"Lindh, Jorgen H.",non-elite,1292,2584,3899,5296,6733,8241,9751,11226,1292,1315,1397,1437,1508,1510,1475
31071,"Cancelliere, Lauren A",non-elite,1283,2560,3875,5252,6660,8115,9647,11187,1277,1315,1377,1408,1455,1532,1540
31072,"Heron, Steven",non-elite,1402,2781,4131,5503,6875,8313,9774,11230,1379,1350,1372,1372,1438,1461,1456
31073,"Shantall, Samuel",non-elite,1278,2574,3896,5259,6672,8166,9686,11195,1296,1322,1363,1413,1494,1520,1509
31074,"Jennings, Edward M",non-elite,1507,2985,4404,5772,7104,8474,9890,11297,1478,1419,1368,1332,1370,1416,1407
31075,"Dann, Bill",non-elite,1347,2650,3946,5281,6619,8036,9549,11120,1303,1296,1335,1338,1417,1513,1571
31076,"Wicke, Jason",non-elite,1255,2552,3875,5223,6578,8017,9532,11145,1297,1323,1348,1355,1439,1515,1613
31077,"Gostomski, Alex M.",non-elite,1146,2303,3482,4773,6220,7772,9428,11116,1157,1179,1291,1447,1552,1656,1688
31078,"Butterworth, Corey M.",non-elite,1490,2856,4199,5573,6947,8345,9796,11250,1366,1343,1374,1374,1398,1451,1454
31079,"Rininger, Bradley T",non-elite,1192,2381,3591,4880,6270,7811,9507,11164,1189,1210,1289,1390,1541,1696,1657
31080,"Reid, Marc",non-elite,1179,2374,3592,4848,6181,7842,9485,11147,1195,1218,1256,1333,1661,1643,1662
31081,"Kolesar, Dana",non-elite,1290,2610,3957,5395,6837,8346,9853,11251,1320,1347,1438,1442,1509,1507,1398
31082,"Rodriguez, Carlos A. Sr.",non-elite,1335,2628,3946,5290,6644,8062,9600,11198,1293,1318,1344,1354,1418,1538,1598
31083,"Ledoux, Eric",non-elite,1357,2704,4062,5425,6768,8153,9691,11199,1347,1358,1363,1343,1385,1538,1508
31084,"Lyon, Joshua",non-elite,1287,2595,3914,5260,6622,8068,9588,11167,1308,1319,1346,1362,1446,1520,1579
31085,"Conte, Luigi",non-elite,1207,2484,3801,5118,6485,7922,9490,11130,1277,1317,1317,1367,1437,1568,1640
31086,"Forge, Nicolas P",non-elite,1315,2657,4022,5408,6809,8281,9789,11267,1342,1365,1386,1401,1472,1508,1478
31087,"Fertel, Jason",non-elite,1274,2555,3859,5246,6656,8127,9707,11216,1281,1304,1387,1410,1471,1580,1509
31088,"Brickley, Patrick",non-elite,1225,2470,3740,5053,6394,7822,9368,11046,1245,1270,1313,1341,1428,1546,1678
31089,"Hairsine, Graeme L.",non-elite,1384,2756,4134,5542,6953,8390,9836,11260,1372,1378,1408,1411,1437,1446,1424
31090,"Schaaf, Gisele",non-elite,1357,2704,4042,5410,6806,8281,9772,11262,1347,1338,1368,1396,1475,1491,1490
31091,"Moore, Missy D.",non-elite,1428,2860,4272,5710,7132,8546,9941,11291,1432,1412,1438,1422,1414,1395,1350
31092,"Petriccione, Joseph",non-elite,1269,2467,3676,4964,6340,7868,9550,11166,1198,1209,1288,1376,1528,1682,1616
31093,"Fox, Laura F",non-elite,1351,2697,4031,5434,6846,8340,9860,11296,1346,1334,1403,1412,1494,1520,1436
31094,"DeSena, Brian J.",non-elite,1269,2467,3676,4964,6340,7868,9550,11166,1198,1209,1288,1376,1528,1682,1616
31095,"Farris, Galen L.",non-elite,1146,2310,3485,4717,6024,7552,9168,11008,1164,1175,1232,1307,1528,1616,1840
31096,"Goicolea, Rodrigo Sr.",non-elite,1278,2557,3871,5189,6529,7981,9577,11202,1279,1314,1318,1340,1452,1596,1625
31097,"Rouse, Elizabeth",non-elite,1332,2673,4036,5424,6827,8267,9739,11218,1341,1363,1388,1403,1440,1472,1479
31098,"Powell, Lauren",non-elite,1369,2757,4157,5592,6988,8412,9861,11274,1388,1400,1435,1396,1424,1449,1413
31099,"Block, Eric M",non-elite,1397,2798,4181,5581,6956,8375,9802,11243,1401,1383,1400,1375,1419,1427,1441
31100,"Copp, John C",non-elite,1294,2635,3986,5269,6618,7966,9386,11190,1341,1351,1283,1349,1348,1420,1804
31101,"Marmorstein, Jack",non-elite,1324,2658,3976,5312,6668,8102,9666,11199,1334,1318,1336,1356,1434,1564,1533
31102,"Weidman, Keith R",non-elite,1428,2869,4303,5744,7160,8595,10018,11342,1441,1434,1441,1416,1435,1423,1324
31103,"Kenworthy, Joshua R.",non-elite,1315,2635,4019,5390,6784,8226,9707,11211,1320,1384,1371,1394,1442,1481,1504
31104,"Eagen, Nathan A.",non-elite,1294,2635,3986,5269,6618,7966,9386,11190,1341,1351,1283,1349,1348,1420,1804
31105,"O'Callaghan, Shannon R",non-elite,1318,2602,3883,5206,6582,8037,9678,11260,1284,1281,1323,1376,1455,1641,1582
31106,"Champ, James",non-elite,1255,2485,3734,5027,6397,7815,9357,11067,1230,1249,1293,1370,1418,1542,1710
31107,"Mcdonald, Ryan",non-elite,1353,2668,3989,5351,6732,8187,9682,11208,1315,1321,1362,1381,1455,1495,1526
31108,"Auger, Pascale",non-elite,1368,2736,4118,5515,6902,8328,9791,11236,1368,1382,1397,1387,1426,1463,1445
31109,"Mouwen, Franc",non-elite,1210,2459,3762,5115,6521,8032,9613,11199,1249,1303,1353,1406,1511,1581,1586
31110,"Covert, Dylan T",non-elite,1308,2612,3931,5286,6675,8142,9681,11217,1304,1319,1355,1389,1467,1539,1536
31111,"Gervais, Marc A.",non-elite,1390,2715,4106,5534,6929,8389,9858,11273,1325,1391,1428,1395,1460,1469,1415
31112,"Snider, Blake",non-elite,1253,2512,3815,5195,6618,8091,9691,11248,1259,1303,1380,1423,1473,1600,1557
31113,"Greszler, Rachel U.",non-elite,1432,2831,4231,5644,7054,8479,9911,11300,1399,1400,1413,1410,1425,1432,1389
31114,"Villari, Timothy",non-elite,1211,2422,3673,4949,6228,7651,9329,11243,1211,1251,1276,1279,1423,1678,1914
31115,"Ishimine, Paul T.",non-elite,1376,2738,4108,5503,6865,8287,9763,11205,1362,1370,1395,1362,1422,1476,1442
31116,"Vandongen, Jennifer",non-elite,1341,2702,4028,5381,6759,8215,9725,11226,1361,1326,1353,1378,1456,1510,1501
31117,"Brahmer, Mark R",non-elite,1375,2763,4158,5549,6945,8375,9823,11254,1388,1395,1391,1396,1430,1448,1431
31118,"Love, Patrick C",non-elite,1237,2522,3848,5216,6658,8165,9774,11239,1285,1326,1368,1442,1507,1609,1465
31119,"Baron, Daniel C",non-elite,1314,2638,3968,5339,6717,8180,9692,11191,1324,1330,1371,1378,1463,1512,1499
31120,"Debruin, David",non-elite,1407,2810,4182,5569,6950,8371,9811,11234,1403,1372,1387,1381,1421,1440,1423
31121,"Marlar, Drew",non-elite,1364,2722,4073,5433,6813,8254,9747,11245,1358,1351,1360,1380,1441,1493,1498
31122,"Connor, Gabi",non-elite,1384,2779,4173,5589,6991,8437,9892,11280,1395,1394,1416,1402,1446,1455,1388
31123,"Malik, Zeeshan",non-elite,1247,2461,3686,4915,6156,7490,8899,10847,1214,1225,1229,1241,1334,1409,1948
31124,"Graham, Owen",non-elite,1382,2733,4075,5439,6802,8213,9728,11258,1351,1342,1364,1363,1411,1515,1530
31125,"Althaus, Ashley K.",non-elite,1277,2599,3971,5391,6803,8252,9753,11245,1322,1372,1420,1412,1449,1501,1492
31126,"Rogers, Jamie L.",non-elite,1385,2773,4173,5582,6978,8389,9835,11270,1388,1400,1409,1396,1411,1446,1435
31127,"Sevick, Johnathan",non-elite,1279,2552,3826,5089,6360,7709,9194,11036,1273,1274,1263,1271,1349,1485,1842
31128,"Kelsch, Mattheu",non-elite,1273,2555,3845,5188,6587,8070,9766,11256,1282,1290,1343,1399,1483,1696,1490
31129,"Arnerich, Christi",non-elite,1335,2620,3936,5294,6667,8079,9595,11156,1285,1316,1358,1373,1412,1516,1561
31130,"Matsumoto, Jeff",non-elite,1160,2323,3495,4668,5859,7149,8694,11023,1163,1172,1173,1191,1290,1545,2329
31131,"Green, Josh",non-elite,1238,2456,3727,5059,6487,7996,9558,11151,1218,1271,1332,1428,1509,1562,1593
31132,"Thibault, Raymond",non-elite,1285,2560,3866,5212,6590,8067,9567,11135,1275,1306,1346,1378,1477,1500,1568
31133,"Lescarbeau, Michael P",non-elite,1322,2659,3996,5352,6720,8170,9718,11274,1337,1337,1356,1368,1450,1548,1556
31134,"Slason, Deborah",non-elite,1359,2749,4140,5540,6926,8349,9811,11272,1390,1391,1400,1386,1423,1462,1461
31135,"Mazurier, Marjolaine",non-elite,1351,2694,4058,5442,6829,8265,9752,11219,1343,1364,1384,1387,1436,1487,1467
31136,"Hildebrandt, Ronald",non-elite,1361,2692,4029,5380,6754,8190,9682,11206,1331,1337,1351,1374,1436,1492,1524
31137,"Siciliano, Seth H",non-elite,1364,2737,4152,5575,6982,8408,9840,11275,1373,1415,1423,1407,1426,1432,1435
31138,"May, Michael A",non-elite,1261,2495,3740,5079,6514,8126,9806,11266,1234,1245,1339,1435,1612,1680,1460
31139,"Carney, Joseph E. Jr.",non-elite,1433,2861,4253,5664,7070,8507,9947,11324,1428,1392,1411,1406,1437,1440,1377
31140,"Haberman, Patrick M",non-elite,1308,2633,3960,5334,6739,8211,9721,11213,1325,1327,1374,1405,1472,1510,1492
31141,"Rodriguez, Santiago Sr.",non-elite,1270,2554,3876,5247,6652,8132,9678,11214,1284,1322,1371,1405,1480,1546,1536
31142,"Smithson, Kerby",non-elite,1251,2462,3692,4956,6305,7907,9639,11222,1211,1230,1264,1349,1602,1732,1583
31143,"Lipka, Ron",non-elite,1259,2530,3871,5289,6758,8199,9703,11226,1271,1341,1418,1469,1441,1504,1523
31144,"Leone, Mike",non-elite,1252,2512,3782,5080,6404,7852,9449,11150,1260,1270,1298,1324,1448,1597,1701
31145,"Pultorak, Bob",non-elite,1217,2386,3572,4794,6121,7769,9462,11159,1169,1186,1222,1327,1648,1693,1697
31146,"Howard, Jeremy C",non-elite,1328,2680,4043,5431,6821,8255,9735,11226,1352,1363,1388,1390,1434,1480,1491
31147,"Tremblay, Bob",non-elite,1226,2439,3656,4888,6440,7934,9510,11238,1213,1217,1232,1552,1494,1576,1728
31148,"Katsin, Daniel",non-elite,1417,2834,4230,5664,7073,8501,9888,11283,1417,1396,1434,1409,1428,1387,1395
31149,"Hyams, Jon",non-elite,1292,2562,3860,5222,6697,8184,9749,11249,1270,1298,1362,1475,1487,1565,1500
31150,"Escarsega, John A",non-elite,1314,2650,4013,5411,6814,8249,9749,11240,1336,1363,1398,1403,1435,1500,1491
31151,"Bragg, Jason",non-elite,1421,2839,4247,5645,7033,8442,9863,11281,1418,1408,1398,1388,1409,1421,1418
31152,"Bandettini, Peter A",non-elite,1375,2768,4137,5501,6880,8305,9746,11191,1393,1369,1364,1379,1425,1441,1445
31153,"Underwood, Daniel",non-elite,1334,2663,4027,5403,6799,8263,9788,11257,1329,1364,1376,1396,1464,1525,1469
31154,"Howard, James",non-elite,1276,2549,3820,5259,6751,8275,9782,11289,1273,1271,1439,1492,1524,1507,1507
31155,"Baker, Christopher",non-elite,1212,2518,3877,5261,6683,8215,9769,11238,1306,1359,1384,1422,1532,1554,1469
31156,"O'Leary, Katlyn",non-elite,1326,2656,4024,5427,6825,8280,9780,11252,1330,1368,1403,1398,1455,1500,1472
31157,"Tyler, Patrick",non-elite,1230,2465,3700,4994,6316,7745,9346,11124,1235,1235,1294,1322,1429,1601,1778
31158,"Savio, Stefano",non-elite,1298,2598,3922,5268,6625,8068,9600,11179,1300,1324,1346,1357,1443,1532,1579
31159,"Hagan, Stephen",non-elite,1244,2498,3779,5147,6565,8079,9677,11217,1254,1281,1368,1418,1514,1598,1540
31160,"Jerome, Craig W",non-elite,1313,2631,3970,5348,6747,8234,9770,11254,1318,1339,1378,1399,1487,1536,1484
31161,"Pollitt, Dean",non-elite,1319,2607,3888,5187,6500,7924,9451,11144,1288,1281,1299,1313,1424,1527,1693
31162,"Morgan, Micah",non-elite,1361,2708,4054,5493,6864,8288,9778,11292,1347,1346,1439,1371,1424,1490,1514
31163,"Clay, Brad",non-elite,1362,2708,4054,5493,6864,8288,9778,11292,1346,1346,1439,1371,1424,1490,1514
31164,"Kincaid, Stacey",non-elite,1248,2532,3863,5320,6763,8344,9827,11316,1284,1331,1457,1443,1581,1483,1489
31165,"Bowman, Nora M",non-elite,1391,2799,4182,5580,6972,8388,9843,11270,1408,1383,1398,1392,1416,1455,1427
31166,"Inman, Teresa P",non-elite,1286,2561,3839,5160,6526,8033,9702,11260,1275,1278,1321,1366,1507,1669,1558
31167,"Frank, Greg",non-elite,1195,2422,3624,4842,6097,7520,9589,11236,1227,1202,1218,1255,1423,2069,1647
31168,"Massicotte, Michel",non-elite,1396,2809,4220,5634,7029,8453,9896,11291,1413,1411,1414,1395,1424,1443,1395
31169,"Quevedo, Javier",non-elite,1349,2569,3834,5155,6449,7909,9551,11181,1220,1265,1321,1294,1460,1642,1630
31170,"St Amant, Mark",non-elite,1260,2524,3833,5225,6695,8226,9764,11240,1264,1309,1392,1470,1531,1538,1476
31171,"Ricard, Benoit",non-elite,1592,3051,4477,5856,7223,8605,9986,11331,1459,1426,1379,1367,1382,1381,1345
31172,"Fromkin, Samuel",non-elite,1235,2453,3700,4986,6344,7923,9610,11237,1218,1247,1286,1358,1579,1687,1627
31173,"Cohen, Joshua W.",non-elite,1339,2676,4018,5376,6743,8158,9656,11219,1337,1342,1358,1367,1415,1498,1563
31174,"Soto, Brian D.",non-elite,1300,2580,3860,5267,6676,8172,9723,11236,1280,1280,1407,1409,1496,1551,1513
31175,"Stoner, Krystina R.",non-elite,1420,2834,4236,5628,7010,8404,9827,11291,1414,1402,1392,1382,1394,1423,1464
31176,"Dunn, Alyson",non-elite,1358,2719,4086,5467,6858,8314,9803,11263,1361,1367,1381,1391,1456,1489,1460
31177,"Barnett, David P",non-elite,1417,2820,4174,5550,6930,8366,9791,11235,1403,1354,1376,1380,1436,1425,1444
31178,"Ownbey, Scott M",non-elite,1303,2590,3888,5230,6565,8018,9586,11210,1287,1298,1342,1335,1453,1568,1624
31179,"Alenbratt, Mary",non-elite,1378,2745,4102,5468,6826,8235,9754,11268,1367,1357,1366,1358,1409,1519,1514
31180,"Paredes, Ramon",non-elite,1163,2348,3550,4775,6029,7488,9528,11278,1185,1202,1225,1254,1459,2040,1750
31181,"Lee, Ryan",non-elite,1322,2645,3976,5349,6776,8247,9736,11235,1323,1331,1373,1427,1471,1489,1499
31182,"Hickey, Jerry",non-elite,1356,2708,4077,5454,6840,8276,9770,11245,1352,1369,1377,1386,1436,1494,1475
31183,"Sebek, Jiri",non-elite,1248,2515,3806,5150,6557,8043,9623,11205,1267,1291,1344,1407,1486,1580,1582
31184,"Neidhart, Ashley",non-elite,1389,2775,4167,5563,6949,8380,9819,11252,1386,1392,1396,1386,1431,1439,1433
31185,"Lee, Miyeong",non-elite,1311,2651,4001,5404,6816,8329,9843,11267,1340,1350,1403,1412,1513,1514,1424
31186,"Crosbie, Orla M",non-elite,1329,2683,4060,5466,6923,8378,9854,11277,1354,1377,1406,1457,1455,1476,1423
31187,"Shaw, Carolyn",non-elite,1233,2509,3898,5342,6785,8300,9824,11307,1276,1389,1444,1443,1515,1524,1483
31188,"Langham, Alan",non-elite,1298,2601,3899,5246,6600,8036,9558,11199,1303,1298,1347,1354,1436,1522,1641
31189,"Lane, Ross R.",non-elite,1276,2543,3823,5152,6581,8101,9628,11234,1267,1280,1329,1429,1520,1527,1606
31190,"Smith, Jennifer",non-elite,1394,2831,4258,5703,7126,8560,9996,11334,1437,1427,1445,1423,1434,1436,1338
31191,"Hagan, John",non-elite,1386,2774,4146,5553,6947,8378,9836,11282,1388,1372,1407,1394,1431,1458,1446
31192,"Sponaugle, Jim",non-elite,1390,2791,4177,5576,6978,8423,9874,11267,1401,1386,1399,1402,1445,1451,1393
31193,"Stanley Torres, Dana",non-elite,1378,2757,4110,5486,6868,8307,9809,11282,1379,1353,1376,1382,1439,1502,1473
31194,"Neesmith, David",non-elite,1326,2637,3972,5350,6736,8211,9705,11220,1311,1335,1378,1386,1475,1494,1515
31195,"Kim, Mike",non-elite,1356,2731,4100,5495,6887,8330,9812,11278,1375,1369,1395,1392,1443,1482,1466
31196,"Stieber, Allan",non-elite,1333,2635,3967,5338,6734,8170,9731,11243,1302,1332,1371,1396,1436,1561,1512
31197,"Hewitt, Ted G",non-elite,1396,2786,4162,5577,6997,8434,9879,11297,1390,1376,1415,1420,1437,1445,1418
31198,"Kurtze, Andreas",non-elite,1401,2801,4222,5659,7063,8498,9957,11316,1400,1421,1437,1404,1435,1459,1359
31199,"Koyano, Yasuyuki",non-elite,1403,2788,4152,5553,6958,8391,9862,11283,1385,1364,1401,1405,1433,1471,1421
31200,"Dedeo, Scot",non-elite,1236,2473,3730,5047,6424,7993,9506,11259,1237,1257,1317,1377,1569,1513,1753
31201,"Leslie, Steven J",non-elite,1135,2319,3550,4853,6213,7662,9286,11251,1184,1231,1303,1360,1449,1624,1965
31202,"Mcdonnell, John M.",non-elite,1346,2694,4058,5459,6835,8271,9788,11266,1348,1364,1401,1376,1436,1517,1478
31203,"Mehlman, Nicholas",non-elite,1645,3123,4517,5888,7242,8625,10030,11349,1478,1394,1371,1354,1383,1405,1319
31204,"Lichty, Thomas L",non-elite,1392,2729,4040,5364,6704,8151,9694,11241,1337,1311,1324,1340,1447,1543,1547
31205,"Pedersen, Derrek",non-elite,1376,2759,4146,5555,6975,8416,9893,11311,1383,1387,1409,1420,1441,1477,1418
31206,"Gaulke, Kayla",non-elite,1376,2759,4147,5555,6975,8416,9895,11312,1383,1388,1408,1420,1441,1479,1417
31207,"Belanger, Andreane",non-elite,1435,2873,4298,5726,7121,8501,9877,11270,1438,1425,1428,1395,1380,1376,1393
31208,"Corona, Andrea",non-elite,1354,2695,4043,5429,6818,8259,9750,11236,1341,1348,1386,1389,1441,1491,1486
31209,"O'Hora, Andrea J.",non-elite,1382,2740,4107,5509,6898,8323,9806,11245,1358,1367,1402,1389,1425,1483,1439
31210,"Webb, Michael T.",non-elite,1295,2632,4004,5406,6812,8278,9800,11276,1337,1372,1402,1406,1466,1522,1476
31211,"Hynes, Melanie A",non-elite,1382,2740,4107,5509,6898,8323,9806,11257,1358,1367,1402,1389,1425,1483,1451
31212,"Steffens, W John",non-elite,1330,2710,4098,5492,6924,8469,10008,11341,1380,1388,1394,1432,1545,1539,1333
31213,"Bartlett, Marshall A",non-elite,1383,2761,4150,5539,6928,8339,9791,11258,1378,1389,1389,1389,1411,1452,1467
31214,"Mccordic, Craig H",non-elite,1380,2782,4169,5560,6941,8358,9831,11286,1402,1387,1391,1381,1417,1473,1455
31215,"Stapleton, Malcolm D.",non-elite,1289,2560,3821,5106,6420,7887,9479,11127,1271,1261,1285,1314,1467,1592,1648
31216,"Reid, Ginna",non-elite,1276,2569,3906,5315,6729,8208,9757,11256,1293,1337,1409,1414,1479,1549,1499
31217,"Stern, Connor",non-elite,1294,2593,3869,5179,6523,7942,9518,11184,1299,1276,1310,1344,1419,1576,1666
31218,"Loveridge, Gary A",non-elite,1366,2714,4070,5436,6815,8243,9736,11253,1348,1356,1366,1379,1428,1493,1517
31219,"Cooper, Scott",non-elite,1390,2753,4112,5512,6935,8423,9888,11288,1363,1359,1400,1423,1488,1465,1400
31220,"Theisen, Anne",non-elite,1388,2761,4149,5656,7034,8453,9895,11294,1373,1388,1507,1378,1419,1442,1399
31221,"Bernard, Jim Jr.",non-elite,1403,2820,4242,5663,7072,8471,9912,11288,1417,1422,1421,1409,1399,1441,1376
31222,"Bruno, Dean",non-elite,1395,2784,4169,5581,6967,8401,9841,11255,1389,1385,1412,1386,1434,1440,1414
31223,"Burns, Norman R.",non-elite,1298,2605,3924,5297,6661,8080,9596,11186,1307,1319,1373,1364,1419,1516,1590
31224,"Hill, Roger",non-elite,1394,2781,4158,5549,6934,8356,9803,11272,1387,1377,1391,1385,1422,1447,1469
31225,"Champoux, Jean-Francois",non-elite,1408,2813,4219,5637,7053,8494,9935,11324,1405,1406,1418,1416,1441,1441,1389
31226,"Brensing, Christian",non-elite,1216,2427,3753,5115,6540,8055,9643,11218,1211,1326,1362,1425,1515,1588,1575
31227,"Hamaguchi, Zenin",non-elite,1325,2656,3969,5289,6621,8024,9563,11206,1331,1313,1320,1332,1403,1539,1643
31228,"Barron, Estus L",non-elite,1230,2451,3687,4957,6270,7751,9474,11138,1221,1236,1270,1313,1481,1723,1664
31229,"Pete, Eric M",non-elite,1358,2695,4038,5428,6791,8264,9807,11291,1337,1343,1390,1363,1473,1543,1484
31230,"Robertson, Jennifer K.",non-elite,1393,2776,4166,5584,6984,8416,9882,11276,1383,1390,1418,1400,1432,1466,1394
31231,"Straub, Kyle",non-elite,1302,2603,3920,5288,6707,8194,9691,11233,1301,1317,1368,1419,1487,1497,1542
31232,"Blackwell, Eric",non-elite,1268,2528,3787,5079,6491,7940,9462,11170,1260,1259,1292,1412,1449,1522,1708
31233,"Lewis, Bradley",non-elite,1213,2429,3727,5028,6419,7984,9717,11284,1216,1298,1301,1391,1565,1733,1567
31234,"White, David B",non-elite,1339,2698,4066,5475,6895,8353,9818,11289,1359,1368,1409,1420,1458,1465,1471
31235,"Adams, Daniel",non-elite,1316,2630,3933,5255,6611,8040,9579,11211,1314,1303,1322,1356,1429,1539,1632
31236,"Audet, David R.",non-elite,1423,2839,4249,5680,7066,8469,9889,11302,1416,1410,1431,1386,1403,1420,1413
31237,"Kantner, Samuel W",non-elite,1249,2503,3769,5080,6453,7915,9577,11181,1254,1266,1311,1373,1462,1662,1604
31238,"Su, Jessica A.",non-elite,1391,2766,4170,5601,7013,8444,9894,11312,1375,1404,1431,1412,1431,1450,1418
31239,"Favero, Jenna C",non-elite,1313,2626,4009,5416,6845,8322,9884,11331,1313,1383,1407,1429,1477,1562,1447
31240,"Lavery, James W Jr.",non-elite,1352,2702,4055,5412,6786,8245,9778,11281,1350,1353,1357,1374,1459,1533,1503
31241,"Girmay, Aregai A",non-elite,1371,2735,4101,5485,6881,8339,9836,11285,1364,1366,1384,1396,1458,1497,1449
31242,"White, Alyssa A",non-elite,1339,2698,4066,5476,6895,8353,9817,11289,1359,1368,1410,1419,1458,1464,1472
31243,"Macbeath, Gavin",non-elite,1356,2687,4016,5390,6765,8220,9747,11261,1331,1329,1374,1375,1455,1527,1514
31244,"Wilson, James M.",non-elite,1384,2731,4088,5491,6893,8317,9790,11266,1347,1357,1403,1402,1424,1473,1476
31245,"Mah, Tessa S",non-elite,1385,2741,4105,5494,6880,8328,9837,11292,1356,1364,1389,1386,1448,1509,1455
31246,"Carr, Chris W",non-elite,1418,2832,4254,5676,7084,8507,9942,11334,1414,1422,1422,1408,1423,1435,1392
31247,"Gudmundson, Stefan P",non-elite,1343,2705,4093,5513,6932,8369,9832,11298,1362,1388,1420,1419,1437,1463,1466
31248,"Joyce, Chad",non-elite,1292,2582,3879,5228,6653,8145,9670,11214,1290,1297,1349,1425,1492,1525,1544
31249,"Travis, Christopher",non-elite,1337,2626,3922,5242,6582,7976,9521,11166,1289,1296,1320,1340,1394,1545,1645
31250,"Stitt, Thomas M.",non-elite,1291,2584,3858,5326,6738,8251,9739,11282,1293,1274,1468,1412,1513,1488,1543
31251,"Hobeika, Allison M.",non-elite,1285,2604,3969,5373,6777,8241,9788,11277,1319,1365,1404,1404,1464,1547,1489
31252,"Glynn, Scott",non-elite,1307,2666,4011,5393,6794,8278,9782,11286,1359,1345,1382,1401,1484,1504,1504
31253,"Zarling, Zac",non-elite,1360,2687,4005,5387,6799,8268,9782,11302,1327,1318,1382,1412,1469,1514,1520
31254,"Chng, Peter",non-elite,1288,2597,3934,5313,6699,8136,9699,11265,1309,1337,1379,1386,1437,1563,1566
31255,"Smith, Jake B. Jr.",non-elite,1319,2633,3945,5308,6686,8159,9701,11243,1314,1312,1363,1378,1473,1542,1542
31256,"Rittenberg, Brian N",non-elite,1327,2671,4037,5404,6776,8189,9689,11196,1344,1366,1367,1372,1413,1500,1507
31257,"Isaak, Lucian",non-elite,1276,2577,3888,5287,6713,8200,9751,11246,1301,1311,1399,1426,1487,1551,1495
31258,"Sorgen, Brad",non-elite,1274,2592,3918,5306,6741,8236,9735,11278,1318,1326,1388,1435,1495,1499,1543
31259,"Von Puttkammer, Alyssa C.",non-elite,1270,2549,3821,5153,6618,8115,9694,11275,1279,1272,1332,1465,1497,1579,1581
31260,"Orendorf, Joshua T",non-elite,1388,2800,4195,5581,6962,8367,9794,11261,1412,1395,1386,1381,1405,1427,1467
31261,"Rosenzweig, Scott",non-elite,1458,2869,4283,5717,7143,8571,10045,11355,1411,1414,1434,1426,1428,1474,1310
31262,"Kluge, Graig E",non-elite,1289,2603,3924,5308,6738,8213,9738,11250,1314,1321,1384,1430,1475,1525,1512
31263,"Demars, Josh",non-elite,1287,2566,3862,5179,6521,8023,9651,11302,1279,1296,1317,1342,1502,1628,1651
31264,"Cooke, Erin A.",non-elite,1348,2714,4126,5553,6957,8397,9850,11281,1366,1412,1427,1404,1440,1453,1431
31265,"Freiland, Dirk F",non-elite,1241,2519,3850,5211,6646,8147,9707,11259,1278,1331,1361,1435,1501,1560,1552
31266,"Kobinsky, Jeff",non-elite,1274,2536,3778,5059,6399,7858,9408,11174,1262,1242,1281,1340,1459,1550,1766
31267,"Kalin, Paul",non-elite,1310,2589,3901,5291,6786,8254,9787,11284,1279,1312,1390,1495,1468,1533,1497
31268,"Olson, Keri",non-elite,1238,2493,3754,5020,6342,7794,9403,11112,1255,1261,1266,1322,1452,1609,1709
31269,"Bayart, Cheryl",non-elite,1357,2720,4093,5504,6927,8385,9856,11296,1363,1373,1411,1423,1458,1471,1440
31270,"Viger, Rachel E.",non-elite,1347,2691,4029,5384,6761,8220,9777,11292,1344,1338,1355,1377,1459,1557,1515
31271,"Lewis, Bryan",non-elite,1370,2763,4147,5551,6967,8426,9893,11320,1393,1384,1404,1416,1459,1467,1427
31272,"Sartori, Vince",non-elite,1367,2736,4089,5457,6836,8256,9774,11270,1369,1353,1368,1379,1420,1518,1496
31273,"Bastings, Maartje",non-elite,1355,2715,4105,5526,6962,8436,9919,11318,1360,1390,1421,1436,1474,1483,1399
31274,"Barcon, Carlos",non-elite,1248,2475,3787,5153,6572,8115,9694,11236,1227,1312,1366,1419,1543,1579,1542
31275,"Hannon, Michael",non-elite,1402,2796,4187,5594,7025,8479,9942,11328,1394,1391,1407,1431,1454,1463,1386
31276,"Hummels, Cameron B.",non-elite,1296,2594,3894,5242,6623,8065,9597,11174,1298,1300,1348,1381,1442,1532,1577
31277,"Ferreira, Horacio",non-elite,1282,2570,3861,5195,6556,8043,9633,11224,1288,1291,1334,1361,1487,1590,1591
31278,"Campbell, Dallas D.",non-elite,1389,2764,4159,5584,7006,8504,9949,11308,1375,1395,1425,1422,1498,1445,1359
31279,"Kamrani, Behnam",non-elite,1273,2549,3862,5239,6630,8087,9648,11259,1276,1313,1377,1391,1457,1561,1611
31280,"Ferry, J. Alain",non-elite,1281,2584,3987,5374,6787,8205,9695,11302,1303,1403,1387,1413,1418,1490,1607
31281,"Tevault, James R",non-elite,1199,2415,3684,4984,6305,7666,9293,11154,1216,1269,1300,1321,1361,1627,1861
31282,"Ciocca, Eric C",non-elite,1247,2507,3781,5185,6632,8146,9720,11253,1260,1274,1404,1447,1514,1574,1533
31283,"Lin, John",non-elite,1326,2637,3953,5290,6647,8137,9716,11292,1311,1316,1337,1357,1490,1579,1576
31284,"Grant, Ian",non-elite,1380,2745,4124,5529,6914,8313,9771,11299,1365,1379,1405,1385,1399,1458,1528
31285,"Callahan, Robby",non-elite,1374,2759,4139,5526,6919,8360,9859,11297,1385,1380,1387,1393,1441,1499,1438
31286,"Huang, Yunteng",non-elite,1389,2784,4179,5574,6968,8404,9876,11307,1395,1395,1395,1394,1436,1472,1431
31287,"Knast, Lindsey",non-elite,1283,2584,3902,5222,6566,8021,9597,11239,1301,1318,1320,1344,1455,1576,1642
31288,"Smith, Walter",non-elite,1351,2693,4033,5421,6827,8309,9788,11297,1342,1340,1388,1406,1482,1479,1509
31289,"Carmody, Christopher L. Jr.",non-elite,1336,2646,3955,5281,6618,8053,9624,11212,1310,1309,1326,1337,1435,1571,1588
31290,"Yesian, Bonnie",non-elite,1351,2693,4033,5421,6827,8309,9787,11296,1342,1340,1388,1406,1482,1478,1509
31291,"Mcgovern, Christopher",non-elite,1389,2820,4241,5695,7085,8469,9879,11295,1431,1421,1454,1390,1384,1410,1416
31292,"Chancellor, Jay",non-elite,1347,2730,4009,5317,6665,8082,9612,11270,1383,1279,1308,1348,1417,1530,1658
31293,"Samartinean, Vasile",non-elite,1296,2617,3945,5308,6712,8187,9738,11237,1321,1328,1363,1404,1475,1551,1499
31294,"Harris, Dave",non-elite,1353,2705,4082,5478,6860,8379,9845,11287,1352,1377,1396,1382,1519,1466,1442
31295,"Nguyen, Christian",non-elite,1280,2564,3877,5232,6591,8098,9754,11273,1284,1313,1355,1359,1507,1656,1519
31296,"Barker, Brian",non-elite,1123,2258,3406,4624,5918,7426,9119,11194,1135,1148,1218,1294,1508,1693,2075
31297,"Steele-Belkin, Dara",non-elite,1313,2653,4015,5417,6825,8288,9781,11278,1340,1362,1402,1408,1463,1493,1497
31298,"Magnussen, Jon M. Jr.",non-elite,1225,2442,3664,4930,6281,7809,9375,11072,1217,1222,1266,1351,1528,1566,1697
31299,"Spees, Kaitlyn",non-elite,1338,2627,3925,5271,6646,8094,9654,11234,1289,1298,1346,1375,1448,1560,1580
31300,"Schorner, Benedikt M",non-elite,1244,2558,3898,5272,6679,8158,9679,11235,1314,1340,1374,1407,1479,1521,1556
31301,"Luzar, William K",non-elite,1336,2629,3918,5234,6585,8046,9556,11203,1293,1289,1316,1351,1461,1510,1647
31302,"Lopez, Esperanza",non-elite,1402,2791,4166,5560,6949,8368,9826,11286,1389,1375,1394,1389,1419,1458,1460
31303,"Panetta, Jennifer",non-elite,1337,2688,4067,5509,6893,8348,9876,11312,1351,1379,1442,1384,1455,1528,1436
31304,"Livaudais, Frank",non-elite,1336,2689,4045,5456,6889,8355,9835,11314,1353,1356,1411,1433,1466,1480,1479
31305,"Wolner, Todd M.",non-elite,1320,2663,4023,5412,6823,8293,9805,11296,1343,1360,1389,1411,1470,1512,1491
31306,"Follin, Steve",non-elite,1316,2692,4113,5571,7018,8465,9907,11314,1376,1421,1458,1447,1447,1442,1407
31307,"Wier, Jon M",non-elite,1279,2556,3856,5211,6609,8094,9654,11220,1277,1300,1355,1398,1485,1560,1566
31308,"Lundgren, Johan",non-elite,1337,2733,4124,5522,6906,8341,9806,11278,1396,1391,1398,1384,1435,1465,1472
31309,"Coughlin, David G.",non-elite,1315,2661,4006,5371,6745,8239,9746,11294,1346,1345,1365,1374,1494,1507,1548
31310,"Cartwright, Katie",non-elite,1410,2825,4247,5678,7086,8530,9971,11350,1415,1422,1431,1408,1444,1441,1379
31311,"Larsen, Kay E",non-elite,1328,2679,4055,5467,6881,8352,9842,11303,1351,1376,1412,1414,1471,1490,1461
31312,"Melody, Mandy",non-elite,1462,2894,4302,5698,7082,8490,9904,11319,1432,1408,1396,1384,1408,1414,1415
31313,"Lavigne, Mario",non-elite,1333,2652,3970,5372,6815,8276,9775,11300,1319,1318,1402,1443,1461,1499,1525
31314,"Sutherland, Tamara A.",non-elite,1408,2785,4160,5557,6971,8427,9896,11320,1377,1375,1397,1414,1456,1469,1424
31315,"Dawson, Russell",non-elite,1365,2735,4109,5569,6982,8474,9965,11358,1370,1374,1460,1413,1492,1491,1393
31316,"Pacheco, Leonardo A.",non-elite,1379,2768,4145,5530,6946,8366,9831,11286,1389,1377,1385,1416,1420,1465,1455
31317,"Varecka, Tj",non-elite,1159,2331,3574,5074,6474,7960,9510,11192,1172,1243,1500,1400,1486,1550,1682
31318,"Coolidge, Brian",non-elite,1327,2637,3949,5307,6696,8219,9804,11292,1310,1312,1358,1389,1523,1585,1488
31319,"Boonstra, David M",non-elite,1294,2589,3880,5201,6530,7959,9630,11300,1295,1291,1321,1329,1429,1671,1670
31320,"McManus, Sean J.",non-elite,1301,2535,3810,5122,6481,7958,9601,11224,1234,1275,1312,1359,1477,1643,1623
31321,"Spry, Jonathan W",non-elite,1306,2604,3895,5192,6514,7961,9583,11235,1298,1291,1297,1322,1447,1622,1652
31322,"Cooke, Stephanie L.",non-elite,1423,2762,4133,5535,6913,8338,9813,11276,1339,1371,1402,1378,1425,1475,1463
31323,"Worth, Charles Elliot",non-elite,1334,2659,3984,5322,6672,8122,9646,11234,1325,1325,1338,1350,1450,1524,1588
31324,"Petrina, Michael L",non-elite,1309,2604,3908,5256,6623,8056,9547,11209,1295,1304,1348,1367,1433,1491,1662
31325,"Adams, Byron J. II",non-elite,1289,2579,3894,5245,6611,8017,9647,11229,1290,1315,1351,1366,1406,1630,1582
31326,"Guthrie, Stuart G.",non-elite,1282,2555,3822,5126,6471,8115,9713,11269,1273,1267,1304,1345,1644,1598,1556
31327,"Steiner, Manfred",non-elite,1287,2559,3888,5278,6688,8190,9750,11265,1272,1329,1390,1410,1502,1560,1515
31328,"Blackwell, Trish",non-elite,1335,2668,4009,5387,6776,8258,9860,11328,1333,1341,1378,1389,1482,1602,1468
31329,"Murphy, Atlee J.",non-elite,1408,2836,4262,5687,7066,8475,9933,11335,1428,1426,1425,1379,1409,1458,1402
31330,"Taylor, Kevin S.",non-elite,1355,2709,4041,5379,6751,8254,9795,11306,1354,1332,1338,1372,1503,1541,1511
31331,"Kulin, Ian",non-elite,1340,2695,4066,5471,6866,8339,9824,11299,1355,1371,1405,1395,1473,1485,1475
31332,"Miller, Lauren A.",non-elite,1337,2673,4033,5399,6778,8180,9679,11252,1336,1360,1366,1379,1402,1499,1573
31333,"Kilburn, Stephen A.",non-elite,1338,2686,4086,5526,6939,8386,9848,11304,1348,1400,1440,1413,1447,1462,1456
31334,"Gonzalez, Laura",non-elite,1310,2615,3985,5416,6841,8296,9805,11279,1305,1370,1431,1425,1455,1509,1474
31335,"Saxe, Levi K",non-elite,1349,2658,3965,5314,6673,8129,9657,11232,1309,1307,1349,1359,1456,1528,1575
31336,"Chalmers, James A III",non-elite,1373,2778,4166,5606,7007,8443,9895,11320,1405,1388,1440,1401,1436,1452,1425
31337,"Teklits, David L",non-elite,1284,2567,3864,5203,6568,8025,9563,11170,1283,1297,1339,1365,1457,1538,1607
31338,"Johnson, Gina M",non-elite,1347,2720,4099,5499,6892,8330,9793,11283,1373,1379,1400,1393,1438,1463,1490
31339,"Aguirre, Ignacio",non-elite,1271,2546,3835,5170,6592,8110,9649,11164,1275,1289,1335,1422,1518,1539,1515
31340,"Marben, Thomas R.",non-elite,1326,2675,3992,5324,6676,8091,9569,11192,1349,1317,1332,1352,1415,1478,1623
31341,"Divecchia, Melissa K.",non-elite,1323,2638,3967,5329,6722,8205,9726,11283,1315,1329,1362,1393,1483,1521,1557
31342,"Hintz, Lauren",non-elite,1294,2607,3938,5305,6688,8120,9618,11220,1313,1331,1367,1383,1432,1498,1602
31343,"Gumkowski, Michal",non-elite,1350,2701,4063,5439,6825,8289,9799,11308,1351,1362,1376,1386,1464,1510,1509
31344,"Lehman, Clint B",non-elite,1333,2730,4064,5545,7043,8447,9892,11357,1397,1334,1481,1498,1404,1445,1465
31346,"Novak, Matthew D",non-elite,1266,2520,3771,5049,6352,7900,9487,11282,1254,1251,1278,1303,1548,1587,1795
31347,"Staples, Mark A",non-elite,1240,2526,3844,5194,6545,7961,9479,11173,1286,1318,1350,1351,1416,1518,1694
31348,"Lappi, Timo",non-elite,1288,2592,3900,5268,6656,8110,9619,11211,1304,1308,1368,1388,1454,1509,1592
31349,"Thomas, Kurt",non-elite,1276,2572,3919,5330,6749,8243,9776,11288,1296,1347,1411,1419,1494,1533,1512
31350,"Sullivan, Mark A.",non-elite,1230,2541,3919,5362,6824,8327,9823,11297,1311,1378,1443,1462,1503,1496,1474
31351,"Rourke, Howard N.",non-elite,1347,2719,4090,5476,6940,8396,9871,11318,1372,1371,1386,1464,1456,1475,1447
31352,"Stent, Michael",non-elite,1234,2424,3639,5070,6459,7932,9534,11251,1190,1215,1431,1389,1473,1602,1717
31353,"Zeberkiewicz, John Mark",non-elite,1318,2629,3945,5311,6732,8278,9817,11298,1311,1316,1366,1421,1546,1539,1481
31354,"Beringer, Alexander H",non-elite,1320,2667,4040,5474,6863,8368,9899,11347,1347,1373,1434,1389,1505,1531,1448
31355,"Schroeder, Allison N",non-elite,1268,2536,3810,5133,6456,7839,9367,11125,1268,1274,1323,1323,1383,1528,1758
31356,"Cassineri, Michael",non-elite,1272,2545,3830,5173,6550,8012,9596,11224,1273,1285,1343,1377,1462,1584,1628
31357,"Julian, Ted",non-elite,1258,2511,3773,5171,6559,8027,9656,11169,1253,1262,1398,1388,1468,1629,1513
31358,"Baade, Greg",non-elite,1171,2317,3502,4827,6454,8029,9626,11283,1146,1185,1325,1627,1575,1597,1657
31359,"Hashimoto, Steven G",non-elite,1269,2540,3826,5163,6523,8012,9599,11236,1271,1286,1337,1360,1489,1587,1637
31360,"Socia, Kevin W",non-elite,1347,2673,4095,5474,6986,8411,9873,11307,1326,1422,1379,1512,1425,1462,1434
31361,"Harris, David E",non-elite,1276,2576,3883,5211,6563,8002,9585,11192,1300,1307,1328,1352,1439,1583,1607
31362,"Titus, Brett",non-elite,1264,2532,3805,5100,6399,7800,9409,11191,1268,1273,1295,1299,1401,1609,1782
31363,"Stewart, Brent",non-elite,1298,2615,3936,5291,6677,8101,9575,11167,1317,1321,1355,1386,1424,1474,1592
31364,"Smith, John P.",non-elite,1184,2358,3573,4849,6199,7666,9399,11182,1174,1215,1276,1350,1467,1733,1783
31365,"Martinez, Cynthia S",non-elite,1436,2860,4287,5696,7097,8535,9975,11360,1424,1427,1409,1401,1438,1440,1385
31366,"Kahn, Mike",non-elite,1327,2669,4009,5398,6758,8180,9681,11206,1342,1340,1389,1360,1422,1501,1525
31367,"Brounstein, Dan",non-elite,1314,2635,3970,5316,6692,8133,9721,11265,1321,1335,1346,1376,1441,1588,1544
31368,"Jeffroy, Katel",non-elite,1320,2659,3999,5378,6773,8236,9756,11270,1339,1340,1379,1395,1463,1520,1514
31369,"Greguske, Ryan",non-elite,1329,2639,3988,5373,6784,8248,9769,11286,1310,1349,1385,1411,1464,1521,1517
31370,"Buwalda, Rob",non-elite,1406,2809,4194,5612,7037,8497,9985,11387,1403,1385,1418,1425,1460,1488,1402
31371,"Harkema, Lindsay R.",non-elite,1263,2530,3800,5103,6459,7963,9672,11257,1267,1270,1303,1356,1504,1709,1585
31372,"Busch, Taylor",non-elite,1299,2606,3931,5309,6726,8234,9775,11291,1307,1325,1378,1417,1508,1541,1516
31373,"Porter, Amanda C.",non-elite,1290,2594,3946,5359,6787,8377,9893,11351,1304,1352,1413,1428,1590,1516,1458
31374,"Brightwell, Patrick II",non-elite,1258,2517,3793,5138,6547,8081,9664,11240,1259,1276,1345,1409,1534,1583,1576
31375,"Hulett, Michael",non-elite,1239,2475,3724,5001,6305,7779,9435,11159,1236,1249,1277,1304,1474,1656,1724
31376,"Chico, Michael R",non-elite,1297,2627,3963,5332,6759,8241,9751,11307,1330,1336,1369,1427,1482,1510,1556
31377,"Cadieux, Stephen D",non-elite,1288,2583,3876,5193,6539,8003,9559,11166,1295,1293,1317,1346,1464,1556,1607
31378,"Sieg, Walter R Jr.",non-elite,1324,2617,3915,5218,6609,8061,9628,11307,1293,1298,1303,1391,1452,1567,1679
31379,"Ahn, Deogsang",non-elite,1241,2514,3832,5209,6623,8125,9656,11241,1273,1318,1377,1414,1502,1531,1585
31380,"Chen, Sophia",non-elite,1336,2650,3987,5374,6787,8245,9765,11277,1314,1337,1387,1413,1458,1520,1512
31381,"Dawes, Jaime",non-elite,1330,2677,4056,5451,6864,8327,9829,11324,1347,1379,1395,1413,1463,1502,1495
31382,"Charters, Andrew",non-elite,1243,2486,3718,4995,6314,7722,9273,11304,1243,1232,1277,1319,1408,1551,2031
31383,"Brokaw, Theresa",non-elite,1436,2841,4242,5663,7083,8511,9960,11382,1405,1401,1421,1420,1428,1449,1422
31384,"Valladares, Maureen",non-elite,1283,2596,3992,5409,6841,8321,9838,11320,1313,1396,1417,1432,1480,1517,1482
31385,"Prat Escayola, Juan",non-elite,1341,2676,4014,5386,6768,8228,9792,11306,1335,1338,1372,1382,1460,1564,1514
31386,"Samuelson, Abby",non-elite,1281,2580,3919,5307,6711,8190,9710,11271,1299,1339,1388,1404,1479,1520,1561
31387,"Shanley, Molly",non-elite,1377,2725,4074,5450,6818,8206,9736,11301,1348,1349,1376,1368,1388,1530,1565
31388,"Harber, Matthew",non-elite,1216,2416,3636,4867,6116,7455,9240,11257,1200,1220,1231,1249,1339,1785,2017
31389,"Keeter, Rachel",non-elite,1451,2871,4281,5692,7096,8524,9959,11360,1420,1410,1411,1404,1428,1435,1401
31390,"Jones, Michael D",non-elite,1261,2523,3778,5046,6356,7806,9413,11157,1262,1255,1268,1310,1450,1607,1744
31391,"Pochas, Eric",non-elite,1395,2787,4179,5569,6955,8401,9841,11295,1392,1392,1390,1386,1446,1440,1454
31392,"Turner, Jared R",non-elite,1216,2417,3636,4894,6320,7817,9455,11258,1201,1219,1258,1426,1497,1638,1803
31393,"Zollinger, Amy M.",non-elite,1241,2497,3789,5134,6498,7964,9557,11219,1256,1292,1345,1364,1466,1593,1662
31394,"Baum, Eric V.",non-elite,1218,2452,3689,4964,6354,7784,9462,11294,1234,1237,1275,1390,1430,1678,1832
31395,"Klebe, Alexandra",non-elite,1446,2855,4264,5678,7103,8515,9926,11349,1409,1409,1414,1425,1412,1411,1423
31396,"Guigas, Bruno",non-elite,1222,2475,3779,5163,6570,8024,9588,11247,1253,1304,1384,1407,1454,1564,1659
31397,"Tassinari, Stefano",non-elite,1287,2569,3864,5199,6563,8035,9618,11239,1282,1295,1335,1364,1472,1583,1621
31398,"Kaknes, Lexie",non-elite,1502,2912,4302,5696,7095,8535,9990,11364,1410,1390,1394,1399,1440,1455,1374
31399,"Barber, David J",non-elite,1398,2825,4254,5704,7119,8550,9983,11374,1427,1429,1450,1415,1431,1433,1391
31400,"Frazier, Eric",non-elite,1298,2606,3932,5288,6692,8185,9746,11309,1308,1326,1356,1404,1493,1561,1563
31401,"Riggs, Jessica",non-elite,1398,2756,4113,5466,6860,8277,9749,11280,1358,1357,1353,1394,1417,1472,1531
31402,"Rouse, Rob",non-elite,1329,2668,4021,5399,6780,8212,9712,11262,1339,1353,1378,1381,1432,1500,1550
31403,"Donnelly, Jennifer M.",non-elite,1314,2636,3967,5378,6832,8335,9815,11346,1322,1331,1411,1454,1503,1480,1531
31404,"Hincman-Francavilla, Julia L",non-elite,1288,2594,3940,5370,6854,8376,9904,11344,1306,1346,1430,1484,1522,1528,1440
31405,"Germain, Andree",non-elite,1355,2728,4116,5534,6960,8433,9908,11328,1373,1388,1418,1426,1473,1475,1420
31406,"Odell, Deanna M",non-elite,1389,2769,4155,5565,6963,8416,9892,11336,1380,1386,1410,1398,1453,1476,1444
31407,"Walsh, Andrew",non-elite,1370,2747,4130,5544,6940,8383,9854,11302,1377,1383,1414,1396,1443,1471,1448
31408,"Granski, Megan",non-elite,1291,2613,3968,5388,6830,8303,9815,11308,1322,1355,1420,1442,1473,1512,1493
31409,"Goupil, Jacques",non-elite,1245,2518,3856,5223,6630,8113,9684,11260,1273,1338,1367,1407,1483,1571,1576
31410,"Caldwell, Dave",non-elite,1270,2562,3867,5223,6601,8074,9653,11248,1292,1305,1356,1378,1473,1579,1595
31411,"Finelli, Lauren",non-elite,1364,2718,4111,5538,6961,8415,9885,11337,1354,1393,1427,1423,1454,1470,1452
31412,"Wallace, Samuel V.",non-elite,1248,2517,3790,5073,6368,7796,9374,11116,1269,1273,1283,1295,1428,1578,1742
31413,"Elledge, Jim",non-elite,1451,2842,4229,5620,7016,8440,9887,11331,1391,1387,1391,1396,1424,1447,1444
31414,"Lynam, Craig",non-elite,1261,2535,3809,5111,6457,7950,9553,11224,1274,1274,1302,1346,1493,1603,1671
31415,"Seaton, Jim",non-elite,1337,2667,4017,5371,6744,8183,9694,11290,1330,1350,1354,1373,1439,1511,1596
31416,"Leeman, Scott",non-elite,1396,2784,4164,5547,6932,8368,9837,11320,1388,1380,1383,1385,1436,1469,1483
31417,"Paredes, Anne",non-elite,1308,2643,4036,5456,6839,8290,9800,11300,1335,1393,1420,1383,1451,1510,1500
31418,"Struby, Neil",non-elite,1355,2733,4105,5489,6884,8355,9859,11324,1378,1372,1384,1395,1471,1504,1465
31419,"Seitzinger, Nicholas",non-elite,1255,2509,3759,5128,6726,8290,9839,11311,1254,1250,1369,1598,1564,1549,1472
31420,"Jablonski, Steven",non-elite,1251,2518,3808,5161,6574,8171,9677,11145,1267,1290,1353,1413,1597,1506,1468
31421,"Edmondson, Chris K",non-elite,1193,2383,3589,4827,6151,7556,9302,11231,1190,1206,1238,1324,1405,1746,1929
31422,"Valdez, Angelica",non-elite,1335,2658,4000,5343,6696,8131,9632,11244,1323,1342,1343,1353,1435,1501,1612
31423,"Bowley, Karolyn A.",non-elite,1216,2462,3748,5102,6515,8067,9689,11255,1246,1286,1354,1413,1552,1622,1566
31424,"Karthas, Timothy",non-elite,1257,2525,3819,5137,6495,7948,9564,11223,1268,1294,1318,1358,1453,1616,1659
31425,"Stasulli, Dominique",non-elite,1345,2653,3957,5299,6732,8258,9807,11356,1308,1304,1342,1433,1526,1549,1549
31426,"Downs, Deborah",non-elite,1436,2845,4233,5609,6993,8393,9841,11316,1409,1388,1376,1384,1400,1448,1475
31427,"Foley, Brian J.",non-elite,1277,2590,3923,5299,6706,8185,9723,11269,1313,1333,1376,1407,1479,1538,1546
31428,"Jarosz, Marzena",non-elite,1431,2842,4261,5679,7094,8548,9994,11370,1411,1419,1418,1415,1454,1446,1376
31429,"Smoker, Rhoda J",non-elite,1389,2769,4159,5563,6957,8388,9874,11350,1380,1390,1404,1394,1431,1486,1476
31430,"Finnegan, Barbara",non-elite,1324,2679,4064,5482,6905,8375,9864,11336,1355,1385,1418,1423,1470,1489,1472
31431,"Feyereisen, Bill",non-elite,1339,2648,3950,5304,6647,8109,9781,11323,1309,1302,1354,1343,1462,1672,1542
31432,"Coler, Andrew D",non-elite,1448,2880,4286,5693,7116,8523,9944,11351,1432,1406,1407,1423,1407,1421,1407
31433,"Cortes, Gabriela",non-elite,1371,2752,4131,5514,6904,8333,9804,11291,1381,1379,1383,1390,1429,1471,1487
31434,"Kreider, Mallory M",non-elite,1216,2461,3755,5119,6545,8070,9640,11199,1245,1294,1364,1426,1525,1570,1559
31435,"Kaiser, Michael",non-elite,1309,2668,4051,5452,6850,8302,9810,11307,1359,1383,1401,1398,1452,1508,1497
31436,"Lynam, Alan",non-elite,1320,2603,3895,5237,6622,8084,9619,11252,1283,1292,1342,1385,1462,1535,1633
31437,"Barba, Uros",non-elite,1294,2589,3882,5235,6651,8147,9727,11283,1295,1293,1353,1416,1496,1580,1556
31438,"Mulholland, Geoffrey",non-elite,1347,2706,4064,5467,6875,8360,9860,11331,1359,1358,1403,1408,1485,1500,1471
31439,"Garcia, Alejandra",non-elite,1414,2764,4123,5524,6939,8390,9874,11331,1350,1359,1401,1415,1451,1484,1457
31440,"Rojas, Patricio A.",non-elite,1357,2686,4034,5433,6824,8289,9798,11300,1329,1348,1399,1391,1465,1509,1502
31441,"Snyder, John L",non-elite,1269,2561,3864,5200,6564,8027,9630,11243,1292,1303,1336,1364,1463,1603,1613
31442,"Nelson, Grace",non-elite,1438,2892,4337,5784,7212,8656,10080,11408,1454,1445,1447,1428,1444,1424,1328
31443,"McPherson, Martina",non-elite,1280,2566,3914,5307,6701,8172,9734,11281,1286,1348,1393,1394,1471,1562,1547
31444,"Dupont, Eve",non-elite,1444,2861,4283,5714,7113,8610,10028,11387,1417,1422,1431,1399,1497,1418,1359
31445,"Repperger, Kathryn K.",non-elite,1388,2784,4161,5551,6948,8397,9875,11328,1396,1377,1390,1397,1449,1478,1453
31446,"Pattie, David C",non-elite,1351,2691,4036,5388,6744,8182,9708,11290,1340,1345,1352,1356,1438,1526,1582
31447,"Dell, Sebastien",non-elite,1290,2596,3951,5358,6771,8268,9816,11332,1306,1355,1407,1413,1497,1548,1516
31448,"Terhorst, Michael",non-elite,1340,2720,4120,5542,6961,8420,9906,11360,1380,1400,1422,1419,1459,1486,1454
31449,"Black, Jason C.",non-elite,1245,2476,3797,5211,6695,8233,9852,11427,1231,1321,1414,1484,1538,1619,1575
31450,"Rubalcava, Jesus",non-elite,1231,2478,3748,5078,6492,8034,9671,11257,1247,1270,1330,1414,1542,1637,1586
31451,"Hayes, Dave",non-elite,1298,2667,4012,5368,6742,8159,9739,11303,1369,1345,1356,1374,1417,1580,1564
31452,"Shin, Emily H.",non-elite,1291,2629,4009,5407,6813,8294,9847,11333,1338,1380,1398,1406,1481,1553,1486
31453,"Timmerman, Mark A",non-elite,1310,2606,3918,5285,6684,8135,9682,11305,1296,1312,1367,1399,1451,1547,1623
31454,"Seigerman, Evan",non-elite,1281,2562,3844,5140,6497,7967,9521,11217,1281,1282,1296,1357,1470,1554,1696
31455,"Smith, Amy N.",non-elite,1378,2744,4119,5546,6989,8458,9932,11359,1366,1375,1427,1443,1469,1474,1427
31456,"Vikstrom, Anders",non-elite,1322,2614,3894,5227,6626,8119,9683,11271,1292,1280,1333,1399,1493,1564,1588
31457,"Jones, Bryan L.",non-elite,1358,2731,4105,5493,6885,8295,9713,11267,1373,1374,1388,1392,1410,1418,1554
31458,"McEwen, Martin I.",non-elite,1253,2525,3808,5145,6540,8009,9604,11250,1272,1283,1337,1395,1469,1595,1646
31459,"Barnett, Carma S",non-elite,1262,2525,3826,5177,6540,7956,9542,11293,1263,1301,1351,1363,1416,1586,1751
31460,"Survil, Jay",non-elite,1299,2580,3868,5194,6553,8007,9622,11259,1281,1288,1326,1359,1454,1615,1637
31461,"Dedekian, Michael A",non-elite,1393,2763,4138,5525,6927,8359,9849,11310,1370,1375,1387,1402,1432,1490,1461
31462,"Favero, Michael J",non-elite,1264,2533,3798,5085,6393,7827,9481,11257,1269,1265,1287,1308,1434,1654,1776
31463,"Ahearn, Amy",non-elite,1378,2752,4108,5475,6827,8250,9757,11280,1374,1356,1367,1352,1423,1507,1523
31464,"Wadel, Terry J",non-elite,1335,2680,4022,5391,6779,8221,9760,11292,1345,1342,1369,1388,1442,1539,1532
31465,"Paterson, Moray F.",non-elite,1200,2462,3775,5152,6568,8085,9660,11242,1262,1313,1377,1416,1517,1575,1582
31466,"Broome, Andy",non-elite,1269,2541,3813,5156,6611,8136,9751,11328,1272,1272,1343,1455,1525,1615,1577
31467,"Eid, Stephen R",non-elite,1353,2706,4042,5403,6788,8276,9805,11336,1353,1336,1361,1385,1488,1529,1531
31468,"Norton, David",non-elite,1231,2472,3748,5083,6476,8006,9669,11311,1241,1276,1335,1393,1530,1663,1642
31469,"Szostak, Travis A",non-elite,1279,2576,3883,5217,6614,8171,9772,11311,1297,1307,1334,1397,1557,1601,1539
31471,"Cannistraro, Joseph C",non-elite,1291,2549,3807,5101,6453,7957,9586,11309,1258,1258,1294,1352,1504,1629,1723
31472,"Smith, Claudia",non-elite,1436,2836,4234,5620,6986,8428,9907,11356,1400,1398,1386,1366,1442,1479,1449
31473,"Marques, Laura",non-elite,1419,2802,4188,5587,7006,8457,9941,11354,1383,1386,1399,1419,1451,1484,1413
31474,"Pekala, Russell",non-elite,1284,2590,3894,5246,6636,8147,9665,11290,1306,1304,1352,1390,1511,1518,1625
31475,"Yanagisawa, Takashi",non-elite,1322,2627,3961,5362,6811,8287,9826,11301,1305,1334,1401,1449,1476,1539,1475
31476,"Porter, Michael J",non-elite,1319,2631,3962,5339,6752,8217,9804,11298,1312,1331,1377,1413,1465,1587,1494
31477,"Allred, Sarah C.",non-elite,1300,2608,3941,5475,6898,8368,9871,11336,1308,1333,1534,1423,1470,1503,1465
31478,"Coblentz, Brent",non-elite,1339,2708,4098,5492,6885,8331,9810,11289,1369,1390,1394,1393,1446,1479,1479
31479,"Phillips, Bradley",non-elite,1340,2688,4036,5444,6866,8334,9831,11315,1348,1348,1408,1422,1468,1497,1484
31480,"Prigge, David",non-elite,1368,2690,3971,5318,6687,8129,9661,11251,1322,1281,1347,1369,1442,1532,1590
31481,"Tlatempa, Amado",non-elite,1163,2347,3550,4881,6472,8172,9754,11343,1184,1203,1331,1591,1700,1582,1589
31482,"Nucuta, Daniel A",non-elite,1423,2824,4187,5576,6964,8405,9889,11343,1401,1363,1389,1388,1441,1484,1454
31483,"Cook, Daniel",non-elite,1362,2822,4155,5557,6941,8356,9809,11305,1460,1333,1402,1384,1415,1453,1496
31484,"Landry, Stephen C",non-elite,1333,2651,3972,5319,6680,8133,9681,11251,1318,1321,1347,1361,1453,1548,1570
31485,"Parker, Eric S",non-elite,1348,2696,4063,5442,6836,8271,9762,11281,1348,1367,1379,1394,1435,1491,1519
31486,"Conner, Daniel J.",non-elite,1393,2784,4209,5649,7086,8532,9963,11380,1391,1425,1440,1437,1446,1431,1417
31487,"James, Ronald L.",non-elite,1443,2898,4330,5742,7150,8583,10001,11379,1455,1432,1412,1408,1433,1418,1378
31488,"Cook, David H.",non-elite,1296,2578,3904,5303,6722,8247,9812,11318,1282,1326,1399,1419,1525,1565,1506
31489,"Campbell, Cathi",non-elite,1309,2634,3983,5366,6763,8210,9748,11323,1325,1349,1383,1397,1447,1538,1575
31490,"Farry, Shawn C",non-elite,1267,2528,3803,5120,6487,7961,9559,11239,1261,1275,1317,1367,1474,1598,1680
31491,"Tadich, Katarina D",non-elite,1353,2700,4061,5431,6819,8235,9729,11304,1347,1361,1370,1388,1416,1494,1575
31492,"Loh, Penn S",non-elite,1448,2877,4289,5716,7129,8542,9976,11370,1429,1412,1427,1413,1413,1434,1394
31493,"Whitaker, Lee",non-elite,1343,2661,4003,5366,6712,8157,9691,11258,1318,1342,1363,1346,1445,1534,1567
31494,"Gutierrez, Regina",non-elite,1378,2723,4074,5459,6835,8307,9934,11368,1345,1351,1385,1376,1472,1627,1434
31495,"Jackson, Steven",non-elite,1290,2585,3876,5179,6576,8038,9661,11272,1295,1291,1303,1397,1462,1623,1611
31496,"Eichert, Jon",non-elite,1306,2579,3845,5145,6611,8147,9760,11255,1273,1266,1300,1466,1536,1613,1495
31497,"Ceballos, Eddie",non-elite,1338,2653,4014,5379,6762,8188,9701,11310,1315,1361,1365,1383,1426,1513,1609
31498,"Voo, Patrick B",non-elite,1338,2679,4056,5478,6926,8387,9891,11334,1341,1377,1422,1448,1461,1504,1443
31499,"Euler, Peter J",non-elite,1288,2573,3873,5230,6604,8082,9695,11296,1285,1300,1357,1374,1478,1613,1601
31500,"Hendrickson, Gina G.",non-elite,1357,2728,4092,5483,6882,8348,9854,11352,1371,1364,1391,1399,1466,1506,1498
31501,"Searls, Matthew T.",non-elite,1276,2528,3787,5082,6446,7963,9565,11307,1252,1259,1295,1364,1517,1602,1742
31502,"Dool, Shauna",non-elite,1364,2749,4130,5534,6924,8371,9866,11345,1385,1381,1404,1390,1447,1495,1479
31503,"Mclean, Sandra",non-elite,1411,2835,4228,5631,7029,8480,9936,11356,1424,1393,1403,1398,1451,1456,1420
31504,"Gottesdiener, Laura M.",non-elite,1411,2802,4195,5683,7083,8499,9938,11349,1391,1393,1488,1400,1416,1439,1411
31505,"Bird, Sherida",non-elite,1299,2608,3932,5273,6607,7992,9618,11319,1309,1324,1341,1334,1385,1626,1701
31506,"Taylor, David",non-elite,1225,2437,3693,5058,6484,8033,9661,11314,1212,1256,1365,1426,1549,1628,1653
31507,"Martin, Nicole D",non-elite,1357,2711,4067,5475,6852,8286,9815,11330,1354,1356,1408,1377,1434,1529,1515
31508,"Reynolds, Seth C",non-elite,1314,2633,3960,5333,6724,8156,9628,11228,1319,1327,1373,1391,1432,1472,1600
31509,"Massey, Dayle",non-elite,1388,2788,4197,5617,7020,8479,9936,11351,1400,1409,1420,1403,1459,1457,1415
31510,"Oliver, Kevin W",non-elite,1438,2858,4258,5668,7072,8505,9966,11378,1420,1400,1410,1404,1433,1461,1412
31511,"Smith, Travis P.",non-elite,1133,2250,3393,4594,5879,7567,9961,11349,1117,1143,1201,1285,1688,2394,1388
31512,"Witt, Marshall",non-elite,1408,2807,4210,5618,7025,8464,9919,11353,1399,1403,1408,1407,1439,1455,1434
31513,"Cavasinni, Joe E",non-elite,1356,2735,4118,5519,6917,8376,9860,11337,1379,1383,1401,1398,1459,1484,1477
31514,"Burns, Liam",non-elite,1447,2868,4290,5715,7137,8570,10002,11388,1421,1422,1425,1422,1433,1432,1386
31515,"Lesco, Donald F",non-elite,1394,2811,4200,5598,7008,8473,9932,11363,1417,1389,1398,1410,1465,1459,1431
31516,"Stone, Kyle M",non-elite,1393,2796,4196,5633,7054,8553,10030,11387,1403,1400,1437,1421,1499,1477,1357
31517,"Lederer, Peter",non-elite,1250,2501,3784,5181,6599,8119,9718,11288,1251,1283,1397,1418,1520,1599,1570
31518,"Miller, Kenny",non-elite,1265,2541,3859,5175,6566,8058,9682,11323,1276,1318,1316,1391,1492,1624,1641
31519,"Sanchez, Alan D Sr.",non-elite,1298,2556,3821,5136,6490,7970,9603,11183,1258,1265,1315,1354,1480,1633,1580
31520,"Komnenich, Katie A.",non-elite,1396,2812,4221,5644,7059,8502,9932,11383,1416,1409,1423,1415,1443,1430,1451
31521,"Manion, Linda",non-elite,1363,2722,4088,5538,6974,8485,9957,11368,1359,1366,1450,1436,1511,1472,1411
31522,"Boswell, Eric",non-elite,1389,2779,4152,5540,6920,8379,9883,11335,1390,1373,1388,1380,1459,1504,1452
31523,"Hagerty, Claire",non-elite,1426,2830,4230,5664,7056,8479,9910,11331,1404,1400,1434,1392,1423,1431,1421
31524,"Sears, Todd",non-elite,1408,2799,4167,5547,6931,8368,9857,11357,1391,1368,1380,1384,1437,1489,1500
31525,"Forestell, Elizabeth",non-elite,1407,2795,4176,5574,6971,8400,9887,11348,1388,1381,1398,1397,1429,1487,1461
31526,"Chovin, Colin",non-elite,1443,2873,4284,5686,7119,8556,9999,11391,1430,1411,1402,1433,1437,1443,1392
31527,"Janaszak, Brian A",non-elite,1295,2598,3918,5313,6710,8117,9611,11216,1303,1320,1395,1397,1407,1494,1605
31528,"Hibbitts, Troy",non-elite,1239,2498,3778,5107,6491,8009,9624,11266,1259,1280,1329,1384,1518,1615,1642
31529,"Pyle, Press",non-elite,1360,2713,4079,5453,6806,8181,9691,11295,1353,1366,1374,1353,1375,1510,1604
31530,"Knudson, Michael P.",non-elite,1318,2614,3896,5192,6530,8120,9689,11316,1296,1282,1296,1338,1590,1569,1627
31531,"Lausin, Gerald M",non-elite,1297,2602,3924,5336,6838,8296,9782,11335,1305,1322,1412,1502,1458,1486,1553
31532,"Fascione, Lindsey",non-elite,1333,2664,4008,5444,6894,8392,9920,11386,1331,1344,1436,1450,1498,1528,1466
31533,"Gallagher, Robert",non-elite,1351,2692,4049,5450,6856,8311,9804,11335,1341,1357,1401,1406,1455,1493,1531
31534,"Airey, David W",non-elite,1367,2727,4098,5492,6888,8335,9826,11299,1360,1371,1394,1396,1447,1491,1473
31535,"Kalnay, Boyd",non-elite,1301,2622,3970,5349,6761,8270,9813,11330,1321,1348,1379,1412,1509,1543,1517
31536,"Hendrickson, Sara",non-elite,1359,2715,4086,5481,6864,8327,9832,11313,1356,1371,1395,1383,1463,1505,1481
31537,"Kassnel, Justin L",non-elite,1358,2674,3983,5304,6625,8023,9444,11131,1316,1309,1321,1321,1398,1421,1687
31538,"Morgenroth, Christine",non-elite,1352,2728,4107,5502,6932,8369,9843,11331,1376,1379,1395,1430,1437,1474,1488
31539,"Logue, Michael S",non-elite,1133,2274,3530,5048,6421,7995,9366,11262,1141,1256,1518,1373,1574,1371,1896
31540,"Bastian, Emily A.",non-elite,1388,2777,4145,5557,6975,8438,9914,11363,1389,1368,1412,1418,1463,1476,1449
31541,"Fletes, Jorge",non-elite,1374,2720,4071,5457,6864,8339,9868,11367,1346,1351,1386,1407,1475,1529,1499
31542,"Burkholder, Alan",non-elite,1272,2563,3860,5205,6582,8051,9633,11286,1291,1297,1345,1377,1469,1582,1653
31543,"Zarate, Ivan II",non-elite,1266,2519,3816,5175,6560,8034,9735,11408,1253,1297,1359,1385,1474,1701,1673
31544,"Dugger, Laura",non-elite,1388,2769,4179,5626,7041,8495,9963,11387,1381,1410,1447,1415,1454,1468,1424
31545,"Rennemo, Erlend",non-elite,1290,2548,3822,5144,6489,7945,9529,11215,1258,1274,1322,1345,1456,1584,1686
31546,"Walker, Kerry",non-elite,1302,2646,4023,5489,6916,8425,9921,11346,1344,1377,1466,1427,1509,1496,1425
31547,"Darer, Michael",non-elite,1434,2821,4215,5625,7009,8458,9939,11396,1387,1394,1410,1384,1449,1481,1457
31548,"Pinho, Frank M. Sr.",non-elite,1382,2775,4161,5563,6933,8357,9831,11332,1393,1386,1402,1370,1424,1474,1501
31549,"Bauer, Carl",non-elite,1366,2720,4088,5451,6819,8230,9703,11279,1354,1368,1363,1368,1411,1473,1576
31550,"Langer, Nick L",non-elite,1191,2390,3604,4902,6467,8008,9734,11340,1199,1214,1298,1565,1541,1726,1606
31551,"Lau, Michael",non-elite,1314,2659,4013,5407,6816,8261,9775,11296,1345,1354,1394,1409,1445,1514,1521
31552,"Bauer, Stefanie I",non-elite,1376,2740,4127,5532,6970,8423,9911,11381,1364,1387,1405,1438,1453,1488,1470
31553,"Stoner, Benjamin",non-elite,1252,2498,3756,5114,6579,8086,9679,11250,1246,1258,1358,1465,1507,1593,1571
31554,"Valentini, Aldo",non-elite,1296,2627,3960,5321,6705,8150,9671,11270,1331,1333,1361,1384,1445,1521,1599
31555,"Aldridge, Mary E",non-elite,1355,2706,4048,5431,6835,8274,9838,11326,1351,1342,1383,1404,1439,1564,1488
31556,"Van Bolderen, Joe",non-elite,1204,2385,3571,4802,6108,7504,9152,11309,1181,1186,1231,1306,1396,1648,2157
31557,"Pochini, Kyle F",non-elite,1225,2444,3693,4981,6295,7797,9507,11306,1219,1249,1288,1314,1502,1710,1799
31558,"Uldrick, Thomas",non-elite,1382,2774,4164,5566,6961,8398,9882,11343,1392,1390,1402,1395,1437,1484,1461
31559,"Mackenzie-Betty, Andrew",non-elite,1339,2682,4061,5450,6860,8327,9875,11357,1343,1379,1389,1410,1467,1548,1482
31560,"Deroian, Kenny",non-elite,1300,2604,3902,5236,6611,8121,9724,11314,1304,1298,1334,1375,1510,1603,1590
31561,"Nickerson, Matthew",non-elite,1328,2645,3988,5373,6833,8366,9909,11368,1317,1343,1385,1460,1533,1543,1459
31562,"Rech, Dan",non-elite,1325,2678,4042,5426,6831,8275,9817,11349,1353,1364,1384,1405,1444,1542,1532
31563,"Martinez Fumoleau, David Sr.",non-elite,1302,2601,3911,5235,6619,8111,9636,11266,1299,1310,1324,1384,1492,1525,1630
31564,"Berger, David M",non-elite,1310,2590,3883,5230,6617,8076,9641,11282,1280,1293,1347,1387,1459,1565,1641
31565,"Montgomery, John",non-elite,1337,2652,3953,5289,6652,8205,9735,11293,1315,1301,1336,1363,1553,1530,1558
31566,"Lutz, Craig",non-elite,1253,2502,3766,5084,6508,8093,9732,11345,1249,1264,1318,1424,1585,1639,1613
31567,"Verdi, Daniel",non-elite,1284,2562,3866,5237,6757,8356,9753,11279,1278,1304,1371,1520,1599,1397,1526
31568,"Yehezkeli, Nitzan",non-elite,1245,2510,3815,5221,6707,8232,9750,11305,1265,1305,1406,1486,1525,1518,1555
31569,"Yehezkeli, Niv",non-elite,1245,2510,3815,5221,6708,8232,9750,11305,1265,1305,1406,1487,1524,1518,1555
31570,"Muething, Dan J",non-elite,1243,2466,3672,4901,6149,7642,9720,11325,1223,1206,1229,1248,1493,2078,1605
31571,"Vedova, Gabriele",non-elite,1288,2620,3958,5356,6761,8238,9786,11330,1332,1338,1398,1405,1477,1548,1544
31572,"Leibforth, Jaclyn L",non-elite,1391,2785,4182,5621,7056,8510,9977,11391,1394,1397,1439,1435,1454,1467,1414
31573,"Bresler, Nick R",non-elite,1323,2643,3961,5310,6671,8106,9638,11260,1320,1318,1349,1361,1435,1532,1622
31574,"Granchalek, Gustav",non-elite,1301,2566,3862,5218,6673,8208,9778,11338,1265,1296,1356,1455,1535,1570,1560
31575,"Meyer, Dan",non-elite,1393,2783,4184,5592,6987,8451,9927,11379,1390,1401,1408,1395,1464,1476,1452
31576,"Gann, Jefferson C",non-elite,1313,2607,3914,5282,6641,8035,9738,11361,1294,1307,1368,1359,1394,1703,1623
31577,"Scherr, Charles",non-elite,1334,2667,3992,5317,6626,7980,9662,11291,1333,1325,1325,1309,1354,1682,1629
31578,"Leu, Aaron",non-elite,1406,2807,4197,5602,6998,8427,9896,11346,1401,1390,1405,1396,1429,1469,1450
31579,"Wei, Melissa",non-elite,1372,2725,4084,5481,6897,8365,9871,11359,1353,1359,1397,1416,1468,1506,1488
31580,"Saucedo, Bernardo",non-elite,1245,2492,3752,5026,6351,7798,9438,11145,1247,1260,1274,1325,1447,1640,1707
31581,"Darby, Sarah E.",non-elite,1385,2768,4138,5521,6898,8347,9865,11352,1383,1370,1383,1377,1449,1518,1487
31582,"Sellars, Cassie",non-elite,1362,2719,4076,5472,6887,8369,9891,11368,1357,1357,1396,1415,1482,1522,1477
31583,"Putnam, Rick",non-elite,1451,2847,4226,5597,6976,8415,9928,11358,1396,1379,1371,1379,1439,1513,1430
31584,"Bonzi, Maria S",non-elite,1291,2594,3938,5377,6827,8352,9892,11382,1303,1344,1439,1450,1525,1540,1490
31585,"Abreu, Boris",non-elite,1425,2844,4253,5685,7098,8519,9976,11396,1419,1409,1432,1413,1421,1457,1420
31586,"Onufrechuk, Shane D",non-elite,1281,2586,3912,5286,6710,8240,9808,11318,1305,1326,1374,1424,1530,1568,1510
31587,"Spangler, Kaitlyn A",non-elite,1367,2720,4100,5492,7025,8481,9945,11408,1353,1380,1392,1533,1456,1464,1463
31588,"Slade, Steve",non-elite,1389,2764,4125,5498,6872,8299,9824,11297,1375,1361,1373,1374,1427,1525,1473
31589,"Ducore, Michael S",non-elite,1310,2607,3906,5240,6623,8074,9551,11136,1297,1299,1334,1383,1451,1477,1585
31590,"Klein, Jennifer",non-elite,1417,2825,4233,5653,7055,8485,9936,11382,1408,1408,1420,1402,1430,1451,1446
31591,"Bernard, Michel",non-elite,1261,2542,3836,5240,6671,8190,9787,11349,1281,1294,1404,1431,1519,1597,1562
31592,"Brewer, Joshua D.",non-elite,1410,2830,4209,5619,6998,8410,9865,11342,1420,1379,1410,1379,1412,1455,1477
31593,"Barba, Jose A.",non-elite,1309,2631,3978,5361,6744,8214,9751,11319,1322,1347,1383,1383,1470,1537,1568
31594,"Brillinger, Matt",non-elite,1365,2744,4079,5448,6827,8271,9790,11346,1379,1335,1369,1379,1444,1519,1556
31595,"Gao, Yun",non-elite,1342,2681,4029,5407,6794,8231,9716,11305,1339,1348,1378,1387,1437,1485,1589
31596,"Inselman, Jonathan",non-elite,1309,2600,3878,5174,6523,8072,9669,11293,1291,1278,1296,1349,1549,1597,1624
31597,"Attwood, Sarah",non-elite,1372,2755,4154,5601,7061,8521,9963,11400,1383,1399,1447,1460,1460,1442,1437
31599,"Lamson, Tim",non-elite,1356,2679,4037,5465,6918,8390,9887,11365,1323,1358,1428,1453,1472,1497,1478
31600,"Tarullo, Ken",non-elite,1369,2752,4104,5480,6872,8324,9898,11346,1383,1352,1376,1392,1452,1574,1448
31601,"Davies, Ashley E.",non-elite,1470,2976,4454,5860,7262,8695,10110,11449,1506,1478,1406,1402,1433,1415,1339
31602,"Kang, Jonathan",non-elite,1331,2702,4089,5494,6907,8374,9888,11366,1371,1387,1405,1413,1467,1514,1478
31603,"Dalbey, Matthew",non-elite,1333,2664,4026,5424,6838,8327,9866,11368,1331,1362,1398,1414,1489,1539,1502
31604,"Axinn, Michael",non-elite,1242,2494,3758,5044,6402,7922,9596,11320,1252,1264,1286,1358,1520,1674,1724
31605,"Hevner, Tiffany",non-elite,1340,2680,4029,5412,6808,8251,9756,11328,1340,1349,1383,1396,1443,1505,1572
31606,"Michaels, Ethan L.",non-elite,1293,2622,3973,5359,6772,8257,9808,11344,1329,1351,1386,1413,1485,1551,1536
31607,"Parente, Eduardo A. Sr.",non-elite,1260,2521,3787,5088,6456,7969,9649,11239,1261,1266,1301,1368,1513,1680,1590
31608,"Torok, Steve",non-elite,1429,2843,4267,5685,7102,8543,9993,11393,1414,1424,1418,1417,1441,1450,1400
31609,"Sinclair, Mimi",non-elite,1299,2608,4007,5405,6837,8324,9879,11387,1309,1399,1398,1432,1487,1555,1508
31610,"Cole, Alyssa R",non-elite,1304,2591,3883,5286,6736,8247,9821,11394,1287,1292,1403,1450,1511,1574,1573
31611,"Cieslik, Greg",non-elite,1341,2689,4052,5421,6797,8262,9845,11345,1348,1363,1369,1376,1465,1583,1500
31612,"Mcveigh, David",non-elite,1318,2630,3934,5273,6633,8054,9672,11326,1312,1304,1339,1360,1421,1618,1654
31613,"Bovee, Allison",non-elite,1417,2827,4215,5595,6977,8418,9917,11380,1410,1388,1380,1382,1441,1499,1463
31614,"Jaehnig, Emily",non-elite,1354,2724,4106,5530,6944,8415,9908,11390,1370,1382,1424,1414,1471,1493,1482
31615,"Lisofsky, Tom",non-elite,1198,2407,3646,4976,6426,8025,9714,11381,1209,1239,1330,1450,1599,1689,1667
31616,"Lau, Yiu Fun Jonathan",non-elite,1152,2319,3524,4882,6302,7911,9630,11295,1167,1205,1358,1420,1609,1719,1665
31617,"Mellor, Ted",non-elite,1419,2857,4277,5710,7109,8541,9983,11403,1438,1420,1433,1399,1432,1442,1420
31618,"Forman, Simon",non-elite,1260,2539,3841,5340,6870,8422,9952,11389,1279,1302,1499,1530,1552,1530,1437
31619,"Wardle, Scott",non-elite,1359,2729,4124,5567,6999,8468,9954,11414,1370,1395,1443,1432,1469,1486,1460
31620,"Wiles, Kip",non-elite,1405,2795,4190,5586,6971,8369,9818,11334,1390,1395,1396,1385,1398,1449,1516
31621,"Adams, Justin",non-elite,1202,2398,3609,4844,6252,7834,9589,11283,1196,1211,1235,1408,1582,1755,1694
31622,"Rivera, William",non-elite,1273,2541,3803,5087,6409,7931,9692,11291,1268,1262,1284,1322,1522,1761,1599
31623,"Frost, Hans J.",non-elite,1360,2698,4038,5415,6822,8317,9851,11333,1338,1340,1377,1407,1495,1534,1482
31624,"Scarpitti, Christopher L",non-elite,1292,2567,3821,5110,6396,7802,9521,11324,1275,1254,1289,1286,1406,1719,1803
31625,"Schmitz, Jake",non-elite,1075,2177,3358,4657,6005,7448,9140,11220,1102,1181,1299,1348,1443,1692,2080
31626,"Brena, Sergio",non-elite,1304,2596,3888,5224,6597,8055,9619,11262,1292,1292,1336,1373,1458,1564,1643
31627,"Reynolds, Tim",non-elite,1241,2503,3812,5150,6516,8027,9669,11303,1262,1309,1338,1366,1511,1642,1634
31628,"Ragsdale, Mark",non-elite,1349,2694,4067,5484,6926,8402,9908,11376,1345,1373,1417,1442,1476,1506,1468
31629,"Zhang, Jun",non-elite,1272,2532,3795,5077,6354,7731,9248,11019,1260,1263,1282,1277,1377,1517,1771
31630,"Beaulieu, Bruce P",non-elite,1307,2594,3938,5361,6798,8304,9844,11348,1287,1344,1423,1437,1506,1540,1504
31631,"Hoffman, Lyle",non-elite,1304,2622,3954,5298,6685,8150,9707,11324,1318,1332,1344,1387,1465,1557,1617
31632,"Noha, Stacie",non-elite,1262,2572,3908,5275,6665,8141,9714,11297,1310,1336,1367,1390,1476,1573,1583
31633,"Lockwood, Max",non-elite,1302,2586,3843,5126,6424,7816,9480,11214,1284,1257,1283,1298,1392,1664,1734
31634,"Meier, David",non-elite,1412,2820,4221,5623,7017,8459,9916,11375,1408,1401,1402,1394,1442,1457,1459
31635,"Leonelli, Ryan C",non-elite,1306,2637,4005,5385,6824,8302,9875,11369,1331,1368,1380,1439,1478,1573,1494
31636,"Marasa, Rochelle M.",non-elite,1323,2664,4021,5449,6874,8355,9912,11404,1341,1357,1428,1425,1481,1557,1492
31637,"Uranga-Lamadrid, Raul A",non-elite,1294,2609,3963,5364,6795,8259,9773,11307,1315,1354,1401,1431,1464,1514,1534
31638,"Hoadley, Alexis S",non-elite,1297,2628,4055,5478,6896,8360,9871,11356,1331,1427,1423,1418,1464,1511,1485
31639,"Shelton, Kaleb L",non-elite,1230,2464,3737,5047,6385,7799,9365,11289,1234,1273,1310,1338,1414,1566,1924
31640,"Brammer, Christoph",non-elite,1268,2576,3919,5320,6733,8226,9772,11342,1308,1343,1401,1413,1493,1546,1570
31641,"Matthews, Jennifer",non-elite,1347,2696,4098,5528,6960,8434,9928,11394,1349,1402,1430,1432,1474,1494,1466
31642,"Weddell, Jim",non-elite,1321,2637,3972,5364,6801,8290,9813,11342,1316,1335,1392,1437,1489,1523,1529
31643,"Tompkins, Bren",non-elite,1264,2529,3799,5147,6601,8141,9769,11328,1265,1270,1348,1454,1540,1628,1559
31644,"Toll, Anders",non-elite,1247,2521,3859,5271,6694,8204,9765,11347,1274,1338,1412,1423,1510,1561,1582
31645,"Niemeier, Sarah",non-elite,1533,3063,4553,6024,7438,8831,10178,11480,1530,1490,1471,1414,1393,1347,1302
31646,"Kwon, Deukwoo",non-elite,1251,2550,3919,5373,6797,8319,9917,11396,1299,1369,1454,1424,1522,1598,1479
31647,"Marrichi, Paul",non-elite,1309,2639,3981,5347,6737,8207,9750,11339,1330,1342,1366,1390,1470,1543,1589
31648,"Fast, Katie O.",non-elite,1343,2702,4072,5459,6842,8339,9843,11361,1359,1370,1387,1383,1497,1504,1518
31649,"Braund, Tammi J.",non-elite,1228,2472,3861,5299,6770,8300,9860,11407,1244,1389,1438,1471,1530,1560,1547
31650,"Crockett, Paul",non-elite,1275,2539,3824,5139,6472,7872,9403,11264,1264,1285,1315,1333,1400,1531,1861
31651,"Da Silva, Mario",non-elite,1306,2609,3909,5246,6734,8258,9800,11333,1303,1300,1337,1488,1524,1542,1533
31652,"Schuller, Craig",non-elite,1338,2681,4035,5425,6822,8264,9752,11295,1343,1354,1390,1397,1442,1488,1543
31653,"Castro, Pablo S",non-elite,1276,2558,3879,5251,6658,8251,9806,11377,1282,1321,1372,1407,1593,1555,1571
31654,"Jauregui, Joseph",non-elite,1260,2513,3790,5068,6367,7741,9298,11126,1253,1277,1278,1299,1374,1557,1828
31655,"Morton, Shawn",non-elite,1289,2576,3859,5160,6606,8113,9730,11318,1287,1283,1301,1446,1507,1617,1588
31656,"Riley, Michael A",non-elite,1382,2750,4130,5513,6942,8376,9872,11406,1368,1380,1383,1429,1434,1496,1534
31657,"Corrigan, John",non-elite,1331,2686,4056,5444,6842,8296,9839,11373,1355,1370,1388,1398,1454,1543,1534
31658,"Lynn, Marissa H.",non-elite,1434,2848,4241,5638,7047,8486,9976,11419,1414,1393,1397,1409,1439,1490,1443
31659,"Lambert, Carmen M.",non-elite,1358,2711,4087,5529,6956,8432,9939,11381,1353,1376,1442,1427,1476,1507,1442
31660,"Penwell, Melissa",non-elite,1266,2563,3895,5317,6788,8312,9869,11390,1297,1332,1422,1471,1524,1557,1521
31661,"Henriksson, Patrik",non-elite,1272,2554,3855,5211,6624,8212,9792,11356,1282,1301,1356,1413,1588,1580,1564
31662,"Hawryluk, Krystina S",non-elite,1387,2775,4182,5592,7064,8508,9986,11420,1388,1407,1410,1472,1444,1478,1434
31663,"Cairns, Stephen T.",non-elite,1380,2744,4142,5567,6999,8487,9978,11422,1364,1398,1425,1432,1488,1491,1444
31664,"Buttlar, William G",non-elite,1403,2814,4211,5618,7010,8443,9912,11390,1411,1397,1407,1392,1433,1469,1478
31665,"Blackmore, Allison L.",non-elite,1365,2747,4144,5569,7008,8492,9974,11411,1382,1397,1425,1439,1484,1482,1437
31666,"Cremeans, Cara M.",non-elite,1469,2905,4314,5726,7136,8541,9984,11402,1436,1409,1412,1410,1405,1443,1418
31667,"Taylor, Michael",non-elite,1318,2644,3990,5396,6848,8346,9899,11391,1326,1346,1406,1452,1498,1553,1492
31668,"Cucuzzella, Neil V",non-elite,1367,2671,3959,5266,6602,8210,9779,11319,1304,1288,1307,1336,1608,1569,1540
31669,"Murray, Bob",non-elite,1306,2619,3943,5325,6716,8171,9731,11315,1313,1324,1382,1391,1455,1560,1584
31670,"Dale, Jon M",non-elite,1364,2731,4106,5494,6883,8316,9839,11356,1367,1375,1388,1389,1433,1523,1517
31671,"Bast, Christopher",non-elite,1377,2774,4164,5590,7013,8481,9968,11420,1397,1390,1426,1423,1468,1487,1452
31672,"Murphy, Jay",non-elite,1388,2779,4165,5563,6946,8346,9819,11335,1391,1386,1398,1383,1400,1473,1516
31673,"Van Den Bos, Gerrit J",non-elite,1318,2607,3903,5264,6675,8187,9844,11434,1289,1296,1361,1411,1512,1657,1590
31674,"Constable, Chris",non-elite,1304,2615,3925,5298,6681,8152,9700,11299,1311,1310,1373,1383,1471,1548,1599
31675,"Cockerham, Ross",non-elite,1258,2500,3805,5155,6554,8173,9894,11413,1242,1305,1350,1399,1619,1721,1519
31676,"Craig, Michael P",non-elite,1372,2735,4091,5466,6857,8332,9863,11388,1363,1356,1375,1391,1475,1531,1525
31677,"Remley, Molly",non-elite,1362,2697,4021,5387,6835,8289,9835,11366,1335,1324,1366,1448,1454,1546,1531
31678,"Wasend, Matea",non-elite,1419,2829,4243,5676,7106,8569,10044,11456,1410,1414,1433,1430,1463,1475,1412
31679,"O'Brien, Kevin J",non-elite,1281,2583,3901,5265,6662,8124,9691,11306,1302,1318,1364,1397,1462,1567,1615
31680,"Doherty, Lindsay",non-elite,1348,2683,4017,5370,6731,8206,9771,11318,1335,1334,1353,1361,1475,1565,1547
31681,"Mahakian, Jason",non-elite,1348,2683,4017,5369,6729,8206,9770,11316,1335,1334,1352,1360,1477,1564,1546
31682,"Fahy, David J",non-elite,1234,2507,3824,5180,6556,8022,9559,11232,1273,1317,1356,1376,1466,1537,1673
31683,"Dunn, Michael E",non-elite,1322,2661,4010,5382,6770,8238,9802,11345,1339,1349,1372,1388,1468,1564,1543
31684,"Brechbiel, Christian",non-elite,1195,2396,3642,5026,6440,8014,9780,11371,1201,1246,1384,1414,1574,1766,1591
31685,"Leeb, Yvonne B",non-elite,1285,2574,3901,5293,6716,8188,9771,11343,1289,1327,1392,1423,1472,1583,1572
31686,"Pratt, Andrew R.",non-elite,1203,2410,3657,4982,6366,7861,9513,11368,1207,1247,1325,1384,1495,1652,1855
31687,"Debardi, Stephen",non-elite,1434,2850,4263,5691,7105,8545,10014,11431,1416,1413,1428,1414,1440,1469,1417
31688,"Notaro, Henry A Jr.",non-elite,1318,2597,3877,5154,6420,7878,9585,11303,1279,1280,1277,1266,1458,1707,1718
31689,"Larocque, Sophie",non-elite,1434,2850,4263,5691,7105,8545,10014,11431,1416,1413,1428,1414,1440,1469,1417
31690,"Christian, Mary K",non-elite,1382,2770,4153,5557,6963,8416,9912,11404,1388,1383,1404,1406,1453,1496,1492
31691,"Clark, Jessica L",non-elite,1432,2854,4270,5693,7109,8551,10012,11434,1422,1416,1423,1416,1442,1461,1422
31692,"Holmes, Brennan M",non-elite,1300,2614,3929,5281,6676,8154,9718,11304,1314,1315,1352,1395,1478,1564,1586
31693,"Seo, Jenny",non-elite,1374,2783,4214,5653,7087,8546,10023,11430,1409,1431,1439,1434,1459,1477,1407
31694,"Hensley, Lindsay",non-elite,1364,2695,4025,5397,6812,8297,9835,11380,1331,1330,1372,1415,1485,1538,1545
31695,"Belanger, Alexandre",non-elite,1299,2617,3950,5295,6690,8125,9796,11321,1318,1333,1345,1395,1435,1671,1525
31696,"Martin, Rupert",non-elite,1272,2565,3883,5234,6680,8195,9766,11342,1293,1318,1351,1446,1515,1571,1576
31697,"Owens, Ben A.",non-elite,1355,2708,4077,5480,6931,8412,9891,11395,1353,1369,1403,1451,1481,1479,1504
31698,"Pawlak, Kevin",non-elite,1295,2574,3845,5150,6497,7965,9670,11365,1279,1271,1305,1347,1468,1705,1695
31699,"Zelaya, Harold A Sr.",non-elite,1281,2574,3871,5225,6626,8145,9747,11321,1293,1297,1354,1401,1519,1602,1574
31700,"Sellos, Carlos F Sr.",non-elite,1361,2739,4145,5589,7030,8509,9980,11402,1378,1406,1444,1441,1479,1471,1422
31701,"Baganz, Paul",non-elite,1413,2823,4238,5670,7077,8515,9980,11405,1410,1415,1432,1407,1438,1465,1425
31702,"Thein, Jason P",non-elite,1298,2616,3960,5330,6715,8157,9647,11281,1318,1344,1370,1385,1442,1490,1634
31703,"Morin, Erin M",non-elite,1382,2764,4143,5539,6927,8371,9880,11385,1382,1379,1396,1388,1444,1509,1505
31704,"Heo, Hyeoun",non-elite,1274,2629,3987,5380,6797,8312,9846,11363,1355,1358,1393,1417,1515,1534,1517
31705,"Ellis, Alexandra P",non-elite,1360,2726,4128,5578,7038,8520,10001,11436,1366,1402,1450,1460,1482,1481,1435
31706,"Boyle, Soames F",non-elite,1316,2603,3959,5358,6837,8323,9840,11367,1287,1356,1399,1479,1486,1517,1527
31707,"Stack, Eric S",non-elite,1151,2316,3583,4907,6258,7761,9427,11299,1165,1267,1324,1351,1503,1666,1872
31708,"Stack, Kevin",non-elite,1151,2358,3647,4983,6333,7826,9498,11299,1207,1289,1336,1350,1493,1672,1801
31709,"Maliszewski, Steve",non-elite,1294,2576,3851,5147,6544,8082,9699,11344,1282,1275,1296,1397,1538,1617,1645
31710,"Elmrabet, Karim",non-elite,1347,2705,4070,5456,6863,8336,9878,11384,1358,1365,1386,1407,1473,1542,1506
31711,"Bergeron, Nicolas",non-elite,1350,2707,4062,5444,6841,8338,9875,11394,1357,1355,1382,1397,1497,1537,1519
31712,"Harp, Rachel R",non-elite,1402,2791,4166,5566,6983,8424,9931,11404,1389,1375,1400,1417,1441,1507,1473
31713,"Campbell, Colleen L",non-elite,1372,2745,4119,5517,6928,8403,9912,11408,1373,1374,1398,1411,1475,1509,1496
31714,"Seelert, Trevor W.",non-elite,1275,2577,3892,5228,6818,8262,9784,11352,1302,1315,1336,1590,1444,1522,1568
31715,"Lindeberg, Bradley",non-elite,1282,2569,3897,5308,6757,8285,9864,11410,1287,1328,1411,1449,1528,1579,1546
31716,"Scheithauer, Marina M",non-elite,1295,2608,3953,5329,6719,8165,9722,11298,1313,1345,1376,1390,1446,1557,1576
31717,"Dale, Laurelly",non-elite,1359,2712,4088,5491,6892,8355,9863,11372,1353,1376,1403,1401,1463,1508,1509
31718,"Smith, Timothy",non-elite,1365,2736,4105,5481,6868,8312,9853,11354,1371,1369,1376,1387,1444,1541,1501
31719,"Hess, Pam",non-elite,1357,2719,4089,5506,6916,8388,9889,11378,1362,1370,1417,1410,1472,1501,1489
31720,"Heithmar, Susan C",non-elite,1467,2898,4339,5782,7211,8651,10076,11456,1431,1441,1443,1429,1440,1425,1380
31721,"Delu, Adam N.",non-elite,1422,2835,4271,5726,7144,8608,10069,11455,1413,1436,1455,1418,1464,1461,1386
31722,"Baehr, Stefan K.",non-elite,1571,2994,4350,5683,7013,8408,9875,11317,1423,1356,1333,1330,1395,1467,1442
31723,"Guillaume, Heron",non-elite,1322,2662,4025,5387,6739,8153,9694,11320,1340,1363,1362,1352,1414,1541,1626
31724,"Montcalm, Benoit",non-elite,1256,2498,3755,5063,6507,8174,9916,11442,1242,1257,1308,1444,1667,1742,1526
31725,"Adams, Brendan M",non-elite,1299,2561,3831,5133,6500,8111,9772,11346,1262,1270,1302,1367,1611,1661,1574
31726,"Alvarez, Fred",non-elite,1417,2839,4256,5690,7103,8551,9997,11420,1422,1417,1434,1413,1448,1446,1423
31727,"Dohaney, Steve T",non-elite,1309,2633,3956,5309,6698,8187,9779,11406,1324,1323,1353,1389,1489,1592,1627
31728,"Gartland, Charles",non-elite,1371,2767,4163,5582,7005,8461,9952,11428,1396,1396,1419,1423,1456,1491,1476
31729,"Nemethy, Brian",non-elite,1264,2528,3779,5123,6508,7912,9587,11196,1264,1251,1344,1385,1404,1675,1609
31730,"Cashen, Dennis",non-elite,1360,2703,4051,5430,6817,8301,9848,11355,1343,1348,1379,1387,1484,1547,1507
31731,"Lepper, Andrew",non-elite,1386,2788,4197,5611,7027,8484,9952,11385,1402,1409,1414,1416,1457,1468,1433
31732,"Ripple, Gerald J",non-elite,1353,2657,4122,5486,6862,8303,9872,11356,1304,1465,1364,1376,1441,1569,1484
31733,"Bergendorff, Jakob J.",non-elite,1282,2567,3884,5242,6632,8129,9755,11370,1285,1317,1358,1390,1497,1626,1615
31734,"Abugova, Tatyana",non-elite,1345,2683,4046,5437,6865,8348,9865,11394,1338,1363,1391,1428,1483,1517,1529
31735,"Wilson, Matt",non-elite,1249,2522,3827,5185,6577,8092,9716,11352,1273,1305,1358,1392,1515,1624,1636
31736,"Heroux, Chad",non-elite,1349,2720,4106,5505,6922,8386,9899,11402,1371,1386,1399,1417,1464,1513,1503
31737,"Hohman, Kimberly A",non-elite,1386,2737,4086,5476,6873,8342,9873,11392,1351,1349,1390,1397,1469,1531,1519
31738,"Warzala, Rafal",non-elite,1267,2504,3742,5017,6379,8010,9658,11355,1237,1238,1275,1362,1631,1648,1697
31739,"Mannarini, Pascal",non-elite,1290,2589,3898,5234,6595,8124,9771,11349,1299,1309,1336,1361,1529,1647,1578
31740,"Macfarlane, Craig",non-elite,1278,2541,3858,5231,6647,8343,9800,11358,1263,1317,1373,1416,1696,1457,1558
31741,"Harrison, Casey",non-elite,1376,2757,4139,5546,6937,8391,9879,11400,1381,1382,1407,1391,1454,1488,1521
31742,"Tufaro, Theresa M",non-elite,1373,2751,4121,5525,6965,8437,9942,11426,1378,1370,1404,1440,1472,1505,1484
31743,"Hennessy, Jeff",non-elite,1347,2695,4055,5484,6865,8286,9778,11332,1348,1360,1429,1381,1421,1492,1554
31744,"Meade, Kristyn",non-elite,1422,2853,4297,5745,7167,8613,10067,11450,1431,1444,1448,1422,1446,1454,1383
31745,"Ducharme, Chris",non-elite,1269,2550,3845,5184,6539,8059,9674,11365,1281,1295,1339,1355,1520,1615,1691
31746,"Yabu, Yoshie",non-elite,1395,2801,4217,5668,7123,8592,10037,11436,1406,1416,1451,1455,1469,1445,1399
31747,"Perkins, Joseph",non-elite,1151,2333,3611,5044,6444,8239,9789,11419,1182,1278,1433,1400,1795,1550,1630
31748,"Kapusinski, Shaun D",non-elite,1302,2616,3950,5361,6893,8422,9936,11431,1314,1334,1411,1532,1529,1514,1495
31749,"Anderson, Sarah A.",non-elite,1394,2802,4218,5623,7023,8478,9972,11411,1408,1416,1405,1400,1455,1494,1439
31750,"Panzek, Steven",non-elite,1310,2642,3982,5353,6774,8246,9796,11359,1332,1340,1371,1421,1472,1550,1563
31751,"Hanke, Dirk",non-elite,1304,2634,4000,5395,6798,8271,9804,11367,1330,1366,1395,1403,1473,1533,1563
31752,"Parrott, Chelsea N",non-elite,1499,2951,4383,5814,7252,8708,10127,11468,1452,1432,1431,1438,1456,1419,1341
31753,"Curran, Stephen W",non-elite,1360,2707,4072,5473,6893,8376,9905,11403,1347,1365,1401,1420,1483,1529,1498
31754,"Lindsay, James P",non-elite,1282,2552,3853,5254,6706,8234,9792,11357,1270,1301,1401,1452,1528,1558,1565
31755,"Galloway, Dave",non-elite,1287,2567,3857,5210,6638,8143,9765,11360,1280,1290,1353,1428,1505,1622,1595
31756,"Yepes, Marysol",non-elite,1361,2691,4039,5422,6812,8285,9842,11371,1330,1348,1383,1390,1473,1557,1529
31757,"Wallace, Mark",non-elite,1461,2924,4336,5766,7180,8613,10055,11480,1463,1412,1430,1414,1433,1442,1425
31758,"Amarasiriwardena, Gihan S.",non-elite,1224,2430,3647,4910,6254,7771,9420,11322,1206,1217,1263,1344,1517,1649,1902
31759,"Spatz, Erik",non-elite,1411,2802,4216,5638,7105,8555,10015,11432,1391,1414,1422,1467,1450,1460,1417
31760,"Bonilla, Veronica",non-elite,1429,2880,4313,5750,7173,8634,10082,11460,1451,1433,1437,1423,1461,1448,1378
31761,"Estrada, Tania L.",non-elite,1451,2825,4200,5602,6997,8413,9866,11385,1374,1375,1402,1395,1416,1453,1519
31762,"Shafer, John E.",non-elite,1376,2740,4121,5516,6899,8305,9721,11439,1364,1381,1395,1383,1406,1416,1718
31763,"Sanker, Justin",non-elite,1250,2492,3720,4971,6254,7737,9364,11129,1242,1228,1251,1283,1483,1627,1765
31764,"Oliveira, Marina R",non-elite,1393,2775,4152,5526,6913,8365,9856,11368,1382,1377,1374,1387,1452,1491,1512
31765,"Lande, Andy",non-elite,1350,2722,4107,5526,6958,8437,9939,11413,1372,1385,1419,1432,1479,1502,1474
31766,"Newman, Christin",non-elite,1315,2634,3971,5399,6871,8377,9884,11405,1319,1337,1428,1472,1506,1507,1521
31767,"Duffy-Coryer, Kelly E",non-elite,1363,2720,4079,5476,6899,8383,9901,11399,1357,1359,1397,1423,1484,1518,1498
31768,"Demmers, Jeroen A",non-elite,1348,2716,4092,5495,6954,8402,9895,11418,1368,1376,1403,1459,1448,1493,1523
31769,"Kane, Chelsie",non-elite,1366,2722,4109,5535,6978,8457,9961,11436,1356,1387,1426,1443,1479,1504,1475
31770,"Schoenmeyr, Tor",non-elite,1319,2653,4022,5442,6897,8402,9923,11415,1334,1369,1420,1455,1505,1521,1492
31771,"Eckersley, Ian M",non-elite,1324,2677,4040,5418,6810,8269,9763,11348,1353,1363,1378,1392,1459,1494,1585
31772,"Conley, Maureen",non-elite,1311,2613,3952,5393,6830,8384,9967,11418,1302,1339,1441,1437,1554,1583,1451
31773,"Fehr, Jake",non-elite,1277,2578,3908,5296,6700,8184,9733,11313,1301,1330,1388,1404,1484,1549,1580
31774,"Derringer, Leah",non-elite,1378,2767,4145,5538,6924,8367,9891,11415,1389,1378,1393,1386,1443,1524,1524
31775,"Kushnick, Drew S.",non-elite,1195,2397,3631,5055,6462,8103,9787,11392,1202,1234,1424,1407,1641,1684,1605
31776,"Keating, Conor",non-elite,1224,2448,3696,5057,6493,8025,9620,11348,1224,1248,1361,1436,1532,1595,1728
31777,"Phuah, Kelly J",non-elite,1404,2820,4231,5654,7081,8559,10035,11444,1416,1411,1423,1427,1478,1476,1409
31778,"Dominguez, Pablo",non-elite,1230,2471,3728,5010,6329,7697,9352,11200,1241,1257,1282,1319,1368,1655,1848
31779,"Wiwchar, Tim W.",non-elite,1320,2662,4015,5395,6798,8248,9752,11359,1342,1353,1380,1403,1450,1504,1607
31780,"Solei, Chad E",non-elite,1246,2509,3801,5146,6552,8078,9701,11352,1263,1292,1345,1406,1526,1623,1651
31781,"Murchie, Mark D",non-elite,1216,2468,3757,5144,6595,8096,9746,11392,1252,1289,1387,1451,1501,1650,1646
31782,"Liebowitz, Carissa M.",non-elite,1396,2794,4184,5608,7036,8485,9958,11422,1398,1390,1424,1428,1449,1473,1464
31783,"Kusakabe, Alan O",non-elite,1369,2753,4135,5539,6929,8384,9872,11390,1384,1382,1404,1390,1455,1488,1518
31784,"Collins, Eric",non-elite,1256,2537,3820,5120,6424,7819,9380,11271,1281,1283,1300,1304,1395,1561,1891
31785,"Vida, Joseph",non-elite,1301,2617,4002,5427,6856,8375,9896,11400,1316,1385,1425,1429,1519,1521,1504
31786,"Sekaquaptewa, Caroline M",non-elite,1362,2775,4119,5483,6852,8296,9852,11371,1413,1344,1364,1369,1444,1556,1519
31787,"Doan, James K II",non-elite,1330,2667,4009,5391,6797,8290,9838,11368,1337,1342,1382,1406,1493,1548,1530
31788,"Matthews, Ryan",non-elite,1247,2501,3785,5216,6656,8210,9851,11412,1254,1284,1431,1440,1554,1641,1561
31789,"Roczniak, Nichole",non-elite,1385,2786,4192,5619,7041,8500,10003,11455,1401,1406,1427,1422,1459,1503,1452
31790,"Edenro, Goran",non-elite,1219,2437,3673,4949,6378,7971,9675,11379,1218,1236,1276,1429,1593,1704,1704
31791,"Morgan, Heather L",non-elite,1379,2775,4193,5631,7064,8542,10032,11463,1396,1418,1438,1433,1478,1490,1431
31792,"Doubman, Jay",non-elite,1392,2809,4234,5636,7026,8466,9922,11403,1417,1425,1402,1390,1440,1456,1481
31793,"Schneekloth, Martin",non-elite,1358,2744,4128,5531,6947,8416,9914,11415,1386,1384,1403,1416,1469,1498,1501
31794,"Collick, Neal",non-elite,1262,2522,3788,5095,6471,7971,9655,11274,1260,1266,1307,1376,1500,1684,1619
31795,"Duggan, Elise",non-elite,1419,2801,4172,5592,6981,8437,9942,11401,1382,1371,1420,1389,1456,1505,1459
31796,"Petrut, Adrian",non-elite,1277,2550,3858,5230,6661,8170,9768,11356,1273,1308,1372,1431,1509,1598,1588
31797,"Thines, Dominique",non-elite,1325,2655,4024,5448,6885,8371,9923,11390,1330,1369,1424,1437,1486,1552,1467
31798,"Zimmerman, Michael",non-elite,1281,2543,3806,5112,6465,7897,9395,11008,1262,1263,1306,1353,1432,1498,1613
31799,"Donahue, Austin",non-elite,1337,2697,4079,5485,6899,8389,9916,11438,1360,1382,1406,1414,1490,1527,1522
31800,"Sheppard, Abraham",non-elite,1353,2695,4034,5374,6722,8118,9582,11444,1342,1339,1340,1348,1396,1464,1862
31802,"McCann, Scott",non-elite,1206,2408,3628,5169,6603,8143,9779,11402,1202,1220,1541,1434,1540,1636,1623
31803,"Frisneda, Pedro R.",non-elite,1236,2551,3920,5377,6862,8419,9951,11420,1315,1369,1457,1485,1557,1532,1469
31804,"Baldwin, Andrew L.",non-elite,1245,2468,3665,4877,6112,7453,9345,11397,1223,1197,1212,1235,1341,1892,2052
31805,"Hoskins, Amanda L",non-elite,1355,2709,4089,5491,6895,8355,9851,11390,1354,1380,1402,1404,1460,1496,1539
31806,"Kennedy, Joe",non-elite,1255,2498,3852,5144,6458,7907,9538,11315,1243,1354,1292,1314,1449,1631,1777
31807,"Ohler, Makie",non-elite,1339,2670,4030,5441,6879,8436,9968,11434,1331,1360,1411,1438,1557,1532,1466
31808,"Dubois, Craig W",non-elite,1322,2644,3954,5278,6617,8014,9493,11452,1322,1310,1324,1339,1397,1479,1959
31809,"Fish, Michael J",non-elite,1400,2731,4080,5436,6834,8282,9807,11407,1331,1349,1356,1398,1448,1525,1600
31810,"Hiatt, David J.",non-elite,1375,2767,4152,5543,6939,8347,9789,11312,1392,1385,1391,1396,1408,1442,1523
31811,"Nelson, Jessica",non-elite,1438,2845,4245,5643,7086,8636,10087,11479,1407,1400,1398,1443,1550,1451,1392
31812,"Fujimura, Satomi",non-elite,1441,2888,4320,5740,7120,8526,9953,11398,1447,1432,1420,1380,1406,1427,1445
31813,"Nerrow, David J. Jr.",non-elite,1289,2599,3928,5280,6630,8065,9630,11303,1310,1329,1352,1350,1435,1565,1673
31814,"Steinsiek, Nikki",non-elite,1408,2823,4244,5664,7066,8474,9923,11384,1415,1421,1420,1402,1408,1449,1461
31815,"Reyes, Michelle",non-elite,1429,2841,4241,5657,7070,8518,10020,11456,1412,1400,1416,1413,1448,1502,1436
31816,"Matte, Joshua D",non-elite,1187,2393,3645,4962,6387,8044,9832,11385,1206,1252,1317,1425,1657,1788,1553
31817,"Judson, Dan",non-elite,1382,2751,4143,5574,6974,8453,9958,11417,1369,1392,1431,1400,1479,1505,1459
31818,"Nettuno, Tommy",non-elite,1315,2640,4022,5405,6834,8313,9884,11404,1325,1382,1383,1429,1479,1571,1520
31819,"Moroz, Brian P",non-elite,1325,2622,3935,5279,6635,8048,9651,11418,1297,1313,1344,1356,1413,1603,1767
31820,"Contreras, Armando",non-elite,1328,2635,3944,5301,6700,8177,9845,11450,1307,1309,1357,1399,1477,1668,1605
31821,"Nadeau, Janelle E",non-elite,1342,2706,4083,5484,6894,8349,9927,11419,1364,1377,1401,1410,1455,1578,1492
31822,"Cordaro, Kevin A",non-elite,1204,2410,3618,4939,6479,8083,9661,11340,1206,1208,1321,1540,1604,1578,1679
31823,"Chakulski, Brian",non-elite,1275,2593,3902,5241,6592,8016,9596,11366,1318,1309,1339,1351,1424,1580,1770
31824,"Digman, Douglas J",non-elite,1414,2814,4217,5674,7071,8519,9988,11436,1400,1403,1457,1397,1448,1469,1448
31825,"Beckman, Dave",non-elite,1415,2812,4223,5631,7029,8447,9901,11370,1397,1411,1408,1398,1418,1454,1469
31826,"Burke, Brian",non-elite,1273,2553,3862,5224,6620,8086,9635,11323,1280,1309,1362,1396,1466,1549,1688
31827,"Baker, Edward P",non-elite,1269,2544,3808,5100,6455,8006,9666,11329,1275,1264,1292,1355,1551,1660,1663
31828,"Cote, Philippe",non-elite,1413,2811,4208,5617,7012,8461,9927,11428,1398,1397,1409,1395,1449,1466,1501
31829,"Stanley, Eric S",non-elite,1319,2630,3952,5313,6690,8142,9693,11335,1311,1322,1361,1377,1452,1551,1642
31830,"Broadwell, David W.",non-elite,1396,2753,4122,5494,6966,8441,9941,11426,1357,1369,1372,1472,1475,1500,1485
31831,"Schippers, Sunny",non-elite,1231,2506,3842,5209,6607,8299,9827,11406,1275,1336,1367,1398,1692,1528,1579
31832,"Hayashi, Ron",non-elite,1392,2774,4159,5573,6973,8422,9930,11416,1382,1385,1414,1400,1449,1508,1486
31833,"Sooey, Regina M",non-elite,1400,2776,4156,5563,6938,8416,9943,11419,1376,1380,1407,1375,1478,1527,1476
31834,"Davis, Denice",non-elite,1441,2864,4266,5684,7095,8534,9987,11424,1423,1402,1418,1411,1439,1453,1437
31835,"Jurgens, Nancy M",non-elite,1341,2672,4032,5413,6815,8294,9839,11375,1331,1360,1381,1402,1479,1545,1536
31837,"Barrett, Katie",non-elite,1381,2800,4216,5689,7138,8635,10137,11521,1419,1416,1473,1449,1497,1502,1384
31838,"Walsh, Timothy P.",non-elite,1401,2764,4139,5496,6846,8225,9703,11298,1363,1375,1357,1350,1379,1478,1595
31839,"Aufdencamp, Adam L",non-elite,1416,2846,4229,5630,7019,8433,9907,11386,1430,1383,1401,1389,1414,1474,1479
31840,"Welch, Sean",non-elite,1379,2732,4091,5467,6866,8325,9839,11370,1353,1359,1376,1399,1459,1514,1531
31841,"Leaman, Gary A.",non-elite,1291,2574,3860,5159,6468,7899,9566,11333,1283,1286,1299,1309,1431,1667,1767
31842,"Mills, Kimberly",non-elite,1473,2929,4341,5751,7151,8585,10025,11394,1456,1412,1410,1400,1434,1440,1369
31843,"Manley, Matthew",non-elite,1270,2539,3813,5165,6564,8051,9671,11307,1269,1274,1352,1399,1487,1620,1636
31844,"Kessler, Zachary",non-elite,1431,2768,4064,5403,6763,8207,9762,11411,1337,1296,1339,1360,1444,1555,1649
31845,"Flynn, Stefanie",non-elite,1297,2590,3890,5217,6596,8045,9669,11364,1293,1300,1327,1379,1449,1624,1695
31846,"Lee, Sherry I",non-elite,1384,2771,4160,5556,6951,8410,9957,11435,1387,1389,1396,1395,1459,1547,1478
31847,"Shumko, Sergey",non-elite,1348,2721,4107,5514,6917,8373,9875,11379,1373,1386,1407,1403,1456,1502,1504
31848,"Medina, Pablo E",non-elite,1409,2746,4092,5470,6858,8343,9907,11400,1337,1346,1378,1388,1485,1564,1493
31849,"Kindler, Miguel",non-elite,1401,2795,4193,5614,7045,8524,10007,11447,1394,1398,1421,1431,1479,1483,1440
31850,"Bardach, Courtney R.",non-elite,1351,2699,4055,5421,6781,8228,9814,11367,1348,1356,1366,1360,1447,1586,1553
31851,"Cala, Megan P",non-elite,1404,2818,4213,5613,7012,8465,9950,11422,1414,1395,1400,1399,1453,1485,1472
31852,"Dudley, James E",non-elite,1262,2535,3817,5129,6463,7915,9530,11236,1273,1282,1312,1334,1452,1615,1706
31853,"Emond, Stephane",non-elite,1363,2731,4087,5476,6873,8315,9853,11429,1368,1356,1389,1397,1442,1538,1576
31854,"Helgerson, Jay F.",non-elite,1373,2733,4124,5549,7004,8534,10013,11445,1360,1391,1425,1455,1530,1479,1432
31855,"Valencia, Dolores",non-elite,1296,2599,3947,5360,6808,8325,9899,11413,1303,1348,1413,1448,1517,1574,1514
31856,"Nawn, William J",non-elite,1393,2791,4203,5606,7006,8518,10053,11455,1398,1412,1403,1400,1512,1535,1402
31857,"Forte, Carly R",non-elite,1307,2627,3973,5400,6837,8367,9972,11454,1320,1346,1427,1437,1530,1605,1482
31858,"Turcotte, John L",non-elite,1263,2529,3776,5046,6340,7775,9494,11236,1266,1247,1270,1294,1435,1719,1742
31859,"Gaudreault, Eric",non-elite,1397,2778,4135,5526,6934,8399,9925,11452,1381,1357,1391,1408,1465,1526,1527
31860,"Ustilovsky, Ilya",non-elite,1410,2817,4230,5654,7075,8532,9998,11459,1407,1413,1424,1421,1457,1466,1461
31861,"Pappano, Stephanie",non-elite,1265,2548,3858,5216,6597,8073,9665,11322,1283,1310,1358,1381,1476,1592,1657
31862,"Summers, Royden A",non-elite,1348,2681,4025,5391,6771,8222,9805,11370,1333,1344,1366,1380,1451,1583,1565
31863,"Stig-Nielsen, Jeppe F",non-elite,1267,2541,3815,5145,6578,8116,9703,11351,1274,1274,1330,1433,1538,1587,1648
31864,"Rotkin, Tommi",non-elite,1294,2606,3952,5428,6830,8323,9896,11443,1312,1346,1476,1402,1493,1573,1547
31865,"Kawano, Koji",non-elite,1359,2741,4125,5538,6944,8402,9932,11430,1382,1384,1413,1406,1458,1530,1498
31866,"Cerri, Marc J.",non-elite,1396,2769,4150,5576,7021,8498,9994,11447,1373,1381,1426,1445,1477,1496,1453
31867,"Klegar, K.c.",non-elite,1403,2793,4178,5566,6972,8443,9955,11443,1390,1385,1388,1406,1471,1512,1488
31868,"Mohapp, Sarah C",non-elite,1421,2839,4261,5691,7113,8561,10034,11461,1418,1422,1430,1422,1448,1473,1427
31869,"Rothbart, Michael",non-elite,1202,2396,3613,4925,6355,7917,9676,11323,1194,1217,1312,1430,1562,1759,1647
31870,"Northan, Brian",non-elite,1301,2605,3922,5251,6577,7996,9561,11376,1304,1317,1329,1326,1419,1565,1815
31871,"Rueter, Steve F.",non-elite,1309,2652,4023,5429,6838,8315,9836,11391,1343,1371,1406,1409,1477,1521,1555
31872,"Rusiecki, Amy",non-elite,1342,2705,4097,5507,6910,8373,9904,11406,1363,1392,1410,1403,1463,1531,1502
31873,"Ellison, Joshua R.",non-elite,1362,2713,4067,5426,6780,8173,9667,11346,1351,1354,1359,1354,1393,1494,1679
31874,"Chrzan, Adrian",non-elite,1338,2676,3998,5347,6727,8223,9838,11381,1338,1322,1349,1380,1496,1615,1543
31875,"Hanks, Chris",non-elite,1320,2667,4048,5468,6891,8409,9970,11470,1347,1381,1420,1423,1518,1561,1500
31876,"Schaner, Jake",non-elite,1308,2603,3881,5162,6454,7818,9365,11186,1295,1278,1281,1292,1364,1547,1821
31877,"So, Freddie",non-elite,1341,2717,4070,5446,6818,8242,9770,11289,1376,1353,1376,1372,1424,1528,1519
31878,"Monsey, Vicki M.",non-elite,1428,2860,4294,5729,7143,8560,10018,11444,1432,1434,1435,1414,1417,1458,1426
31879,"Gurzenda, Susie",non-elite,1405,2812,4224,5617,7038,8486,9963,11435,1407,1412,1393,1421,1448,1477,1472
31880,"Hinkle, Scott C",non-elite,1275,2550,3818,5151,6476,7908,9598,11342,1275,1268,1333,1325,1432,1690,1744
31881,"Otte, Andrew",non-elite,1367,2712,4063,5452,6857,8303,9857,11395,1345,1351,1389,1405,1446,1554,1538
31882,"Ney, William B",non-elite,1239,2465,3737,5096,6544,8075,9841,11449,1226,1272,1359,1448,1531,1766,1608
31883,"Dammarell, Philip S",non-elite,1360,2747,4141,5553,6953,8394,9881,11364,1387,1394,1412,1400,1441,1487,1483
31884,"Graves, Dick A",non-elite,1343,2698,4074,5509,6953,8454,9968,11431,1355,1376,1435,1444,1501,1514,1463
31885,"Liu, Lei",non-elite,1317,2649,4019,5436,6879,8364,9910,11396,1332,1370,1417,1443,1485,1546,1486
31886,"Nesheim, Andy",non-elite,1352,2788,4172,5585,7000,8465,10031,11479,1436,1384,1413,1415,1465,1566,1448
31887,"Jacobson, Xander L.",non-elite,1256,2525,3793,5045,6320,7799,9525,11288,1269,1268,1252,1275,1479,1726,1763
31888,"Doom, Jilanne K.",non-elite,1426,2873,4298,5751,7173,8606,10057,11460,1447,1425,1453,1422,1433,1451,1403
31889,"Gritsch, Kevin R.",non-elite,1374,2742,4123,5502,6924,8450,10028,11431,1368,1381,1379,1422,1526,1578,1403
31890,"Meliniotis, Michael D",non-elite,1287,2578,3888,5257,6684,8200,9778,11356,1291,1310,1369,1427,1516,1578,1578
31891,"Remaklus, Ted",non-elite,1332,2652,3973,5319,6681,8156,9778,11404,1320,1321,1346,1362,1475,1622,1626
31892,"Sprague, Erin K.",non-elite,1350,2748,4218,5648,7035,8498,9989,11461,1398,1470,1430,1387,1463,1491,1472
31893,"Tubbs, Marcus V.",non-elite,1284,2562,3866,5249,6666,8159,9939,11407,1278,1304,1383,1417,1493,1780,1468
31894,"Angibaud, Laurent D.",non-elite,1364,2713,4076,5452,6848,8357,9911,11427,1349,1363,1376,1396,1509,1554,1516
31895,"Siegel, Sheera K",non-elite,1395,2798,4202,5624,7049,8521,10005,11454,1403,1404,1422,1425,1472,1484,1449
31896,"Radcliff, Kristen R.",non-elite,1371,2740,4085,5469,6853,8315,9896,11411,1369,1345,1384,1384,1462,1581,1515
31897,"Blair, Patricia",non-elite,1426,2836,4246,5669,7164,8629,10071,11476,1410,1410,1423,1495,1465,1442,1405
31898,"Sikkema, Michael A",non-elite,1337,2673,4007,5370,6767,8212,9734,11410,1336,1334,1363,1397,1445,1522,1676
31899,"Glaser, Thomas A",non-elite,1380,2778,4169,5568,6949,8380,9869,11364,1398,1391,1399,1381,1431,1489,1495
31900,"Westjohn, Yale G",non-elite,1235,2526,3907,5296,6752,8239,9788,11365,1291,1381,1389,1456,1487,1549,1577
31901,"Hale, Timothy",non-elite,1381,2775,4185,5615,7056,8511,10004,11438,1394,1410,1430,1441,1455,1493,1434
31902,"Nicolosi, Philip",non-elite,1376,2724,4080,5448,6816,8245,9731,11349,1348,1356,1368,1368,1429,1486,1618
31903,"Anderson, Rebecca B.",non-elite,1396,2731,4107,5506,6923,8409,9942,11425,1335,1376,1399,1417,1486,1533,1483
31905,"Viola, Gregg E",non-elite,1428,2836,4244,5724,7129,8573,10043,11478,1408,1408,1480,1405,1444,1470,1435
31906,"Tao, Ying C",non-elite,1423,2860,4280,5707,7131,8579,10027,11455,1437,1420,1427,1424,1448,1448,1428
31907,"Smye Morton, Rosalind H",non-elite,1313,2653,4059,5485,6922,8410,9957,11450,1340,1406,1426,1437,1488,1547,1493
31908,"Smith, Holly K.",non-elite,1413,2806,4207,5636,7031,8490,10001,11468,1393,1401,1429,1395,1459,1511,1467
31909,"Olson, Tim",non-elite,1398,2795,4203,5635,7067,8536,10009,11456,1397,1408,1432,1432,1469,1473,1447
31910,"Duguay, Sylvain",non-elite,1369,2788,4261,5736,7186,8636,10083,11497,1419,1473,1475,1450,1450,1447,1414
31911,"Goldfarb, David G",non-elite,1242,2476,3720,4999,6379,7893,9650,11265,1234,1244,1279,1380,1514,1757,1615
31912,"Deegan, Jack",non-elite,1383,2696,4030,5404,6789,8264,9828,11395,1313,1334,1374,1385,1475,1564,1567
31913,"Martin, Joseph E",non-elite,1254,2540,3864,5208,6597,8119,9743,11349,1286,1324,1344,1389,1522,1624,1606
31914,"Coyne, Brian M",non-elite,1389,2802,4214,5646,7059,8496,9966,11444,1413,1412,1432,1413,1437,1470,1478
31915,"Wong, Robert",non-elite,1318,2672,4056,5464,6942,8408,9857,11402,1354,1384,1408,1478,1466,1449,1545
31916,"Aguilar, Juan F",non-elite,1354,2727,4121,5550,6996,8472,9948,11424,1373,1394,1429,1446,1476,1476,1476
31917,"Gerber, Barry M.",non-elite,1365,2734,4099,5481,6871,8328,9823,11358,1369,1365,1382,1390,1457,1495,1535
31918,"Cutts, Kevin",non-elite,1155,2324,3567,4993,6471,8082,9768,11423,1169,1243,1426,1478,1611,1686,1655
31919,"Ditty, Richard P",non-elite,1277,2569,3869,5206,6606,8148,9811,11445,1292,1300,1337,1400,1542,1663,1634
31920,"Dempsey, Kevin T",non-elite,1431,2845,4244,5654,7065,8510,9984,11435,1414,1399,1410,1411,1445,1474,1451
31921,"Mcniff, Danielle",non-elite,1364,2728,4080,5453,6859,8374,9936,11463,1364,1352,1373,1406,1515,1562,1527
31922,"Landymore, Meg",non-elite,1420,2824,4233,5656,7061,8492,10013,11456,1404,1409,1423,1405,1431,1521,1443
31923,"Kremers, Rianne",non-elite,1360,2759,4197,5681,7124,8605,10101,11489,1399,1438,1484,1443,1481,1496,1388
31924,"Menzies, Nicolas",non-elite,1218,2491,3786,5132,6503,7993,9651,11337,1273,1295,1346,1371,1490,1658,1686
31925,"Ritter, Ronald T",non-elite,1354,2693,4039,5403,6794,8244,9797,11380,1339,1346,1364,1391,1450,1553,1583
31926,"Meyer, Gwen",non-elite,1408,2838,4258,5696,7113,8555,10022,11459,1430,1420,1438,1417,1442,1467,1437
31927,"Edwards, Byron",non-elite,1354,2707,4063,5447,6858,8363,9931,11435,1353,1356,1384,1411,1505,1568,1504
31928,"Beeckman, Gregory",non-elite,1345,2714,4046,5405,6775,8240,9803,11384,1369,1332,1359,1370,1465,1563,1581
31929,"Wagner, Shannon M",non-elite,1395,2809,4223,5641,7068,8527,10026,11473,1414,1414,1418,1427,1459,1499,1447
31930,"Dolliver, Aubrie",non-elite,1425,2847,4275,5707,7131,8588,10064,11483,1422,1428,1432,1424,1457,1476,1419
31931,"Vercoski, Michele",non-elite,1410,2822,4268,5693,7110,8564,10042,11472,1412,1446,1425,1417,1454,1478,1430
31932,"Maher, Sean",non-elite,1275,2553,3886,5287,6695,8318,9870,11399,1278,1333,1401,1408,1623,1552,1529
31933,"Crader, William",non-elite,1332,2667,4026,5419,6824,8279,9838,11366,1335,1359,1393,1405,1455,1559,1528
31934,"Beix, Michael",non-elite,1314,2626,3940,5273,6655,8070,9593,11398,1312,1314,1333,1382,1415,1523,1805
31935,"Mcgraw, Elizabeth",non-elite,1392,2764,4158,5577,7001,8465,9966,11438,1372,1394,1419,1424,1464,1501,1472
31936,"Lemay, Andreanne",non-elite,1380,2761,4158,5567,6986,8456,9968,11449,1381,1397,1409,1419,1470,1512,1481
31937,"Boykin, Matt",non-elite,1345,2662,3963,5263,6561,7954,9486,11236,1317,1301,1300,1298,1393,1532,1750
31938,"Ferreira, Natalie M",non-elite,1398,2807,4239,5677,7109,8556,10016,11454,1409,1432,1438,1432,1447,1460,1438
31939,"Munger, Daniel",non-elite,1352,2686,4006,5381,6757,8192,9719,11391,1334,1320,1375,1376,1435,1527,1672
31940,"Sertori, Giuseppe",non-elite,1280,2589,3952,5342,6762,8262,9867,11442,1309,1363,1390,1420,1500,1605,1575
31941,"O'Connor, William",non-elite,1293,2595,3906,5277,6686,8213,9775,11378,1302,1311,1371,1409,1527,1562,1603
31942,"Gillis, Brian",non-elite,1076,2166,3261,4454,5737,7267,9057,11207,1090,1095,1193,1283,1530,1790,2150
31943,"Thompson, Mark",non-elite,1410,2794,4219,5628,7029,8452,9925,11416,1384,1425,1409,1401,1423,1473,1491
31944,"Ross, Gayle",non-elite,1379,2763,4165,5597,7041,8538,10021,11477,1384,1402,1432,1444,1497,1483,1456
31945,"Karolus, Curt",non-elite,1296,2603,3921,5264,6660,8135,9714,11405,1307,1318,1343,1396,1475,1579,1691
31946,"Oelberg, David A",non-elite,1341,2706,4070,5455,6831,8311,9856,11373,1365,1364,1385,1376,1480,1545,1517
31947,"Foote, Harvey F",non-elite,1304,2583,3878,5239,6640,8154,9762,11387,1279,1295,1361,1401,1514,1608,1625
31948,"Frauhiger, Ryan",non-elite,1312,2619,3932,5268,6634,8089,9671,11332,1307,1313,1336,1366,1455,1582,1661
31949,"Jonsson, Maria I",non-elite,1360,2731,4160,5658,7121,8587,10065,11495,1371,1429,1498,1463,1466,1478,1430
31950,"Flores, Anthony J",non-elite,1251,2474,3709,4954,6262,7786,9579,11393,1223,1235,1245,1308,1524,1793,1814
31951,"Powell, Neil",non-elite,1346,2692,4046,5436,6885,8396,9917,11438,1346,1354,1390,1449,1511,1521,1521
31952,"Hipp, Calhoun",non-elite,1251,2511,3793,5103,6489,8129,9782,11414,1260,1282,1310,1386,1640,1653,1632
31953,"Leitz, Aya",non-elite,1334,2707,4110,5552,6994,8473,9977,11472,1373,1403,1442,1442,1479,1504,1495
31954,"Zhao, Wenlong",non-elite,1227,2507,3838,5249,6716,8276,9903,11448,1280,1331,1411,1467,1560,1627,1545
31955,"Krall, David",non-elite,1373,2709,4061,5471,6853,8313,9853,11409,1336,1352,1410,1382,1460,1540,1556
31956,"Parton, Todd",non-elite,1285,2615,3989,5506,6991,8457,9971,11408,1330,1374,1517,1485,1466,1514,1437
31958,"Roybal, Robyn",non-elite,1398,2776,4141,5527,6924,8378,9942,11447,1378,1365,1386,1397,1454,1564,1505
31959,"Yang, Sheng Ho",non-elite,1250,2508,3763,5037,6348,7792,9526,11399,1258,1255,1274,1311,1444,1734,1873
31960,"Ghazal, Robert",non-elite,1320,2636,3959,5294,6651,8097,9718,11393,1316,1323,1335,1357,1446,1621,1675
31961,"Wileczek, Stanley",non-elite,1413,2815,4238,5669,7069,8507,9976,11446,1402,1423,1431,1400,1438,1469,1470
31962,"Bourque, Brian",non-elite,1288,2593,3921,5273,6686,8224,9870,11434,1305,1328,1352,1413,1538,1646,1564
31963,"Lazarus, Andy",non-elite,1364,2756,4150,5562,7008,8478,9987,11465,1392,1394,1412,1446,1470,1509,1478
31964,"Caruso, Joseph C.",non-elite,1424,2874,4319,5757,7157,8581,10060,11474,1450,1445,1438,1400,1424,1479,1414
31965,"Easten, Tom",non-elite,1228,2469,3733,5079,6501,8041,9631,11321,1241,1264,1346,1422,1540,1590,1690
31966,"Cochran, Alexia L",non-elite,1345,2712,4105,5535,6976,8477,9973,11463,1367,1393,1430,1441,1501,1496,1490
31967,"Slyer, John T",non-elite,1377,2765,4172,5593,7006,8498,10021,11481,1388,1407,1421,1413,1492,1523,1460
31968,"Pineau, Ben C",non-elite,1271,2562,3895,5338,6744,8197,9878,11406,1291,1333,1443,1406,1453,1681,1528
31969,"Zhiming, Zhang",non-elite,1185,2416,3756,5301,6759,8266,9852,11444,1231,1340,1545,1458,1507,1586,1592
31970,"Joseph, Karl",non-elite,1374,2759,4119,5506,6893,8399,9916,11427,1385,1360,1387,1387,1506,1517,1511
31971,"Contreras, Martin",non-elite,1409,2776,4153,5557,6954,8443,9952,11422,1367,1377,1404,1397,1489,1509,1470
31972,"Jablonski, Kelly K",non-elite,1402,2801,4207,5623,7031,8484,9982,11467,1399,1406,1416,1408,1453,1498,1485
31973,"Weiss, Charles P",non-elite,1259,2538,3888,5359,6808,8334,9918,11428,1279,1350,1471,1449,1526,1584,1510
31974,"Kortan, Stephanie A.",non-elite,1403,2846,4278,5712,7139,8596,10068,11493,1443,1432,1434,1427,1457,1472,1425
31975,"Hanlon, Andrew J",non-elite,1371,2751,4137,5591,7029,8518,10046,11491,1380,1386,1454,1438,1489,1528,1445
31976,"New, Geoff J",non-elite,1350,2707,4086,5512,6944,8423,9944,11437,1357,1379,1426,1432,1479,1521,1493
31977,"Smolarova, Katarina",non-elite,1297,2624,4032,5457,6870,8367,9896,11442,1327,1408,1425,1413,1497,1529,1546
31978,"Belcher, Jon",non-elite,1413,2815,4236,5677,7095,8538,10007,11479,1402,1421,1441,1418,1443,1469,1472
31979,"Aloma, Sergio",non-elite,1308,2607,3902,5215,6547,7973,9574,11278,1299,1295,1313,1332,1426,1601,1704
31980,"Cloher, Laura A.",non-elite,1420,2811,4204,5617,7023,8475,9982,11467,1391,1393,1413,1406,1452,1507,1485
31981,"Tuerling, Torsten",non-elite,1268,2575,3913,5300,6719,8242,9853,11392,1307,1338,1387,1419,1523,1611,1539
31982,"Raggio, Andrew D",non-elite,1331,2633,3959,5357,6873,8375,9893,11489,1302,1326,1398,1516,1502,1518,1596
31983,"Kallenbach, Lisa",non-elite,1369,2719,4091,5520,6948,8425,9933,11437,1350,1372,1429,1428,1477,1508,1504
31984,"Elliott, Steve E",non-elite,1193,2388,3586,4831,6445,8114,9741,11411,1195,1198,1245,1614,1669,1627,1670
31985,"Davis, Aaron H",non-elite,1299,2598,3914,5226,6539,7957,9560,11297,1299,1316,1312,1313,1418,1603,1737
31986,"Laughlin, Amy G",non-elite,1417,2832,4247,5672,7080,8545,10023,11463,1415,1415,1425,1408,1465,1478,1440
31987,"Saporta, Christian",non-elite,1221,2486,3759,5059,6395,7828,9441,11262,1265,1273,1300,1336,1433,1613,1821
31988,"Harris, Stephen A",non-elite,1479,2916,4352,5788,7197,8600,10036,11551,1437,1436,1436,1409,1403,1436,1515
31989,"Macentee, David P",non-elite,1364,2729,4096,5499,6900,8350,9854,11467,1365,1367,1403,1401,1450,1504,1613
31990,"Madden, Peter",non-elite,1294,2588,3932,5332,6767,8249,9814,11422,1294,1344,1400,1435,1482,1565,1608
31991,"Moll, Martina",non-elite,1426,2836,4244,5668,7079,8547,10008,11467,1410,1408,1424,1411,1468,1461,1459
31992,"Tortorello, Amy",non-elite,1523,2846,4170,5554,6954,8412,9974,11492,1323,1324,1384,1400,1458,1562,1518
31993,"Glass, Rhonda",non-elite,1402,2811,4209,5631,7056,8522,10008,11468,1409,1398,1422,1425,1466,1486,1460
31994,"Nebel, Ryan",non-elite,1327,2646,3953,5272,6608,8052,9574,11269,1319,1307,1319,1336,1444,1522,1695
31995,"McCarthy, Tony",non-elite,1328,2690,4048,5424,6831,8297,9810,11350,1362,1358,1376,1407,1466,1513,1540
31996,"Royer, Philippe",non-elite,1263,2522,3794,5075,6392,7962,9724,11405,1259,1272,1281,1317,1570,1762,1681
31997,"Majno, Lindsay F.",non-elite,1336,2694,4100,5513,6940,8440,9953,11419,1358,1406,1413,1427,1500,1513,1466
31998,"Quigley, Garrett T",non-elite,1310,2648,4009,5405,6864,8353,9935,11469,1338,1361,1396,1459,1489,1582,1534
31999,"Huffman, James",non-elite,1427,2828,4224,5635,7078,8560,10046,11492,1401,1396,1411,1443,1482,1486,1446
32000,"Swift, Joseph E",non-elite,1294,2588,3853,5161,6567,8109,9771,11397,1294,1265,1308,1406,1542,1662,1626
32001,"Wetter, Thomas J",non-elite,1322,2653,3987,5362,6812,8297,9836,11402,1331,1334,1375,1450,1485,1539,1566
32002,"Staeheli, Anne M.",non-elite,1377,2746,4159,5600,7021,8501,9995,11481,1369,1413,1441,1421,1480,1494,1486
32003,"Ander, Kate",non-elite,1434,2857,4270,5695,7119,8567,10038,11484,1423,1413,1425,1424,1448,1471,1446
32004,"Kmack, Kristin M",non-elite,1381,2755,4144,5553,6955,8410,9916,11436,1374,1389,1409,1402,1455,1506,1520
32005,"Dutcher, Mike G",non-elite,1329,2622,3949,5311,6681,8165,9716,11358,1293,1327,1362,1370,1484,1551,1642
32006,"Eichhorst, John",non-elite,1400,2795,4180,5595,6994,8442,9928,11438,1395,1385,1415,1399,1448,1486,1510
32007,"Cordon, Javier Sr.",non-elite,1168,2358,3588,4856,6238,8068,9835,11495,1190,1230,1268,1382,1830,1767,1660
32008,"Nelson, Scott",non-elite,1278,2572,3909,5276,6659,8200,9802,11392,1294,1337,1367,1383,1541,1602,1590
32009,"Mccollum, Rebecca B",non-elite,1391,2791,4208,5636,7042,8506,10004,11442,1400,1417,1428,1406,1464,1498,1438
32010,"Cochran, Anna",non-elite,1378,2759,4145,5569,6987,8440,9947,11427,1381,1386,1424,1418,1453,1507,1480
32011,"Hermann, Laura K",non-elite,1361,2722,4092,5494,6913,8391,9935,11467,1361,1370,1402,1419,1478,1544,1532
32012,"McKinnon, Lauchie M.",non-elite,1366,2732,4140,5574,6995,8471,9995,11460,1366,1408,1434,1421,1476,1524,1465
32013,"Inman, Luke M",non-elite,1123,2240,3368,4522,5742,7242,9837,11443,1117,1128,1154,1220,1500,2595,1606
32014,"Lynn, David",non-elite,1335,2699,4054,5420,6790,8220,9747,11344,1364,1355,1366,1370,1430,1527,1597
32015,"Tomanek, Brian J",non-elite,1293,2586,3869,5185,6562,8062,9837,11464,1293,1283,1316,1377,1500,1775,1627
32016,"Meltzer, Nir",non-elite,1326,2653,3981,5343,6732,8210,9771,11362,1327,1328,1362,1389,1478,1561,1591
32017,"Hamilton, Michelle",non-elite,1313,2629,3958,5413,6865,8371,9907,11454,1316,1329,1455,1452,1506,1536,1547
32018,"Pedneault, Danielle",non-elite,1427,2858,4287,5731,7162,8623,10082,11501,1431,1429,1444,1431,1461,1459,1419
32019,"Poirier, Michael",non-elite,1373,2752,4140,5527,6937,8418,9944,11432,1379,1388,1387,1410,1481,1526,1488
32020,"Tibbetts, Jack (Knute)",non-elite,1439,2883,4306,5743,7161,8599,10054,11492,1444,1423,1437,1418,1438,1455,1438
32021,"Presutti, Francesco",non-elite,1287,2570,3849,5191,6585,8072,9645,11321,1283,1279,1342,1394,1487,1573,1676
32022,"Powers, David M.",non-elite,1339,2692,4054,5473,6889,8348,9867,11447,1353,1362,1419,1416,1459,1519,1580
32023,"Khan, Farooq R",non-elite,1350,2668,3991,5334,6696,8189,9743,11345,1318,1323,1343,1362,1493,1554,1602
32024,"Backman, Ashley M.",non-elite,1415,2846,4276,5734,7171,8635,10117,11518,1431,1430,1458,1437,1464,1482,1401
32025,"Menke, Becca",non-elite,1389,2774,4170,5574,6964,8375,9848,11392,1385,1396,1404,1390,1411,1473,1544
32026,"Flores Nava, Jose Angel A. Sr.",non-elite,1312,2640,4009,5451,6903,8363,9908,11438,1328,1369,1442,1452,1460,1545,1530
32027,"Tod, Paul J",non-elite,1364,2707,4056,5397,6744,8127,9613,11398,1343,1349,1341,1347,1383,1486,1785
32028,"Bollig, Maggie",non-elite,1358,2694,4042,5429,6861,8266,9741,11361,1336,1348,1387,1432,1405,1475,1620
32029,"Fischer, Barry",non-elite,1276,2525,3843,5284,6797,8340,9940,11485,1249,1318,1441,1513,1543,1600,1545
32030,"Nduati, Ephantus",non-elite,1322,2620,3921,5249,6675,8198,9817,11405,1298,1301,1328,1426,1523,1619,1588
32031,"Penry, Michael",non-elite,1372,2746,4121,5521,6927,8398,9934,11462,1374,1375,1400,1406,1471,1536,1528
32032,"Schreiber, Rachel A",non-elite,1414,2786,4161,5558,6962,8414,9944,11468,1372,1375,1397,1404,1452,1530,1524
32033,"Russey, Daniel",non-elite,1292,2624,3971,5363,6782,8256,9805,11393,1332,1347,1392,1419,1474,1549,1588
32034,"Utter, Garth H",non-elite,1391,2767,4162,5580,6975,8440,9971,11472,1376,1395,1418,1395,1465,1531,1501
32035,"Schepens, Jim A",non-elite,1419,2799,4177,5586,6997,8465,9977,11467,1380,1378,1409,1411,1468,1512,1490
32036,"Brodin, Josh",non-elite,1345,2624,3876,5189,6552,8082,9723,11391,1279,1252,1313,1363,1530,1641,1668
32037,"Ahluwalia, Aditya",non-elite,1248,2531,3825,5119,6449,7971,9713,11382,1283,1294,1294,1330,1522,1742,1669
32038,"Proctor, Tom",non-elite,1294,2592,3939,5322,6752,8286,9948,11472,1298,1347,1383,1430,1534,1662,1524
32039,"Eslinger, Greg J.",non-elite,1344,2669,3992,5339,6706,8163,9696,11368,1325,1323,1347,1367,1457,1533,1672
32040,"Sieck, Stephen M.",non-elite,1329,2666,4010,5357,6718,8178,9742,11390,1337,1344,1347,1361,1460,1564,1648
32041,"Balaconis, Stephanie N",non-elite,1439,2852,4275,5716,7149,8596,10043,11499,1413,1423,1441,1433,1447,1447,1456
32042,"Bondell, Allison",non-elite,1342,2677,4021,5376,6808,8333,9918,11389,1335,1344,1355,1432,1525,1585,1471
32043,"Likhite, April L",non-elite,1307,2632,3959,5297,6638,8075,9686,11324,1325,1327,1338,1341,1437,1611,1638
32044,"Spring, Sophia",non-elite,1453,2911,4366,5825,7272,8692,10120,11511,1458,1455,1459,1447,1420,1428,1391
32045,"Blendell, Beth",non-elite,1348,2699,4095,5521,6923,8395,9917,11466,1351,1396,1426,1402,1472,1522,1549
32046,"Tanaka, Akito",non-elite,1379,2741,4092,5467,6851,8313,9870,11426,1362,1351,1375,1384,1462,1557,1556
32047,"Mitchell, Ashley L",non-elite,1401,2768,4140,5549,6958,8395,9894,11488,1367,1372,1409,1409,1437,1499,1594
32048,"Metcalf, Katy",non-elite,1423,2884,4326,5753,7174,8628,10088,11524,1461,1442,1427,1421,1454,1460,1436
32049,"Cashman, Mary Beth",non-elite,1405,2779,4170,5569,6962,8398,9901,11421,1374,1391,1399,1393,1436,1503,1520
32050,"Fitzpatrick, Michael J",non-elite,1079,2188,3432,4830,6336,7915,9564,11375,1109,1244,1398,1506,1579,1649,1811
32051,"Davidson, Amy",non-elite,1330,2678,4041,5433,6839,8320,9877,11448,1348,1363,1392,1406,1481,1557,1571
32052,"Stevenson, Eric",non-elite,1316,2614,3946,5285,6796,8248,9774,11395,1298,1332,1339,1511,1452,1526,1621
32053,"Okeeffe, Kyle",non-elite,1306,2574,3829,5085,6329,7639,9207,11272,1268,1255,1256,1244,1310,1568,2065
32054,"Brown, Morey",non-elite,1374,2761,4171,5607,7018,8477,9964,11451,1387,1410,1436,1411,1459,1487,1487
32055,"Munoz Arteaga, Pablo P.",non-elite,1297,2588,3889,5261,6672,8233,9888,11414,1291,1301,1372,1411,1561,1655,1526
32056,"Hunkler, Eric",non-elite,1319,2628,3923,5233,6549,7924,9451,11273,1309,1295,1310,1316,1375,1527,1822
32057,"Ushiroda, Kimi",non-elite,1316,2663,4022,5448,6858,8358,9911,11440,1347,1359,1426,1410,1500,1553,1529
32058,"Dallaire, Luc",non-elite,1274,2552,3835,5132,6458,7863,9376,11244,1278,1283,1297,1326,1405,1513,1868
32059,"Lafleur, Hannah",non-elite,1442,2895,4326,5792,7242,8720,10180,11565,1453,1431,1466,1450,1478,1460,1385
32060,"Moore, Steve",non-elite,1418,2850,4280,5722,7159,8595,10060,11495,1432,1430,1442,1437,1436,1465,1435
32061,"Peng, Heather",non-elite,1349,2668,4047,5481,6923,8428,9985,11474,1319,1379,1434,1442,1505,1557,1489
32062,"Ott, Adam",non-elite,1336,2699,4055,5458,6887,8394,9990,11467,1363,1356,1403,1429,1507,1596,1477
32063,"Canarecci, Kimberly D",non-elite,1342,2692,4052,5460,6837,8303,9882,11401,1350,1360,1408,1377,1466,1579,1519
32064,"Weaver, Sarah C",non-elite,1381,2731,4108,5515,6922,8382,9894,11440,1350,1377,1407,1407,1460,1512,1546
32065,"Strang, Lauren",non-elite,1389,2772,4169,5606,7041,8521,10021,11493,1383,1397,1437,1435,1480,1500,1472
32066,"Bancroft, Angela S",non-elite,1397,2782,4180,5594,6992,8453,9974,11482,1385,1398,1414,1398,1461,1521,1508
32067,"Bujdos, Jeannie",non-elite,1403,2818,4213,5613,7013,8467,9967,11477,1415,1395,1400,1400,1454,1500,1510
32068,"Mcbride, Neil",non-elite,1359,2750,4146,5528,6909,8374,9886,11441,1391,1396,1382,1381,1465,1512,1555
32069,"Feldman, Harris",non-elite,1415,2806,4270,5766,7268,8717,10181,11539,1391,1464,1496,1502,1449,1464,1358
32070,"Velasco, John R.",non-elite,1289,2608,3946,5326,6816,8245,9712,11409,1319,1338,1380,1490,1429,1467,1697
32071,"Fraser, Simon Jr.",non-elite,1126,2270,3433,4619,5820,7102,9064,11330,1144,1163,1186,1201,1282,1962,2266
32072,"Kramer, Leslie",non-elite,1394,2780,4173,5574,6965,8392,9864,11405,1386,1393,1401,1391,1427,1472,1541
32073,"Gilliland, Jeff",non-elite,1400,2801,4202,5621,7050,8489,9989,11476,1401,1401,1419,1429,1439,1500,1487
32074,"Carson, Jeff E.",non-elite,1371,2746,4127,5560,7021,8549,10087,11506,1375,1381,1433,1461,1528,1538,1419
32075,"Sher, Justin",non-elite,1218,2454,3748,5082,6428,7947,9595,11320,1236,1294,1334,1346,1519,1648,1725
32076,"Zeller, Walt",non-elite,1375,2769,4132,5539,6958,8409,9959,11464,1394,1363,1407,1419,1451,1550,1505
32077,"Preisinger, Sebastian",non-elite,1320,2684,4058,5465,6888,8384,9916,11445,1364,1374,1407,1423,1496,1532,1529
32078,"Morin, Brian J",non-elite,1350,2720,4103,5543,6952,8423,9946,11488,1370,1383,1440,1409,1471,1523,1542
32079,"Lashkari, Ashley",non-elite,1277,2655,4101,5560,7008,8505,10071,11516,1378,1446,1459,1448,1497,1566,1445
32080,"Van Hoey, Alan",non-elite,1256,2534,3828,5172,6568,8067,9718,11393,1278,1294,1344,1396,1499,1651,1675
32081,"Linthorne, Walter G.",non-elite,1386,2746,4109,5492,6875,8364,9857,11418,1360,1363,1383,1383,1489,1493,1561
32082,"Tigani, Michael",non-elite,1387,2747,4108,5487,6866,8293,9773,11417,1360,1361,1379,1379,1427,1480,1644
32083,"Samuelson, Nord E.",non-elite,1365,2736,4123,5514,6890,8296,9772,11436,1371,1387,1391,1376,1406,1476,1664
32084,"Fischer, Timothy",non-elite,1360,2730,4110,5506,6920,8369,9894,11466,1370,1380,1396,1414,1449,1525,1572
32085,"Fimreite, Vanessa",non-elite,1444,2892,4326,5759,7178,8635,10085,11513,1448,1434,1433,1419,1457,1450,1428
32086,"Fleischman, Jamie D",non-elite,1383,2745,4131,5550,6978,8459,9987,11478,1362,1386,1419,1428,1481,1528,1491
32087,"Morren, Joseph",non-elite,1282,2570,3893,5270,6673,8171,9783,11427,1288,1323,1377,1403,1498,1612,1644
32088,"Wagner, Erica",non-elite,1318,2664,4075,5506,6963,8456,9972,11472,1346,1411,1431,1457,1493,1516,1500
32089,"Conover, Tonia J",non-elite,1460,2905,4333,5754,7164,8611,10075,11514,1445,1428,1421,1410,1447,1464,1439
32090,"Wunderlich, Dennis S.",non-elite,1330,2620,3957,5359,6745,8209,9767,11413,1290,1337,1402,1386,1464,1558,1646
32091,"Richards, Cory",non-elite,1280,2565,3927,5438,6816,8342,9913,11442,1285,1362,1511,1378,1526,1571,1529
32092,"Roane, Angie",non-elite,1332,2635,3958,5322,6762,8282,9812,11407,1303,1323,1364,1440,1520,1530,1595
32093,"Gibbs, Lindsey L",non-elite,1311,2645,3996,5365,6742,8209,9770,11393,1334,1351,1369,1377,1467,1561,1623
32094,"Madrigal, Odette",non-elite,1438,2837,4262,5705,7161,8656,10134,11528,1399,1425,1443,1456,1495,1478,1394
32095,"Koshland, Eliza",non-elite,1373,2766,4171,5591,7005,8457,9946,11480,1393,1405,1420,1414,1452,1489,1534
32096,"Vilchis, Javier",non-elite,1217,2452,3718,5050,6540,8121,9788,11488,1235,1266,1332,1490,1581,1667,1700
32097,"Swyden, Addie E.",non-elite,1461,2891,4300,5700,7092,8532,10021,11481,1430,1409,1400,1392,1440,1489,1460
32098,"Champagne, Real",non-elite,1332,2681,4036,5412,6806,8286,9836,11429,1349,1355,1376,1394,1480,1550,1593
32099,"Vazquez, Lilia",non-elite,1388,2774,4147,5559,6997,8481,9983,11455,1386,1373,1412,1438,1484,1502,1472
32100,"Mcgrath, James T",non-elite,1495,2952,4372,5804,7217,8650,10076,11503,1457,1420,1432,1413,1433,1426,1427
32101,"Cormano, Antonio",non-elite,1431,2839,4215,5665,7088,8581,10080,11528,1408,1376,1450,1423,1493,1499,1448
32102,"Drexler, Paul E",non-elite,1244,2584,3958,5339,6728,8179,9745,11418,1340,1374,1381,1389,1451,1566,1673
32103,"Bellamy, Ben",non-elite,1258,2523,3805,5124,6501,8008,9727,11412,1265,1282,1319,1377,1507,1719,1685
32104,"Bailey, Rob O",non-elite,1274,2572,3909,5307,6745,8257,9838,11425,1298,1337,1398,1438,1512,1581,1587
32105,"Korosec, Adrian",non-elite,1435,2862,4264,5666,7071,8519,9993,11471,1427,1402,1402,1405,1448,1474,1478
32106,"Meehan, Brendan G",non-elite,1215,2428,3671,4960,6296,7782,9551,11263,1213,1243,1289,1336,1486,1769,1712
32107,"Fischer, Paul E.",non-elite,1216,2442,3759,5142,6604,8130,9765,11394,1226,1317,1383,1462,1526,1635,1629
32108,"Sisk, Natalie",non-elite,1405,2841,4293,5730,7152,8586,10045,11516,1436,1452,1437,1422,1434,1459,1471
32109,"Treece, Hope",non-elite,1341,2680,4027,5402,6801,8277,9857,11442,1339,1347,1375,1399,1476,1580,1585
32110,"Smith, Eugene",non-elite,1332,2649,3991,5391,6855,8360,9945,11472,1317,1342,1400,1464,1505,1585,1527
32111,"Quinn, Kevin P",non-elite,1337,2648,3989,5389,6788,8250,9761,11328,1311,1341,1400,1399,1462,1511,1567
32112,"Richardson, Aaron",non-elite,1326,2667,4038,5465,6893,8390,9935,11440,1341,1371,1427,1428,1497,1545,1505
32113,"Longacre, Samantha",non-elite,1401,2809,4234,5679,7111,8551,10050,11507,1408,1425,1445,1432,1440,1499,1457
32114,"Takeshita, Kazunobu",non-elite,1372,2749,4143,5565,7000,8499,10037,11505,1377,1394,1422,1435,1499,1538,1468
32115,"Garabrant, Alice S.",non-elite,1453,2859,4244,5652,7045,8518,10034,11499,1406,1385,1408,1393,1473,1516,1465
32116,"Shepherd, Summer L.",non-elite,1275,2528,3905,5317,6684,8143,9743,11434,1253,1377,1412,1367,1459,1600,1691
32117,"Lange, Darcy L.",non-elite,1445,2859,4271,5698,7128,8582,10074,11521,1414,1412,1427,1430,1454,1492,1447
32118,"Phillips-Jones, Elisabeth O.",non-elite,1445,2870,4297,5729,7168,8624,10089,11519,1425,1427,1432,1439,1456,1465,1430
32119,"Krauss, Matthew R",non-elite,1337,2704,4080,5492,6932,8406,9940,11455,1367,1376,1412,1440,1474,1534,1515
32120,"Gargan, Christine",non-elite,1415,2797,4194,5609,7031,8483,9988,11478,1382,1397,1415,1422,1452,1505,1490
32121,"Gomez, Oscar",non-elite,1266,2527,3792,5152,6606,8120,9685,11358,1261,1265,1360,1454,1514,1565,1673
32122,"Tirone, Melissa L",non-elite,1394,2808,4226,5653,7056,8520,9991,11475,1414,1418,1427,1403,1464,1471,1484
32123,"Vigneron, Peter",non-elite,1401,2793,4191,5600,7019,8530,10049,11502,1392,1398,1409,1419,1511,1519,1453
32124,"McHenry, Kelly",non-elite,1368,2760,4157,5567,6993,8474,10011,11498,1392,1397,1410,1426,1481,1537,1487
32125,"Lewis, Michael C",non-elite,1362,2708,4066,5509,6985,8527,10015,11503,1346,1358,1443,1476,1542,1488,1488
32126,"Getty, Sarah L.",non-elite,1407,2790,4190,5613,7054,8546,10064,11521,1383,1400,1423,1441,1492,1518,1457
32127,"Lindbo, Angela D.",non-elite,1301,2603,3920,5309,6731,8253,9856,11446,1302,1317,1389,1422,1522,1603,1590
32128,"Nolan, James D",non-elite,1309,2670,4057,5465,6879,8349,9898,11428,1361,1387,1408,1414,1470,1549,1530
32129,"Ayres, Maximillian",non-elite,1304,2637,3969,5329,6695,8130,9697,11313,1333,1332,1360,1366,1435,1567,1616
32130,"Cantero, Antonio E Sr.",non-elite,1342,2661,4030,5422,6860,8322,9890,11454,1319,1369,1392,1438,1462,1568,1564
32131,"Fogleman, Corey D",non-elite,1293,2549,3818,5120,6438,7863,9505,11330,1256,1269,1302,1318,1425,1642,1825
32132,"McRae, Nicole",non-elite,1402,2842,4276,5743,7192,8647,10128,11559,1440,1434,1467,1449,1455,1481,1431
32133,"Brewner, Scott",non-elite,1397,2789,4185,5603,7027,8490,9991,11506,1392,1396,1418,1424,1463,1501,1515
32134,"Cummins, Brian",non-elite,1427,2873,4309,5744,7136,8552,10014,11490,1446,1436,1435,1392,1416,1462,1476
32135,"O'Leary, Patrick E.",non-elite,1319,2640,3947,5281,6657,8162,9742,11400,1321,1307,1334,1376,1505,1580,1658
32136,"Moon Larosa, Erin L",non-elite,1391,2766,4170,5601,7034,8535,10051,11509,1375,1404,1431,1433,1501,1516,1458
32137,"Chmielowiec, Deb J.",non-elite,1366,2738,4120,5529,6954,8422,9931,11459,1372,1382,1409,1425,1468,1509,1528
32138,"Lohnes, Steve",non-elite,1388,2782,4198,5648,7083,8540,10025,11523,1394,1416,1450,1435,1457,1485,1498
32139,"Casey, Demian",non-elite,1239,2491,3768,5086,6465,7946,9586,11358,1252,1277,1318,1379,1481,1640,1772
32140,"Melander, Matthew P",non-elite,1423,2848,4254,5693,7157,8603,10074,11505,1425,1406,1439,1464,1446,1471,1431
32141,"Zagrodnik, Joseph P",non-elite,1269,2540,3833,5229,6712,8152,9754,11509,1271,1293,1396,1483,1440,1602,1755
32142,"Koepp, Bryan P.",non-elite,1360,2696,4062,5471,6904,8362,9941,11464,1336,1366,1409,1433,1458,1579,1523
32143,"Davison, Rick",non-elite,1313,2638,3970,5329,6720,8209,9797,11424,1325,1332,1359,1391,1489,1588,1627
32144,"Murtagh, Conor",non-elite,1284,2565,3845,5181,6552,8077,9823,11428,1281,1280,1336,1371,1525,1746,1605
32145,"Gingras, Donald",non-elite,1270,2544,3892,5274,6697,8246,9871,11457,1274,1348,1382,1423,1549,1625,1586
32146,"Donnelly, Steve W",non-elite,1325,2663,4012,5395,6800,8305,9887,11488,1338,1349,1383,1405,1505,1582,1601
32147,"Norris, Christina",non-elite,1411,2811,4227,5661,7074,8525,10015,11485,1400,1416,1434,1413,1451,1490,1470
32148,"Marshall, Christopher J.",non-elite,1210,2435,3709,5189,6697,8211,9713,11431,1225,1274,1480,1508,1514,1502,1718
32149,"Gretter, John D",non-elite,1383,2745,4131,5550,6978,8459,9987,11496,1362,1386,1419,1428,1481,1528,1509
32150,"Morris, Jonathan R",non-elite,1386,2737,4094,5472,6869,8401,9971,11526,1351,1357,1378,1397,1532,1570,1555
32151,"Dornbush, Robert L.",non-elite,1277,2547,3834,5192,6606,8183,9826,11460,1270,1287,1358,1414,1577,1643,1634
32152,"Smehyl, Adam",non-elite,1309,2623,3939,5282,6654,8176,9790,11496,1314,1316,1343,1372,1522,1614,1706
32153,"Debordeaux, Romain",non-elite,1306,2630,3997,5407,6837,8349,9950,11495,1324,1367,1410,1430,1512,1601,1545
32154,"Hetherington, Debbie",non-elite,1363,2738,4108,5508,6921,8379,9900,11471,1375,1370,1400,1413,1458,1521,1571
32155,"Hershey, Steven R.",non-elite,1350,2733,4138,5585,7046,8528,10045,11510,1383,1405,1447,1461,1482,1517,1465
32157,"Chaffee, Jess J",non-elite,1403,2791,4174,5591,7006,8489,10015,11511,1388,1383,1417,1415,1483,1526,1496
32158,"Hailu, Jemal",non-elite,1355,2655,3958,5281,6603,8059,9726,11467,1300,1303,1323,1322,1456,1667,1741
32159,"Ellett, Carlie M.",non-elite,1390,2757,4136,5571,7155,8587,10051,11525,1367,1379,1435,1584,1432,1464,1474
32160,"Keibel, Martin",non-elite,1370,2742,4122,5558,6988,8443,9955,11487,1372,1380,1436,1430,1455,1512,1532
32161,"Hay, Christel",non-elite,1308,2613,3975,5400,6869,8324,9937,11466,1305,1362,1425,1469,1455,1613,1529
32162,"Gibson, John A",non-elite,1425,2872,4328,5808,7277,8759,10242,11575,1447,1456,1480,1469,1482,1483,1333
32163,"Miller, Alan",non-elite,1323,2672,4043,5420,6823,8304,9894,11437,1349,1371,1377,1403,1481,1590,1543
32164,"Kirleis, Thor",non-elite,1432,2864,4300,5815,7240,8715,10171,11554,1432,1436,1515,1425,1475,1456,1383
32165,"Gstettenbauer, Sydney Y",non-elite,1380,2785,4182,5671,7105,8583,10088,11519,1405,1397,1489,1434,1478,1505,1431
32166,"Fairbanks, Alexis",non-elite,1385,2784,4159,5529,6875,8250,9802,11434,1399,1375,1370,1346,1375,1552,1632
32167,"Griego, John A",non-elite,1423,2827,4234,5643,7058,8505,9996,11468,1404,1407,1409,1415,1447,1491,1472
32168,"Creely, Joseph",non-elite,1393,2777,4156,5561,6971,8439,9955,11486,1384,1379,1405,1410,1468,1516,1531
32169,"Milewski, Nicholas",non-elite,1360,2711,4059,5436,6848,8327,9915,11482,1351,1348,1377,1412,1479,1588,1567
32170,"Pobanz, James L. Jr.",non-elite,1407,2803,4225,5660,7078,8535,10053,11521,1396,1422,1435,1418,1457,1518,1468
32171,"Harrington, Jerry",non-elite,1304,2626,3960,5340,6764,8269,9837,11443,1322,1334,1380,1424,1505,1568,1606
32172,"Giglietti, Simone",non-elite,1359,2735,4117,5542,6973,8447,10010,11542,1376,1382,1425,1431,1474,1563,1532
32173,"Shupe, Scott",non-elite,1376,2699,4069,5475,6867,8341,9877,11476,1323,1370,1406,1392,1474,1536,1599
32174,"Hagar, Peter D.",non-elite,1370,2749,4130,5556,6984,8457,9975,11497,1379,1381,1426,1428,1473,1518,1522
32175,"Talley, Chris W",non-elite,1303,2636,3993,5386,6797,8273,9842,11436,1333,1357,1393,1411,1476,1569,1594
32176,"Rothschild, Jim A",non-elite,1305,2610,3926,5269,6658,8128,9735,11435,1305,1316,1343,1389,1470,1607,1700
32177,"Weber, Richard J.",non-elite,1286,2585,3906,5273,6809,8385,10031,11513,1299,1321,1367,1536,1576,1646,1482
32178,"Huff, Kris",non-elite,1423,2824,4238,5688,7125,8606,10099,11545,1401,1414,1450,1437,1481,1493,1446
32179,"Cuervo, Tony",non-elite,1287,2598,3931,5306,6728,8226,9787,11438,1311,1333,1375,1422,1498,1561,1651
32180,"Reyes, Alejandra",non-elite,1330,2619,4023,5423,6895,8365,9954,11457,1289,1404,1400,1472,1470,1589,1503
32181,"Ackerman, Rachel E",non-elite,1351,2708,4078,5492,6967,8481,10016,11516,1357,1370,1414,1475,1514,1535,1500
32182,"Brongel, Annie",non-elite,1401,2801,4218,5669,7124,8627,10143,11541,1400,1417,1451,1455,1503,1516,1398
32183,"Westinghouse, Tasha D",non-elite,1391,2785,4193,5626,7073,8554,10063,11523,1394,1408,1433,1447,1481,1509,1460
32184,"Ertl, Rainer",non-elite,1264,2579,3933,5412,6876,8413,10010,11541,1315,1354,1479,1464,1537,1597,1531
32185,"Zorski, John J. III",non-elite,1331,2610,3969,5353,6800,8292,9883,11454,1279,1359,1384,1447,1492,1591,1571
32186,"Holt, Chelsea C.",non-elite,1389,2780,4179,5585,7001,8477,10057,11539,1391,1399,1406,1416,1476,1580,1482
32187,"Stimatze, Andrew",non-elite,1355,2713,4058,5409,6769,8188,9736,11385,1358,1345,1351,1360,1419,1548,1649
32188,"Cummings, Tom",non-elite,1242,2510,3784,5080,6428,7963,9603,11423,1268,1274,1296,1348,1535,1640,1820
32189,"Leung, Chi Man",non-elite,1282,2600,3976,5418,6860,8397,9978,11496,1318,1376,1442,1442,1537,1581,1518
32190,"Golden-Stone, Tiffany",non-elite,1415,2811,4182,5579,6970,8416,9965,11485,1396,1371,1397,1391,1446,1549,1520
32191,"Minge, Erik",non-elite,1426,2807,4189,5579,6994,8481,10003,11507,1381,1382,1390,1415,1487,1522,1504
32192,"Gallegos, Gustavo",non-elite,1281,2581,3908,5291,6690,8200,9827,11452,1300,1327,1383,1399,1510,1627,1625
32193,"Anderson, Edward P",non-elite,1380,2763,4152,5564,6995,8468,9996,11487,1383,1389,1412,1431,1473,1528,1491
32194,"Pett, Shaye",non-elite,1377,2723,4086,5487,6901,8406,9974,11501,1346,1363,1401,1414,1505,1568,1527
32195,"Moreno, Andres Sr.",non-elite,1261,2530,3804,5104,6463,7946,9697,11380,1269,1274,1300,1359,1483,1751,1683
32196,"Jobe, Ryan",non-elite,1243,2456,3694,4993,6446,7964,9763,11535,1213,1238,1299,1453,1518,1799,1772
32197,"Rivelis, David",non-elite,1329,2718,4124,5559,7003,8485,10010,11524,1389,1406,1435,1444,1482,1525,1514
32198,"Lamaris, Gregory A.",non-elite,1424,2849,4306,5753,7195,8631,10076,11519,1425,1457,1447,1442,1436,1445,1443
32199,"Mcadams, Jana",non-elite,1523,2999,4466,5914,7334,8766,10193,11559,1476,1467,1448,1420,1432,1427,1366
32200,"Gannon, Amy",non-elite,1424,2849,4306,5753,7195,8632,10077,11519,1425,1457,1447,1442,1437,1445,1442
32201,"Hirayama, Mayumi",non-elite,1373,2775,4207,5650,7090,8574,10074,11531,1402,1432,1443,1440,1484,1500,1457
32202,"Huy, Anne Beth",non-elite,1383,2751,4122,5530,6936,8408,9969,11508,1368,1371,1408,1406,1472,1561,1539
32203,"Curtis, Erin",non-elite,1428,2825,4230,5666,7092,8556,10059,11533,1397,1405,1436,1426,1464,1503,1474
32204,"Roberts, Christopher",non-elite,1371,2760,4159,5576,7007,8466,9954,11489,1389,1399,1417,1431,1459,1488,1535
32205,"Shanley, Kerry",non-elite,1377,2725,4074,5490,6872,8338,9862,11422,1348,1349,1416,1382,1466,1524,1560
32206,"Rumaner, Lee",non-elite,1327,2643,3994,5384,6784,8277,9846,11445,1316,1351,1390,1400,1493,1569,1599
32207,"Locke, Wendy E",non-elite,1449,2888,4323,5756,7176,8636,10106,11531,1439,1435,1433,1420,1460,1470,1425
32208,"Merritt, Ladell",non-elite,1343,2660,3984,5345,6703,8198,9781,11396,1317,1324,1361,1358,1495,1583,1615
32209,"Maceachern, Paul",non-elite,1291,2608,3935,5293,6686,8176,9761,11404,1317,1327,1358,1393,1490,1585,1643
32210,"Boisclair, Michael D.",non-elite,1261,2535,3867,5280,6735,8254,9843,11430,1274,1332,1413,1455,1519,1589,1587
32211,"Moyle, Jeffrey",non-elite,1300,2585,3893,5318,6842,8384,9942,11504,1285,1308,1425,1524,1542,1558,1562
32212,"Dunyon, Dave",non-elite,1317,2632,3981,5377,6776,8271,9810,11451,1315,1349,1396,1399,1495,1539,1641
32213,"Mccarthy, Jim",non-elite,1382,2746,4114,5509,6910,8354,9826,11365,1364,1368,1395,1401,1444,1472,1539
32214,"Gillmer, Jason",non-elite,1398,2786,4181,5597,6983,8435,9913,11412,1388,1395,1416,1386,1452,1478,1499
32215,"Locy, Steve",non-elite,1365,2747,4106,5481,6848,8293,9880,11476,1382,1359,1375,1367,1445,1587,1596
32216,"McCormack, Kathryn",non-elite,1402,2802,4204,5658,7099,8581,10172,11584,1400,1402,1454,1441,1482,1591,1412
32217,"Jones, Laurence D",non-elite,1358,2731,4112,5520,6931,8455,9979,11487,1373,1381,1408,1411,1524,1524,1508
32218,"Randolph, Ryan",non-elite,1263,2535,3894,5285,6731,8275,9857,11462,1272,1359,1391,1446,1544,1582,1605
32219,"Olmos, Jose M. Sr.",non-elite,1348,2691,4030,5364,6722,8188,9816,11472,1343,1339,1334,1358,1466,1628,1656
32220,"Cass, Laurie",non-elite,1306,2647,4029,5467,6918,8422,9963,11485,1341,1382,1438,1451,1504,1541,1522
32221,"Machowski, James",non-elite,1293,2561,3857,5209,6586,8010,9653,11373,1268,1296,1352,1377,1424,1643,1720
32222,"Harrod, Rene",non-elite,1410,2826,4245,5672,7100,8583,10094,11550,1416,1419,1427,1428,1483,1511,1456
32223,"Morin, Jean-Nicolas",non-elite,1322,2630,3961,5326,6705,8210,9849,11437,1308,1331,1365,1379,1505,1639,1588
32224,"Roberts, Rebecca L",non-elite,1355,2698,4074,5508,6942,8431,9958,11470,1343,1376,1434,1434,1489,1527,1512
32225,"Van Wyngaarden, Henrita",non-elite,1429,2858,4289,5722,7157,8601,10071,11534,1429,1431,1433,1435,1444,1470,1463
32226,"Wolf, Brad",non-elite,1353,2702,4073,5481,6971,8499,10020,11509,1349,1371,1408,1490,1528,1521,1489
32227,"Stratton, Christopher M",non-elite,1382,2760,4148,5565,6982,8443,9983,11486,1378,1388,1417,1417,1461,1540,1503
32228,"Speak, Steven H",non-elite,1362,2648,3955,5268,6619,8054,9805,11517,1286,1307,1313,1351,1435,1751,1712
32229,"Puma, Alysia",non-elite,1312,2674,4094,5546,7008,8500,10036,11522,1362,1420,1452,1462,1492,1536,1486
32230,"Kramer, Ryan M",non-elite,1198,2402,3662,4940,6347,7853,9625,11379,1204,1260,1278,1407,1506,1772,1754
32231,"Bajornas, Erin",non-elite,1425,2828,4230,5654,7075,8539,10036,11516,1403,1402,1424,1421,1464,1497,1480
32232,"Vicary, Jan C",non-elite,1459,2856,4284,5724,7159,8627,10119,11549,1397,1428,1440,1435,1468,1492,1430
32233,"Park, Fiona E.",non-elite,1342,2716,4142,5587,7027,8518,10050,11513,1374,1426,1445,1440,1491,1532,1463
32234,"Tsukioka, Takashi",non-elite,1325,2644,3965,5322,6687,8179,9878,11493,1319,1321,1357,1365,1492,1699,1615
32235,"Lytle, Todd",non-elite,1265,2486,3708,5007,6387,7840,9519,11355,1221,1222,1299,1380,1453,1679,1836
32236,"Poretta, Alanna M.",non-elite,1255,2530,3865,5320,6799,8342,9938,11480,1275,1335,1455,1479,1543,1596,1542
32237,"Dodds, Richard",non-elite,1337,2663,4024,5404,6831,8298,9887,11487,1326,1361,1380,1427,1467,1589,1600
32238,"Wilson, Doug",non-elite,1405,2810,4202,5619,7035,8516,10034,11519,1405,1392,1417,1416,1481,1518,1485
32239,"Morin, Bernard",non-elite,1349,2705,4136,5616,7055,8538,10028,11517,1356,1431,1480,1439,1483,1490,1489
32240,"Noel, Glen L.",non-elite,1402,2813,4213,5651,7055,8529,10041,11518,1411,1400,1438,1404,1474,1512,1477
32241,"Roberts, Jim W. Jr.",non-elite,1343,2673,4004,5347,6722,8155,9770,11410,1330,1331,1343,1375,1433,1615,1640
32242,"Ayastuy, Carolina",non-elite,1386,2784,4176,5602,7036,8513,10049,11521,1398,1392,1426,1434,1477,1536,1472
32243,"Rahmeier, Nathan",non-elite,1106,2217,3416,4700,6078,7669,9239,11406,1111,1199,1284,1378,1591,1570,2167
32244,"Iannizzotto, Denise",non-elite,1382,2760,4166,5605,7046,8587,10110,11541,1378,1406,1439,1441,1541,1523,1431
32246,"Walwer, Bradley",non-elite,1240,2499,3731,4986,6283,7736,9438,11341,1259,1232,1255,1297,1453,1702,1903
32247,"Newton, J Scott",non-elite,1343,2673,4004,5348,6723,8153,9769,11410,1330,1331,1344,1375,1430,1616,1641
32248,"Nevins, Ilana",non-elite,1425,2809,4205,5641,7044,8482,9984,11506,1384,1396,1436,1403,1438,1502,1522
32249,"Richardson, Sarah C",non-elite,1380,2771,4176,5594,7005,8449,9948,11468,1391,1405,1418,1411,1444,1499,1520
32250,"Ballenger, Holly B.",non-elite,1397,2827,4271,5716,7156,8619,10111,11552,1430,1444,1445,1440,1463,1492,1441
32251,"Wallace, Kyle",non-elite,1315,2616,3937,5297,6691,8203,9812,11465,1301,1321,1360,1394,1512,1609,1653
32252,"Calvino, Juan Pablo",non-elite,1369,2750,4134,5533,6938,8400,9932,11480,1381,1384,1399,1405,1462,1532,1548
32253,"Manley, Pamela K.",non-elite,1200,2427,3806,5292,6849,8405,10034,11530,1227,1379,1486,1557,1556,1629,1496
32254,"Ou, Mark",non-elite,1406,2830,4227,5631,7016,8421,9934,11503,1424,1397,1404,1385,1405,1513,1569
32255,"Robotti, Amanda",non-elite,1282,2579,3920,5327,6749,8260,9839,11491,1297,1341,1407,1422,1511,1579,1652
32256,"Heeter, Lonnie L",non-elite,1345,2675,4006,5346,6725,8155,9770,11412,1330,1331,1340,1379,1430,1615,1642
32257,"Volonsevich, Katia",non-elite,1425,2841,4263,5714,7142,8618,10140,11578,1416,1422,1451,1428,1476,1522,1438
32258,"Bustard, Christopher",non-elite,1275,2543,3801,5088,6415,7998,9752,11409,1268,1258,1287,1327,1583,1754,1657
32259,"Ball, Darrell O.",non-elite,1295,2598,3911,5327,6714,8329,9965,11510,1303,1313,1416,1387,1615,1636,1545
32260,"Grevatt, Doug",non-elite,1382,2761,4143,5547,6987,8487,10018,11538,1379,1382,1404,1440,1500,1531,1520
32261,"Patrick, Sarah M.",non-elite,1360,2722,4102,5548,6983,8448,9975,11506,1362,1380,1446,1435,1465,1527,1531
32262,"Bauckman, Mark",non-elite,1309,2629,3972,5344,6784,8228,9869,11496,1320,1343,1372,1440,1444,1641,1627
32263,"Kerr, Edward L. III",non-elite,1273,2552,3899,5285,6717,8280,9893,11505,1279,1347,1386,1432,1563,1613,1612
32264,"Tercek, Alison L.",non-elite,1347,2685,4064,5425,6873,8334,9923,11481,1338,1379,1361,1448,1461,1589,1558
32265,"Yu, Andrew J",non-elite,1338,2706,4084,5509,6955,8480,10024,11512,1368,1378,1425,1446,1525,1544,1488
32266,"Kaskel, Bruce E.",non-elite,1430,2882,4335,5781,7218,8677,10132,11540,1452,1453,1446,1437,1459,1455,1408
32267,"Ferguson, E.J.",non-elite,1297,2623,3964,5333,6719,8187,9764,11421,1326,1341,1369,1386,1468,1577,1657
32268,"Meeker, David C",non-elite,1247,2550,3877,5218,6586,8130,9768,11412,1303,1327,1341,1368,1544,1638,1644
32269,"Mcgowan, Brian J",non-elite,1402,2822,4244,5701,7131,8610,10115,11546,1420,1422,1457,1430,1479,1505,1431
32270,"Statzer, Randall",non-elite,1364,2760,4163,5601,7028,8573,10095,11533,1396,1403,1438,1427,1545,1522,1438
32271,"Medina, Paul",non-elite,1297,2568,3847,5150,6459,8037,9824,11492,1271,1279,1303,1309,1578,1787,1668
32272,"Knight, Sebastian J.",non-elite,1278,2584,3937,5311,6666,8168,9745,11402,1306,1353,1374,1355,1502,1577,1657
32273,"Mahlan, Scott",non-elite,1375,2758,4159,5557,6946,8382,9907,11451,1383,1401,1398,1389,1436,1525,1544
32274,"Villarreal, Daniel C",non-elite,1292,2596,3917,5334,6771,8311,9884,11525,1304,1321,1417,1437,1540,1573,1641
32275,"Choi, Lauren A",non-elite,1464,2920,4386,5856,7297,8764,10198,11568,1456,1466,1470,1441,1467,1434,1370
32276,"Burke, Alison R.",non-elite,1403,2791,4174,5591,7006,8489,10022,11511,1388,1383,1417,1415,1483,1533,1489
32277,"Treleven, Angela N.",non-elite,1401,2817,4264,5737,7167,8621,10093,11561,1416,1447,1473,1430,1454,1472,1468
32278,"De Pauw, Tim",non-elite,1499,2906,4283,5675,7074,8543,10031,11539,1407,1377,1392,1399,1469,1488,1508
32279,"Villagomez, Edgardo",non-elite,1390,2748,4087,5483,6902,8418,10014,11480,1358,1339,1396,1419,1516,1596,1466
32280,"Mackinnon, Matthew",non-elite,1279,2583,3958,5349,6790,8385,9928,11481,1304,1375,1391,1441,1595,1543,1553
32281,"Salgado, Alejandro Sr.",non-elite,1282,2564,3840,5165,6537,8017,9759,11380,1282,1276,1325,1372,1480,1742,1621
32282,"Elkins, Brent",non-elite,1382,2710,4055,5437,6859,8378,9949,11470,1328,1345,1382,1422,1519,1571,1521
32283,"Kotek, Brandon",non-elite,1136,2286,3473,4772,6228,7742,9461,11335,1150,1187,1299,1456,1514,1719,1874
32284,"Platt, Andrew",non-elite,1223,2501,3858,5448,6909,8422,10013,11548,1278,1357,1590,1461,1513,1591,1535
32285,"Streufert, Shane",non-elite,1137,2262,3393,4569,5786,7196,8987,11160,1125,1131,1176,1217,1410,1791,2173
32286,"Tebbenkamp, Joel D",non-elite,1218,2423,3644,4923,6646,8208,9902,11544,1205,1221,1279,1723,1562,1694,1642
32287,"Bailey, Donald",non-elite,1317,2628,3937,5310,6698,8168,9720,11401,1311,1309,1373,1388,1470,1552,1681
32288,"Andreasen, Scott W",non-elite,1279,2594,3943,5327,6751,8229,9779,11453,1315,1349,1384,1424,1478,1550,1674
32289,"Clinefelter, Kevin H",non-elite,1356,2727,4076,5476,6899,8346,9813,11439,1371,1349,1400,1423,1447,1467,1626
32290,"Liss, Michael A.",non-elite,1360,2665,4007,5425,6864,8433,10015,11539,1305,1342,1418,1439,1569,1582,1524
32291,"Economy, Kyle",non-elite,1139,2288,3435,4620,5967,7656,9464,11338,1149,1147,1185,1347,1689,1808,1874
32292,"Loughnan, Adam J.",non-elite,1379,2748,4111,5503,6891,8356,9906,11480,1369,1363,1392,1388,1465,1550,1574
32293,"Petty, Jon A.",non-elite,1278,2629,3996,5413,6836,8388,9969,11509,1351,1367,1417,1423,1552,1581,1540
32294,"Youngberg, Becky",non-elite,1357,2724,4128,5575,7033,8509,10004,11526,1367,1404,1447,1458,1476,1495,1522
32295,"Yum, Kenny",non-elite,1345,2689,4036,5434,6837,8304,9818,11405,1344,1347,1398,1403,1467,1514,1587
32296,"Schmidt, Sandra J",non-elite,1357,2752,4168,5605,7036,8524,10046,11530,1395,1416,1437,1431,1488,1522,1484
32297,"Klisch, Joerg",non-elite,1357,2732,4122,5535,6960,8444,9985,11508,1375,1390,1413,1425,1484,1541,1523
32298,"Cote, Patrick",non-elite,1277,2553,3869,5289,6793,8351,9964,11503,1276,1316,1420,1504,1558,1613,1539
32299,"Myers, Anne Hunter",non-elite,1375,2769,4177,5588,7009,8506,10021,11519,1394,1408,1411,1421,1497,1515,1498
32300,"Tannous, Ali",non-elite,1429,2828,4237,5644,7050,8491,10002,11517,1399,1409,1407,1406,1441,1511,1515
32301,"Renken, John",non-elite,1392,2792,4193,5602,7041,8544,10078,11533,1400,1401,1409,1439,1503,1534,1455
32302,"Cooper, Allison J.",non-elite,1431,2872,4321,5775,7210,8679,10149,11568,1441,1449,1454,1435,1469,1470,1419
32303,"Budd, Kelli E",non-elite,1357,2708,4065,5451,6868,8366,9915,11482,1351,1357,1386,1417,1498,1549,1567
32304,"Almaraz, Georgina",non-elite,1366,2724,4127,5569,7014,8518,10062,11540,1358,1403,1442,1445,1504,1544,1478
32305,"Cantu, Hiran",non-elite,1410,2829,4250,5693,7109,8565,10075,11531,1419,1421,1443,1416,1456,1510,1456
32306,"Park, Yong H",non-elite,1282,2573,3890,5251,6768,8254,9862,11457,1291,1317,1361,1517,1486,1608,1595
32307,"Riggs, Gary D",non-elite,1411,2792,4179,5581,6950,8394,9931,11525,1381,1387,1402,1369,1444,1537,1594
32308,"Choppy, Lindsay J",non-elite,1406,2812,4217,5648,7073,8540,10043,11533,1406,1405,1431,1425,1467,1503,1490
32309,"Diamond-Husmann, Kara",non-elite,1291,2627,4002,5418,6863,8392,9974,11510,1336,1375,1416,1445,1529,1582,1536
32310,"Townsend, John",non-elite,1262,2533,3858,5177,6589,8219,9808,11456,1271,1325,1319,1412,1630,1589,1648
32311,"Prendergast, Robert",non-elite,1262,2588,3863,5184,6609,8193,9805,11448,1326,1275,1321,1425,1584,1612,1643
32312,"Kongs, Jennifer M.",non-elite,1384,2760,4150,5563,7012,8479,10003,11518,1376,1390,1413,1449,1467,1524,1515
32313,"Di Marco, Martina",non-elite,1421,2831,4246,5680,7099,8567,10057,11530,1410,1415,1434,1419,1468,1490,1473
32314,"Navarro, Albert",non-elite,1241,2502,3790,5093,6433,7969,9658,11377,1261,1288,1303,1340,1536,1689,1719
32315,"Dodge, Robyn L",non-elite,1429,2868,4287,5704,7105,8543,10043,11542,1439,1419,1417,1401,1438,1500,1499
32316,"Fournelle, Yannick",non-elite,1409,2816,4240,5689,7177,8662,10178,11582,1407,1424,1449,1488,1485,1516,1404
32317,"Goupil, Stephane",non-elite,1290,2603,3937,5331,6746,8238,9842,11471,1313,1334,1394,1415,1492,1604,1629
32318,"Tavera, Cristobal Sr.",non-elite,1304,2590,3900,5221,6570,8117,9686,11443,1286,1310,1321,1349,1547,1569,1757
32319,"Irwin, Brian P",non-elite,1326,2681,4019,5402,6827,8370,9937,11482,1355,1338,1383,1425,1543,1567,1545
32320,"Pillsbury, Jillian M",non-elite,1396,2799,4226,5656,7095,8561,10076,11534,1403,1427,1430,1439,1466,1515,1458
32321,"Galeno, Javier",non-elite,1382,2763,4176,5622,7069,8572,10089,11562,1381,1413,1446,1447,1503,1517,1473
32322,"Whiting, Elizabeth",non-elite,1268,2531,3834,5226,6669,8173,9853,11505,1263,1303,1392,1443,1504,1680,1652
32323,"Stone, Kristy M.",non-elite,1435,2884,4305,5761,7193,8631,10082,11514,1449,1421,1456,1432,1438,1451,1432
32324,"Darnall, Jason F",non-elite,1344,2721,4092,5504,6938,8446,9991,11529,1377,1371,1412,1434,1508,1545,1538
32325,"O'Byrne, Ellen C.",non-elite,1429,2868,4299,5747,7180,8644,10126,11576,1439,1431,1448,1433,1464,1482,1450
32326,"Ge, Yue",non-elite,1303,2640,3998,5406,6827,8331,9911,11484,1337,1358,1408,1421,1504,1580,1573
32327,"Sharp, Jeremy",non-elite,1339,2657,3951,5261,6584,8143,9782,11446,1318,1294,1310,1323,1559,1639,1664
32328,"Rhodes, Charlie",non-elite,1463,2900,4335,5771,7205,8678,10151,11568,1437,1435,1436,1434,1473,1473,1417
32329,"Bailey, David A.",non-elite,1344,2699,4060,5435,6809,8240,9716,11416,1355,1361,1375,1374,1431,1476,1700
32330,"Morgan, Victor",non-elite,1394,2784,4175,5589,7001,8459,9960,11484,1390,1391,1414,1412,1458,1501,1524
32331,"Labranche, Kevin",non-elite,1271,2516,3785,5064,6435,7919,9601,11363,1245,1269,1279,1371,1484,1682,1762
32332,"Lewis, Gordon G",non-elite,1236,2477,3726,5031,6488,8247,9947,11472,1241,1249,1305,1457,1759,1700,1525
32333,"Bouaichi, Abdel",non-elite,1361,2707,4066,5480,6934,8487,10046,11510,1346,1359,1414,1454,1553,1559,1464
32334,"Goldman, Christine M.",non-elite,1407,2808,4217,5647,7087,8596,10112,11562,1401,1409,1430,1440,1509,1516,1450
32335,"Durno, Mark",non-elite,1360,2706,4074,5449,6839,8327,9902,11451,1346,1368,1375,1390,1488,1575,1549
32336,"Abaibourova, Lilia",non-elite,1344,2697,4052,5429,6864,8299,9820,11421,1353,1355,1377,1435,1435,1521,1601
32337,"Hamilton, Lynsey F.",non-elite,1383,2781,4190,5632,7073,8558,10062,11549,1398,1409,1442,1441,1485,1504,1487
32338,"Girardin, Alain",non-elite,1408,2818,4228,5687,7150,8644,10110,11572,1410,1410,1459,1463,1494,1466,1462
32339,"Sotiroff, Daniel",non-elite,1227,2452,3701,4993,6320,7733,9243,11159,1225,1249,1292,1327,1413,1510,1916
32340,"Weagley, James R",non-elite,1402,2846,4281,5735,7185,8651,10132,11570,1444,1435,1454,1450,1466,1481,1438
32341,"Sweeney, Patrick",non-elite,1195,2372,3579,4839,6221,7786,9537,11352,1177,1207,1260,1382,1565,1751,1815
32342,"Jensen, Anne",non-elite,1413,2796,4178,5637,7062,8532,10039,11521,1383,1382,1459,1425,1470,1507,1482
32343,"Espinoza, Victoria E",non-elite,1437,2868,4273,5704,7107,8579,10064,11526,1431,1405,1431,1403,1472,1485,1462
32344,"Howe, Karen",non-elite,1391,2797,4215,5675,7127,8606,10087,11549,1406,1418,1460,1452,1479,1481,1462
32345,"Yan, Hongming",non-elite,1349,2689,4063,5495,6959,8466,10010,11533,1340,1374,1432,1464,1507,1544,1523
32346,"Castro, Alejandro",non-elite,1425,2852,4262,5694,7111,8585,10078,11550,1427,1410,1432,1417,1474,1493,1472
32347,"Wedel, Michael A",non-elite,1293,2578,3865,5185,6563,8031,9698,11371,1285,1287,1320,1378,1468,1667,1673
32348,"Warren, Lauren M",non-elite,1465,2920,4386,5856,7297,8764,10197,11584,1455,1466,1470,1441,1467,1433,1387
32349,"Piryatinsky, Maxim",non-elite,1326,2634,3927,5259,6612,8032,9715,11441,1308,1293,1332,1353,1420,1683,1726
32350,"Paradis, Renee D.",non-elite,1348,2703,4107,5530,7005,8505,10055,11542,1355,1404,1423,1475,1500,1550,1487
32351,"Lavallee, Richard",non-elite,1312,2687,4063,5464,6886,8382,9953,11510,1375,1376,1401,1422,1496,1571,1557
32352,"Hribar, Kathryn",non-elite,1407,2811,4213,5627,7057,8521,10024,11525,1404,1402,1414,1430,1464,1503,1501
32353,"Koski, Kari J.",non-elite,1382,2775,4157,5584,7012,8509,10046,11538,1393,1382,1427,1428,1497,1537,1492
32354,"Stengel, Morgan",non-elite,1432,2857,4291,5741,7198,8691,10187,11612,1425,1434,1450,1457,1493,1496,1425
32355,"Hoffmaster, Michael S",non-elite,1389,2769,4141,5535,6953,8427,9950,11508,1380,1372,1394,1418,1474,1523,1558
32356,"Yerger, Robert C",non-elite,1309,2608,4005,5372,6766,8253,9859,11454,1299,1397,1367,1394,1487,1606,1595
32357,"Gage, Ron",non-elite,1167,2343,3535,4755,6092,7657,9462,11295,1176,1192,1220,1337,1565,1805,1833
32358,"Nichols, Abe",non-elite,1358,2727,4116,5547,6971,8428,9973,11511,1369,1389,1431,1424,1457,1545,1538
32359,"Penet, Marie-France",non-elite,1360,2753,4180,5645,7106,8592,10098,11564,1393,1427,1465,1461,1486,1506,1466
32360,"Simpson, Travis R.",non-elite,1310,2635,3964,5322,6707,8162,9821,11514,1325,1329,1358,1385,1455,1659,1693
32361,"Denike, Brian W.",non-elite,1326,2645,3961,5285,6630,8081,9678,11332,1319,1316,1324,1345,1451,1597,1654
32362,"Sain, Christian D",non-elite,1279,2563,3845,5159,6508,7974,9617,11433,1284,1282,1314,1349,1466,1643,1816
32363,"Garrett, Matthew",non-elite,1311,2622,3933,5280,6701,8261,9908,11512,1311,1311,1347,1421,1560,1647,1604
32364,"Ryan, Meghan",non-elite,1415,2836,4282,5743,7195,8675,10132,11578,1421,1446,1461,1452,1480,1457,1446
32365,"Haggart, Geoffrey",non-elite,1464,2874,4267,5669,7040,8478,9989,11508,1410,1393,1402,1371,1438,1511,1519
32366,"Soikkeli, Jarkko",non-elite,1338,2669,4013,5384,6843,8326,9886,11514,1331,1344,1371,1459,1483,1560,1628
32367,"Losi-Sasaki, Jacqueline",non-elite,1354,2656,3997,5357,6716,8157,9714,11449,1302,1341,1360,1359,1441,1557,1735
32368,"Dearden, Levi S.",non-elite,1386,2815,4195,5692,7208,8754,10234,11562,1429,1380,1497,1516,1546,1480,1328
32369,"Paradis, Rejean",non-elite,1392,2779,4202,5634,7074,8571,10104,11565,1387,1423,1432,1440,1497,1533,1461
32370,"Hubbard, Joshua",non-elite,1333,2721,4097,5508,6926,8409,9933,11516,1388,1376,1411,1418,1483,1524,1583
32371,"Montefusco, Sue",non-elite,1448,2899,4337,5781,7218,8689,10149,11571,1451,1438,1444,1437,1471,1460,1422
32372,"Brill, Jennifer L",non-elite,1290,2615,3995,5435,6907,8465,10014,11547,1325,1380,1440,1472,1558,1549,1533
32373,"Corsaro, Nancy",non-elite,1406,2828,4253,5701,7135,8608,10120,11563,1422,1425,1448,1434,1473,1512,1443
32374,"Smith, Nicole",non-elite,1424,2838,4269,5688,7150,8649,10141,11557,1414,1431,1419,1462,1499,1492,1416
32375,"Guo, Yufeng",non-elite,1196,2374,3557,4772,6922,8395,9964,11499,1178,1183,1215,2150,1473,1569,1535
32376,"Martin, Julie",non-elite,1343,2702,4093,5530,6967,8478,10036,11547,1359,1391,1437,1437,1511,1558,1511
32377,"Ciancione, Timothy M",non-elite,1415,2821,4210,5642,7063,8540,10052,11543,1406,1389,1432,1421,1477,1512,1491
32378,"Furseth, Richard",non-elite,1273,2534,3791,5074,6516,8024,9788,11514,1261,1257,1283,1442,1508,1764,1726
32379,"Hansen, Erik",non-elite,1280,2550,3843,5197,6639,8202,9835,11466,1270,1293,1354,1442,1563,1633,1631
32380,"Bollschweiler, Luke",non-elite,1299,2598,3914,5223,6589,8136,9719,11362,1299,1316,1309,1366,1547,1583,1643
32381,"Keleher, Christopher L.",non-elite,1334,2696,3997,5319,6644,8047,9612,11436,1362,1301,1322,1325,1403,1565,1824
32382,"Adams, Brent C",non-elite,1255,2495,3731,5028,6391,7901,9595,11396,1240,1236,1297,1363,1510,1694,1801
32383,"McGeough, Mark",non-elite,1282,2561,3861,5256,6727,8300,9922,11550,1279,1300,1395,1471,1573,1622,1628
32384,"Rodriguez, Nelson L",non-elite,1373,2729,4090,5502,6898,8391,9935,11510,1356,1361,1412,1396,1493,1544,1575
32385,"Boyce, Gary",non-elite,1393,2794,4203,5619,7046,8533,10038,11518,1401,1409,1416,1427,1487,1505,1480
32386,"Mercer, Audrey",non-elite,1431,2841,4264,5746,7209,8674,10137,11547,1410,1423,1482,1463,1465,1463,1410
32387,"Shults, Kyle",non-elite,1263,2507,3778,5055,6353,7833,9577,11333,1244,1271,1277,1298,1480,1744,1756
32388,"Chan, Jesse",non-elite,1281,2572,3866,5187,6498,7864,9601,11386,1291,1294,1321,1311,1366,1737,1785
32389,"Nelson, Daniel E",non-elite,1388,2727,4103,5502,6909,8386,9912,11473,1339,1376,1399,1407,1477,1526,1561
32390,"Lai, Wyman W",non-elite,1425,2864,4341,5821,7294,8775,10238,11601,1439,1477,1480,1473,1481,1463,1363
32391,"Albert, Patrick L",non-elite,1401,2775,4209,5614,7021,8499,10010,11506,1374,1434,1405,1407,1478,1511,1496
32392,"Windeknecht, Matthew J.",non-elite,1357,2693,4032,5407,6784,8193,9662,11443,1336,1339,1375,1377,1409,1469,1781
32393,"Handro, Habtamu",non-elite,1280,2555,3841,5178,6556,8083,9699,11408,1275,1286,1337,1378,1527,1616,1709
32394,"Tso, Kenneth L",non-elite,1333,2662,3992,5365,6775,8280,9863,11489,1329,1330,1373,1410,1505,1583,1626
32395,"Carolan, James",non-elite,1249,2514,3828,5184,6640,8207,9859,11493,1265,1314,1356,1456,1567,1652,1634
32396,"Tabata, Yasuhiro",non-elite,1231,2476,3737,5026,6375,7878,9547,11436,1245,1261,1289,1349,1503,1669,1889
32397,"Blake, Robert J. III",non-elite,1250,2519,3825,5201,6703,8314,9964,11601,1269,1306,1376,1502,1611,1650,1637
32398,"Kastner, Roland",non-elite,1409,2822,4242,5674,7089,8567,10085,11565,1413,1420,1432,1415,1478,1518,1480
32399,"Fogelman, Charles",non-elite,1253,2532,3798,5100,6483,8057,9785,11548,1279,1266,1302,1383,1574,1728,1763
32400,"Brown, Jhett L",non-elite,1260,2550,3851,5206,6597,8066,9574,11382,1290,1301,1355,1391,1469,1508,1808
32401,"Wisniewski, Marek",non-elite,1250,2491,3746,5096,6539,8160,9864,11498,1241,1255,1350,1443,1621,1704,1634
32402,"Ivie, Michael J.",non-elite,1326,2676,4053,5486,6932,8437,9981,11549,1350,1377,1433,1446,1505,1544,1568
32403,"Osborne, Darren R",non-elite,1427,2791,4163,5578,7002,8503,10069,11545,1364,1372,1415,1424,1501,1566,1476
32404,"Eidinger, Jessica L",non-elite,1384,2773,4161,5554,6960,8446,9990,11506,1389,1388,1393,1406,1486,1544,1516
32405,"Blank, Jared",non-elite,1302,2600,3928,5315,6611,7983,9476,11219,1298,1328,1387,1296,1372,1493,1743
32406,"Ockerberg, Kenneth",non-elite,1428,2839,4268,5732,7178,8664,10159,11602,1411,1429,1464,1446,1486,1495,1443
32407,"Zepeda Hernandez, Yessica Paola Y. III",non-elite,1340,2702,4123,5585,7022,8521,10048,11552,1362,1421,1462,1437,1499,1527,1504
32408,"Theberge, Anne-Marie",non-elite,1325,2686,4091,5534,6994,8512,10071,11555,1361,1405,1443,1460,1518,1559,1484
32409,"Osmun, Ken",non-elite,1315,2612,3929,5285,6670,8186,9848,11512,1297,1317,1356,1385,1516,1662,1664
32410,"Wicheta, Sarah E.",non-elite,1434,2848,4241,5658,7058,8527,10046,11531,1414,1393,1417,1400,1469,1519,1485
32411,"Ho, Tom",non-elite,1412,2795,4174,5576,6987,8459,10004,11538,1383,1379,1402,1411,1472,1545,1534
32412,"Cooley, Corinne",non-elite,1428,2840,4268,5733,7179,8664,10159,11603,1412,1428,1465,1446,1485,1495,1444
32413,"Sinisi, Rocco",non-elite,1332,2668,4007,5511,6856,8298,9873,11460,1336,1339,1504,1345,1442,1575,1587
32414,"Alvarez, Jorge S. Sr.",non-elite,1301,2610,3938,5310,6721,8236,9819,11448,1309,1328,1372,1411,1515,1583,1629
32415,"Mccray, Michelle E",non-elite,1447,2873,4304,5781,7225,8713,10236,11633,1426,1431,1477,1444,1488,1523,1397
32416,"McCracken, Noel K.",non-elite,1341,2694,4047,5421,6808,8276,9861,11481,1353,1353,1374,1387,1468,1585,1620
32417,"Norko, Sarah E",non-elite,1402,2796,4194,5625,7063,8551,10071,11559,1394,1398,1431,1438,1488,1520,1488
32418,"Munoz Giraldo, Erasmo H. Sr.",non-elite,1421,2865,4203,5596,6997,8469,9985,11505,1444,1338,1393,1401,1472,1516,1520
32419,"Randolph, Paul R",non-elite,1373,2732,4110,5544,6981,8478,10027,11529,1359,1378,1434,1437,1497,1549,1502
32420,"Ogawa, Kenji L",non-elite,1390,2788,4197,5607,7015,8494,10018,11542,1398,1409,1410,1408,1479,1524,1524
32421,"Ubersax, Jeffery D",non-elite,1407,2797,4173,5573,6981,8460,10017,11544,1390,1376,1400,1408,1479,1557,1527
32422,"Current, Joshua J",non-elite,1310,2608,3907,5240,6624,8075,9611,11414,1298,1299,1333,1384,1451,1536,1803
32423,"Crotts, Daniel",non-elite,1256,2503,3772,5088,6429,7885,9513,11305,1247,1269,1316,1341,1456,1628,1792
32424,"Buffington, Peter",non-elite,1180,2370,3556,4774,6061,8332,9952,11515,1190,1186,1218,1287,2271,1620,1563
32425,"Ward, Stephen J.",non-elite,1303,2606,3905,5197,6489,7820,9302,11320,1303,1299,1292,1292,1331,1482,2018
32426,"Badouraly-Rajan, Malik Sr.",non-elite,1251,2532,3843,5199,6610,8107,9758,11479,1281,1311,1356,1411,1497,1651,1721
32427,"Raney, Tom",non-elite,1392,2778,4185,5636,7100,8580,10108,11584,1386,1407,1451,1464,1480,1528,1476
32428,"Poirier, Jocelyn",non-elite,1258,2509,3773,5080,6407,7854,9663,11423,1251,1264,1307,1327,1447,1809,1760
32429,"Lyons, Kristina L.",non-elite,1480,2928,4351,5773,7163,8615,10102,11575,1448,1423,1422,1390,1452,1487,1473
32430,"Coulter, Katrina",non-elite,1424,2860,4285,5724,7149,8615,10099,11560,1436,1425,1439,1425,1466,1484,1461
32431,"Wilbers, Christopher",non-elite,1425,2854,4280,5734,7171,8635,10110,11576,1429,1426,1454,1437,1464,1475,1466
32432,"Spencer, Matthew",non-elite,1292,2552,3821,5139,6595,8089,9670,11469,1260,1269,1318,1456,1494,1581,1799
32433,"Harville, Brian",non-elite,1294,2633,3988,5374,6781,8283,9857,11501,1339,1355,1386,1407,1502,1574,1644
32434,"Lynch, Stephanie",non-elite,1446,2872,4306,5743,7159,8610,10105,11552,1426,1434,1437,1416,1451,1495,1447
32435,"Hendricks, Chris L",non-elite,1276,2539,3822,5185,6574,8049,9603,11479,1263,1283,1363,1389,1475,1554,1876
32436,"Crowley, Connor W.",non-elite,1148,2343,3546,4769,6053,7473,9758,11430,1195,1203,1223,1284,1420,2285,1672
32437,"George, Chris J.",non-elite,1319,2654,4012,5414,6825,8303,9911,11530,1335,1358,1402,1411,1478,1608,1619
32438,"Smith, Cameron",non-elite,1344,2666,4006,5377,6761,8242,9857,11454,1322,1340,1371,1384,1481,1615,1597
32439,"Sandefur, Patrick",non-elite,1398,2808,4218,5637,7064,8550,10071,11559,1410,1410,1419,1427,1486,1521,1488
32440,"Hsia, Hai Yin",non-elite,1374,2779,4212,5636,7062,8540,10078,11544,1405,1433,1424,1426,1478,1538,1466
32441,"Hebel, Nathan",non-elite,1275,2552,3888,5290,6722,8256,9841,11455,1277,1336,1402,1432,1534,1585,1614
32442,"Hooper, Nicholas",non-elite,1284,2581,3899,5237,6658,8197,9910,11523,1297,1318,1338,1421,1539,1713,1613
32443,"Calumby, Dana R",non-elite,1436,2866,4301,5743,7163,8641,10135,11583,1430,1435,1442,1420,1478,1494,1448
32444,"Gomez, Esteban Martin",non-elite,1372,2759,4198,5643,7073,8565,10089,11574,1387,1439,1445,1430,1492,1524,1485
32445,"Dietz, Tim",non-elite,1238,2470,3695,4937,6193,7536,9180,11504,1232,1225,1242,1256,1343,1644,2324
32446,"Mrowka, Marcin",non-elite,1307,2685,4062,5483,6909,8395,9968,11501,1378,1377,1421,1426,1486,1573,1533
32447,"Fischman, Craig",non-elite,1351,2679,4007,5379,6757,8245,9910,11508,1328,1328,1372,1378,1488,1665,1598
32448,"Gilmer, David",non-elite,1235,2486,3730,4999,6300,7725,9530,11435,1251,1244,1269,1301,1425,1805,1905
32449,"Golen, Kristen C.",non-elite,1353,2716,4096,5498,6905,8391,9923,11493,1363,1380,1402,1407,1486,1532,1570
32450,"Mesbah, Tayeb",non-elite,1386,2772,4143,5549,7002,8498,10068,11566,1386,1371,1406,1453,1496,1570,1498
32451,"Preston, Mark",non-elite,1449,2870,4304,5772,7214,8725,10224,11624,1421,1434,1468,1442,1511,1499,1400
32452,"Douglass, Dominic N",non-elite,1238,2468,3780,5223,6717,8335,9989,11578,1230,1312,1443,1494,1618,1654,1589
32453,"Witherbee, Jay",non-elite,1398,2789,4184,5609,7048,8522,10071,11582,1391,1395,1425,1439,1474,1549,1511
32454,"Kelleher, Daniel P.",non-elite,1397,2773,4133,5545,6972,8463,10025,11559,1376,1360,1412,1427,1491,1562,1534
32455,"Trejo, German L",non-elite,1336,2691,4059,5504,6895,8490,10008,11528,1355,1368,1445,1391,1595,1518,1520
32456,"Varela, Julian",non-elite,1362,2710,4066,5442,6857,8348,9925,11504,1348,1356,1376,1415,1491,1577,1579
32457,"Von Rock, Hallie",non-elite,1238,2508,3917,5292,7006,8564,10126,11582,1270,1409,1375,1714,1558,1562,1456
32458,"Jones, Nadine M",non-elite,1389,2796,4230,5658,7131,8611,10101,11568,1407,1434,1428,1473,1480,1490,1467
32459,"Mangeot, Pat",non-elite,1379,2756,4140,5552,6968,8439,10009,11540,1377,1384,1412,1416,1471,1570,1531
32460,"Silver, Katlyn M.",non-elite,1291,2572,3875,5213,6597,8129,9812,11496,1281,1303,1338,1384,1532,1683,1684
32461,"Lua, Kurt S",non-elite,1292,2607,3958,5330,6681,8136,9782,11461,1315,1351,1372,1351,1455,1646,1679
32462,"Cueva Cortes, Luis",non-elite,1500,2959,4425,5899,7348,8821,10285,11649,1459,1466,1474,1449,1473,1464,1364
32463,"Sherman, Quentin",non-elite,1204,2385,3603,4907,6375,8017,9683,11502,1181,1218,1304,1468,1642,1666,1819
32464,"Purser, Steve",non-elite,1304,2585,3883,5249,6669,8192,9785,11440,1281,1298,1366,1420,1523,1593,1655
32465,"Onyett-Jeffries, Katherine",non-elite,1443,2903,4337,5780,7216,8672,10143,11593,1460,1434,1443,1436,1456,1471,1450
32466,"Ducas, Olivier",non-elite,1322,2633,3951,5323,6756,8222,9856,11488,1311,1318,1372,1433,1466,1634,1632
32467,"Sihelnik, Stephen J",non-elite,1289,2582,3918,5260,6611,8039,9504,11236,1293,1336,1342,1351,1428,1465,1732
32468,"Berard, Victoria",non-elite,1431,2884,4334,5792,7222,8678,10141,11610,1453,1450,1458,1430,1456,1463,1469
32469,"Bryant, John J",non-elite,1207,2410,3704,5091,6580,8175,9868,11526,1203,1294,1387,1489,1595,1693,1658
32470,"Mcumber, Lauren",non-elite,1469,2905,4314,5726,7136,8589,10095,11578,1436,1409,1412,1410,1453,1506,1483
32471,"Mason Cox, Cheryl",non-elite,1350,2683,4061,5486,6920,8408,9960,11533,1333,1378,1425,1434,1488,1552,1573
32472,"Johnson, Heather K.",non-elite,1321,2663,4032,5488,7010,8535,10064,11577,1342,1369,1456,1522,1525,1529,1513
32473,"Roznowski, Joshua T",non-elite,1328,2654,3965,5297,6637,8074,9789,11399,1326,1311,1332,1340,1437,1715,1610
32474,"Baumberger, Marybeth",non-elite,1469,2940,4395,5848,7281,8687,10166,11596,1471,1455,1453,1433,1406,1479,1430
32475,"Lador, Adi",non-elite,1394,2795,4215,5671,7121,8605,10116,11579,1401,1420,1456,1450,1484,1511,1463
32476,"Peterson, Daniel C",non-elite,1308,2635,3991,5358,6745,8206,9749,11518,1327,1356,1367,1387,1461,1543,1769
32477,"Jensen, Brett",non-elite,1246,2528,3845,5209,6621,8178,10007,11565,1282,1317,1364,1412,1557,1829,1558
32478,"Clevenger, Larry A.",non-elite,1374,2688,3993,5356,6771,8290,9890,11500,1314,1305,1363,1415,1519,1600,1610
32479,"Malloy, Kevin",non-elite,1341,2779,4235,5684,7119,8611,10120,11595,1438,1456,1449,1435,1492,1509,1475
32480,"Chuo, Alex",non-elite,1312,2613,4072,5530,6970,8602,10144,11582,1301,1459,1458,1440,1632,1542,1438
32481,"Sullivan, Haas A",non-elite,1285,2586,3917,5300,6716,8226,9875,11521,1301,1331,1383,1416,1510,1649,1646
32482,"Hughes, Meghan C",non-elite,1349,2721,4109,5514,6908,8401,9970,11529,1372,1388,1405,1394,1493,1569,1559
32483,"Mccourt, Lynn M",non-elite,1455,2891,4337,5800,7244,8705,10155,11586,1436,1446,1463,1444,1461,1450,1431
32484,"Tidke, Dnyaneshwar D",non-elite,1249,2480,3737,5017,6364,8098,9854,11439,1231,1257,1280,1347,1734,1756,1585
32485,"Schmid, Thomas",non-elite,1306,2604,3952,5354,6783,8319,9953,11532,1298,1348,1402,1429,1536,1634,1579
32486,"Croft, Darrell G",non-elite,1451,2869,4269,5727,7143,8606,10081,11561,1418,1400,1458,1416,1463,1475,1480
32487,"Gaffke, Kenley E",non-elite,1215,2484,3821,5233,6687,8284,9933,11521,1269,1337,1412,1454,1597,1649,1588
32488,"Steele, Jay",non-elite,1336,2687,4055,5433,6796,8222,9970,11542,1351,1368,1378,1363,1426,1748,1572
32489,"Castillo, Ronald",non-elite,1436,2853,4242,5648,7043,8493,10040,11552,1417,1389,1406,1395,1450,1547,1512
32490,"Medina, Benjamin",non-elite,1398,2751,4077,5482,6911,8463,10016,11552,1353,1326,1405,1429,1552,1553,1536
32492,"Piesik, Jennifer",non-elite,1447,2869,4290,5747,7186,8648,10132,11575,1422,1421,1457,1439,1462,1484,1443
32493,"Tremblay, Bernard",non-elite,1426,2851,4288,5739,7174,8620,10090,11554,1425,1437,1451,1435,1446,1470,1464
32494,"Fargo, Richard N",non-elite,1317,2663,4030,5412,6829,8331,9917,11517,1346,1367,1382,1417,1502,1586,1600
32495,"Macphee, Allan",non-elite,1378,2766,4160,5579,7005,8491,10016,11548,1388,1394,1419,1426,1486,1525,1532
32496,"Nyquist, Pierre",non-elite,1292,2578,3851,5175,6523,8181,10002,11551,1286,1273,1324,1348,1658,1821,1549
32497,"Hehir, Carolyn",non-elite,1385,2792,4214,5677,7117,8588,10073,11549,1407,1422,1463,1440,1471,1485,1476
32498,"Segall, Max",non-elite,1252,2517,3780,5084,6761,8354,9935,11551,1265,1263,1304,1677,1593,1581,1616
32499,"Oddono, Jim V.",non-elite,1442,2860,4267,5687,7092,8532,10037,11536,1418,1407,1420,1405,1440,1505,1499
32500,"Woodley, William B.",non-elite,1360,2641,3967,5332,6755,8260,9882,11510,1281,1326,1365,1423,1505,1622,1628
32501,"Miller, David W",non-elite,1407,2784,4151,5531,6914,8362,9996,11543,1377,1367,1380,1383,1448,1634,1547
32502,"Bochner, Marc",non-elite,1390,2774,4174,5591,7030,8532,10059,11567,1384,1400,1417,1439,1502,1527,1508
32503,"Burt, Lindsay",non-elite,1440,2864,4298,5744,7184,8652,10128,11581,1424,1434,1446,1440,1468,1476,1453
32504,"Robbins, Neil F",non-elite,1353,2691,4052,5451,6861,8341,9903,11514,1338,1361,1399,1410,1480,1562,1611
32505,"Mcadoo, Benjamin F",non-elite,1203,2411,3638,4907,6258,7808,9584,11435,1208,1227,1269,1351,1550,1776,1851
32506,"Wilbur, Lindsey M.",non-elite,1354,2718,4081,5509,6939,8427,9994,11553,1364,1363,1428,1430,1488,1567,1559
32507,"Bryan, Craig R.",non-elite,1310,2669,4055,5479,6990,8478,10002,11551,1359,1386,1424,1511,1488,1524,1549
32508,"Mccomish, Mark",non-elite,1284,2576,3866,5201,6593,8158,9810,11468,1292,1290,1335,1392,1565,1652,1658
32509,"Jang, Sung Ki",non-elite,1317,2574,3860,5180,6527,7985,9604,11436,1257,1286,1320,1347,1458,1619,1832
32510,"Jeon, Young Kon",non-elite,1317,2573,3859,5179,6533,7989,9515,11436,1256,1286,1320,1354,1456,1526,1921
32511,"Kellogg, John R",non-elite,1292,2578,3918,5218,6587,8075,9851,11517,1286,1340,1300,1369,1488,1776,1666
32512,"Petterson, Susan",non-elite,1287,2589,3932,5345,6798,8320,9964,11536,1302,1343,1413,1453,1522,1644,1572
32513,"Wozniak, Jason M",non-elite,1302,2610,3949,5329,6731,8267,9878,11511,1308,1339,1380,1402,1536,1611,1633
32514,"Soller, Brian",non-elite,1288,2575,3894,5251,6664,8202,9826,11471,1287,1319,1357,1413,1538,1624,1645
32515,"Simonson, Richard",non-elite,1274,2554,3858,5184,6569,8062,9676,11456,1280,1304,1326,1385,1493,1614,1780
32516,"Hanoman, Sunil R",non-elite,1237,2436,3640,4894,6196,7647,9546,11358,1199,1204,1254,1302,1451,1899,1812
32517,"Jenks, Jennifer A.",non-elite,1445,2829,4227,5659,7087,8564,10092,11584,1384,1398,1432,1428,1477,1528,1492
32518,"Yaker, Michael",non-elite,1360,2727,4103,5517,6961,8479,10031,11566,1367,1376,1414,1444,1518,1552,1535
32519,"Currie, Russell D.",non-elite,1523,2952,4360,5778,7202,8655,10145,11612,1429,1408,1418,1424,1453,1490,1467
32520,"Crandell, Kristina",non-elite,1386,2778,4198,5635,7075,8568,10084,11581,1392,1420,1437,1440,1493,1516,1497
32521,"Van Buskirk, Jim",non-elite,1426,2824,4222,5638,7054,8524,10052,11555,1398,1398,1416,1416,1470,1528,1503
32522,"Ma, Calvin",non-elite,1402,2808,4217,5644,7051,8531,10058,11550,1406,1409,1427,1407,1480,1527,1492
32523,"Griffin, Ian",non-elite,1426,2825,4222,5639,7054,8525,10052,11556,1399,1397,1417,1415,1471,1527,1504
32524,"Schroderus, Matti",non-elite,1310,2608,3955,5366,6808,8354,9925,11510,1298,1347,1411,1442,1546,1571,1585
32525,"Moreland, Chris K",non-elite,1258,2517,3776,5075,6410,7926,9618,11436,1259,1259,1299,1335,1516,1692,1818
32526,"Nettik, Jenni",non-elite,1390,2784,4200,5668,7126,8615,10147,11613,1394,1416,1468,1458,1489,1532,1466
32527,"Forenza, Annmarie E",non-elite,1390,2795,4200,5624,7053,8539,10086,11604,1405,1405,1424,1429,1486,1547,1518
32528,"Arciaga, Ted",non-elite,1450,2877,4306,5757,7191,8679,10176,11623,1427,1429,1451,1434,1488,1497,1447
32529,"Fava, Carla",non-elite,1329,2686,4072,5571,6989,8469,10008,11537,1357,1386,1499,1418,1480,1539,1529
32530,"Sarthou, Charles",non-elite,1309,2575,3885,5255,6632,7988,9580,11462,1266,1310,1370,1377,1356,1592,1882
32531,"Allwardt, Ted",non-elite,1314,2617,3887,5154,6458,7880,9488,11370,1303,1270,1267,1304,1422,1608,1882
32532,"Lee, Eliot K",non-elite,1325,2655,4001,5376,6792,8333,9998,11590,1330,1346,1375,1416,1541,1665,1592
32533,"Domermuth, Sarah A.",non-elite,1432,2851,4290,5721,7156,8629,10132,11598,1419,1439,1431,1435,1473,1503,1466
32534,"Pace, Ryan",non-elite,1297,2611,3953,5320,6698,8202,9856,11508,1314,1342,1367,1378,1504,1654,1652
32535,"Colon Mercado, Wilson",non-elite,1292,2552,3790,5073,6425,8033,9866,11506,1260,1238,1283,1352,1608,1833,1640
32536,"Mcpartland, Audra A",non-elite,1326,2639,3976,5548,7091,8528,10201,11603,1313,1337,1572,1543,1437,1673,1402
32537,"Rousseau, Dominique",non-elite,1435,2858,4266,5696,7144,8643,10162,11609,1423,1408,1430,1448,1499,1519,1447
32538,"Leibold, Mark",non-elite,1338,2677,4035,5444,6889,8415,9991,11571,1339,1358,1409,1445,1526,1576,1580
32539,"Peters, Audrey",non-elite,1368,2737,4132,5585,7007,8480,10013,11552,1369,1395,1453,1422,1473,1533,1539
32540,"Fernandez, Alec S",non-elite,1442,2859,4289,5740,7189,8659,10109,11577,1417,1430,1451,1449,1470,1450,1468
32541,"Montague, Christopher",non-elite,1294,2565,3871,5170,6514,8050,9679,11490,1271,1306,1299,1344,1536,1629,1811
32542,"Hirt, Jeffrey A",non-elite,1394,2756,4120,5520,6919,8449,9980,11553,1362,1364,1400,1399,1530,1531,1573
32543,"Gamez, Arturo",non-elite,1441,2875,4309,5750,7187,8658,10152,11611,1434,1434,1441,1437,1471,1494,1459
32544,"Melancon, Ed",non-elite,1347,2706,4072,5457,6891,8478,10055,11587,1359,1366,1385,1434,1587,1577,1532
32545,"Tagell, Michael R",non-elite,1333,2689,4052,5462,6858,8312,9966,11563,1356,1363,1410,1396,1454,1654,1597
32546,"Johnson, Alan L",non-elite,1297,2625,4015,5469,6914,8462,10007,11550,1328,1390,1454,1445,1548,1545,1543
32547,"Thomas, Gordon M.",non-elite,1120,2258,3443,4706,6169,7805,9704,11523,1138,1185,1263,1463,1636,1899,1819
32548,"Tisch, Robert",non-elite,1338,2695,4052,5468,6907,8433,10013,11562,1357,1357,1416,1439,1526,1580,1549
32549,"Heath, Wayne R.",non-elite,1333,2689,4052,5461,6859,8312,9966,11563,1356,1363,1409,1398,1453,1654,1597
32550,"Collins, Timothy",non-elite,1138,2271,3431,4637,5879,7221,8671,11518,1133,1160,1206,1242,1342,1450,2847
32551,"Hulting, Jeff",non-elite,1367,2750,4151,5598,7051,8551,10077,11624,1383,1401,1447,1453,1500,1526,1547
32552,"Wong, Maria",non-elite,1384,2757,4132,5520,6937,8477,10063,11571,1373,1375,1388,1417,1540,1586,1508
32553,"Zubizarreta, Maria E.",non-elite,1361,2754,4165,5601,7053,8560,10092,11575,1393,1411,1436,1452,1507,1532,1483
32554,"Anderson, Mike",non-elite,1363,2727,4117,5539,6975,8459,9991,11537,1364,1390,1422,1436,1484,1532,1546
32555,"Smith, Madelyn",non-elite,1376,2787,4183,5712,7171,8658,10160,11610,1411,1396,1529,1459,1487,1502,1450
32556,"Manstrom, Peter",non-elite,1217,2463,3769,5139,6594,8166,9846,11563,1246,1306,1370,1455,1572,1680,1717
32557,"Burgstahler, Lindsey",non-elite,1443,2841,4225,5631,7062,8550,10078,11609,1398,1384,1406,1431,1488,1528,1531
32558,"Block, Richard R.",non-elite,1313,2624,3966,5366,6782,8299,9907,11500,1311,1342,1400,1416,1517,1608,1593
32559,"Cook, Paul",non-elite,1275,2584,3923,5312,6750,8265,9858,11487,1309,1339,1389,1438,1515,1593,1629
32560,"Caliskan, Cenk",non-elite,1288,2611,3982,5427,6914,8490,10081,11567,1323,1371,1445,1487,1576,1591,1486
32561,"Laroche, Stephane",non-elite,1414,2820,4216,5644,7061,8548,10076,11576,1406,1396,1428,1417,1487,1528,1500
32562,"Paulson, Mark",non-elite,1080,2150,3232,4327,5433,6706,8776,11600,1070,1082,1095,1106,1273,2070,2824
32563,"Furrer, Amanda",non-elite,1321,2691,4127,5633,7107,8629,10132,11595,1370,1436,1506,1474,1522,1503,1463
32564,"Chronert, Matthew S",non-elite,1268,2529,3801,5125,6531,8023,9644,11491,1261,1272,1324,1406,1492,1621,1847
32565,"Lamothe, Mathieu",non-elite,1363,2722,4094,5489,6903,8410,9996,11565,1359,1372,1395,1414,1507,1586,1569
32567,"Schwarz, David L",non-elite,1474,2915,4402,5860,7295,8728,10183,11608,1441,1487,1458,1435,1433,1455,1425
32568,"Eckhart, Michael",non-elite,1369,2711,4046,5397,6775,8240,9781,11438,1342,1335,1351,1378,1465,1541,1657
32569,"Mcwhorter, Ron",non-elite,1374,2740,4086,5470,6878,8352,9881,11473,1366,1346,1384,1408,1474,1529,1592
32570,"Ashworth, Justin",non-elite,1253,2475,3691,4935,6283,7826,9506,11288,1222,1216,1244,1348,1543,1680,1782
32571,"Klang, Steve R",non-elite,1347,2709,4086,5498,6923,8439,10029,11566,1362,1377,1412,1425,1516,1590,1537
32572,"Miller, Micah A.",non-elite,1319,2632,3972,5304,6661,8095,9738,11549,1313,1340,1332,1357,1434,1643,1811
32573,"Mortensen, Tore",non-elite,1329,2657,4007,5413,6826,8318,9895,11520,1328,1350,1406,1413,1492,1577,1625
32574,"Kamell, Nathan",non-elite,1364,2715,4120,5538,7019,8479,10126,11663,1351,1405,1418,1481,1460,1647,1537
32575,"Peterson, Matthew A",non-elite,1425,2819,4221,5622,7030,8491,10003,11548,1394,1402,1401,1408,1461,1512,1545
32576,"Bellerive, Robert",non-elite,1412,2815,4215,5638,7043,8508,10045,11578,1403,1400,1423,1405,1465,1537,1533
32577,"Oliver, Malcolm",non-elite,1436,2901,4357,5858,7301,8766,10251,11639,1465,1456,1501,1443,1465,1485,1388
32578,"Christensen, Rachelle",non-elite,1288,2626,4019,5481,6962,8503,10076,11588,1338,1393,1462,1481,1541,1573,1512
32579,"Dymond, Laurie A",non-elite,1499,2978,4437,5919,7381,8848,10252,11650,1479,1459,1482,1462,1467,1404,1398
32580,"Howey, David J",non-elite,1414,2822,4241,5690,7135,8613,10113,11576,1408,1419,1449,1445,1478,1500,1463
32581,"Deforest, John A",non-elite,1381,2749,4129,5569,7028,8529,10054,11590,1368,1380,1440,1459,1501,1525,1536
32582,"Lauzon, Cindy A",non-elite,1365,2741,4163,5634,7081,8588,10122,11619,1376,1422,1471,1447,1507,1534,1497
32583,"Edmonds, Mark",non-elite,1417,2858,4294,5736,7173,8672,10164,11633,1441,1436,1442,1437,1499,1492,1469
32584,"English, Michael L.",non-elite,1261,2488,3779,5154,6642,8219,9921,11554,1227,1291,1375,1488,1577,1702,1633
32585,"Kollmann, Joshua L",non-elite,1469,2902,4365,5801,7244,8683,10156,11627,1433,1463,1436,1443,1439,1473,1471
32586,"Jodoin, Jeffery J",non-elite,1410,2831,4239,5641,7049,8494,9993,11503,1421,1408,1402,1408,1445,1499,1510
32587,"Dupuis, Daniel",non-elite,1349,2697,4047,5439,6870,8403,10005,11571,1348,1350,1392,1431,1533,1602,1566
32588,"Jacobsen, Christian Engberg",non-elite,1313,2585,3869,5178,6526,7966,9625,11367,1272,1284,1309,1348,1440,1659,1742
32589,"Wright, Steve P",non-elite,1411,2815,4185,5588,7005,8460,10006,11546,1404,1370,1403,1417,1455,1546,1540
32590,"Ryan, Joseph A.",non-elite,1248,2468,3700,4950,6331,7951,9878,11559,1220,1232,1250,1381,1620,1927,1681
32591,"Chabrier, Julia R",non-elite,1425,2850,4281,5730,7174,8646,10154,11638,1425,1431,1449,1444,1472,1508,1484
32592,"Ussery, Meridith M",non-elite,1412,2830,4252,5677,7101,8570,10105,11597,1418,1422,1425,1424,1469,1535,1492
32593,"Hultquist, Daryl",non-elite,1345,2718,4081,5467,6875,8327,9899,11500,1373,1363,1386,1408,1452,1572,1601
32594,"Gagnon, Frederic",non-elite,1287,2607,3962,5361,6774,8286,9887,11505,1320,1355,1399,1413,1512,1601,1618
32595,"Reynolds, Erin M",non-elite,1422,2816,4246,5704,7156,8634,10151,11620,1394,1430,1458,1452,1478,1517,1469
32596,"Hodges, Burt P",non-elite,1346,2730,4118,5526,6949,8439,9988,11569,1384,1388,1408,1423,1490,1549,1581
32597,"Harrison, John P.",non-elite,1417,2809,4203,5639,7102,8590,10115,11609,1392,1394,1436,1463,1488,1525,1494
32598,"Massa-Musiak, Elena",non-elite,1377,2755,4132,5531,6927,8411,9935,11505,1378,1377,1399,1396,1484,1524,1570
32599,"Marchesi, Daniel",non-elite,1263,2559,3880,5309,6772,8349,10016,11571,1296,1321,1429,1463,1577,1667,1555
32600,"Borealis, Pamela",non-elite,1393,2804,4275,5703,7117,8574,10080,11576,1411,1471,1428,1414,1457,1506,1496
32601,"Tehrani, Ash",non-elite,1225,2497,3837,5262,6747,8328,9963,11591,1272,1340,1425,1485,1581,1635,1628
32602,"Hayden, Ashley M",non-elite,1380,2761,4145,5537,6951,8450,9991,11518,1381,1384,1392,1414,1499,1541,1527
32603,"Cichy, Jim",non-elite,1307,2646,3992,5379,6804,8298,9905,11531,1339,1346,1387,1425,1494,1607,1626
32604,"Leverton, Tom",non-elite,1379,2774,4169,5553,6983,8475,10054,11639,1395,1395,1384,1430,1492,1579,1585
32605,"Rodriguez Briceno, Jose Silvestre Sr.",non-elite,1415,2810,4203,5631,7061,8522,10075,11575,1395,1393,1428,1430,1461,1553,1500
32606,"Werner, Jody",non-elite,1434,2878,4324,5791,7220,8692,10184,11626,1444,1446,1467,1429,1472,1492,1442
32607,"Andersen, Bent",non-elite,1378,2781,4202,5634,7058,8548,10080,11591,1403,1421,1432,1424,1490,1532,1511
32608,"Oehlke, Jessica",non-elite,1442,2878,4332,5792,7239,8710,10188,11630,1436,1454,1460,1447,1471,1478,1442
32609,"Denny, Emily A",non-elite,1283,2615,3964,5348,6785,8272,9892,11569,1332,1349,1384,1437,1487,1620,1677
32610,"Beisheim, Stephanie L",non-elite,1382,2758,4154,5573,6990,8469,10014,11560,1376,1396,1419,1417,1479,1545,1546
32611,"Villoutreix, Frederic",non-elite,1370,2714,4078,5481,6910,8408,9999,11557,1344,1364,1403,1429,1498,1591,1558
32612,"Golden, Jeffery W",non-elite,1431,2854,4267,5715,7142,8599,10089,11593,1423,1413,1448,1427,1457,1490,1504
32613,"Rudder, Rachel",non-elite,1376,2748,4144,5592,7027,8519,10056,11585,1372,1396,1448,1435,1492,1537,1529
32614,"Speirs, Eddie",non-elite,1384,2788,4190,5598,7036,8500,10015,11564,1404,1402,1408,1438,1464,1515,1549
32615,"Eckberg, Lauren",non-elite,1449,2880,4317,5754,7188,8668,10165,11618,1431,1437,1437,1434,1480,1497,1453
32617,"Perkins, Brittany",non-elite,1428,2844,4250,5708,7149,8621,10146,11633,1416,1406,1458,1441,1472,1525,1487
32618,"Lapp, Amanda",non-elite,1428,2844,4250,5708,7149,8621,10146,11633,1416,1406,1458,1441,1472,1525,1487
32619,"Ziegler, Juergen",non-elite,1405,2804,4216,5651,7100,8560,10068,11596,1399,1412,1435,1449,1460,1508,1528
32620,"Glidden, Nicole",non-elite,1385,2766,4149,5603,7041,8561,10094,11595,1381,1383,1454,1438,1520,1533,1501
32621,"Kuzin, Olexandr",non-elite,1243,2496,3748,5050,6445,8083,9681,11447,1253,1252,1302,1395,1638,1598,1766
32622,"Baldwin, John M",non-elite,1343,2681,4040,5447,6861,8356,9941,11546,1338,1359,1407,1414,1495,1585,1605
32623,"Benoit, Keith F.",non-elite,1405,2756,4116,5534,7002,8504,10082,11600,1351,1360,1418,1468,1502,1578,1518
32624,"Poser, Giuliano",non-elite,1439,2892,4324,5775,7208,8688,10188,11622,1453,1432,1451,1433,1480,1500,1434
32625,"O'Brien, Felicia",non-elite,1300,2641,4016,5427,6867,8379,9980,11554,1341,1375,1411,1440,1512,1601,1574
32626,"Velychko, Sergiy",non-elite,1242,2496,3748,5050,6445,8084,9681,11447,1254,1252,1302,1395,1639,1597,1766
32627,"Biermann, Bernard J",non-elite,1438,2849,4238,5645,7050,8530,10033,11576,1411,1389,1407,1405,1480,1503,1543
32628,"Randolph, Randolph B",non-elite,1390,2781,4198,5655,7105,8607,10125,11606,1391,1417,1457,1450,1502,1518,1481
32629,"Jorgensen, Adam T",non-elite,1311,2650,3958,5292,6630,8109,9828,11500,1339,1308,1334,1338,1479,1719,1672
32630,"Blackstock, Cindy",non-elite,1390,2766,4154,5570,6993,8469,10010,11558,1376,1388,1416,1423,1476,1541,1548
32631,"Anderson, Mark",non-elite,1411,2817,4215,5637,7065,8555,10088,11582,1406,1398,1422,1428,1490,1533,1494
32632,"Cree, Josh N",non-elite,1396,2796,4176,5564,6948,8402,9943,11527,1400,1380,1388,1384,1454,1541,1584
32633,"Gil Almandoz, Asier Sr.",non-elite,1318,2633,3984,5373,6745,8196,9763,11395,1315,1351,1389,1372,1451,1567,1632
32634,"Meadows, Paul",non-elite,1403,2820,4242,5664,7061,8537,10073,11594,1417,1422,1422,1397,1476,1536,1521
32635,"Lake, Michaelen",non-elite,1381,2756,4135,5545,6955,8427,9959,11555,1375,1379,1410,1410,1472,1532,1596
32636,"Moriarty, Gordon R.",non-elite,1432,2850,4249,5656,7056,8523,10064,11577,1418,1399,1407,1400,1467,1541,1513
32637,"Tacconi, Laurent",non-elite,1241,2479,3781,5155,6565,8035,9739,11497,1238,1302,1374,1410,1470,1704,1758
32638,"Zambrano, Adrian",non-elite,1376,2720,4073,5439,6829,8351,9976,11543,1344,1353,1366,1390,1522,1625,1567
32639,"Tagher, Robert",non-elite,1416,2841,4230,5664,7101,8600,10124,11624,1425,1389,1434,1437,1499,1524,1500
32640,"Dierig, Danielle J",non-elite,1416,2841,4230,5665,7101,8600,10124,11624,1425,1389,1435,1436,1499,1524,1500
32641,"Knapper, Chelsey L",non-elite,1383,2802,4218,5646,7061,8515,10039,11595,1419,1416,1428,1415,1454,1524,1556
32642,"Castillo, Hugo",non-elite,1265,2592,3979,5420,6853,8380,9971,11561,1327,1387,1441,1433,1527,1591,1590
32643,"Edney, Sam M.",non-elite,1284,2536,3795,5075,6436,7964,9552,11460,1252,1259,1280,1361,1528,1588,1908
32644,"Santiago Iglesias, Jose Maria Sr.",non-elite,1252,2530,3826,5181,6588,8121,9777,11474,1278,1296,1355,1407,1533,1656,1697
32645,"Jabbour, Leah",non-elite,1306,2632,4009,5424,6844,8358,9973,11558,1326,1377,1415,1420,1514,1615,1585
32646,"Pocol, Juan P",non-elite,1240,2441,3651,4931,6304,7861,9573,11508,1201,1210,1280,1373,1557,1712,1935
32647,"Eckerle, Thomas",non-elite,1301,2601,3894,5241,6692,8249,9948,11571,1300,1293,1347,1451,1557,1699,1623
32648,"Lane, Brad",non-elite,1417,2817,4222,5641,7034,8450,9949,11506,1400,1405,1419,1393,1416,1499,1557
32649,"Yadav, Yati",non-elite,1277,2550,3826,5202,6635,8289,9987,11593,1273,1276,1376,1433,1654,1698,1606
32650,"Pesonen, Tuomo S.",non-elite,1298,2584,3937,5314,6702,8200,9745,11450,1286,1353,1377,1388,1498,1545,1705
32651,"Tomas, Brian",non-elite,1299,2676,4095,5546,6987,8505,10062,11580,1377,1419,1451,1441,1518,1557,1518
32652,"Bolullo, Mathieu",non-elite,1333,2659,3988,5343,6772,8285,9880,11519,1326,1329,1355,1429,1513,1595,1639
32653,"Petkus, Yvonne",non-elite,1415,2810,4215,5632,7053,8543,10079,11576,1395,1405,1417,1421,1490,1536,1497
32654,"Caredio, Elisa",non-elite,1357,2727,4121,5545,6979,8468,10082,11607,1370,1394,1424,1434,1489,1614,1525
32655,"Moderi, Jason",non-elite,1235,2454,3681,4937,6249,7794,9407,11223,1219,1227,1256,1312,1545,1613,1816
32656,"Stange, Ben",non-elite,1415,2799,4175,5592,7014,8514,10087,11619,1384,1376,1417,1422,1500,1573,1532
32657,"Stange, Heather E.",non-elite,1415,2799,4176,5593,7015,8514,10087,11619,1384,1377,1417,1422,1499,1573,1532
32658,"Cho, Kevin Y",non-elite,1302,2651,4042,5492,6931,8395,9933,11529,1349,1391,1450,1439,1464,1538,1596
32659,"Summerhill, Sarah J",non-elite,1437,2896,4344,5788,7222,8673,10141,11610,1459,1448,1444,1434,1451,1468,1469
32660,"Maass, Emily F",non-elite,1340,2693,4032,5386,6786,8359,10022,11630,1353,1339,1354,1400,1573,1663,1608
32661,"Hamilton, Gregory W.",non-elite,1403,2823,4219,5614,7019,8507,10050,11570,1420,1396,1395,1405,1488,1543,1520
32662,"Story, David",non-elite,1307,2604,3889,5202,6547,8095,9774,11456,1297,1285,1313,1345,1548,1679,1682
32663,"Vondruska, Jerry C",non-elite,1319,2632,3975,5408,6837,8385,10004,11590,1313,1343,1433,1429,1548,1619,1586
32664,"Busa, Ashley",non-elite,1287,2607,4021,5491,6995,8511,10031,11603,1320,1414,1470,1504,1516,1520,1572
32665,"Keller, Curtis",non-elite,1378,2776,4201,5625,7089,8573,10091,11599,1398,1425,1424,1464,1484,1518,1508
32666,"Callanan, Lawrence D Jr.",non-elite,1364,2725,4110,5523,6954,8452,10032,11592,1361,1385,1413,1431,1498,1580,1560
32667,"Brazzell, Mike A",non-elite,1362,2699,4130,5516,6902,8386,9990,11544,1337,1431,1386,1386,1484,1604,1554
32668,"Li, Shengjun",non-elite,1267,2525,3863,5303,6785,8311,9902,11568,1258,1338,1440,1482,1526,1591,1666
32669,"Aguilar, Dilcia A",non-elite,1440,2880,4310,5751,7173,8645,10163,11637,1440,1430,1441,1422,1472,1518,1474
32670,"King, Kirklan (Kirk) W.",non-elite,1430,2858,4276,5713,7155,8625,10129,11613,1428,1418,1437,1442,1470,1504,1484
32671,"Alpert, Jennie",non-elite,1375,2801,4230,5655,7087,8562,10065,11601,1426,1429,1425,1432,1475,1503,1536
32672,"Nielsen, Pamela",non-elite,1409,2846,4269,5718,7154,8641,10156,11645,1437,1423,1449,1436,1487,1515,1489
32673,"Mccalley, Katherine G",non-elite,1380,2765,4151,5556,6965,8430,10042,11589,1385,1386,1405,1409,1465,1612,1547
32674,"Dickerson, Eli P",non-elite,1287,2564,3847,5184,6602,8139,9790,11499,1277,1283,1337,1418,1537,1651,1709
32675,"Loveless, Jeff",non-elite,1305,2665,4040,5415,6855,8299,9862,11538,1360,1375,1375,1440,1444,1563,1676
32676,"Iriel, Shannon M",non-elite,1323,2667,4014,5426,6881,8421,10001,11566,1344,1347,1412,1455,1540,1580,1565
32677,"Rozo, Julian",non-elite,1369,2758,4132,5513,6893,8378,9913,11597,1389,1374,1381,1380,1485,1535,1684
32678,"Davi, Alessandro Sr.",non-elite,1284,2616,3996,5400,6820,8312,9913,11535,1332,1380,1404,1420,1492,1601,1622
32679,"Harron, Jim",non-elite,1332,2635,3937,5251,6564,8013,9811,11503,1303,1302,1314,1313,1449,1798,1692
32680,"Chipman, Michael A.",non-elite,1444,2826,4189,5560,6964,8458,10004,11558,1382,1363,1371,1404,1494,1546,1554
32681,"Asp, Kevin",non-elite,1400,2804,4214,5634,7041,8510,10054,11586,1404,1410,1420,1407,1469,1544,1532
32682,"Stratton, Shawn",non-elite,1162,2363,3626,4956,6367,7995,9759,11504,1201,1263,1330,1411,1628,1764,1745
32683,"Jackson, Brian M",non-elite,1218,2429,3653,4979,6403,8032,9637,11525,1211,1224,1326,1424,1629,1605,1888
32684,"O'Grady, Sean T",non-elite,1426,2840,4271,5730,7183,8670,10197,11641,1414,1431,1459,1453,1487,1527,1444
32685,"Park, Randy",non-elite,1485,2980,4462,5919,7354,8806,10226,11609,1495,1482,1457,1435,1452,1420,1383
32686,"Sword, Ruel L",non-elite,1298,2658,4065,5514,6974,8494,10046,11578,1360,1407,1449,1460,1520,1552,1532
32687,"Martin, David A",non-elite,1317,2679,4040,5408,6849,8372,9941,11545,1362,1361,1368,1441,1523,1569,1604
32688,"Fata, Chloe",non-elite,1409,2764,4135,5543,6977,8502,10089,11606,1355,1371,1408,1434,1525,1587,1517
32689,"Mitchell, Damian",non-elite,1359,2708,4062,5468,6871,8380,9957,11547,1349,1354,1406,1403,1509,1577,1590
32690,"Schulz, Paige B",non-elite,1413,2825,4252,5688,7122,8628,10144,11618,1412,1427,1436,1434,1506,1516,1474
32691,"Schulz, Brennen M",non-elite,1413,2826,4252,5688,7122,8628,10144,11618,1413,1426,1436,1434,1506,1516,1474
32692,"Chauhan, Elizabeth M.",non-elite,1380,2751,4137,5558,7021,8610,10106,11596,1371,1386,1421,1463,1589,1496,1490
32693,"Duncan, Ashley",non-elite,1356,2738,4142,5607,7071,8579,10112,11614,1382,1404,1465,1464,1508,1533,1502
32694,"Hall, Jenn",non-elite,1353,2732,4114,5506,6888,8342,10146,11606,1379,1382,1392,1382,1454,1804,1460
32695,"Lebreck, Danielle M",non-elite,1445,2850,4245,5679,7084,8525,10020,11569,1405,1395,1434,1405,1441,1495,1549
32696,"Feinberg, Michael",non-elite,1350,2779,4210,5669,7111,8585,10103,11591,1429,1431,1459,1442,1474,1518,1488
32697,"Delieutraz, Ana F",non-elite,1409,2828,4237,5659,7075,8572,10113,11594,1419,1409,1422,1416,1497,1541,1481
32698,"Griffin, Tarae A",non-elite,1316,2668,4035,5458,6912,8441,10020,11606,1352,1367,1423,1454,1529,1579,1586
32699,"Foy, Ghislain",non-elite,1332,2685,4105,5546,6992,8484,10023,11568,1353,1420,1441,1446,1492,1539,1545
32700,"Lesueur, Benjamin W",non-elite,1426,2853,4339,5789,7227,8721,10210,11636,1427,1486,1450,1438,1494,1489,1426
32701,"Young, Robert",non-elite,1382,2761,4151,5577,7034,8565,10106,11617,1379,1390,1426,1457,1531,1541,1511
32702,"Hogan, Clayton",non-elite,1256,2516,3786,5086,6473,8071,9774,11482,1260,1270,1300,1387,1598,1703,1708
32703,"Barrera, Mike",non-elite,1304,2621,3937,5316,6731,8257,9918,11547,1317,1316,1379,1415,1526,1661,1629
32704,"Bedell, Kevin",non-elite,1353,2698,4037,5413,6791,8298,9878,11513,1345,1339,1376,1378,1507,1580,1635
32705,"Deingenis, Dana",non-elite,1303,2618,3995,5445,6883,8410,10006,11571,1315,1377,1450,1438,1527,1596,1565
32706,"Brumbaugh, Kyle D",non-elite,1224,2464,3737,5127,6679,8375,10030,11595,1240,1273,1390,1552,1696,1655,1565
32707,"Bush, Matthew R.",non-elite,1412,2842,4269,5709,7158,8657,10153,11629,1430,1427,1440,1449,1499,1496,1476
32708,"Dawson, Andrew L Jr.",non-elite,1259,2489,3721,4972,6286,7813,9654,11544,1230,1232,1251,1314,1527,1841,1890
32709,"Davis, Greg",non-elite,1426,2853,4340,5791,7228,8721,10211,11636,1427,1487,1451,1437,1493,1490,1425
32710,"Mcmahon, Mike Jr.",non-elite,1380,2677,3996,5355,6743,8276,9924,11593,1297,1319,1359,1388,1533,1648,1669
32711,"Moser, Melissa A.",non-elite,1379,2748,4140,5585,7029,8560,10092,11606,1369,1392,1445,1444,1531,1532,1514
32712,"Chalker, Maria E.",non-elite,1408,2822,4241,5709,7166,8635,10112,11611,1414,1419,1468,1457,1469,1477,1499
32713,"Bonnett, Terry W.",non-elite,1433,2864,4284,5723,7157,8634,10160,11614,1431,1420,1439,1434,1477,1526,1454
32714,"Brown, Ian G",non-elite,1323,2651,4001,5385,6796,8411,9992,11536,1328,1350,1384,1411,1615,1581,1544
32715,"Barron, Chris",non-elite,1360,2736,4132,5550,6983,8481,10030,11577,1376,1396,1418,1433,1498,1549,1547
32716,"Brosilow, Michael",non-elite,1344,2686,4077,5549,7024,8539,10134,11609,1342,1391,1472,1475,1515,1595,1475
32717,"Bombardier, Nicolas",non-elite,1281,2567,3839,5157,6694,8363,10008,11541,1286,1272,1318,1537,1669,1645,1533
32718,"Ribeiro, Wellerson Sr.",non-elite,1368,2755,4148,5563,6991,8500,10058,11631,1387,1393,1415,1428,1509,1558,1573
32719,"Hanagan, Steve",non-elite,1418,2811,4216,5659,7083,8566,10096,11598,1393,1405,1443,1424,1483,1530,1502
32720,"Janelle, Christian",non-elite,1371,2758,4138,5527,6907,8331,9844,11570,1387,1380,1389,1380,1424,1513,1726
32721,"Siemers, Troy",non-elite,1380,2744,4180,5629,7094,8593,10116,11617,1364,1436,1449,1465,1499,1523,1501
32722,"Alonso, Laura C",non-elite,1424,2860,4299,5761,7204,8686,10166,11637,1436,1439,1462,1443,1482,1480,1471
32723,"Soto, Magaly M.",non-elite,1295,2628,3999,5435,6951,8537,10129,11591,1333,1371,1436,1516,1586,1592,1462
32724,"Maisano, Megan",non-elite,1386,2802,4220,5652,7080,8561,10090,11607,1416,1418,1432,1428,1481,1529,1517
32725,"Rountree, Kate H.",non-elite,1367,2727,4095,5529,7012,8554,10120,11625,1360,1368,1434,1483,1542,1566,1505
32726,"Davis, Michael J.",non-elite,1159,2318,3505,4892,6224,7579,9182,11419,1159,1187,1387,1332,1355,1603,2237
32727,"Alexandrov, Dimitar",non-elite,1309,2622,3940,5340,6752,8348,9898,11533,1313,1318,1400,1412,1596,1550,1635
32728,"Mullen, Kevin J",non-elite,1438,2894,4339,5805,7281,8763,10237,11663,1456,1445,1466,1476,1482,1474,1426
32729,"Schaffer, Stephanie",non-elite,1421,2843,4283,5736,7202,8697,10211,11680,1422,1440,1453,1466,1495,1514,1469
32730,"Massefski, Walter",non-elite,1374,2731,4100,5567,7006,8512,10073,11569,1357,1369,1467,1439,1506,1561,1496
32731,"Hommer, Jake",non-elite,1262,2493,3758,5295,6725,8262,9927,11571,1231,1265,1537,1430,1537,1665,1644
32732,"Correnti, Nancy Nes C.",non-elite,1458,2845,4240,5691,7139,8640,10162,11657,1387,1395,1451,1448,1501,1522,1495
32733,"Brown, John T",non-elite,1341,2679,4048,5432,6923,8369,9938,11581,1338,1369,1384,1491,1446,1569,1643
32734,"Schopp, Caroline",non-elite,1408,2831,4257,5712,7161,8648,10161,11622,1423,1426,1455,1449,1487,1513,1461
32735,"Powell, Barbara",non-elite,1418,2840,4224,5618,6986,8476,10045,11661,1422,1384,1394,1368,1490,1569,1616
32736,"Kato, Mami",non-elite,1382,2757,4134,5596,7108,8615,10189,11646,1375,1377,1462,1512,1507,1574,1457
32737,"Gagnon, Joseph",non-elite,1388,2780,4175,5600,7032,8535,10077,11603,1392,1395,1425,1432,1503,1542,1526
32738,"Suessmeir, Peter",non-elite,1380,2776,4151,5587,7022,8537,10083,11575,1396,1375,1436,1435,1515,1546,1492
32739,"Peterson, Davey L.",non-elite,1371,2731,4112,5520,6918,8390,9984,11555,1360,1381,1408,1398,1472,1594,1571
32740,"Muncey, Briana",non-elite,1434,2877,4320,5772,7216,8686,10169,11633,1443,1443,1452,1444,1470,1483,1464
32741,"Taylor, Alison (Ali) D.",non-elite,1424,2839,4255,5722,7180,8693,10232,11668,1415,1416,1467,1458,1513,1539,1436
32742,"Tustison, Nicholas J.",non-elite,1298,2589,3886,5194,6533,8058,9939,11541,1291,1297,1308,1339,1525,1881,1602
32743,"Jones, Alex",non-elite,1352,2684,4017,5377,6720,8142,9771,11554,1332,1333,1360,1343,1422,1629,1783
32744,"Eiserbeck, Silke U",non-elite,1338,2676,4060,5484,6927,8424,10002,11583,1338,1384,1424,1443,1497,1578,1581
32745,"Vaccaro, Andrew",non-elite,1292,2582,3883,5214,6582,8064,9706,11474,1290,1301,1331,1368,1482,1642,1768
32746,"D'Aoust, Jean-Marc",non-elite,1254,2550,3925,5325,6783,8365,10016,11603,1296,1375,1400,1458,1582,1651,1587
32747,"Nguyen, Tuan M",non-elite,1447,2914,4366,5810,7248,8717,10187,11647,1467,1452,1444,1438,1469,1470,1460
32748,"Ambriz, Jose",non-elite,1269,2551,3863,5254,6719,8298,9931,11572,1282,1312,1391,1465,1579,1633,1641
32749,"Kapanowski, Stephanie L",non-elite,1374,2733,4117,5586,7106,8655,10184,11638,1359,1384,1469,1520,1549,1529,1454
32750,"Eastwood, Brian J",non-elite,1415,2834,4268,5711,7158,8626,10113,11591,1419,1434,1443,1447,1468,1487,1478
32751,"Paradis, Julien",non-elite,1261,2553,3860,5250,6692,8249,9886,11535,1292,1307,1390,1442,1557,1637,1649
32752,"Crino, John",non-elite,1465,2932,4390,5861,7317,8784,10239,11664,1467,1458,1471,1456,1467,1455,1425
32753,"Swartz, Troy L",non-elite,1412,2841,4244,5643,7044,8500,10004,11581,1429,1403,1399,1401,1456,1504,1577
32754,"Marchand, Kim",non-elite,1385,2776,4162,5603,7053,8573,10111,11602,1391,1386,1441,1450,1520,1538,1491
32755,"Carrillo, Heli",non-elite,1243,2566,3930,5358,6926,8548,10167,11651,1323,1364,1428,1568,1622,1619,1484
32756,"Horton, David S",non-elite,1281,2587,3933,5305,6730,8310,9934,11583,1306,1346,1372,1425,1580,1624,1649
32757,"Farrell, Trevor",non-elite,1380,2755,4133,5544,6972,8460,10013,11576,1375,1378,1411,1428,1488,1553,1563
32758,"Yendt, Robert B",non-elite,1421,2827,4238,5682,7118,8586,10125,11618,1406,1411,1444,1436,1468,1539,1493
32759,"Haynes, Joseph S",non-elite,1300,2669,4065,5552,7038,8565,10099,11624,1369,1396,1487,1486,1527,1534,1525
32760,"Sun, Mingliang",non-elite,1197,2427,3702,5083,6620,8262,9990,11569,1230,1275,1381,1537,1642,1728,1579
32761,"Casals, Pete",non-elite,1428,2849,4265,5696,7143,8643,10193,11661,1421,1416,1431,1447,1500,1550,1468
32762,"Harkins, Elizabeth",non-elite,1438,2878,4367,5834,7295,8747,10234,11662,1440,1489,1467,1461,1452,1487,1428
32763,"Hoogerwerf, Andrew",non-elite,1250,2548,3862,5237,6636,8133,10015,11605,1298,1314,1375,1399,1497,1882,1590
32764,"Karnatz, Tom",non-elite,1376,2780,4193,5615,7045,8539,10086,11608,1404,1413,1422,1430,1494,1547,1522
32765,"Myles, Stephanie A",non-elite,1429,2848,4256,5682,7128,8647,10176,11648,1419,1408,1426,1446,1519,1529,1472
32766,"Harper, Matt",non-elite,1251,2550,3850,5197,6561,7990,9567,11637,1299,1300,1347,1364,1429,1577,2070
32767,"Kim, Sunduk",non-elite,1436,2893,4332,5802,7251,8739,10220,11661,1457,1439,1470,1449,1488,1481,1441
32768,"Phillippi, Tony N.",non-elite,1338,2708,4066,5463,6921,8437,10046,11610,1370,1358,1397,1458,1516,1609,1564
32769,"Peterson, Andrew J",non-elite,1366,2757,4174,5611,7048,8525,10057,11598,1391,1417,1437,1437,1477,1532,1541
32770,"Wiinberg, Linda M.",non-elite,1399,2819,4222,5699,7108,8579,10129,11620,1420,1403,1477,1409,1471,1550,1491
32771,"Munoz, Christian F. Sr.",non-elite,1414,2889,4290,5722,7155,8647,10172,11633,1475,1401,1432,1433,1492,1525,1461
32772,"Abel, Elizabeth A",non-elite,1359,2734,4146,5578,7016,8507,10056,11577,1375,1412,1432,1438,1491,1549,1521
32773,"Kobrine, Eric A",non-elite,1508,3007,4571,6058,7472,8897,10333,11705,1499,1564,1487,1414,1425,1436,1372
32774,"Hillman, Stephanie",non-elite,1363,2718,4099,5546,7040,8539,10114,11634,1355,1381,1447,1494,1499,1575,1520
32775,"Baker, Michael G.",non-elite,1381,2764,4161,5599,7044,8550,10090,11598,1383,1397,1438,1445,1506,1540,1508
32776,"Marcotte, Alain",non-elite,1295,2605,3938,5340,6800,8352,9975,11554,1310,1333,1402,1460,1552,1623,1579
32777,"Morin, Tim",non-elite,1325,2587,3840,5159,6521,8035,9772,11621,1262,1253,1319,1362,1514,1737,1849
32778,"Smith, Michael S.",non-elite,1364,2730,4116,5538,6983,8465,10000,11563,1366,1386,1422,1445,1482,1535,1563
32779,"Vinas, Jesus",non-elite,1363,2750,4141,5554,6967,8455,10032,11594,1387,1391,1413,1413,1488,1577,1562
32780,"Schilawski, Rhonda A.",non-elite,1356,2695,4042,5413,6859,8403,10133,11643,1339,1347,1371,1446,1544,1730,1510
32781,"Gooch, Jason L",non-elite,1388,2782,4142,5516,6905,8366,9943,11575,1394,1360,1374,1389,1461,1577,1632
32782,"Hunziker, Julie",non-elite,1252,2521,3850,5271,6689,8264,10011,11536,1269,1329,1421,1418,1575,1747,1525
32783,"Benyaaqov, Asaf",non-elite,1350,2685,4028,5436,6830,8323,9932,11598,1335,1343,1408,1394,1493,1609,1666
32784,"Nersesyan, Roman",non-elite,1462,2792,4034,5351,6711,8157,9837,11650,1330,1242,1317,1360,1446,1680,1813
32785,"Rosenblum, Marc R",non-elite,1280,2575,3866,5170,6497,7926,9631,11462,1295,1291,1304,1327,1429,1705,1831
32786,"Dupere, Sally",non-elite,1389,2806,4229,5660,7098,8563,10081,11580,1417,1423,1431,1438,1465,1518,1499
32787,"Simone, Erin",non-elite,1324,2674,4042,5484,6949,8470,10073,11607,1350,1368,1442,1465,1521,1603,1534
32788,"Bazzi, Zeinab",non-elite,1425,2865,4295,5748,7178,8656,10150,11627,1440,1430,1453,1430,1478,1494,1477
32789,"Mackiewicz, Mariusz",non-elite,1276,2560,3874,5209,6604,8091,9815,11513,1284,1314,1335,1395,1487,1724,1698
32790,"Hickle, Jay",non-elite,1417,2860,4267,5664,7056,8548,10037,11575,1443,1407,1397,1392,1492,1489,1538
32791,"Latimore, Robert T",non-elite,1388,2795,4210,5643,7116,8596,10115,11632,1407,1415,1433,1473,1480,1519,1517
32792,"Teninty, Sasha",non-elite,1421,2871,4340,5794,7286,8772,10293,11702,1450,1469,1454,1492,1486,1521,1409
32793,"Chorney, Yuki",non-elite,1444,2896,4344,5779,7251,8702,10188,11642,1452,1448,1435,1472,1451,1486,1454
32794,"Redenius, Melinda",non-elite,1430,2843,4242,5673,7110,8592,10113,11624,1413,1399,1431,1437,1482,1521,1511
32795,"Banazek, Phillip",non-elite,1431,2818,4177,5568,6968,8433,10001,11522,1387,1359,1391,1400,1465,1568,1521
32796,"Paschke, Jessica L",non-elite,1379,2763,4145,5536,6944,8426,10000,11587,1384,1382,1391,1408,1482,1574,1587
32797,"Levinton, Carey M",non-elite,1457,2900,4350,5800,7245,8708,10178,11638,1443,1450,1450,1445,1463,1470,1460
32798,"Carlin, Catharine R",non-elite,1395,2804,4240,5681,7112,8594,10126,11596,1409,1436,1441,1431,1482,1532,1470
32799,"Dublin, Malinda",non-elite,1416,2854,4280,5705,7140,8640,10172,11627,1438,1426,1425,1435,1500,1532,1455
32800,"Mikell, Meredith",non-elite,1332,2668,4022,5473,6912,8416,10007,11588,1336,1354,1451,1439,1504,1591,1581
32801,"Cox, Donn K III",non-elite,1363,2717,4083,5487,6897,8398,9985,11591,1354,1366,1404,1410,1501,1587,1606
32802,"Mink, Jesseann",non-elite,1305,2703,4142,5588,7039,8540,10074,11617,1398,1439,1446,1451,1501,1534,1543
32803,"White, Jacob J",non-elite,1339,2709,4122,5571,7052,8526,10080,11586,1370,1413,1449,1481,1474,1554,1506
32804,"Simpson, Dan",non-elite,1433,2861,4276,5717,7138,8613,10124,11594,1428,1415,1441,1421,1475,1511,1470
32805,"Buchanan, Christopher G",non-elite,1287,2589,3883,5190,6516,7889,9401,11493,1302,1294,1307,1326,1373,1512,2092
32806,"Weiss, Mitchell",non-elite,1358,2685,4012,5384,6780,8281,9860,11492,1327,1327,1372,1396,1501,1579,1632
32807,"Vitalo, Antonia G",non-elite,1331,2709,4096,5563,7118,8653,10190,11646,1378,1387,1467,1555,1535,1537,1456
32808,"Newman, Chris",non-elite,1333,2656,3981,5327,6705,8180,9895,11629,1323,1325,1346,1378,1475,1715,1734
32809,"Clifford, Ed",non-elite,1395,2805,4213,5642,7096,8626,10185,11681,1410,1408,1429,1454,1530,1559,1496
32810,"Abeygunawardena, Vikum",non-elite,1427,2817,4195,5596,7021,8514,10098,11625,1390,1378,1401,1425,1493,1584,1527
32811,"Murphy, Amanda",non-elite,1412,2844,4226,5646,7059,8549,10099,11652,1432,1382,1420,1413,1490,1550,1553
32812,"Negoro, Yukihiko",non-elite,1305,2658,3996,5395,6821,8372,10008,11608,1353,1338,1399,1426,1551,1636,1600
32813,"Gasper, Warren",non-elite,1340,2691,4043,5431,6855,8369,9965,11570,1351,1352,1388,1424,1514,1596,1605
32814,"Capps, Josh",non-elite,1363,2714,4036,5369,6723,8155,9706,11482,1351,1322,1333,1354,1432,1551,1776
32815,"Stapleton, Peter A",non-elite,1327,2641,3992,5398,6829,8371,9988,11591,1314,1351,1406,1431,1542,1617,1603
32816,"Scalera, Fernanda",non-elite,1401,2776,4140,5513,6916,8541,10214,11660,1375,1364,1373,1403,1625,1673,1446
32817,"Raghavan, Nikhil",non-elite,1284,2562,3866,5213,6609,8117,9667,11473,1278,1304,1347,1396,1508,1550,1806
32818,"Reimer, Patrick G",non-elite,1346,2696,4036,5395,6772,8244,9897,11548,1350,1340,1359,1377,1472,1653,1651
32819,"Ellgass, Katie",non-elite,1335,2643,3981,5382,6775,8246,9841,11514,1308,1338,1401,1393,1471,1595,1673
32820,"Waite, Lois",non-elite,1399,2795,4199,5632,7053,8540,10072,11601,1396,1404,1433,1421,1487,1532,1529
32821,"Hopper, Dan",non-elite,1284,2603,3940,5338,6984,8494,10210,11695,1319,1337,1398,1646,1510,1716,1485
32822,"Gaitten, Joseph S",non-elite,1361,2733,4173,5648,7110,8604,10132,11617,1372,1440,1475,1462,1494,1528,1485
32823,"Kalugin, Yury",non-elite,1311,2638,3971,5350,6793,8320,9845,11588,1327,1333,1379,1443,1527,1525,1743
32824,"Stickney, Johanna",non-elite,1475,2939,4420,5897,7361,8849,10302,11680,1464,1481,1477,1464,1488,1453,1378
32825,"Painter, Ryan R",non-elite,1271,2567,3918,5339,6836,8346,9880,11540,1296,1351,1421,1497,1510,1534,1660
32826,"Melohusky, David M",non-elite,1425,2856,4287,5744,7176,8662,10176,11650,1431,1431,1457,1432,1486,1514,1474
32827,"Koss, John",non-elite,1322,2649,3994,5366,6758,8233,9836,11518,1327,1345,1372,1392,1475,1603,1682
32828,"Guy, Margaret E.",non-elite,1437,2884,4328,5776,7219,8712,10233,11696,1447,1444,1448,1443,1493,1521,1463
32829,"Choi, Sung Ho",non-elite,1387,2739,4085,5471,6898,8426,10027,11608,1352,1346,1386,1427,1528,1601,1581
32830,"Gao, Lixin",non-elite,1383,2765,4150,5574,7016,8491,10052,11619,1382,1385,1424,1442,1475,1561,1567
32831,"Van Ryzin, Henrik W",non-elite,1323,2654,3994,5428,6842,8350,9946,11581,1331,1340,1434,1414,1508,1596,1635
32832,"Burchell, Tom",non-elite,1439,2887,4351,5810,7263,8715,10198,11659,1448,1464,1459,1453,1452,1483,1461
32833,"Larson, Kyle",non-elite,1227,2440,3664,4901,6164,7515,9358,11481,1213,1224,1237,1263,1351,1843,2123
32834,"Grecco, Anthony P.",non-elite,1349,2709,4094,5513,6957,8450,10015,11572,1360,1385,1419,1444,1493,1565,1557
32835,"Hubbard, Steven",non-elite,1339,2649,3957,5349,6781,8304,9891,11535,1310,1308,1392,1432,1523,1587,1644
32836,"Colby, Ryan",non-elite,1356,2743,4131,5580,6993,8472,10000,11625,1387,1388,1449,1413,1479,1528,1625
32837,"Larsen, Rick M",non-elite,1305,2606,3933,5316,6927,8448,10025,11589,1301,1327,1383,1611,1521,1577,1564
32838,"Knott, Kelcey",non-elite,1436,2887,4328,5807,7286,8812,10297,11685,1451,1441,1479,1479,1526,1485,1388
32839,"Trubee, Nicholas W",non-elite,1274,2552,3830,5264,6722,8230,9773,11538,1278,1278,1434,1458,1508,1543,1765
32840,"Weddel, Patrick W",non-elite,1299,2604,3941,5306,6696,8177,9879,11572,1305,1337,1365,1390,1481,1702,1693
32841,"Whittendale, Jamie",non-elite,1395,2788,4190,5632,7098,8615,10164,11668,1393,1402,1442,1466,1517,1549,1504
32842,"Perkins, Edie",non-elite,1399,2841,4277,5732,7171,8641,10172,11628,1442,1436,1455,1439,1470,1531,1456
32843,"Velan, Mary M.",non-elite,1439,2878,4301,5728,7165,8620,10100,11599,1439,1423,1427,1437,1455,1480,1499
32844,"Young, Andrew J.",non-elite,1258,2502,3793,5044,6307,7646,9212,11351,1244,1291,1251,1263,1339,1566,2139
32845,"Kramer, Adam M",non-elite,1265,2554,3882,5244,6642,8183,9867,11526,1289,1328,1362,1398,1541,1684,1659
32846,"Redman, Elizabeth J.",non-elite,1309,2634,4004,5438,6899,8456,10052,11620,1325,1370,1434,1461,1557,1596,1568
32847,"Smicker, Andrew",non-elite,1254,2493,3729,4989,6316,7722,9286,11441,1239,1236,1260,1327,1406,1564,2155
32848,"Turner, Mollie A.",non-elite,1314,2656,3996,5421,6884,8374,10006,11641,1342,1340,1425,1463,1490,1632,1635
32849,"Bertram, Mike",non-elite,1388,2768,4158,5550,6966,8503,10121,11647,1380,1390,1392,1416,1537,1618,1526
32850,"Turner, John",non-elite,1375,2771,4202,5695,7157,8663,10121,11571,1396,1431,1493,1462,1506,1458,1450
32851,"Leshan, Tim E.",non-elite,1326,2651,3985,5358,6815,8342,9985,11577,1325,1334,1373,1457,1527,1643,1592
32852,"Esch, Linda A",non-elite,1417,2870,4311,5737,7212,8731,10226,11666,1453,1441,1426,1475,1519,1495,1440
32853,"Rayburn, James",non-elite,1365,2783,4179,5583,7011,8590,10090,11635,1418,1396,1404,1428,1579,1500,1545
32854,"Killeen, Joseph P.",non-elite,1415,2895,4339,5806,7273,8754,10257,11684,1480,1444,1467,1467,1481,1503,1427
32855,"Sirockman, Jennifer J.",non-elite,1374,2768,4163,5585,7003,8526,10117,11596,1394,1395,1422,1418,1523,1591,1479
32856,"Meissner, Stephanie",non-elite,1435,2856,4276,5726,7169,8652,10164,11643,1421,1420,1450,1443,1483,1512,1479
32857,"Guichard, Brandon",non-elite,1460,2939,4408,5889,7350,8822,10273,11719,1479,1469,1481,1461,1472,1451,1446
32858,"Sabbagh, Rana",non-elite,1497,2957,4404,5866,7326,8794,10275,11696,1460,1447,1462,1460,1468,1481,1421
32859,"Foley, Paul S.",non-elite,1258,2576,3929,5343,6797,8319,9921,11543,1318,1353,1414,1454,1522,1602,1622
32860,"Lai, Charles T",non-elite,1456,2899,4329,5772,7203,8665,10123,11653,1443,1430,1443,1431,1462,1458,1530
32861,"Bourgeois, John",non-elite,1353,2630,3938,5286,6689,8254,9928,11556,1277,1308,1348,1403,1565,1674,1628
32862,"Ross, Scott",non-elite,1398,2821,4229,5672,7099,8567,10090,11624,1423,1408,1443,1427,1468,1523,1534
32863,"Maigret, Katherine S.",non-elite,1430,2882,4335,5781,7218,8678,10174,11656,1452,1453,1446,1437,1460,1496,1482
32864,"Holder, Donald",non-elite,1391,2793,4170,5585,6987,8456,9989,11583,1402,1377,1415,1402,1469,1533,1594
32865,"Mckown, Lindsey",non-elite,1420,2871,4302,5741,7180,8664,10154,11652,1451,1431,1439,1439,1484,1490,1498
32866,"Schroeder, Kirk",non-elite,1382,2776,4176,5602,7047,8572,10109,11630,1394,1400,1426,1445,1525,1537,1521
32867,"Workman, Kimberly",non-elite,1434,2870,4306,5749,7173,8652,10175,11647,1436,1436,1443,1424,1479,1523,1472
32868,"Bush, Adam W.",non-elite,1268,2526,3819,5228,6721,8346,10016,11605,1258,1293,1409,1493,1625,1670,1589
32869,"Phillippi, Jason",non-elite,1272,2533,3800,5065,6329,7675,9167,11182,1261,1267,1265,1264,1346,1492,2015
32870,"Haferman, Brady",non-elite,1645,2997,4350,5729,7102,8530,9997,11524,1352,1353,1379,1373,1428,1467,1527
32871,"Shafer, Bob",non-elite,1272,2541,3839,5272,6763,8327,9999,11648,1269,1298,1433,1491,1564,1672,1649
32872,"Snow, Billy D",non-elite,1453,2897,4372,5823,7253,8718,10200,11662,1444,1475,1451,1430,1465,1482,1462
32873,"England, Yoko",non-elite,1416,2827,4236,5680,7129,8617,10154,11651,1411,1409,1444,1449,1488,1537,1497
32874,"Peacock, Scott",non-elite,1399,2784,4155,5540,6927,8340,9858,11488,1385,1371,1385,1387,1413,1518,1630
32875,"Dyroff, Anne",non-elite,1339,2714,4106,5518,6936,8448,10032,11621,1375,1392,1412,1418,1512,1584,1589
32876,"Mcfarren, Joe",non-elite,1309,2649,3992,5364,6751,8274,9985,11612,1340,1343,1372,1387,1523,1711,1627
32877,"Resnikoff, Ted",non-elite,1407,2806,4219,5660,7111,8635,10178,11675,1399,1413,1441,1451,1524,1543,1497
32878,"Okorn, Michael H",non-elite,1387,2783,4237,5676,7138,8645,10189,11673,1396,1454,1439,1462,1507,1544,1484
32879,"Covarrubias, Monica",non-elite,1416,2835,4248,5676,7105,8609,10130,11650,1419,1413,1428,1429,1504,1521,1520
32880,"Magaldi, James J",non-elite,1389,2809,4235,5683,7144,8648,10177,11660,1420,1426,1448,1461,1504,1529,1483
32881,"Collins, Kevin",non-elite,1233,2474,3794,5224,6682,8279,10104,11696,1241,1320,1430,1458,1597,1825,1592
32882,"Costello, Sean M",non-elite,1414,2808,4203,5624,7048,8578,10060,11606,1394,1395,1421,1424,1530,1482,1546
32883,"Balistreri, Theodore",non-elite,1482,2957,4414,5866,7327,8800,10254,11674,1475,1457,1452,1461,1473,1454,1420
32884,"Jensen, Jason D",non-elite,1368,2741,4122,5539,6981,8488,10031,11584,1373,1381,1417,1442,1507,1543,1553
32885,"Monaghan, Garry P.",non-elite,1222,2446,3678,4941,6391,8091,9835,11660,1224,1232,1263,1450,1700,1744,1825
32886,"Ryner, Stephen W. Jr.",non-elite,1412,2832,4267,5721,7161,8690,10212,11675,1420,1435,1454,1440,1529,1522,1463
32887,"McCaffrey, James J. III",non-elite,1361,2716,4099,5487,6936,8412,10010,11661,1355,1383,1388,1449,1476,1598,1651
32888,"Arteaga, Marco",non-elite,1250,2507,3789,5125,6551,8230,9912,11595,1257,1282,1336,1426,1679,1682,1683
32889,"Frankel, Max D",non-elite,1302,2599,3875,5203,6566,8088,9757,11489,1297,1276,1328,1363,1522,1669,1732
32890,"Quinlan, Michelle",non-elite,1407,2838,4265,5713,7153,8665,10211,11682,1431,1427,1448,1440,1512,1546,1471
32891,"Raines, David J.",non-elite,1415,2851,4257,5685,7096,8601,10120,11631,1436,1406,1428,1411,1505,1519,1511
32892,"Ortiz, Edwin A",non-elite,1239,2479,3758,5138,6598,8208,9892,11567,1240,1279,1380,1460,1610,1684,1675
32893,"Pinkerton, Tom",non-elite,1371,2760,4145,5562,6952,8425,9940,11536,1389,1385,1417,1390,1473,1515,1596
32894,"Jef Jef, Driss",non-elite,1357,2713,4079,5502,6965,8491,10094,11622,1356,1366,1423,1463,1526,1603,1528
32895,"Vice, Jeremy P",non-elite,1394,2799,4232,5688,7148,8655,10188,11674,1405,1433,1456,1460,1507,1533,1486
32896,"Strother, John M",non-elite,1328,2662,4003,5371,6752,8253,9840,11533,1334,1341,1368,1381,1501,1587,1693
32897,"Scott, Sherry",non-elite,1477,2976,4453,5933,7406,8886,10350,11713,1499,1477,1480,1473,1480,1464,1363
32898,"Kos, Ronald",non-elite,1299,2602,3924,5336,6837,8433,10043,11618,1303,1322,1412,1501,1596,1610,1575
32899,"Lautzenheiser, Jeremy",non-elite,1335,2661,3985,5330,6669,8081,9745,11559,1326,1324,1345,1339,1412,1664,1814
32900,"Chew, Chris",non-elite,1415,2831,4234,5661,7138,8616,10148,11656,1416,1403,1427,1477,1478,1532,1508
32901,"Cronwall, David A",non-elite,1269,2579,3901,5292,6720,8266,9916,11626,1310,1322,1391,1428,1546,1650,1710
32902,"Hopper, David",non-elite,1289,2585,3889,5266,6781,8339,9994,11623,1296,1304,1377,1515,1558,1655,1629
32903,"Curelop, Nicholas D.",non-elite,1103,2242,3504,4894,6324,7800,9437,11656,1139,1262,1390,1430,1476,1637,2219
32904,"Barrett, Peter D",non-elite,1361,2744,4160,5590,7003,8481,10016,11591,1383,1416,1430,1413,1478,1535,1575
32905,"Karnas, Stephen A. Jr.",non-elite,1292,2573,3893,5314,6854,8366,9966,11602,1281,1320,1421,1540,1512,1600,1636
32906,"Di Lisio, Michael",non-elite,1324,2652,4012,5409,6858,8409,10039,11606,1328,1360,1397,1449,1551,1630,1567
32907,"Farb, Liana",non-elite,1471,2936,4397,5882,7351,8839,10302,11702,1465,1461,1485,1469,1488,1463,1400
32908,"Reid, Joshua",non-elite,1472,2937,4397,5882,7351,8839,10303,11703,1465,1460,1485,1469,1488,1464,1400
32909,"Deruyscher, Terry T",non-elite,1315,2657,4022,5433,6889,8413,10005,11610,1342,1365,1411,1456,1524,1592,1605
32910,"Vandehey, Nick T",non-elite,1279,2568,3868,5190,6560,8042,9706,11565,1289,1300,1322,1370,1482,1664,1859
32911,"Battin, Beth",non-elite,1425,2850,4282,5731,7170,8633,10131,11644,1425,1432,1449,1439,1463,1498,1513
32912,"Septien, Luis A",non-elite,1210,2447,3721,5929,7338,8735,10199,11660,1237,1274,2208,1409,1397,1464,1461
32913,"Partner, Emily K",non-elite,1413,2816,4231,5695,7171,8678,10208,11710,1403,1415,1464,1476,1507,1530,1502
32914,"Bonin, Lisa M",non-elite,1482,2934,4366,5837,7257,8719,10197,11666,1452,1432,1471,1420,1462,1478,1469
32915,"Strelzik Wiessmann, Carly",non-elite,1427,2842,4261,5684,7125,8602,10125,11644,1415,1419,1423,1441,1477,1523,1519
32916,"Malovos, Mark",non-elite,1341,2691,4069,5457,6890,8420,10075,11620,1350,1378,1388,1433,1530,1655,1545
32917,"Kerr, Douglas I",non-elite,1232,2448,3680,4969,6384,7951,9654,11556,1216,1232,1289,1415,1567,1703,1902
32918,"Willenborg, Julie A.",non-elite,1443,2849,4252,5659,7053,8520,10074,11613,1406,1403,1407,1394,1467,1554,1539
32919,"Sturla, Annette F.",non-elite,1396,2801,4205,5637,7089,8571,10108,11650,1405,1404,1432,1452,1482,1537,1542
32920,"Dublinski, Allison",non-elite,1332,2671,4019,5404,6845,8412,10053,11616,1339,1348,1385,1441,1567,1641,1563
32921,"Arneson, Daniel J",non-elite,1367,2701,4030,5383,6769,8272,9959,11574,1334,1329,1353,1386,1503,1687,1615
32922,"Marshall, William C",non-elite,1226,2454,3744,5553,6995,8588,10100,11675,1228,1290,1809,1442,1593,1512,1575
32923,"Boeing, Kory L",non-elite,1446,2913,4363,5836,7265,8713,10216,11676,1467,1450,1473,1429,1448,1503,1460
32924,"Gajewski, David",non-elite,1328,2702,4125,5578,7048,8584,10137,11665,1374,1423,1453,1470,1536,1553,1528
32925,"Butters, Kerry D",non-elite,1427,2835,4269,5719,7181,8664,10172,11675,1408,1434,1450,1462,1483,1508,1503
32926,"Henson, Thomas C.",non-elite,1223,2479,3834,5220,6664,8202,9829,11543,1256,1355,1386,1444,1538,1627,1714
32927,"Parker, Christopher N.",non-elite,1288,2587,3951,5402,6919,8517,10115,11651,1299,1364,1451,1517,1598,1598,1536
32928,"Doyle, Frank A",non-elite,1247,2523,3807,5096,6438,7829,9788,11569,1276,1284,1289,1342,1391,1959,1781
32929,"Marquardt, Jennifer L",non-elite,1306,2618,4004,5499,6980,8520,10099,11645,1312,1386,1495,1481,1540,1579,1546
32930,"Smith, Rusty",non-elite,1326,2679,4046,5478,6984,8544,10118,11646,1353,1367,1432,1506,1560,1574,1528
32931,"Sleger, Taryn D",non-elite,1254,2528,3843,5264,6763,8330,9977,11662,1274,1315,1421,1499,1567,1647,1685
32932,"Tuchon, Craig",non-elite,1492,2886,4271,5686,7108,8581,10107,11657,1394,1385,1415,1422,1473,1526,1550
32933,"McDonald, Karie",non-elite,1447,2870,4292,5729,7142,8567,10014,11569,1423,1422,1437,1413,1425,1447,1555
32934,"Celone, Matthew",non-elite,1274,2551,3819,5162,6541,8069,9796,11511,1277,1268,1343,1379,1528,1727,1715
32935,"Wolter, Theresa A",non-elite,1448,2871,4294,5751,7185,8650,10147,11640,1423,1423,1457,1434,1465,1497,1493
32936,"Martinez, Katya IV",non-elite,1393,2813,4257,5725,7183,8673,10198,11659,1420,1444,1468,1458,1490,1525,1461
32937,"Terry, Samantha M.",non-elite,1420,2814,4215,5635,7060,8548,10096,11645,1394,1401,1420,1425,1488,1548,1549
32938,"Montgomery, Benjamin R.",non-elite,1296,2622,3968,5346,6774,8271,9896,11565,1326,1346,1378,1428,1497,1625,1669
32939,"Hinkle, Angie",non-elite,1390,2796,4215,5675,7127,8619,10154,11683,1406,1419,1460,1452,1492,1535,1529
32940,"Hungerford, Brian L",non-elite,1387,2766,4164,5576,7008,8507,10033,11610,1379,1398,1412,1432,1499,1526,1577
32941,"Rosenthal, Steven",non-elite,1294,2589,3917,5320,6773,8293,9928,11599,1295,1328,1403,1453,1520,1635,1671
32942,"Ball, Heidi S",non-elite,1427,2861,4308,5762,7202,8694,10202,11681,1434,1447,1454,1440,1492,1508,1479
32943,"Lopez, Fernando",non-elite,1234,2511,3818,5179,6575,8090,9734,11493,1277,1307,1361,1396,1515,1644,1759
32944,"Holland, Marcie L.",non-elite,1376,2747,4145,5601,7050,8562,10092,11630,1371,1398,1456,1449,1512,1530,1538
32945,"Doucet, Shelley A",non-elite,1377,2748,4146,5601,7051,8562,10092,11630,1371,1398,1455,1450,1511,1530,1538
32946,"Middleton, Lesley K",non-elite,1401,2802,4206,5641,7179,8694,10196,11695,1401,1404,1435,1538,1515,1502,1499
32947,"Fried, Robert M",non-elite,1444,2864,4289,5728,7165,8644,10139,11650,1420,1425,1439,1437,1479,1495,1511
32948,"Wang, Benjamin",non-elite,1422,2847,4297,5766,7242,8695,10143,11625,1425,1450,1469,1476,1453,1448,1482
32949,"Matala, Molly E",non-elite,1431,2882,4341,5804,7260,8742,10240,11709,1451,1459,1463,1456,1482,1498,1469
32950,"Woolsey, John D",non-elite,1364,2723,4090,5485,6880,8330,9977,11612,1359,1367,1395,1395,1450,1647,1635
32951,"Verreault, Martin",non-elite,1301,2612,3970,5417,6929,8546,10180,11668,1311,1358,1447,1512,1617,1634,1488
32952,"Burgess, Katie",non-elite,1422,2844,4267,5695,7110,8626,10173,11659,1422,1423,1428,1415,1516,1547,1486
32953,"Stork, Michael",non-elite,1307,2611,3972,5390,6836,8367,9966,11610,1304,1361,1418,1446,1531,1599,1644
32954,"Miller, Glen",non-elite,1306,2616,3940,5290,6659,8146,9712,11523,1310,1324,1350,1369,1487,1566,1811
32955,"Adams, Julia A.",non-elite,1430,2847,4264,5713,7139,8629,10147,11645,1417,1417,1449,1426,1490,1518,1498
32956,"Przeor, Kris",non-elite,1232,2502,3778,5113,6511,8044,9768,11589,1270,1276,1335,1398,1533,1724,1821
32957,"Mildner, Jefferson H",non-elite,1290,2566,3885,5273,6720,8196,9914,11659,1276,1319,1388,1447,1476,1718,1745
32958,"Schneider, Jennifer L",non-elite,1280,2654,4054,5486,6932,8463,10060,11612,1374,1400,1432,1446,1531,1597,1552
32959,"Spinelli, Camila",non-elite,1381,2771,4199,5659,7102,8601,10130,11663,1390,1428,1460,1443,1499,1529,1533
32960,"Mullen, Jake",non-elite,1281,2524,3767,5037,6338,7749,9433,11585,1243,1243,1270,1301,1411,1684,2152
32961,"Frobeen, Daniel",non-elite,1258,2580,3932,5314,6719,8182,9847,11534,1322,1352,1382,1405,1463,1665,1687
32962,"Carr, Pam L.",non-elite,1488,2954,4409,5877,7326,8789,10244,11682,1466,1455,1468,1449,1463,1455,1438
32963,"Marshall, Rob",non-elite,1351,2721,4112,5530,6963,8473,10048,11634,1370,1391,1418,1433,1510,1575,1586
32964,"Driscoll, Brian J",non-elite,1431,2898,4360,5856,7323,8793,10266,11707,1467,1462,1496,1467,1470,1473,1441
32965,"Pini, Carlos",non-elite,1372,2740,4118,5534,6966,8469,10038,11607,1368,1378,1416,1432,1503,1569,1569
32966,"Rosario Cookson, Debra",non-elite,1474,2936,4394,5862,7317,8776,10232,11688,1462,1458,1468,1455,1459,1456,1456
32967,"Stern, Phillip",non-elite,1349,2741,4141,5573,7009,8527,10082,11630,1392,1400,1432,1436,1518,1555,1548
32968,"Hendrix-Roach, Ariane N",non-elite,1367,2730,4118,5553,7001,8516,10089,11655,1363,1388,1435,1448,1515,1573,1566
32969,"Jasinski, Robert",non-elite,1391,2808,4226,5676,7120,8599,10116,11647,1417,1418,1450,1444,1479,1517,1531
32970,"Amutenya, Johanna",non-elite,1420,2851,4283,5735,7201,8714,10234,11679,1431,1432,1452,1466,1513,1520,1445
32971,"Gupta, Neil",non-elite,1285,2568,3856,5157,6480,7964,9743,11601,1283,1288,1301,1323,1484,1779,1858
32972,"Giles, Lisa E.",non-elite,1403,2790,4177,5621,7065,8561,10104,11646,1387,1387,1444,1444,1496,1543,1542
32973,"Baldwin, Raymond",non-elite,1408,2838,4240,5667,7075,8523,10065,11673,1430,1402,1427,1408,1448,1542,1608
32974,"Flowers, Stephanie M.",non-elite,1415,2797,4186,5593,7015,8534,10125,11655,1382,1389,1407,1422,1519,1591,1530
32975,"Weidler, Sabrina C",non-elite,1418,2825,4221,5662,7138,8648,10195,11683,1407,1396,1441,1476,1510,1547,1488
32976,"Hitchman, Paul",non-elite,1226,2437,3673,4951,6359,7905,9672,11546,1211,1236,1278,1408,1546,1767,1874
32977,"Myers, Richard",non-elite,1317,2626,3973,5373,6760,8237,9825,11584,1309,1347,1400,1387,1477,1588,1759
32978,"Hayes, Crystal",non-elite,1425,2858,4288,5722,7150,8620,10150,11668,1433,1430,1434,1428,1470,1530,1518
32979,"Leroux, Benjamin",non-elite,1257,2568,3956,5382,6821,8363,9966,11589,1311,1388,1426,1439,1542,1603,1623
32980,"Imasa, Mark A",non-elite,1315,2611,3906,5316,6826,8309,9952,11653,1296,1295,1410,1510,1483,1643,1701
32981,"Woodbeck, Laura",non-elite,1463,2884,4308,5750,7201,8679,10195,11689,1421,1424,1442,1451,1478,1516,1494
32982,"Duignan, Marie",non-elite,1315,2695,4100,5518,6931,8427,10106,11654,1380,1405,1418,1413,1496,1679,1548
32983,"Lacombe, Michael E.",non-elite,1358,2679,4015,5416,6872,8498,10102,11665,1321,1336,1401,1456,1626,1604,1563
32984,"Williams, Jamie",non-elite,1401,2789,4201,5622,7040,8527,10076,11651,1388,1412,1421,1418,1487,1549,1575
32985,"Colucciello, Angelo Sr.",non-elite,1284,2585,3919,5299,6727,8268,9925,11573,1301,1334,1380,1428,1541,1657,1648
32986,"Labenz, Michael J",non-elite,1317,2687,4035,5412,6832,8332,9932,11574,1370,1348,1377,1420,1500,1600,1642
32987,"Mitaki, Kenya",non-elite,1260,2519,3797,5076,6362,7727,9481,11551,1259,1278,1279,1286,1365,1754,2070
32988,"Lyman, Breandan F.",non-elite,1138,2291,3514,4864,6442,8233,10004,11623,1153,1223,1350,1578,1791,1771,1619
32989,"Hansen, Drew",non-elite,1390,2811,4257,5731,7184,8677,10201,11687,1421,1446,1474,1453,1493,1524,1486
32990,"Allegri, Paul T",non-elite,1330,2701,4096,5526,6951,8448,9990,11573,1371,1395,1430,1425,1497,1542,1583
32991,"Gramer, Don A III",non-elite,1275,2567,3850,5164,6722,8383,9994,11674,1292,1283,1314,1558,1661,1611,1680
32992,"Phillips, Allison",non-elite,1489,2953,4412,5876,7324,8787,10262,11726,1464,1459,1464,1448,1463,1475,1464
32993,"Hinrichs, Kathy J",non-elite,1408,2795,4209,5662,7121,8623,10168,11681,1387,1414,1453,1459,1502,1545,1513
32994,"Logan, Jim",non-elite,1350,2711,4091,5522,6953,8468,10072,11672,1361,1380,1431,1431,1515,1604,1600
32995,"Pryce-Jones, Michael J",non-elite,1348,2673,4000,5355,6740,8278,9950,11615,1325,1327,1355,1385,1538,1672,1665
32996,"Rickert, Brendan J",non-elite,1269,2544,3826,5110,6524,8147,9868,11615,1275,1282,1284,1414,1623,1721,1747
32998,"Swords, Kerry N",non-elite,1421,2854,4278,5723,7177,8667,10192,11693,1433,1424,1445,1454,1490,1525,1501
32999,"Beagle, Brandon S",non-elite,1419,2830,4241,5674,7113,8636,10189,11696,1411,1411,1433,1439,1523,1553,1507
33000,"Eldridge, Kim D",non-elite,1365,2725,4091,5481,6919,8456,10048,11641,1360,1366,1390,1438,1537,1592,1593
33001,"Schulte, Rory D.",non-elite,1219,2393,3611,4894,6379,8132,9747,11619,1174,1218,1283,1485,1753,1615,1872
33002,"Huffman, Jessica M.",non-elite,1333,2680,4092,5571,7054,8567,10110,11646,1347,1412,1479,1483,1513,1543,1536
33003,"Knight, Stephen L",non-elite,1330,2675,4019,5419,6858,8432,10030,11712,1345,1344,1400,1439,1574,1598,1682
33004,"Shore, Laura",non-elite,1505,3003,4483,5962,7396,8832,10260,11705,1498,1480,1479,1434,1436,1428,1445
33005,"Gleason, Kelsey",non-elite,1428,2837,4248,5678,7114,8609,10160,11669,1409,1411,1430,1436,1495,1551,1509
33006,"Bennett, Jordan R",non-elite,1318,2748,4231,5758,7286,8754,10256,11725,1430,1483,1527,1528,1468,1502,1469
33007,"Fulginiti, Jon",non-elite,1330,2675,4019,5420,6858,8432,10030,11712,1345,1344,1401,1438,1574,1598,1682
33008,"Lafreniere, John",non-elite,1296,2603,3940,5304,6708,8219,9874,11609,1307,1337,1364,1404,1511,1655,1735
33010,"Kotelniski, Walter",non-elite,1243,2509,3809,5172,6640,8256,9953,11609,1266,1300,1363,1468,1616,1697,1656
33011,"Hillman, Aubrey L.",non-elite,1404,2832,4274,5706,7127,8597,10111,11645,1428,1442,1432,1421,1470,1514,1534
33012,"Gill, Lydia E",non-elite,1375,2756,4209,5662,7099,8598,10151,11670,1381,1453,1453,1437,1499,1553,1519
33013,"Cross, George C.",non-elite,1298,2588,3911,5361,6810,8367,9979,11623,1290,1323,1450,1449,1557,1612,1644
33014,"Mergl, Martin",non-elite,1239,2466,3740,5079,6624,8334,10007,11613,1227,1274,1339,1545,1710,1673,1606
33015,"Barry, Christopher",non-elite,1312,2672,3980,5331,6659,8121,9791,11496,1360,1308,1351,1328,1462,1670,1705
33016,"Langhamer, Maggie",non-elite,1449,2899,4363,5829,7283,8761,10265,11721,1450,1464,1466,1454,1478,1504,1456
33017,"Righter, Jared",non-elite,1237,2480,3721,4973,6359,8133,9939,11589,1243,1241,1252,1386,1774,1806,1650
33018,"Weeks, Heather",non-elite,1485,2943,4400,5849,7308,8804,10303,11756,1458,1457,1449,1459,1496,1499,1453
33019,"Zirkelbach, Victor",non-elite,1298,2595,3977,5445,6934,8478,10088,11640,1297,1382,1468,1489,1544,1610,1552
33020,"Mackey, Dana B",non-elite,1426,2859,4285,5732,7180,8653,10194,11669,1433,1426,1447,1448,1473,1541,1475
33021,"Bartolome, Bea",non-elite,1444,2883,4330,5770,7204,8665,10153,11660,1439,1447,1440,1434,1461,1488,1507
33022,"Liu, Bin",non-elite,1343,2680,4032,5440,6919,8477,10132,11673,1337,1352,1408,1479,1558,1655,1541
33023,"Menard, Carolyn",non-elite,1290,2589,3915,5332,6831,8427,10091,11676,1299,1326,1417,1499,1596,1664,1585
33024,"Brown, Todd",non-elite,1400,2777,4199,5648,7164,8644,10145,11676,1377,1422,1449,1516,1480,1501,1531
33025,"Fiorelli, Michael",non-elite,1269,2542,3917,5372,6859,8453,10063,11630,1273,1375,1455,1487,1594,1610,1567
33026,"Mergler, Fran L III",non-elite,1477,2926,4371,5819,7266,8742,10238,11702,1449,1445,1448,1447,1476,1496,1464
33027,"Soderberg, Phil D.",non-elite,1400,2821,4266,5737,7195,8714,10239,11687,1421,1445,1471,1458,1519,1525,1448
33028,"Mikhael, Nicole",non-elite,1366,2740,4167,5595,7026,8523,10100,11643,1374,1427,1428,1431,1497,1577,1543
33029,"Santry, Kieran",non-elite,1310,2648,4035,5478,6944,8464,10075,11680,1338,1387,1443,1466,1520,1611,1605
33030,"Howard, Matthew A",non-elite,1260,2520,3841,5244,6714,8257,9932,11626,1260,1321,1403,1470,1543,1675,1694
33031,"Han, Pei",non-elite,1440,2886,4318,5757,7167,8634,10176,11667,1446,1432,1439,1410,1467,1542,1491
33032,"Armold, Katie",non-elite,1297,2623,3998,5435,6902,8479,10084,11682,1326,1375,1437,1467,1577,1605,1598
33033,"Charrier, Jean Luc",non-elite,1388,2807,4229,5671,7075,8527,10036,11604,1419,1422,1442,1404,1452,1509,1568
33034,"Broker, Robyn",non-elite,1463,2912,4350,5777,7188,8654,10153,11627,1449,1438,1427,1411,1466,1499,1474
33035,"Connor, Meghan",non-elite,1333,2678,4046,5468,6896,8481,10059,11639,1345,1368,1422,1428,1585,1578,1580
33036,"Swiecicki, Chris",non-elite,1300,2606,3937,5352,6819,8396,10020,11643,1306,1331,1415,1467,1577,1624,1623
33037,"Gilbert, Dany",non-elite,1273,2542,3878,5338,6857,8432,10060,11657,1269,1336,1460,1519,1575,1628,1597
33038,"Specht, Brian S",non-elite,1456,2916,4355,5834,7312,8818,10285,11708,1460,1439,1479,1478,1506,1467,1423
33039,"Loehrke, Michael",non-elite,1456,2931,4412,5900,7380,8844,10290,11739,1475,1481,1488,1480,1464,1446,1449
33040,"Macaskill, John R.",non-elite,1277,2627,3920,5304,6694,8249,10031,11647,1350,1293,1384,1390,1555,1782,1616
33041,"Stocker, Scott D",non-elite,1381,2749,4132,5535,6955,8483,10013,11680,1368,1383,1403,1420,1528,1530,1667
33042,"Michaelis, Stephanie A",non-elite,1427,2823,4232,5645,7057,8545,10099,11666,1396,1409,1413,1412,1488,1554,1567
33043,"Malo, Martin",non-elite,1419,2853,4292,5745,7205,8677,10209,11698,1434,1439,1453,1460,1472,1532,1489
33044,"Gronquist, James M",non-elite,1451,2903,4363,5835,7294,8792,10285,11716,1452,1460,1472,1459,1498,1493,1431
33045,"Brown, Geof",non-elite,1360,2779,4270,5737,7145,8593,10077,11648,1419,1491,1467,1408,1448,1484,1571
33046,"Millican, Brent",non-elite,1323,2630,3933,5264,6768,8383,9965,11670,1307,1303,1331,1504,1615,1582,1705
33047,"Loree, Michael P.",non-elite,1355,2720,4110,5538,6964,8476,10091,11685,1365,1390,1428,1426,1512,1615,1594
33048,"King, Adam B.",non-elite,1404,2808,4218,5666,7126,8632,10188,11682,1404,1410,1448,1460,1506,1556,1494
33049,"Hughes, Grant",non-elite,1331,2650,3984,5394,6851,8374,9974,11610,1319,1334,1410,1457,1523,1600,1636
33050,"Flores, Richard",non-elite,1315,2648,4034,5472,6996,8562,10148,11680,1333,1386,1438,1524,1566,1586,1532
33051,"Hansen, Lars Buch",non-elite,1237,2489,3737,4987,6242,7561,9477,11586,1252,1248,1250,1255,1319,1916,2109
33052,"Sims, Jessica",non-elite,1426,2795,4197,5619,7052,8549,10099,11644,1369,1402,1422,1433,1497,1550,1545
33053,"Gratton, Catherine",non-elite,1419,2842,4283,5733,7196,8683,10197,11678,1423,1441,1450,1463,1487,1514,1481
33054,"Mueller, Carolyn E.",non-elite,1418,2814,4212,5650,7069,8528,10069,11636,1396,1398,1438,1419,1459,1541,1567
33055,"Falardeau, Simon",non-elite,1456,2876,4257,5656,7006,8405,9942,11568,1420,1381,1399,1350,1399,1537,1626
33056,"Kaplan, Alyssa K.",non-elite,1444,2845,4257,5737,7213,8736,10309,11745,1401,1412,1480,1476,1523,1573,1436
33057,"Domensino, Jeroen H",non-elite,1468,2941,4397,5864,7330,8813,10249,11679,1473,1456,1467,1466,1483,1436,1430
33058,"Blinn, Chuck",non-elite,1381,2796,4202,5633,7069,8565,10114,11660,1415,1406,1431,1436,1496,1549,1546
33059,"Urena, Teodoro S",non-elite,1440,2862,4274,5702,7126,8613,10167,11698,1422,1412,1428,1424,1487,1554,1531
33060,"Higgins, Bob T",non-elite,1236,2524,3888,5351,6871,8459,10088,11661,1288,1364,1463,1520,1588,1629,1573
33061,"Nichols, Shari L",non-elite,1437,2876,4318,5785,7228,8713,10209,11702,1439,1442,1467,1443,1485,1496,1493
33062,"Tripicchio, Ryan M.",non-elite,1346,2692,4005,5363,6893,8321,9873,11553,1346,1313,1358,1530,1428,1552,1680
33063,"Valencia, Natalie J.",non-elite,1423,2858,4295,5772,7238,8726,10223,11733,1435,1437,1477,1466,1488,1497,1510
33064,"Rutledge, Sandy K.",non-elite,1402,2800,4215,5648,7087,8585,10129,11653,1398,1415,1433,1439,1498,1544,1524
33065,"Vinci, Melissa K",non-elite,1452,2891,4302,5700,7082,8554,10101,11734,1439,1411,1398,1382,1472,1547,1633
33066,"Renouf, Conor",non-elite,1198,2418,3724,5292,6749,8243,9994,11731,1220,1306,1568,1457,1494,1751,1737
33067,"Stone, Thomas",non-elite,1354,2704,4068,5473,6914,8448,10064,11644,1350,1364,1405,1441,1534,1616,1580
33068,"Holzhauer, Maya Fe",non-elite,1431,2835,4226,5655,7068,8517,10037,11617,1404,1391,1429,1413,1449,1520,1580
33069,"Hughes, Erin",non-elite,1431,2843,4268,5724,7156,8670,10190,11688,1412,1425,1456,1432,1514,1520,1498
33070,"Hartley, Gavin",non-elite,1329,2646,3979,5330,6713,8181,9827,11557,1317,1333,1351,1383,1468,1646,1730
33071,"Messinger, Andrew T.",non-elite,1233,2495,3800,5109,6420,7807,9239,11504,1262,1305,1309,1311,1387,1432,2265
33072,"Guadarrama. Cano, Liliana Patricia",non-elite,1256,2600,4006,5430,6875,8432,10042,11644,1344,1406,1424,1445,1557,1610,1602
33073,"Wilson, Bob J.",non-elite,1447,2857,4262,5695,7108,8587,10110,11639,1410,1405,1433,1413,1479,1523,1529
33074,"Kompara, Laura",non-elite,1414,2836,4247,5663,7068,8553,10107,11677,1422,1411,1416,1405,1485,1554,1570
33075,"Summers, Taralyn",non-elite,1432,2856,4272,5747,7236,8754,10287,11743,1424,1416,1475,1489,1518,1533,1456
33076,"Salenetri, Nikki",non-elite,1440,2883,4335,5795,7241,8728,10251,11737,1443,1452,1460,1446,1487,1523,1486
33077,"Zhu, Chunyang",non-elite,1269,2545,3942,5443,6972,8536,10129,11656,1276,1397,1501,1529,1564,1593,1527
33078,"Keve, Rob",non-elite,1272,2524,3816,5197,6642,8195,9854,11564,1252,1292,1381,1445,1553,1659,1710
33079,"Ebersole, Timothy L",non-elite,1283,2555,3826,5149,6594,8215,9900,11685,1272,1271,1323,1445,1621,1685,1785
33080,"Colpitts, Kelsey M",non-elite,1453,2883,4329,5782,7234,8728,10238,11697,1430,1446,1453,1452,1494,1510,1459
33081,"Mcphedran, Brett",non-elite,1360,2727,4105,5663,7098,8600,10154,11693,1367,1378,1558,1435,1502,1554,1539
33082,"Dybala, Michael",non-elite,1272,2603,3966,5383,6815,8347,9986,11619,1331,1363,1417,1432,1532,1639,1633
33083,"Sage, Roger G.",non-elite,1222,2428,3647,4906,6196,7627,9329,11426,1206,1219,1259,1290,1431,1702,2097
33084,"Nicholson, Teresa",non-elite,1470,2914,4339,5781,7214,8668,10146,11641,1444,1425,1442,1433,1454,1478,1495
33085,"Thomas, Anthony",non-elite,1413,2796,4168,5563,6983,8468,9998,11617,1383,1372,1395,1420,1485,1530,1619
33086,"Blemberg, Jessica L",non-elite,1447,2882,4309,5759,7189,8678,10200,11683,1435,1427,1450,1430,1489,1522,1483
33087,"Stout, Molly L",non-elite,1378,2727,4090,5496,6957,8472,10095,11697,1349,1363,1406,1461,1515,1623,1602
33088,"Holmes, Bryn",non-elite,1219,2423,3651,4922,6232,7828,9595,11482,1204,1228,1271,1310,1596,1767,1887
33089,"Van Smith, Chris",non-elite,1236,2434,3639,4880,6215,7842,9621,11507,1198,1205,1241,1335,1627,1779,1886
33090,"Arnold, Paul F Jr.",non-elite,1441,2885,4321,5776,7293,8764,10261,11715,1444,1436,1455,1517,1471,1497,1454
33091,"Roberts, Nick",non-elite,1353,2708,4095,5515,6956,8484,10063,11625,1355,1387,1420,1441,1528,1579,1562
33092,"Cruickshank, Tiffany A",non-elite,1339,2696,4113,5562,7029,8532,10107,11648,1357,1417,1449,1467,1503,1575,1541
33093,"Schoeneck, Julie A",non-elite,1404,2808,4240,5729,7204,8748,10278,11722,1404,1432,1489,1475,1544,1530,1444
33094,"Searle, Paul K",non-elite,1257,2513,3788,5101,6542,8207,9980,11650,1256,1275,1313,1441,1665,1773,1670
33095,"Ledezma, Ramon",non-elite,1462,2914,4408,5834,7259,8724,10223,11687,1452,1494,1426,1425,1465,1499,1464
33096,"Feinhaus, Dima",non-elite,1322,2690,4109,5584,7070,8639,10205,11694,1368,1419,1475,1486,1569,1566,1489
33097,"Varano, Erin",non-elite,1421,2800,4195,5609,7045,8548,10117,11671,1379,1395,1414,1436,1503,1569,1554
33098,"Blanning, Mark",non-elite,1283,2563,3853,5215,6679,8177,9835,11653,1280,1290,1362,1464,1498,1658,1818
33099,"Gonzalez, Michele",non-elite,1332,2643,3960,5300,6701,8561,10156,11671,1311,1317,1340,1401,1860,1595,1515
33100,"Rivera Barraza, Jesus D. Sr.",non-elite,1308,2624,3952,5313,6724,8213,9873,11601,1316,1328,1361,1411,1489,1660,1728
33101,"Gruman, Maeluen",non-elite,1377,2780,4197,5708,7173,8690,10250,11729,1403,1417,1511,1465,1517,1560,1479
33102,"Höfler, Fritz",non-elite,1277,2555,3880,5288,6758,8365,10011,11636,1278,1325,1408,1470,1607,1646,1625
33103,"White, Bradley D",non-elite,1340,2700,4048,5417,6779,8220,9827,11597,1360,1348,1369,1362,1441,1607,1770
33104,"Harris, Charles W Jr.",non-elite,1457,2900,4365,5827,7289,8782,10285,11739,1443,1465,1462,1462,1493,1503,1454
33105,"Williams, Mark M.",non-elite,1387,2775,4183,5632,7081,8595,10143,11683,1388,1408,1449,1449,1514,1548,1540
33106,"Riepma, Megan",non-elite,1359,2716,4105,5549,7008,8543,10099,11654,1357,1389,1444,1459,1535,1556,1555
33107,"Nishiyama, Masako",non-elite,1326,2679,4104,5620,7108,8639,10213,11703,1353,1425,1516,1488,1531,1574,1490
33108,"Bachman, Ariell",non-elite,1446,2894,4341,5780,7269,8743,10263,11727,1448,1447,1439,1489,1474,1520,1464
33109,"Chalfin, Kimberly",non-elite,1434,2877,4320,5772,7216,8686,10186,11674,1443,1443,1452,1444,1470,1500,1488
33110,"Peiris, David",non-elite,1397,2744,4117,5509,6905,8343,9885,11574,1347,1373,1392,1396,1438,1542,1689
33111,"Westfall, Mark A.",non-elite,1467,2938,4392,5862,7329,8819,10254,11688,1471,1454,1470,1467,1490,1435,1434
33112,"Beaupre, Stephen P.",non-elite,1287,2568,3857,5320,6813,8397,10007,11681,1281,1289,1463,1493,1584,1610,1674
33113,"Jackson, Christopher M",non-elite,1266,2532,3807,5165,6621,8347,10044,11662,1266,1275,1358,1456,1726,1697,1618
33114,"Graham, Carlos",non-elite,1302,2607,3930,5318,6754,8272,9905,11584,1305,1323,1388,1436,1518,1633,1679
33115,"Margarella, Carolina",non-elite,1449,2907,4359,5817,7275,8765,10265,11749,1458,1452,1458,1458,1490,1500,1484
33116,"El Jamali, Rajah",non-elite,1413,2867,4270,5683,7099,8563,10103,11639,1454,1403,1413,1416,1464,1540,1536
33117,"Unger, Nicole",non-elite,1410,2835,4267,5711,7162,8687,10230,11716,1425,1432,1444,1451,1525,1543,1486
33118,"Drury, Merritt C",non-elite,1463,2913,4353,5804,7270,8782,10305,11746,1450,1440,1451,1466,1512,1523,1441
33119,"Swartz, Greg P.",non-elite,1290,2593,3962,5392,6855,8406,10007,11606,1303,1369,1430,1463,1551,1601,1599
33120,"Shipley, Eric",non-elite,1356,2703,4064,5482,6926,8462,10061,11645,1347,1361,1418,1444,1536,1599,1584
33121,"Wilkinson, Brad",non-elite,1258,2514,3815,5182,6604,8221,9933,11616,1256,1301,1367,1422,1617,1712,1683
33122,"Erickson, Britt K.",non-elite,1374,2765,4166,5609,7060,8569,10153,11669,1391,1401,1443,1451,1509,1584,1516
33123,"Gantz, Kyle",non-elite,1267,2541,3828,5183,6639,8245,10028,11665,1274,1287,1355,1456,1606,1783,1637
33124,"Dunn, Kalie",non-elite,1420,2841,4258,5695,7117,8606,10124,11674,1421,1417,1437,1422,1489,1518,1550
33125,"Palmer, Brian R",non-elite,1467,2938,4373,5858,7298,8767,10250,11714,1471,1435,1485,1440,1469,1483,1464
33126,"Leo, Alexandra",non-elite,1424,2873,4322,5778,7230,8725,10228,11730,1449,1449,1456,1452,1495,1503,1502
33127,"Willis, Robert",non-elite,1356,2719,4090,5506,6921,8434,10070,11654,1363,1371,1416,1415,1513,1636,1584
33128,"Hamilton, Keith",non-elite,1427,2856,4288,5750,7204,8706,10222,11701,1429,1432,1462,1454,1502,1516,1479
33129,"Hammersmith, Matthew",non-elite,1382,2844,4292,5789,7151,8573,10102,11624,1462,1448,1497,1362,1422,1529,1522
33130,"Kheyfets, Julie",non-elite,1343,2712,4139,5621,7091,8611,10192,11714,1369,1427,1482,1470,1520,1581,1522
33131,"Ferullo, John D",non-elite,1413,2796,4178,5576,7046,8532,10080,11670,1383,1382,1398,1470,1486,1548,1590
33132,"Rich, Holly J",non-elite,1401,2787,4170,5555,6958,8468,10031,11644,1386,1383,1385,1403,1510,1563,1613
33133,"Hanson, Madison L.",non-elite,1439,2906,4351,5832,7296,8797,10311,11743,1467,1445,1481,1464,1501,1514,1432
33134,"Parodi, Katharine",non-elite,1395,2788,4193,5597,7006,8537,10156,11704,1393,1405,1404,1409,1531,1619,1548
33135,"Baker, Allison R",non-elite,1458,2922,4358,5802,7248,8720,10216,11728,1464,1436,1444,1446,1472,1496,1512
33136,"Boulanger, Simon Sr.",non-elite,1241,2514,3823,5242,6715,8271,9941,11645,1273,1309,1419,1473,1556,1670,1704
33137,"Malone, Emily",non-elite,1329,2680,4082,5533,6980,8498,10068,11645,1351,1402,1451,1447,1518,1570,1577
33138,"Witchey Clements, Kylee E.",non-elite,1379,2826,4302,5762,7208,8673,10197,11711,1447,1476,1460,1446,1465,1524,1514
33139,"Enis, Steven",non-elite,1362,2750,4121,5512,6909,8405,10040,11638,1388,1371,1391,1397,1496,1635,1598
33140,"Molina Castellano, Julio M.",non-elite,1321,2701,4086,5550,6995,8580,10141,11647,1380,1385,1464,1445,1585,1561,1506
33141,"Snigir, Jessica F",non-elite,1407,2822,4243,5682,7125,8633,10203,11704,1415,1421,1439,1443,1508,1570,1501
33142,"Smith, Eric D.",non-elite,1353,2707,4076,5457,6851,8324,10018,11645,1354,1369,1381,1394,1473,1694,1627
33143,"Palmer, Matthew R",non-elite,1363,2773,4170,5602,7047,8574,10145,11683,1410,1397,1432,1445,1527,1571,1538
33144,"Dando, Kyle F",non-elite,1326,2630,3938,5293,6728,8287,9897,11575,1304,1308,1355,1435,1559,1610,1678
33145,"Dietrich, Chris",non-elite,1187,2412,3687,5027,6443,7988,9849,11545,1225,1275,1340,1416,1545,1861,1696
33146,"Pizzi, Kristin",non-elite,1374,2782,4209,5666,7133,8670,10216,11719,1408,1427,1457,1467,1537,1546,1503
33147,"Kelly, Philip",non-elite,1307,2627,3950,5298,6653,8110,9769,11553,1320,1323,1348,1355,1457,1659,1784
33148,"Perez, Eduardo",non-elite,1384,2726,4080,5490,6937,8409,10097,11707,1342,1354,1410,1447,1472,1688,1610
33149,"Tani, Ellen Y.",non-elite,1443,2883,4323,5769,7204,8668,10176,11689,1440,1440,1446,1435,1464,1508,1513
33150,"Smith, Jenny L",non-elite,1395,2790,4204,5676,7163,8675,10196,11706,1395,1414,1472,1487,1512,1521,1510
33151,"Phillippi, Victoria",non-elite,1429,2828,4247,5692,7112,8621,10165,11699,1399,1419,1445,1420,1509,1544,1534
33152,"Sandridge, Norman B.",non-elite,1380,2781,4160,5556,6957,8401,9954,11588,1401,1379,1396,1401,1444,1553,1634
33153,"Smeulders, Thomas",non-elite,1337,2639,3974,5392,6831,8375,9977,11664,1302,1335,1418,1439,1544,1602,1687
33154,"Melton, Kenneth W",non-elite,1336,2701,4069,5470,6905,8431,10034,11652,1365,1368,1401,1435,1526,1603,1618
33155,"Schulte, Meg",non-elite,1415,2840,4299,5765,7218,8708,10235,11715,1425,1459,1466,1453,1490,1527,1480
33156,"Whitteker, Kassie F",non-elite,1358,2721,4129,5575,7067,8639,10201,11708,1363,1408,1446,1492,1572,1562,1507
33157,"Buenting, Mike",non-elite,1192,2381,3598,4859,6187,8148,9674,11467,1189,1217,1261,1328,1961,1526,1793
33158,"Baldwin, Luis F.",non-elite,1466,2865,4347,5813,7272,8783,10314,11760,1399,1482,1466,1459,1511,1531,1446
33159,"Schonberg, Robert",non-elite,1425,2821,4231,5643,7064,8574,10129,11670,1396,1410,1412,1421,1510,1555,1541
33160,"Liu, Zhiyong",non-elite,1252,2509,3759,5035,6375,7812,9587,11544,1257,1250,1276,1340,1437,1775,1957
33161,"Kacmarcik, Robert J Jr.",non-elite,1389,2794,4223,5657,7107,8633,10180,11720,1405,1429,1434,1450,1526,1547,1540
33162,"Shields, Gina M.",non-elite,1409,2823,4241,5661,7082,8556,10100,11687,1414,1418,1420,1421,1474,1544,1587
33163,"Larose, Robin",non-elite,1438,2826,4202,5595,7002,8509,10073,11649,1388,1376,1393,1407,1507,1564,1576
33164,"Keller, Curtis",non-elite,1302,2587,3871,5199,6586,8186,9989,11639,1285,1284,1328,1387,1600,1803,1650
33165,"O'Donnell, Tom",non-elite,1302,2615,3934,5284,6658,8116,9827,11615,1313,1319,1350,1374,1458,1711,1788
33166,"Melville, Jess",non-elite,1444,2858,4269,5707,7162,8676,10209,11720,1414,1411,1438,1455,1514,1533,1511
33167,"Lubba, Ryan",non-elite,1255,2484,3739,5051,6430,7984,9780,11556,1229,1255,1312,1379,1554,1796,1776
33168,"Parent, Claude",non-elite,1371,2766,4161,5590,7027,8556,10127,11677,1395,1395,1429,1437,1529,1571,1550
33169,"Reddy, Lauren",non-elite,1264,2501,3757,5046,6360,7745,9550,11668,1237,1256,1289,1314,1385,1805,2118
33170,"Hince, April",non-elite,1438,2863,4294,5762,7234,8745,10256,11745,1425,1431,1468,1472,1511,1511,1489
33171,"Osipov, Egor",non-elite,1354,2727,4128,5549,6995,8544,10151,11717,1373,1401,1421,1446,1549,1607,1566
33172,"Wolf, Steve",non-elite,1365,2771,4169,5601,7041,8559,10125,11705,1406,1398,1432,1440,1518,1566,1580
33173,"Dussault, Robert",non-elite,1480,2951,4401,5843,7286,8754,10254,11709,1471,1450,1442,1443,1468,1500,1455
33174,"Gregg, Jeff S.",non-elite,1298,2591,3885,5190,6511,7948,9642,11543,1293,1294,1305,1321,1437,1694,1901
33175,"Dewolf, Wendy",non-elite,1373,2760,4194,5675,7139,8662,10203,11721,1387,1434,1481,1464,1523,1541,1518
33176,"Poujol, Roberto",non-elite,1423,2855,4286,5727,7133,8578,10130,11726,1432,1431,1441,1406,1445,1552,1596
33177,"Adams, Zachary",non-elite,1317,2654,4037,5468,6905,8458,10054,11678,1337,1383,1431,1437,1553,1596,1624
33178,"Moindrot, Bruno R.",non-elite,1292,2578,4003,5456,6920,8535,10165,11693,1286,1425,1453,1464,1615,1630,1528
33179,"Goetz, Steven M",non-elite,1249,2541,3865,5210,6621,8163,9872,11636,1292,1324,1345,1411,1542,1709,1764
33180,"Sheahan, Mo",non-elite,1474,2954,4468,5963,7413,8879,10344,11779,1480,1514,1495,1450,1466,1465,1435
33181,"Bhargava, Shubha",non-elite,1419,2809,4209,5627,7062,8545,10098,11666,1390,1400,1418,1435,1483,1553,1568
33182,"Maremanda, Sudheer",non-elite,1301,2614,3958,5365,6846,8413,10035,11640,1313,1344,1407,1481,1567,1622,1605
33183,"Miller, Jason B",non-elite,1215,2456,3710,5046,6460,8060,9937,11738,1241,1254,1336,1414,1600,1877,1801
33184,"Heistand, Glenn N",non-elite,1342,2705,4113,5543,6977,8535,10110,11680,1363,1408,1430,1434,1558,1575,1570
33185,"Hildebrandt, Nicole T",non-elite,1439,2866,4276,5702,7102,8597,10135,11685,1427,1410,1426,1400,1495,1538,1550
33186,"St. Amant, Robert",non-elite,1430,2853,4271,5747,7187,8678,10199,11696,1423,1418,1476,1440,1491,1521,1497
33187,"Hernandez, Conrado Sr.",non-elite,1154,2370,3636,4968,6407,7956,9646,11600,1216,1266,1332,1439,1549,1690,1954
33188,"Mader, Michael P",non-elite,1297,2582,3853,5212,6744,8306,9944,11649,1285,1271,1359,1532,1562,1638,1705
33189,"Cincola, Mike",non-elite,1433,2875,4306,5760,7217,8692,10189,11711,1442,1431,1454,1457,1475,1497,1522
33190,"Bond, Geoffrey J.",non-elite,1287,2578,3912,5344,6828,8402,10056,11676,1291,1334,1432,1484,1574,1654,1620
33191,"Young, Hillary M",non-elite,1442,2864,4306,5792,7266,8781,10325,11776,1422,1442,1486,1474,1515,1544,1451
33192,"Novakowski, Evan J.",non-elite,1157,2292,3449,4643,6323,8017,9693,11710,1135,1157,1194,1680,1694,1676,2017
33193,"Lopez-Stickney, Dominique",non-elite,1411,2812,4256,5766,7216,8733,10270,11724,1401,1444,1510,1450,1517,1537,1454
33194,"Zhong, Zhiping",non-elite,1241,2488,3743,5063,6454,8020,9749,11541,1247,1255,1320,1391,1566,1729,1792
33195,"Giraldo, Juan F Sr.",non-elite,1306,2591,3878,5246,6699,8264,9931,11589,1285,1287,1368,1453,1565,1667,1658
33196,"Schmiech, Katie",non-elite,1395,2809,4223,5641,7069,8532,10082,11664,1414,1414,1418,1428,1463,1550,1582
33197,"Mcwilliams, James",non-elite,1375,2756,4161,5577,6988,8473,10012,11631,1381,1405,1416,1411,1485,1539,1619
33198,"Kotaska, Bill",non-elite,1389,2774,4176,5617,7070,8574,10121,11686,1385,1402,1441,1453,1504,1547,1565
33199,"Hoffman, Bill",non-elite,1361,2729,4111,5516,6949,8447,10046,11650,1368,1382,1405,1433,1498,1599,1604
33200,"Caputo, Jimmy J",non-elite,1272,2545,3822,5174,6677,8265,9904,11656,1273,1277,1352,1503,1588,1639,1752
33201,"Beebe, Julia G",non-elite,1415,2820,4232,5638,7074,8576,10145,11713,1405,1412,1406,1436,1502,1569,1568
33202,"Castillo, Gerardo N",non-elite,1333,2675,4040,5436,6942,8489,10108,11691,1342,1365,1396,1506,1547,1619,1583
33203,"Knoop, Lindsay",non-elite,1441,2888,4347,5801,7254,8739,10248,11749,1447,1459,1454,1453,1485,1509,1501
33204,"Ream, Yancey",non-elite,1142,2370,3668,5053,6491,8079,9864,11650,1228,1298,1385,1438,1588,1785,1786
33205,"Wellborn, Elizabeth",non-elite,1463,2913,4353,5805,7270,8782,10305,11749,1450,1440,1452,1465,1512,1523,1444
33206,"Gadomski, Guy",non-elite,1419,2869,4310,5760,7247,8730,10284,11740,1450,1441,1450,1487,1483,1554,1456
33207,"Venzor, Omar",non-elite,1463,2913,4353,5805,7270,8782,10305,11748,1450,1440,1452,1465,1512,1523,1443
33208,"Nathanson, Lindsey",non-elite,1389,2798,4219,5667,7147,8666,10221,11737,1409,1421,1448,1480,1519,1555,1516
33209,"Cox, Brendan J.",non-elite,1466,2939,4382,5828,7273,8753,10249,11720,1473,1443,1446,1445,1480,1496,1471
33210,"Stickel, Jeffrey W.",non-elite,1295,2590,3885,5224,6593,8075,9945,11668,1295,1295,1339,1369,1482,1870,1723
33211,"Mucci, Alicia R.",non-elite,1438,2866,4302,5752,7205,8712,10262,11740,1428,1436,1450,1453,1507,1550,1478
33212,"Cullen, Mark A",non-elite,1300,2584,3852,5155,6512,8004,9775,11642,1284,1268,1303,1357,1492,1771,1867
33213,"Diez, Paulo",non-elite,1186,2390,3670,5007,6394,7932,9650,11503,1204,1280,1337,1387,1538,1718,1853
33214,"Jiang, Yi",non-elite,1420,2845,4282,5802,7268,8776,10261,11745,1425,1437,1520,1466,1508,1485,1484
33215,"Upshaw, Tara L.",non-elite,1423,2850,4271,5715,7161,8661,10182,11714,1427,1421,1444,1446,1500,1521,1532
33216,"Ward, Stephen R",non-elite,1431,2827,4226,5637,7054,8547,10114,11675,1396,1399,1411,1417,1493,1567,1561
33217,"Jonker, Michael H",non-elite,1342,2656,3972,5316,6678,8169,9850,11565,1314,1316,1344,1362,1491,1681,1715
33218,"Deltoro, Emilio J",non-elite,1346,2724,4106,5584,7036,8538,10174,11706,1378,1382,1478,1452,1502,1636,1532
33219,"Lundine, Sarah",non-elite,1252,2497,3769,5177,6748,8324,10024,11684,1245,1272,1408,1571,1576,1700,1660
33220,"Kay-Ness, Donna",non-elite,1380,2706,4065,5479,6919,8442,10029,11649,1326,1359,1414,1440,1523,1587,1620
33221,"Mundhenke, Gary L",non-elite,1303,2626,3978,5364,6785,8349,9989,11664,1323,1352,1386,1421,1564,1640,1675
33222,"Murphy, Lauren",non-elite,1355,2748,4179,5637,7095,8593,10141,11676,1393,1431,1458,1458,1498,1548,1535
33223,"Kanamura, Shizuo",non-elite,1330,2703,4092,5540,6984,8480,10026,11636,1373,1389,1448,1444,1496,1546,1610
33224,"Bunster, Jaime",non-elite,1334,2699,4090,5535,6990,8500,10086,11659,1365,1391,1445,1455,1510,1586,1573
33225,"Blouin, Jean-Francois",non-elite,1327,2678,4075,5511,6941,8422,10062,11674,1351,1397,1436,1430,1481,1640,1612
33226,"Busquets, Gretchen",non-elite,1454,2887,4328,5776,7231,8719,10257,11738,1433,1441,1448,1455,1488,1538,1481
33227,"Tinger, Brian F",non-elite,1271,2524,3782,5163,6600,8256,10169,11735,1253,1258,1381,1437,1656,1913,1566
33228,"Powell, Kimberly A.",non-elite,1319,2673,4044,5528,6945,8457,10059,11685,1354,1371,1484,1417,1512,1602,1626
33229,"Hagan, Benjamin P",non-elite,1336,2656,3970,5307,6634,8038,9646,11568,1320,1314,1337,1327,1404,1608,1922
33230,"Hayes, Ronald",non-elite,1307,2600,3924,5336,6845,8444,10102,11707,1293,1324,1412,1509,1599,1658,1605
33231,"Shea, Michael P.",non-elite,1340,2658,3985,5307,6730,8370,10070,11690,1318,1327,1322,1423,1640,1700,1620
33232,"Beguerisse, Maria Jose",non-elite,1455,2873,4297,5728,7167,8663,10181,11710,1418,1424,1431,1439,1496,1518,1529
33233,"Hughes, Donald J.",non-elite,1418,2784,4176,5604,7082,8573,10110,11655,1366,1392,1428,1478,1491,1537,1545
33234,"Jacobsen, Michelle",non-elite,1379,2763,4163,5586,7115,8623,10240,11710,1384,1400,1423,1529,1508,1617,1470
33235,"Benton, Kelli M",non-elite,1361,2707,4053,5419,6789,8327,10017,11676,1346,1346,1366,1370,1538,1690,1659
33236,"Pandiscio, Sarah",non-elite,1454,2859,4287,5745,7184,8670,10188,11735,1405,1428,1458,1439,1486,1518,1547
33237,"Beaulne, Tod S.",non-elite,1372,2798,4242,5705,7175,8698,10243,11741,1426,1444,1463,1470,1523,1545,1498
33238,"Tisch, Brent",non-elite,1389,2779,4210,5772,7291,8839,10341,11761,1390,1431,1562,1519,1548,1502,1420
33239,"Mitchell, Natalie",non-elite,1451,2828,4225,5620,7018,8493,10062,11670,1377,1397,1395,1398,1475,1569,1608
33240,"Gonzalez, Juan Carlos",non-elite,1367,2709,4087,5467,6873,8345,9977,11622,1342,1378,1380,1406,1472,1632,1645
33241,"King, Irvin G",non-elite,1436,2857,4278,5708,7129,8607,10138,11682,1421,1421,1430,1421,1478,1531,1544
33242,"Walters, Ben K.",non-elite,1233,2477,3723,4991,6273,7642,9338,11414,1244,1246,1268,1282,1369,1696,2076
33243,"Conner, David G.",non-elite,1377,2721,4055,5392,6741,8218,9969,11626,1344,1334,1337,1349,1477,1751,1657
33244,"Nephin, Dan",non-elite,1273,2528,3806,5128,6521,8154,9964,11653,1255,1278,1322,1393,1633,1810,1689
33245,"Kondruk, Valeriy",non-elite,1380,2727,4086,5498,6949,8509,10165,11737,1347,1359,1412,1451,1560,1656,1572
33246,"Diciccio, Angela M.",non-elite,1449,2908,4360,5842,7334,8827,10314,11764,1459,1452,1482,1492,1493,1487,1450
33247,"Aydt, Seth T",non-elite,1240,2461,3681,4984,6428,7983,9751,11577,1221,1220,1303,1444,1555,1768,1826
33248,"Murphy, Cindy J",non-elite,1428,2821,4221,5671,7117,8658,10204,11710,1393,1400,1450,1446,1541,1546,1506
33249,"Karkoska, Jennifer",non-elite,1552,3060,4535,6002,7438,8885,10319,11772,1508,1475,1467,1436,1447,1434,1453
33250,"Gibbons, Phil",non-elite,1265,2587,3939,5326,6724,8156,9669,11583,1322,1352,1387,1398,1432,1513,1914
33251,"Lavoie, Marcel J",non-elite,1326,2638,3991,5365,6766,8270,9983,11691,1312,1353,1374,1401,1504,1713,1708
33252,"Schollett, Marc A",non-elite,1418,2838,4241,5649,7080,8553,10091,11636,1420,1403,1408,1431,1473,1538,1545
33253,"Hingston, Robert S",non-elite,1360,2699,4055,5465,6877,8388,9980,11613,1339,1356,1410,1412,1511,1592,1633
33254,"Gott, Kathryn L.",non-elite,1411,2833,4261,5725,7182,8702,10231,11750,1422,1428,1464,1457,1520,1529,1519
33255,"Anderson, Justin D",non-elite,1333,2685,4019,5487,6912,8414,10018,11654,1352,1334,1468,1425,1502,1604,1636
33256,"Kellam, Ashley",non-elite,1266,2536,3888,5459,6923,8568,10205,11750,1270,1352,1571,1464,1645,1637,1545
33257,"Nieto, Veronica",non-elite,1458,2881,4334,5812,7279,8769,10279,11748,1423,1453,1478,1467,1490,1510,1469
33258,"Chick, Michael",non-elite,1298,2592,3893,5206,6613,8285,9901,11589,1294,1301,1313,1407,1672,1616,1688
33259,"Cliggett, Mark G",non-elite,1418,2839,4274,5705,7111,8551,10019,11575,1421,1435,1431,1406,1440,1468,1556
33260,"Howland, Jennifer",non-elite,1353,2711,4085,5512,6941,8484,10119,11687,1358,1374,1427,1429,1543,1635,1568
33261,"Ryan, Michael",non-elite,1424,2843,4249,5685,7111,8598,10154,11700,1419,1406,1436,1426,1487,1556,1546
33262,"Chisholm, Tom",non-elite,1276,2572,3849,5142,6459,7932,9631,11580,1296,1277,1293,1317,1473,1699,1949
33263,"Calliari, Roberto",non-elite,1371,2768,4185,5631,7108,8637,10197,11710,1397,1417,1446,1477,1529,1560,1513
33264,"Cruz, John",non-elite,1437,2888,4345,5813,7271,8769,10261,11745,1451,1457,1468,1458,1498,1492,1484
33265,"Lenczowski, Elizabeth G",non-elite,1394,2821,4268,5741,7198,8705,10253,11752,1427,1447,1473,1457,1507,1548,1499
33266,"Schulze, Leslie C",non-elite,1451,2894,4352,5815,7275,8779,10279,11745,1443,1458,1463,1460,1504,1500,1466
33267,"Mckee, Brad D",non-elite,1270,2549,3848,5188,6626,8194,9882,11693,1279,1299,1340,1438,1568,1688,1811
33268,"Rinjonneau, Herve",non-elite,1378,2737,4142,5584,7022,8563,10135,11687,1359,1405,1442,1438,1541,1572,1552
33269,"Bridges, Jeremy T",non-elite,1233,2492,3765,5081,6440,7913,9517,11181,1259,1273,1316,1359,1473,1604,1664
33270,"Ludwick, Mike L.",non-elite,1392,2766,4161,5608,7072,8599,10177,11725,1374,1395,1447,1464,1527,1578,1548
33271,"San Juan, Angielyn M",non-elite,1410,2823,4251,5688,7138,8622,10154,11700,1413,1428,1437,1450,1484,1532,1546
33272,"Latham, Michael P.",non-elite,1365,2744,4170,5643,7138,8663,10208,11746,1379,1426,1473,1495,1525,1545,1538
33273,"Pacheco, Liz",non-elite,1428,2850,4277,5725,7174,8694,10239,11746,1422,1427,1448,1449,1520,1545,1507
33274,"Redden, Joshua B.",non-elite,1288,2586,3893,5293,6752,8333,10018,11702,1298,1307,1400,1459,1581,1685,1684
33275,"Merrigan, Jennifer",non-elite,1425,2882,4337,5795,7252,8739,10265,11763,1457,1455,1458,1457,1487,1526,1498
33276,"Goldstein, Gary G",non-elite,1493,3012,4518,6035,7505,8925,10381,11790,1519,1506,1517,1470,1420,1456,1409
33277,"Rafko, Eric J",non-elite,1297,2598,3950,5473,6950,8492,10131,11771,1301,1352,1523,1477,1542,1639,1640
33278,"Bilodeau, Sebastien",non-elite,1301,2604,3959,5391,6870,8405,9992,11647,1303,1355,1432,1479,1535,1587,1655
33279,"Van Winkle, Cari E",non-elite,1329,2749,4192,5665,7139,8665,10209,11726,1420,1443,1473,1474,1526,1544,1517
33280,"Martin, Michele E.",non-elite,1433,2829,4250,5698,7169,8681,10223,11744,1396,1421,1448,1471,1512,1542,1521
33281,"Naples, Christopher",non-elite,1515,2926,4318,5709,7104,8574,10113,11667,1411,1392,1391,1395,1470,1539,1554
33282,"Beard, Harold",non-elite,1367,2692,4028,5411,6872,8418,10052,11715,1325,1336,1383,1461,1546,1634,1663
33283,"Martin, Brian H.",non-elite,1433,2829,4250,5698,7169,8681,10223,11743,1396,1421,1448,1471,1512,1542,1520
33284,"Wickham, Lyndy M.",non-elite,1493,2973,4437,5905,7363,8852,10337,11761,1480,1464,1468,1458,1489,1485,1424
33285,"Gady, Benton",non-elite,1282,2610,3950,5397,6952,8508,10119,11725,1328,1340,1447,1555,1556,1611,1606
33286,"Smith, Michael C.",non-elite,1333,2678,4038,5428,6846,8379,10019,11640,1345,1360,1390,1418,1533,1640,1621
33287,"Breiner, Lori E.",non-elite,1382,2797,4234,5677,7130,8642,10216,11743,1415,1437,1443,1453,1512,1574,1527
33288,"Latendresse, Kelly",non-elite,1396,2784,4183,5618,7084,8600,10165,11711,1388,1399,1435,1466,1516,1565,1546
33289,"Lombardo, David J",non-elite,1408,2844,4273,5755,7249,8742,10252,11745,1436,1429,1482,1494,1493,1510,1493
33290,"Leicht, Mary J.",non-elite,1436,2874,4306,5752,7192,8685,10233,11731,1438,1432,1446,1440,1493,1548,1498
33291,"Peters, Karin",non-elite,1506,2981,4424,5882,7304,8763,10256,11741,1475,1443,1458,1422,1459,1493,1485
33292,"Mccann, Greg",non-elite,1160,2304,3653,5017,6447,8060,9664,11602,1144,1349,1364,1430,1613,1604,1938
33293,"Finlay, Amber V",non-elite,1437,2872,4301,5757,7214,8700,10213,11730,1435,1429,1456,1457,1486,1513,1517
33294,"Mulia, Patricia",non-elite,1491,2935,4374,5825,7274,8787,10294,11752,1444,1439,1451,1449,1513,1507,1458
33295,"Birkett, Jacob",non-elite,1215,2424,3675,4927,6207,7591,9047,11733,1209,1251,1252,1280,1384,1456,2686
33296,"Merriman, Corinne",non-elite,1399,2810,4214,5677,7149,8642,10191,11728,1411,1404,1463,1472,1493,1549,1537
33297,"Smith, Jason P.",non-elite,1435,2878,4346,5810,7268,8761,10266,11727,1443,1468,1464,1458,1493,1505,1461
33298,"Campbell, Frank",non-elite,1238,2486,3827,5149,6590,8122,9955,11598,1248,1341,1322,1441,1532,1833,1643
33299,"Wilson, Keith C.",non-elite,1154,2314,3481,4683,5961,7460,9387,11528,1160,1167,1202,1278,1499,1927,2141
33300,"Macrae, Cassie B.",non-elite,1340,2762,4211,5666,7103,8619,10214,11733,1422,1449,1455,1437,1516,1595,1519
33301,"Asbock, Stefan A",non-elite,1437,2919,4389,5868,7305,8760,10241,11738,1482,1470,1479,1437,1455,1481,1497
33302,"Bohrer, Nicolette K.",non-elite,1312,2673,4064,5507,6959,8467,10113,11736,1361,1391,1443,1452,1508,1646,1623
33303,"Curcuruto, Antonio",non-elite,1338,2660,3988,5381,6792,8290,9949,11607,1322,1328,1393,1411,1498,1659,1658
33304,"Kendall, Esther",non-elite,1330,2677,4037,5447,6867,8329,9916,11629,1347,1360,1410,1420,1462,1587,1713
33305,"Lahart, Willie",non-elite,1389,2777,4176,5597,7017,8508,10071,11657,1388,1399,1421,1420,1491,1563,1586
33306,"Henri, Audrey-Anne",non-elite,1307,2597,3937,5390,6886,8456,10092,11674,1290,1340,1453,1496,1570,1636,1582
33307,"Hinkle, Robert",non-elite,1317,2642,3989,5440,6932,8469,10141,11711,1325,1347,1451,1492,1537,1672,1570
33308,"Rose, Mikayla",non-elite,1384,2783,4218,5688,7134,8667,10229,11732,1399,1435,1470,1446,1533,1562,1503
33309,"Kovacs, Attila",non-elite,1268,2560,3912,5333,6788,8331,9948,11653,1292,1352,1421,1455,1543,1617,1705
33310,"Lacey, Alf J.",non-elite,1391,2760,4137,5563,6999,8501,10062,11688,1369,1377,1426,1436,1502,1561,1626
33311,"Johnson, Rich",non-elite,1335,2717,4107,5513,6928,8436,10076,11702,1382,1390,1406,1415,1508,1640,1626
33312,"Ripp, Kelsey J",non-elite,1328,2678,4169,5700,7215,8747,10305,11774,1350,1491,1531,1515,1532,1558,1469
33313,"Caranta, Rachel K",non-elite,1425,2849,4281,5748,7205,8718,10264,11758,1424,1432,1467,1457,1513,1546,1494
33314,"Martinez, Jessica J.",non-elite,1441,2880,4307,5747,7189,8663,10197,11741,1439,1427,1440,1442,1474,1534,1544
33315,"Damiano, Robert P",non-elite,1339,2655,3988,5353,6775,8249,9901,11647,1316,1333,1365,1422,1474,1652,1746
33316,"Wilson, Paul S",non-elite,1417,2860,4298,5744,7229,8733,10271,11728,1443,1438,1446,1485,1504,1538,1457
33317,"Sirak, Michael J",non-elite,1319,2632,3973,5354,6776,8348,9975,11648,1313,1341,1381,1422,1572,1627,1673
33318,"Tang, Jingjing",non-elite,1417,2823,4251,5728,7192,8702,10254,11752,1406,1428,1477,1464,1510,1552,1498
33319,"Suvick, Kristen O",non-elite,1473,2927,4371,5841,7305,8782,10304,11753,1454,1444,1470,1464,1477,1522,1449
33320,"Huang, Wei",non-elite,1452,2869,4286,5726,7172,8689,10183,11748,1417,1417,1440,1446,1517,1494,1565
33321,"Hendry, Paul",non-elite,1268,2576,3961,5479,7083,8768,10278,11754,1308,1385,1518,1604,1685,1510,1476
33322,"Carvalho, Rafael N. Sr.",non-elite,1252,2520,3823,5173,6606,8237,9957,11634,1268,1303,1350,1433,1631,1720,1677
33323,"Kelly, Melinda",non-elite,1516,3009,4474,5944,7384,8851,10338,11778,1493,1465,1470,1440,1467,1487,1440
33324,"Curcio, Jim",non-elite,1411,2855,4292,5726,7202,8713,10215,11749,1444,1437,1434,1476,1511,1502,1534
33325,"Halley, Lisa",non-elite,1468,2973,4474,5966,7393,8879,10380,11779,1505,1501,1492,1427,1486,1501,1399
33326,"Beck, Lawrence",non-elite,1330,2657,4008,5452,6948,8517,10169,11716,1327,1351,1444,1496,1569,1652,1547
33327,"Hernandez, Yanory",non-elite,1378,2711,4076,5501,6952,8514,10136,11715,1333,1365,1425,1451,1562,1622,1579
33328,"Houmard, Katie F",non-elite,1403,2819,4226,5634,7041,8506,10093,11710,1416,1407,1408,1407,1465,1587,1617
33329,"Scott, Craig T",non-elite,1418,2821,4207,5605,6997,8475,10013,11684,1403,1386,1398,1392,1478,1538,1671
33330,"Nam, Thomas D",non-elite,1428,2856,4289,5724,7174,8656,10180,11730,1428,1433,1435,1450,1482,1524,1550
33331,"Callow, Matt J",non-elite,1366,2741,4129,5568,6981,8480,10137,11710,1375,1388,1439,1413,1499,1657,1573
33332,"Buitrago Corredor, Omar E. Sr.",non-elite,1309,2604,3913,5265,6620,8106,9900,11593,1295,1309,1352,1355,1486,1794,1693
33333,"Warren, Chris K",non-elite,1363,2694,4053,5446,6851,8306,9887,11686,1331,1359,1393,1405,1455,1581,1799
33334,"Farrar, Chris",non-elite,1376,2777,4171,5610,7069,8603,10180,11736,1401,1394,1439,1459,1534,1577,1556
33335,"Demets, Alexandre",non-elite,1288,2575,3880,5288,6687,8219,9925,11609,1287,1305,1408,1399,1532,1706,1684
33336,"Egbert, Mitra",non-elite,1353,2754,4176,5644,7098,8616,10181,11721,1401,1422,1468,1454,1518,1565,1540
33337,"Stolnicki, Michael",non-elite,1383,2779,4207,5673,7190,8652,10164,11735,1396,1428,1466,1517,1462,1512,1571
33338,"Zgraggen, Guido",non-elite,1338,2642,4018,5472,6922,8426,10045,11645,1304,1376,1454,1450,1504,1619,1600
33339,"Mullen, Rachel",non-elite,1390,2850,4411,5882,7341,8865,10393,11798,1460,1561,1471,1459,1524,1528,1405
33340,"Rosen, Kenneth",non-elite,1389,2823,4301,5802,7278,8784,10289,11761,1434,1478,1501,1476,1506,1505,1472
33341,"Sopinski, Mike",non-elite,1427,2815,4199,5620,7050,8528,10136,11710,1388,1384,1421,1430,1478,1608,1574
33342,"Flynn, Brian M",non-elite,1230,2466,3760,5159,6590,8260,9980,11652,1236,1294,1399,1431,1670,1720,1672
33343,"Rohrbacher, Bernhard J. IV",non-elite,1173,2333,3589,4895,6416,8184,9774,11692,1160,1256,1306,1521,1768,1590,1918
33344,"Eyler, Meredith",non-elite,1421,2853,4298,5758,7210,8706,10226,11751,1432,1445,1460,1452,1496,1520,1525
33345,"Schulte, Kevin J",non-elite,1289,2599,3986,5402,6854,8543,10149,11697,1310,1387,1416,1452,1689,1606,1548
33346,"Kieliger, Matthias A.",non-elite,1313,2684,4086,5553,7043,8614,10239,11777,1371,1402,1467,1490,1571,1625,1538
33347,"Felix, Rick",non-elite,1259,2525,3777,5034,6328,7842,9715,11570,1266,1252,1257,1294,1514,1873,1855
33348,"Briggs, Adrianne",non-elite,1459,2871,4327,5839,7304,8786,10298,11775,1412,1456,1512,1465,1482,1512,1477
33349,"Hunteman, Lori",non-elite,1376,2753,4154,5621,7127,8684,10221,11738,1377,1401,1467,1506,1557,1537,1517
33350,"Stemple, Scott",non-elite,1417,2820,4232,5667,7098,8616,10148,11725,1403,1412,1435,1431,1518,1532,1577
33351,"Snell, Kyle",non-elite,1283,2548,3827,5166,6568,8102,9786,11481,1265,1279,1339,1402,1534,1684,1695
33352,"Shaw, Aimie",non-elite,1320,2639,4000,5421,6890,8479,10139,11739,1319,1361,1421,1469,1589,1660,1600
33353,"Beattie, Kyla M",non-elite,1449,2876,4334,5807,7280,8777,10287,11768,1427,1458,1473,1473,1497,1510,1481
33354,"Rholdon, Roger Jr.",non-elite,1352,2707,4072,5468,6880,8371,9953,11609,1355,1365,1396,1412,1491,1582,1656
33355,"Cofre, Juan Pablo",non-elite,1328,2721,4142,5612,7077,8549,10123,11756,1393,1421,1470,1465,1472,1574,1633
33356,"Bakanowski, Brittany",non-elite,1402,2770,4180,5655,7111,8666,10214,11769,1368,1410,1475,1456,1555,1548,1555
33357,"Fitzpatrick, Lynde C",non-elite,1385,2643,3956,5356,6866,8464,10114,11722,1258,1313,1400,1510,1598,1650,1608
33358,"Carbone, Fernando G",non-elite,1358,2784,4198,5636,7085,8587,10159,11698,1426,1414,1438,1449,1502,1572,1539
33359,"Horning, Peter",non-elite,1265,2591,3957,5380,6812,8345,10011,11685,1326,1366,1423,1432,1533,1666,1674
33360,"Hicks, Amanda E",non-elite,1279,2560,3905,5388,6911,8542,10164,11747,1281,1345,1483,1523,1631,1622,1583
33361,"Nickell, Larry D",non-elite,1416,2841,4281,5729,7173,8692,10241,11734,1425,1440,1448,1444,1519,1549,1493
33362,"Cheong, Fookseng Andrew F.",non-elite,1439,2894,4337,5798,7257,8747,10259,11761,1455,1443,1461,1459,1490,1512,1502
33363,"Gudenkauf, Kimberly",non-elite,1374,2757,4163,5626,7082,8619,10201,11746,1383,1406,1463,1456,1537,1582,1545
33364,"Kelley, Ryan P",non-elite,1226,2453,3698,4969,6338,8128,9902,11699,1227,1245,1271,1369,1790,1774,1797
33365,"Demas, Jason",non-elite,1324,2662,4033,5451,6921,8446,10035,11720,1338,1371,1418,1470,1525,1589,1685
33366,"Merry, Josh",non-elite,1305,2605,3901,5223,6547,8039,9803,11662,1300,1296,1322,1324,1492,1764,1859
33367,"Cavicchi, Tom J",non-elite,1342,2626,3918,5287,6667,8138,9802,11601,1284,1292,1369,1380,1471,1664,1799
33368,"Tarulli, Massimo G.",non-elite,1294,2579,3859,5164,6632,8260,9983,11649,1285,1280,1305,1468,1628,1723,1666
33369,"Armstrong, Megan L.",non-elite,1464,2923,4370,5831,7283,8753,10257,11772,1459,1447,1461,1452,1470,1504,1515
33370,"Torres, Enrique",non-elite,1335,2690,4072,5501,6940,8509,10173,11721,1355,1382,1429,1439,1569,1664,1548
33371,"Galvez, Daniel",non-elite,1191,2397,3646,4977,6391,7970,9630,11693,1206,1249,1331,1414,1579,1660,2063
33372,"Fisher, Ryan S",non-elite,1226,2455,3762,5337,6906,8491,10170,11702,1229,1307,1575,1569,1585,1679,1532
33373,"Gratacos Marti, Marc",non-elite,1253,2560,3947,5426,6934,8534,10187,11746,1307,1387,1479,1508,1600,1653,1559
33374,"Harvey, Martin",non-elite,1371,2759,4138,5527,6908,8332,9849,11685,1388,1379,1389,1381,1424,1517,1836
33375,"Baird, Joanna E.",non-elite,1305,2683,4021,5495,7039,8650,10265,11792,1378,1338,1474,1544,1611,1615,1527
33376,"Dawson, Brandi",non-elite,1415,2812,4210,5627,7038,8531,10129,11708,1397,1398,1417,1411,1493,1598,1579
33377,"Rose, Eugenia",non-elite,1390,2821,4290,5757,7220,8741,10283,11777,1431,1469,1467,1463,1521,1542,1494
33378,"Brossoit, Pierre",non-elite,1462,2874,4277,5683,7086,8559,10088,11664,1412,1403,1406,1403,1473,1529,1576
33379,"Kim, Deborah H.",non-elite,1425,2911,4394,5890,7392,8886,10333,11804,1486,1483,1496,1502,1494,1447,1471
33380,"Goff, Kim Marie",non-elite,1511,2992,4459,5923,7372,8837,10321,11770,1481,1467,1464,1449,1465,1484,1449
33381,"Hiestand, John",non-elite,1390,2791,4221,5641,7072,8566,10121,11688,1401,1430,1420,1431,1494,1555,1567
33382,"Netto, Laurie-Ann",non-elite,1433,2867,4284,5734,7178,8709,10258,11783,1434,1417,1450,1444,1531,1549,1525
33383,"Barana, Victoria",non-elite,1377,2719,4083,5476,7007,8515,10066,11765,1342,1364,1393,1531,1508,1551,1699
33384,"Blume, Edward L",non-elite,1447,2886,4313,5748,7195,8683,10204,11741,1439,1427,1435,1447,1488,1521,1537
33385,"McCormick, Doreen L.",non-elite,1415,2813,4229,5692,7131,8630,10190,11760,1398,1416,1463,1439,1499,1560,1570
33386,"Lewis, Lori",non-elite,1493,2951,4414,5879,7318,8804,10322,11770,1458,1463,1465,1439,1486,1518,1448
33387,"Greeley, Maeve E.",non-elite,1503,2948,4396,5850,7287,8791,10308,11799,1445,1448,1454,1437,1504,1517,1491
33388,"Blair, Craig J. Jr.",non-elite,1293,2571,3842,5135,6463,7945,9789,11772,1278,1271,1293,1328,1482,1844,1983
33389,"Lee, Chien-Hsiung",non-elite,1354,2705,4050,5476,6846,8348,9998,11672,1351,1345,1426,1370,1502,1650,1674
33390,"Baker, Brian",non-elite,1384,2766,4195,5633,7035,8525,10135,11778,1382,1429,1438,1402,1490,1610,1643
33391,"Larios, Gabriela",non-elite,1343,2734,4166,5615,7083,8584,10149,11729,1391,1432,1449,1468,1501,1565,1580
33392,"Mccusker, Matt",non-elite,1232,2481,3755,5156,6642,8266,9988,11691,1249,1274,1401,1486,1624,1722,1703
33393,"Green, Ha",non-elite,1449,2874,4309,5758,7220,8744,10286,11781,1425,1435,1449,1462,1524,1542,1495
33394,"Mayer, Joan K.",non-elite,1449,2899,4345,5820,7288,8791,10304,11796,1450,1446,1475,1468,1503,1513,1492
33395,"Button, James C.",non-elite,1359,2754,4190,5657,7122,8643,10203,11741,1395,1436,1467,1465,1521,1560,1538
33396,"Zarek, Richard C.",non-elite,1242,2512,3817,5178,6596,8117,9822,11630,1270,1305,1361,1418,1521,1705,1808
33397,"Gannon, Sean P",non-elite,1312,2629,3948,5300,6682,8208,9848,11661,1317,1319,1352,1382,1526,1640,1813
33398,"Davis, Cory E.",non-elite,1328,2661,3992,5354,6791,8296,10055,11727,1333,1331,1362,1437,1505,1759,1672
33399,"Williard, Mike D",non-elite,1284,2581,3880,5195,6601,8234,9921,11683,1297,1299,1315,1406,1633,1687,1762
33400,"Hunter, Robert K.",non-elite,1380,2758,4168,5606,7084,8621,10203,11734,1378,1410,1438,1478,1537,1582,1531
33401,"Higginbotham, Jeff",non-elite,1311,2663,4038,5467,6907,8443,10038,11712,1352,1375,1429,1440,1536,1595,1674
33402,"Paoletti, Victoria",non-elite,1366,2758,4160,5610,7075,8606,10187,11731,1392,1402,1450,1465,1531,1581,1544
33403,"Russ, Ryan M",non-elite,1397,2785,4177,5607,7045,8552,10173,11761,1388,1392,1430,1438,1507,1621,1588
33404,"Kennedy, John P Jr.",non-elite,1409,2816,4244,5686,7132,8621,10153,11709,1407,1428,1442,1446,1489,1532,1556
33405,"Creel, Andrea",non-elite,1446,2894,4364,5824,7284,8780,10308,11798,1448,1470,1460,1460,1496,1528,1490
33406,"Imrie, Kevin R",non-elite,1393,2751,4181,5653,7097,8590,10176,11728,1358,1430,1472,1444,1493,1586,1552
33407,"Wolski, Amanda S",non-elite,1359,2724,4142,5579,7064,8536,10111,11696,1365,1418,1437,1485,1472,1575,1585
33408,"Phillips, Lindsay R.",non-elite,1373,2752,4135,5538,6962,8467,10111,11696,1379,1383,1403,1424,1505,1644,1585
33409,"Riley, Bryan M.",non-elite,1484,2951,4420,5892,7338,8811,10286,11768,1467,1469,1472,1446,1473,1475,1482
33410,"Buetepage, Guenter",non-elite,1357,2675,4022,5404,6816,8344,10006,11687,1318,1347,1382,1412,1528,1662,1681
33411,"Conrad, Jeffrey M",non-elite,1375,2755,4175,5587,7011,8511,10102,11683,1380,1420,1412,1424,1500,1591,1581
33412,"Murphy, Ed",non-elite,1403,2783,4153,5621,7060,8608,10207,11760,1380,1370,1468,1439,1548,1599,1553
33413,"Wang, Yi Kang",non-elite,1324,2684,4057,5493,6960,8559,10213,11766,1360,1373,1436,1467,1599,1654,1553
33414,"Redfield, Melanie M.",non-elite,1390,2767,4162,5626,7091,8618,10166,11719,1377,1395,1464,1465,1527,1548,1553
33415,"Azares, Michael",non-elite,1279,2576,3883,5221,6553,7974,9624,11614,1297,1307,1338,1332,1421,1650,1990
33416,"Costello, Kyle T",non-elite,1382,2807,4233,5676,7115,8628,10180,11721,1425,1426,1443,1439,1513,1552,1541
33417,"Depasquale, Beth A.",non-elite,1382,2779,4166,5589,7019,8507,10089,11699,1397,1387,1423,1430,1488,1582,1610
33418,"Barca, Brendan",non-elite,1356,2663,3919,5192,6541,8136,9984,11676,1307,1256,1273,1349,1595,1848,1692
33419,"Fong, Kin Leong",non-elite,1265,2561,3907,5297,6731,8266,9925,11665,1296,1346,1390,1434,1535,1659,1740
33420,"Benson, Sarah",non-elite,1427,2864,4300,5755,7202,8721,10244,11757,1437,1436,1455,1447,1519,1523,1513
33421,"Wedding, John M",non-elite,1441,2899,4351,5816,7296,8781,10281,11783,1458,1452,1465,1480,1485,1500,1502
33422,"Seynders, Kacy",non-elite,1375,2772,4180,5593,7046,8591,10183,11742,1397,1408,1413,1453,1545,1592,1559
33423,"Oba, Yukiko",non-elite,1462,2939,4416,5902,7371,8864,10367,11808,1477,1477,1486,1469,1493,1503,1441
33424,"Roach, Eric",non-elite,1244,2479,3717,5041,6440,8011,9714,11593,1235,1238,1324,1399,1571,1703,1879
33425,"Gabelman, Matthew F.",non-elite,1368,2721,4075,5444,6840,8354,10006,11668,1353,1354,1369,1396,1514,1652,1662
33426,"Goransson, Maria",non-elite,1414,2848,4287,5756,7198,8710,10225,11756,1434,1439,1469,1442,1512,1515,1531
33427,"Tremblay, Jocelyn",non-elite,1485,2935,4379,5829,7279,8769,10286,11790,1450,1444,1450,1450,1490,1517,1504
33428,"Trunk, Courtney",non-elite,1476,2954,4413,5896,7363,8868,10366,11812,1478,1459,1483,1467,1505,1498,1446
33429,"Hoy, Robert V.",non-elite,1444,2888,4311,5719,7122,8585,10166,11746,1444,1423,1408,1403,1463,1581,1580
33430,"Kniss, Ashley",non-elite,1423,2858,4280,5722,7166,8656,10192,11750,1435,1422,1442,1444,1490,1536,1558
33431,"Webb, Derek H",non-elite,1172,2390,3652,4986,6418,7948,9718,11512,1218,1262,1334,1432,1530,1770,1794
33432,"Woolven, Keith",non-elite,1382,2772,4169,5599,7030,8512,10077,11726,1390,1397,1430,1431,1482,1565,1649
33433,"Van Der Jagt, Rosemarie",non-elite,1470,2941,4413,5897,7363,8860,10355,11817,1471,1472,1484,1466,1497,1495,1462
33434,"Daugherty, Eric",non-elite,1382,2766,4172,5609,7059,8587,10173,11744,1384,1406,1437,1450,1528,1586,1571
33435,"Namath, Lisa",non-elite,1449,2874,4283,5702,7139,8645,10249,11770,1425,1409,1419,1437,1506,1604,1521
33436,"Kelley, Kevin J",non-elite,1353,2705,4066,5429,6791,8315,10025,11672,1352,1361,1363,1362,1524,1710,1647
33437,"Bradley, Kaitlyn J",non-elite,1466,2932,4402,5871,7316,8791,10330,11796,1466,1470,1469,1445,1475,1539,1466
33438,"Mirvish, Rachael",non-elite,1393,2777,4171,5622,7096,8642,10214,11757,1384,1394,1451,1474,1546,1572,1543
33439,"Wheeler, Patrick",non-elite,1314,2626,3961,5348,6775,8272,9958,11695,1312,1335,1387,1427,1497,1686,1737
33440,"Champigny, Derek M",non-elite,1319,2648,3994,5355,6814,8431,10102,11707,1329,1346,1361,1459,1617,1671,1605
33441,"Bernal, Patrick T",non-elite,1325,2658,4016,5450,6941,8507,10137,11761,1333,1358,1434,1491,1566,1630,1624
33442,"Cullen, Peter",non-elite,1360,2720,4099,5500,6912,8402,9972,11661,1360,1379,1401,1412,1490,1570,1689
33443,"Moniak, Daniel",non-elite,1490,2986,4483,5972,7424,8920,10424,11833,1496,1497,1489,1452,1496,1504,1409
33444,"Bousquet, Shara D.",non-elite,1247,2504,3786,5102,6451,7972,9735,11655,1257,1282,1316,1349,1521,1763,1920
33445,"Escalera Correa, Gilberto",non-elite,1284,2605,3945,5319,6727,8259,10024,11687,1321,1340,1374,1408,1532,1765,1663
33446,"Sun, Shifang",non-elite,1454,2900,4360,5841,7303,8804,10306,11774,1446,1460,1481,1462,1501,1502,1468
33447,"Neary, Noreen",non-elite,1397,2797,4232,5717,7195,8716,10263,11761,1400,1435,1485,1478,1521,1547,1498
33448,"Becerra, Jeff",non-elite,1433,2827,4250,5679,7094,8560,10121,11722,1394,1423,1429,1415,1466,1561,1601
33449,"Ogino, Dennis",non-elite,1436,2886,4320,5773,7207,8688,10214,11745,1450,1434,1453,1434,1481,1526,1531
33450,"Moffa, Elena M.",non-elite,1390,2801,4217,5661,7097,8616,10171,11750,1411,1416,1444,1436,1519,1555,1579
33451,"Stephens, Tiffany",non-elite,1372,2780,4214,5671,7132,8630,10216,11753,1408,1434,1457,1461,1498,1586,1537
33452,"Parks, Keith R.",non-elite,1427,2848,4281,5715,7168,8664,10207,11730,1421,1433,1434,1453,1496,1543,1523
33453,"Cottle, Sarah A",non-elite,1467,2909,4364,5810,7259,8753,10275,11776,1442,1455,1446,1449,1494,1522,1501
33454,"Parker, Matt",non-elite,1284,2574,3900,5288,6698,8314,9980,11689,1290,1326,1388,1410,1616,1666,1709
33456,"Dunkley, Jonathan R.",non-elite,1272,2534,3813,5171,6664,8315,10084,11739,1262,1279,1358,1493,1651,1769,1655
33457,"Russell, Justin E",non-elite,1296,2563,3819,5102,6441,8072,9881,11664,1267,1256,1283,1339,1631,1809,1783
33458,"Caldwell, Quintin",non-elite,1341,2687,4039,5438,6877,8391,10076,11756,1346,1352,1399,1439,1514,1685,1680
33459,"Mastroianni, Randi N",non-elite,1350,2714,4115,5560,7035,8577,10147,11751,1364,1401,1445,1475,1542,1570,1604
33460,"Murphy, Douglas",non-elite,1375,2768,4189,5635,7087,8600,10179,11751,1393,1421,1446,1452,1513,1579,1572
33461,"Crawford, David J.",non-elite,1383,2772,4150,5524,6905,8406,10019,11701,1389,1378,1374,1381,1501,1613,1682
33462,"Watt, Craig I.",non-elite,1329,2686,4087,5565,7051,8605,10189,11740,1357,1401,1478,1486,1554,1584,1551
33463,"Ledas, Almis E.",non-elite,1426,2850,4270,5759,7206,8725,10267,11778,1424,1420,1489,1447,1519,1542,1511
33464,"Stichnot, Bridget C.",non-elite,1421,2846,4242,5643,7056,8557,10139,11758,1425,1396,1401,1413,1501,1582,1619
33465,"Riccio, Raffaele",non-elite,1403,2809,4205,5657,7145,8683,10254,11761,1406,1396,1452,1488,1538,1571,1507
33466,"Balwinski, Krista",non-elite,1479,2938,4364,5800,7224,8711,10242,11769,1459,1426,1436,1424,1487,1531,1527
33467,"Dudbridge, Frank",non-elite,1393,2768,4173,5579,6992,8495,10111,11667,1375,1405,1406,1413,1503,1616,1556
33468,"Stelnik, David",non-elite,1324,2638,3959,5290,6724,8272,9945,11751,1314,1321,1331,1434,1548,1673,1806
33469,"Graser, Gerson",non-elite,1399,2814,4257,5720,7167,8680,10230,11770,1415,1443,1463,1447,1513,1550,1540
33470,"Patterson, Van",non-elite,1199,2415,3684,4983,6305,7718,9340,11530,1216,1269,1299,1322,1413,1622,2190
33471,"Hsia, Brian W.",non-elite,1519,2897,4256,5644,7046,8560,10205,11763,1378,1359,1388,1402,1514,1645,1558
33472,"Ashby, Pete Larry A.",non-elite,1433,2864,4306,5764,7236,8737,10298,11849,1431,1442,1458,1472,1501,1561,1551
33473,"Choi, Seung Yong",non-elite,1403,2792,4166,5561,6989,8537,10130,11726,1389,1374,1395,1428,1548,1593,1596
33474,"L'Abbe, Fabienne",non-elite,1475,2912,4346,5802,7268,8771,10283,11767,1437,1434,1456,1466,1503,1512,1484
33475,"Folco, Mariana",non-elite,1345,2729,4140,5584,7054,8583,10151,11757,1384,1411,1444,1470,1529,1568,1606
33476,"Vignola, Frances",non-elite,1408,2836,4262,5733,7211,8726,10278,11794,1428,1426,1471,1478,1515,1552,1516
33477,"Pustilnik, Carrie",non-elite,1362,2717,4088,5509,6987,8569,10188,11747,1355,1371,1421,1478,1582,1619,1559
33478,"Bachak, Jeffrey T.",non-elite,1217,2433,3666,4982,6465,8182,9834,11648,1216,1233,1316,1483,1717,1652,1814
33479,"Bradley, Pat M.",non-elite,1389,2756,4141,5565,7019,8486,10069,11696,1367,1385,1424,1454,1467,1583,1627
33480,"Li, Jian",non-elite,1479,2939,4384,5866,7320,8806,10295,11760,1460,1445,1482,1454,1486,1489,1465
33481,"Nguyen, Rick",non-elite,1379,2728,4110,5547,7010,8536,10147,11729,1349,1382,1437,1463,1526,1611,1582
33482,"Ellis, Torrie E.",non-elite,1425,2837,4217,5654,7120,8676,10278,11793,1412,1380,1437,1466,1556,1602,1515
33483,"Perron, Norbert",non-elite,1481,2966,4451,5956,7435,8912,10397,11837,1485,1485,1505,1479,1477,1485,1440
33484,"Corazza, Megan",non-elite,1345,2712,4104,5518,6957,8488,10111,11718,1367,1392,1414,1439,1531,1623,1607
33485,"Solis, Bryan",non-elite,1432,2832,4243,5683,7118,8625,10204,11759,1400,1411,1440,1435,1507,1579,1555
33486,"Petersen, Jenna",non-elite,1424,2821,4220,5637,7072,8558,10112,11734,1397,1399,1417,1435,1486,1554,1622
33487,"Keown, Bosco",non-elite,1352,2705,4058,5460,6878,8413,10048,11660,1353,1353,1402,1418,1535,1635,1612
33488,"Vicent Rico, Jose",non-elite,1293,2605,3958,5381,6853,8447,10144,11690,1312,1353,1423,1472,1594,1697,1546
33489,"Bergen, Eric",non-elite,1337,2654,4028,5386,6833,8352,9956,11706,1317,1374,1358,1447,1519,1604,1750
33490,"Macdonald, Sarah K",non-elite,1381,2759,4171,5626,7105,8614,10178,11736,1378,1412,1455,1479,1509,1564,1558
33491,"Dahmen, Holli M.",non-elite,1392,2786,4192,5661,7148,8663,10225,11767,1394,1406,1469,1487,1515,1562,1542
33492,"Van Den Brink, Marcel R",non-elite,1427,2829,4244,5669,7103,8626,10205,11760,1402,1415,1425,1434,1523,1579,1555
33493,"Thibodeau, Daniel D",non-elite,1379,2807,4227,5688,7160,8664,10215,11754,1428,1420,1461,1472,1504,1551,1539
33494,"Cardosi, James M",non-elite,1345,2705,4087,5496,6978,8477,10106,11746,1360,1382,1409,1482,1499,1629,1640
33495,"McDougall, Robert F.",non-elite,1391,2783,4204,5654,7125,8645,10226,11776,1392,1421,1450,1471,1520,1581,1550
33496,"Vaughan, Brian J.",non-elite,1399,2759,4138,5567,7057,8630,10215,11761,1360,1379,1429,1490,1573,1585,1546
33497,"Caraang, German",non-elite,1258,2525,3838,5298,6819,8408,10053,11736,1267,1313,1460,1521,1589,1645,1683
33498,"Fleming, Gregory J.",non-elite,1292,2681,4115,5549,6990,8487,10035,11671,1389,1434,1434,1441,1497,1548,1636
33499,"Miller, Andrew",non-elite,1320,2606,3900,5241,6622,8155,10035,11715,1286,1294,1341,1381,1533,1880,1680
33500,"Byerly, Kevin",non-elite,1467,2936,4411,5870,7317,8803,10308,11811,1469,1475,1459,1447,1486,1505,1503
33501,"Easter, Benjamin D",non-elite,1275,2534,3817,5140,6555,8375,10214,11812,1259,1283,1323,1415,1820,1839,1598
33502,"McDonough, Sean",non-elite,1433,2887,4310,5770,7215,8711,10251,11770,1454,1423,1460,1445,1496,1540,1519
33503,"Lamothe, Audrey",non-elite,1389,2787,4204,5648,7096,8627,10214,11771,1398,1417,1444,1448,1531,1587,1557
33504,"Tran, Huy D",non-elite,1269,2549,3838,5223,6622,8163,10011,11695,1280,1289,1385,1399,1541,1848,1684
33505,"Silver, Rebecca",non-elite,1401,2855,4329,5805,7263,8778,10314,11779,1454,1474,1476,1458,1515,1536,1465
33506,"Bermudez, John",non-elite,1370,2635,3912,5230,6598,8063,9800,11683,1265,1277,1318,1368,1465,1737,1883
33507,"Samaras, Christianne J",non-elite,1466,2904,4329,5785,7247,8748,10302,11783,1438,1425,1456,1462,1501,1554,1481
33508,"Eriksson, Tomas S",non-elite,1282,2678,4162,5664,7189,8723,10306,11810,1396,1484,1502,1525,1534,1583,1504
33509,"Dolbow, Thomas J",non-elite,1420,2855,4289,5751,7221,8732,10264,11790,1435,1434,1462,1470,1511,1532,1526
33510,"Mcandrew, Michael",non-elite,1289,2581,3904,5286,6700,8228,9937,11653,1292,1323,1382,1414,1528,1709,1716
33511,"Walhovd, Kristine B.",non-elite,1259,2590,3964,5414,6879,8445,10092,11724,1331,1374,1450,1465,1566,1647,1632
33512,"Bloesser, Jordan",non-elite,1347,2698,4058,5468,6894,8435,10067,11699,1351,1360,1410,1426,1541,1632,1632
33513,"Campanaro, Cynthia M",non-elite,1381,2770,4215,5715,7160,8670,10245,11758,1389,1445,1500,1445,1510,1575,1513
33514,"Kohr, Barry A Jr.",non-elite,1385,2816,4283,5768,7221,8753,10308,11821,1431,1467,1485,1453,1532,1555,1513
33515,"Rogen, Travis",non-elite,1298,2592,3888,5246,6664,8190,9859,11672,1294,1296,1358,1418,1526,1669,1813
33516,"Stewart, Timothy J",non-elite,1368,2729,4102,5523,6992,8507,10149,11754,1361,1373,1421,1469,1515,1642,1605
33517,"Bauman, Sheridan H",non-elite,1412,2835,4288,5731,7175,8680,10247,11775,1423,1453,1443,1444,1505,1567,1528
33518,"Martino, John",non-elite,1228,2441,3685,4995,6402,8020,9796,11658,1213,1244,1310,1407,1618,1776,1862
33519,"Dinnan, Tyler",non-elite,1204,2424,3670,4956,6442,8020,9898,11805,1220,1246,1286,1486,1578,1878,1907
33520,"Whitaker, Brian D",non-elite,1309,2632,3980,5399,6948,8554,10213,11770,1323,1348,1419,1549,1606,1659,1557
33521,"Woods, George H.",non-elite,1300,2667,4078,5554,7049,8659,10302,11862,1367,1411,1476,1495,1610,1643,1560
33522,"Basurto, Carla",non-elite,1434,2894,4321,5762,7196,8699,10240,11747,1460,1427,1441,1434,1503,1541,1507
33523,"Mitchell, Traci",non-elite,1383,2763,4176,5631,7097,8637,10237,11767,1380,1413,1455,1466,1540,1600,1530
33524,"Ropers-Huilman, Brian D",non-elite,1305,2616,3968,5431,6984,8557,10142,11760,1311,1352,1463,1553,1573,1585,1618
33525,"Stofel, James II",non-elite,1446,2929,4429,5932,7420,8931,10378,11850,1483,1500,1503,1488,1511,1447,1472
33526,"Nucci, Gino",non-elite,1352,2699,4081,5487,6956,8494,10137,11766,1347,1382,1406,1469,1538,1643,1629
33527,"Preissler, Roland",non-elite,1410,2805,4238,5664,7104,8609,10192,11745,1395,1433,1426,1440,1505,1583,1553
33528,"Jones, Elizabeth A",non-elite,1437,2858,4274,5694,7134,8657,10191,11772,1421,1416,1420,1440,1523,1534,1581
33529,"Heltemes, Kelly",non-elite,1462,2924,4384,5835,7288,8775,10301,11801,1462,1460,1451,1453,1487,1526,1500
33530,"Prior, Cheri A",non-elite,1408,2841,4306,5777,7229,8724,10256,11779,1433,1465,1471,1452,1495,1532,1523
33531,"Urbanski, Bill",non-elite,1422,2819,4206,5629,7048,8546,10108,11723,1397,1387,1423,1419,1498,1562,1615
33532,"Chao, Yichuan",non-elite,1407,2814,4231,5721,7178,8703,10261,11780,1407,1417,1490,1457,1525,1558,1519
33533,"Roecker, Gretchen G",non-elite,1404,2823,4260,5732,7210,8689,10245,11776,1419,1437,1472,1478,1479,1556,1531
33534,"Ferrin, Valerie J",non-elite,1465,2910,4362,5820,7285,8797,10343,11819,1445,1452,1458,1465,1512,1546,1476
33535,"Gayagoy, Kristi",non-elite,1277,2549,3817,5105,6461,8090,10441,11835,1272,1268,1288,1356,1629,2351,1394
33536,"Joseph, Andrew Q.",non-elite,1312,2667,4072,5559,7062,8573,10142,11748,1355,1405,1487,1503,1511,1569,1606
33537,"Tinker, Kristen M.",non-elite,1438,2862,4290,5736,7180,8692,10257,11781,1424,1428,1446,1444,1512,1565,1524
33538,"Seely, Matthew",non-elite,1291,2604,3944,5367,6813,8349,9994,11718,1313,1340,1423,1446,1536,1645,1724
33539,"Rivera, Cynthia M",non-elite,1406,2810,4228,5680,7125,8652,10236,11768,1404,1418,1452,1445,1527,1584,1532
33540,"Escalante, Gabriela",non-elite,1400,2815,4224,5642,7051,8533,10113,11731,1415,1409,1418,1409,1482,1580,1618
33541,"Kimmel, Byron D",non-elite,1269,2528,3789,5061,6342,7649,9032,11401,1259,1261,1272,1281,1307,1383,2369
33542,"Smith, Larry",non-elite,1328,2682,4057,5458,6896,8419,10035,11703,1354,1375,1401,1438,1523,1616,1668
33543,"Halmingh, Arnoud",non-elite,1249,2502,3771,5133,6575,8215,9885,11673,1253,1269,1362,1442,1640,1670,1788
33544,"Armstrong, Jessica E",non-elite,1399,2751,4115,5636,7134,8698,10259,11771,1352,1364,1521,1498,1564,1561,1512
33545,"Harrison, Richard C",non-elite,1413,2836,4234,5653,7067,8548,10114,11727,1423,1398,1419,1414,1481,1566,1613
33546,"Whipple, James",non-elite,1235,2489,3814,5288,6881,8528,10186,11742,1254,1325,1474,1593,1647,1658,1556
33547,"Hart, Michael L",non-elite,1251,2475,3737,5120,6598,8189,9904,11663,1224,1262,1383,1478,1591,1715,1759
33548,"Vaupel, Paul",non-elite,1333,2648,4026,5452,6910,8440,10080,11725,1315,1378,1426,1458,1530,1640,1645
33549,"Olesky, Sarah E",non-elite,1389,2790,4189,5651,7125,8658,10234,11789,1401,1399,1462,1474,1533,1576,1555
33550,"Levert, Michel",non-elite,1315,2638,3985,5378,6792,8362,10090,11678,1323,1347,1393,1414,1570,1728,1588
33551,"Renzella, Cory B",non-elite,1246,2531,3811,5149,6567,8138,9794,11646,1285,1280,1338,1418,1571,1656,1852
33552,"Cooper, Emily P",non-elite,1409,2783,4170,5618,7070,8667,10258,11793,1374,1387,1448,1452,1597,1591,1535
33553,"Nadeau, Sarah",non-elite,1503,2988,4474,5982,7459,8956,10452,11859,1485,1486,1508,1477,1497,1496,1407
33554,"Parker, Morgan E.",non-elite,1375,2870,4321,5797,7359,8880,10383,11829,1495,1451,1476,1562,1521,1503,1446
33555,"Gross, Molly E.",non-elite,1405,2807,4211,5674,7141,8670,10245,11789,1402,1404,1463,1467,1529,1575,1544
33556,"Lau, James C",non-elite,1457,2918,4367,5824,7264,8745,10277,11777,1461,1449,1457,1440,1481,1532,1500
33557,"Warner, Cami C",non-elite,1354,2706,4039,5388,6732,8198,9990,11717,1352,1333,1349,1344,1466,1792,1727
33558,"Flaks, Erica",non-elite,1458,2890,4311,5769,7249,8747,10302,11817,1432,1421,1458,1480,1498,1555,1515
33559,"Lewis, Philip",non-elite,1352,2751,4186,5686,7156,8678,10257,11800,1399,1435,1500,1470,1522,1579,1543
33560,"Savoy, Philip Jr.",non-elite,1411,2839,4282,5738,7184,8682,10222,11748,1428,1443,1456,1446,1498,1540,1526
33561,"Grant, Brian Jr.",non-elite,1344,2684,4024,5428,6852,8370,10012,11713,1340,1340,1404,1424,1518,1642,1701
33562,"Johnson, Joshua",non-elite,1278,2576,3901,5295,6763,8472,10168,11770,1298,1325,1394,1468,1709,1696,1602
33563,"Larue, Mary M",non-elite,1449,2855,4307,5767,7236,8747,10264,11771,1406,1452,1460,1469,1511,1517,1507
33564,"Kaiser, Ehab",non-elite,1397,2775,4136,5530,6938,8475,10084,11749,1378,1361,1394,1408,1537,1609,1665
33565,"Mayberry, Jody B",non-elite,1417,2833,4239,5676,7130,8654,10227,11786,1416,1406,1437,1454,1524,1573,1559
33566,"Taylor, Ray",non-elite,1385,2801,4207,5617,7035,8514,10110,11731,1416,1406,1410,1418,1479,1596,1621
33567,"Price, Sarah G.",non-elite,1456,2890,4342,5808,7263,8773,10321,11825,1434,1452,1466,1455,1510,1548,1504
33568,"Waggenspack, Nathan",non-elite,1258,2495,3734,5047,6466,7981,9675,11631,1237,1239,1313,1419,1515,1694,1956
33569,"Burgin, Diane L.",non-elite,1437,2883,4323,5774,7216,8793,10319,11795,1446,1440,1451,1442,1577,1526,1476
33570,"Rinck, Robert T",non-elite,1394,2797,4197,5641,7086,8635,10209,11754,1403,1400,1444,1445,1549,1574,1545
33571,"Petrov, Simeon",non-elite,1408,2843,4291,5766,7220,8722,10265,11789,1435,1448,1475,1454,1502,1543,1524
33572,"Santos, Daniel",non-elite,1327,2635,3951,5312,6690,8243,10230,11790,1308,1316,1361,1378,1553,1987,1560
33573,"Lima, Nilson P.",non-elite,1464,2905,4366,5842,7303,8817,10375,11829,1441,1461,1476,1461,1514,1558,1454
33574,"Stuart, Tony L",non-elite,1450,2921,4385,5909,7401,8889,10373,11813,1471,1464,1524,1492,1488,1484,1440
33575,"Grinnell, Brian",non-elite,1322,2641,3987,5340,6719,8252,9870,11761,1319,1346,1353,1379,1533,1618,1891
33576,"Fluerasu, Andrei",non-elite,1280,2536,3822,5332,6815,8381,10069,11776,1256,1286,1510,1483,1566,1688,1707
33577,"Casey, Michael F.",non-elite,1433,2896,4368,5860,7340,8841,10333,11774,1463,1472,1492,1480,1501,1492,1441
33578,"Kim, Chul R",non-elite,1341,2685,4070,5479,6932,8454,10046,11724,1344,1385,1409,1453,1522,1592,1678
33579,"Benitez, Daniel",non-elite,1363,2792,4175,5584,7016,8562,10168,11754,1429,1383,1409,1432,1546,1606,1586
33580,"Piper, Clinton T.",non-elite,1269,2520,3803,5163,6618,8190,9897,11648,1251,1283,1360,1455,1572,1707,1751
33581,"Nedwidek, Shawn",non-elite,1296,2600,4005,5417,6891,8679,10255,11813,1304,1405,1412,1474,1788,1576,1558
33582,"Mullins, Thomas",non-elite,1427,2873,4309,5745,7147,8613,10152,11756,1446,1436,1436,1402,1466,1539,1604
33583,"Leightley, Albert L",non-elite,1405,2813,4213,5626,7044,8536,10117,11740,1408,1400,1413,1418,1492,1581,1623
33584,"Woodford, Donald E.",non-elite,1319,2648,3991,5384,6947,8564,10198,11803,1329,1343,1393,1563,1617,1634,1605
33585,"Quinones, Armando Sr.",non-elite,1227,2460,3698,4984,6510,8327,10040,11773,1233,1238,1286,1526,1817,1713,1733
33586,"Garcia-Batte, Jose O.",non-elite,1355,2747,4143,5527,6949,8468,10094,11721,1392,1396,1384,1422,1519,1626,1627
33587,"Lu, Zhenfei",non-elite,1451,2902,4368,5855,7329,8834,10354,11832,1451,1466,1487,1474,1505,1520,1478
33588,"Zabriskie, Christopher T.",non-elite,1270,2552,3925,5323,6755,8296,10010,11733,1282,1373,1398,1432,1541,1714,1723
33589,"Broussard, Ben",non-elite,1391,2783,4182,5620,7067,8571,10146,11729,1392,1399,1438,1447,1504,1575,1583
33590,"Lovelace, Ronney S.",non-elite,1462,2875,4316,5795,7258,8758,10296,11797,1413,1441,1479,1463,1500,1538,1501
33591,"Ospina, Luis E",non-elite,1471,2900,4326,5745,7182,8731,10288,11767,1429,1426,1419,1437,1549,1557,1479
33592,"Weirath, Heather",non-elite,1454,2928,4403,5898,7369,8857,10377,11813,1474,1475,1495,1471,1488,1520,1436
33593,"Van Meter, Emily",non-elite,1205,2412,3657,5005,6572,8290,10036,11743,1207,1245,1348,1567,1718,1746,1707
33594,"Lawton, Elizabeth J",non-elite,1425,2861,4277,5717,7162,8656,10242,11787,1436,1416,1440,1445,1494,1586,1545
33595,"Lund, Brielle E",non-elite,1483,2961,4428,5917,7388,8889,10392,11833,1478,1467,1489,1471,1501,1503,1441
33596,"Liechty Lynch, Gretchen C.",non-elite,1454,2922,4369,5815,7255,8736,10268,11800,1468,1447,1446,1440,1481,1532,1532
33597,"Arcos Davila, Filemon Sr.",non-elite,1407,2805,4223,5685,7110,8507,10156,11825,1398,1418,1462,1425,1397,1649,1669
33598,"Amoroso, Hannah",non-elite,1382,2772,4182,5675,7141,8652,10196,11768,1390,1410,1493,1466,1511,1544,1572
33599,"Angstadt, Eric",non-elite,1288,2615,4041,5464,6924,8406,10159,11770,1327,1426,1423,1460,1482,1753,1611
33600,"Pattee, Corey S",non-elite,1382,2735,4121,5556,7014,8540,10165,11758,1353,1386,1435,1458,1526,1625,1593
33601,"McDonald, Laura",non-elite,1461,2893,4302,5719,7300,8751,10263,11791,1432,1409,1417,1581,1451,1512,1528
33602,"Suh, Choobok",non-elite,1300,2607,3942,5326,6779,8346,10091,11768,1307,1335,1384,1453,1567,1745,1677
33603,"Hall, Karyn",non-elite,1430,2856,4286,5764,7234,8774,10327,11820,1426,1430,1478,1470,1540,1553,1493
33604,"Ehmann, Douglas",non-elite,1397,2804,4232,5693,7168,8695,10247,11798,1407,1428,1461,1475,1527,1552,1551
33605,"Parlapiano, Thomas",non-elite,1264,2527,3779,5042,6355,8002,10060,11765,1263,1252,1263,1313,1647,2058,1705
33606,"Short, Kathleen R.",non-elite,1390,2787,4206,5679,7158,8705,10283,11796,1397,1419,1473,1479,1547,1578,1513
33607,"Quesada Garro, Kimberly",non-elite,1392,2794,4215,5667,7130,8654,10236,11782,1402,1421,1452,1463,1524,1582,1546
33608,"Whiting, Reid",non-elite,1293,2601,3934,5264,6610,8108,9869,11669,1308,1333,1330,1346,1498,1761,1800
33609,"Silvas, Sharon M",non-elite,1442,2891,4357,5869,7387,8940,10403,11858,1449,1466,1512,1518,1553,1463,1455
33610,"Ito, Takakazu",non-elite,1333,2626,3919,5440,6955,8658,10360,11828,1293,1293,1521,1515,1703,1702,1468
33611,"Bohinski, Susan",non-elite,1418,2844,4263,5708,7143,8641,10203,11777,1426,1419,1445,1435,1498,1562,1574
33612,"Birkey, Carly J",non-elite,1322,2657,4053,5482,6934,8496,10093,11716,1335,1396,1429,1452,1562,1597,1623
33613,"Vaughn, Julia",non-elite,1430,2881,4371,5833,7291,8807,10377,11856,1451,1490,1462,1458,1516,1570,1479
33614,"Truan, Ashley",non-elite,1385,2780,4172,5618,7055,8594,10183,11765,1395,1392,1446,1437,1539,1589,1582
33615,"Dantas Filho, Miguel S.",non-elite,1394,2810,4250,5717,7180,8706,10255,11792,1416,1440,1467,1463,1526,1549,1537
33616,"Litscher, Lauren",non-elite,1417,2820,4242,5699,7160,8708,10284,11793,1403,1422,1457,1461,1548,1576,1509
33617,"Suhring, Anna",non-elite,1446,2891,4333,5791,7255,8775,10327,11849,1445,1442,1458,1464,1520,1552,1522
33618,"Beiting, Anastasia M.",non-elite,1435,2887,4321,5787,7244,8749,10287,11811,1452,1434,1466,1457,1505,1538,1524
33619,"Vecera, David S",non-elite,1352,2773,4211,5672,7148,8668,10248,11789,1421,1438,1461,1476,1520,1580,1541
33620,"Spry, Emily R",non-elite,1396,2830,4252,5701,7141,8629,10244,11796,1434,1422,1449,1440,1488,1615,1552
33621,"Bernier, Bill",non-elite,1355,2739,4133,5563,7008,8536,10123,11779,1384,1394,1430,1445,1528,1587,1656
33622,"Jones, Anne",non-elite,1467,2950,4393,5873,7348,8851,10359,11830,1483,1443,1480,1475,1503,1508,1471
33623,"Fernandez, Miguel",non-elite,1312,2650,4000,5352,6723,8200,9813,11649,1338,1350,1352,1371,1477,1613,1836
33624,"Theuerkorn, Megan R",non-elite,1448,2896,4334,5790,7229,8728,10325,11834,1448,1438,1456,1439,1499,1597,1509
33625,"Russell, Bayden D.",non-elite,1253,2507,3802,5132,6624,8261,9993,11734,1254,1295,1330,1492,1637,1732,1741
33626,"Pappas, Basil",non-elite,1388,2791,4205,5643,7091,8611,10194,11773,1403,1414,1438,1448,1520,1583,1579
33627,"Woodhouse, Madeline",non-elite,1430,2849,4257,5705,7147,8670,10226,11783,1419,1408,1448,1442,1523,1556,1557
33628,"Brush, Kyle",non-elite,1208,2392,3591,4850,6169,7687,9505,11595,1184,1199,1259,1319,1518,1818,2090
33629,"Wang, Xiaohui",non-elite,1357,2744,4127,5536,6984,8522,10096,11713,1387,1383,1409,1448,1538,1574,1617
33630,"Warshaw, Jeffrey S",non-elite,1432,2839,4251,5737,7203,8709,10231,11781,1407,1412,1486,1466,1506,1522,1550
33631,"Brinks, Jane",non-elite,1453,2903,4351,5808,7265,8763,10316,11800,1450,1448,1457,1457,1498,1553,1484
33632,"Pierce, Jennifer E",non-elite,1413,2847,4269,5728,7216,8747,10294,11813,1434,1422,1459,1488,1531,1547,1519
33633,"Guy, Andrew J.",non-elite,1338,2697,4067,5872,7254,8769,10306,11826,1359,1370,1805,1382,1515,1537,1520
33635,"Bengs, Stephanie L",non-elite,1426,2840,4276,5741,7219,8746,10291,11813,1414,1436,1465,1478,1527,1545,1522
33636,"Dokken, Eric",non-elite,1307,2601,3924,5349,6829,8420,10087,11766,1294,1323,1425,1480,1591,1667,1679
33637,"Porras, Natalia",non-elite,1449,2914,4367,5870,7324,8854,10398,11849,1465,1453,1503,1454,1530,1544,1451
33638,"Peck, Jeffrey N.",non-elite,1398,2804,4212,5628,7048,8506,10035,11638,1406,1408,1416,1420,1458,1529,1603
33639,"Laster, Daniel",non-elite,1517,3020,4524,6001,7453,8931,10385,11843,1503,1504,1477,1452,1478,1454,1458
33640,"Bates, Jeremy M",non-elite,1267,2553,3877,5289,6835,8444,10123,11786,1286,1324,1412,1546,1609,1679,1663
33641,"Takahashi, Yuji",non-elite,1402,2829,4249,5719,7201,8732,10310,11799,1427,1420,1470,1482,1531,1578,1489
33642,"Whittemore, Todd",non-elite,1390,2777,4170,5620,7061,8577,10163,11779,1387,1393,1450,1441,1516,1586,1616
33643,"Quest, Nate",non-elite,1330,2653,3979,5386,6785,8343,10017,11788,1323,1326,1407,1399,1558,1674,1771
33644,"Parrella, Rachel A",non-elite,1455,2944,4428,5914,7393,8878,10368,11839,1489,1484,1486,1479,1485,1490,1471
33645,"Kelly, D. Michael",non-elite,1291,2575,3885,5233,6634,8148,9806,11754,1284,1310,1348,1401,1514,1658,1948
33646,"Fortin, Karl",non-elite,1368,2725,4081,5496,6934,8474,10127,11778,1357,1356,1415,1438,1540,1653,1651
33647,"Keith-Birney, Jenna",non-elite,1402,2793,4206,5755,7237,8771,10375,11848,1391,1413,1549,1482,1534,1604,1473
33648,"Bookey, Howard J",non-elite,1406,2860,4309,5774,7223,8729,10287,11804,1454,1449,1465,1449,1506,1558,1517
33649,"Takeguchi, Kathy",non-elite,1487,2950,4430,5913,7396,8896,10404,11842,1463,1480,1483,1483,1500,1508,1438
33650,"Ford, Wendy",non-elite,1442,2898,4357,5833,7296,8806,10322,11814,1456,1459,1476,1463,1510,1516,1492
33651,"Theoto, Joao Jr.",non-elite,1466,2910,4339,5803,7264,8767,10348,11842,1444,1429,1464,1461,1503,1581,1494
33652,"Atwood, Kathryn",non-elite,1404,2784,4180,5624,7062,8583,10160,11778,1380,1396,1444,1438,1521,1577,1618
33653,"Cooper, Brian",non-elite,1346,2692,4067,5535,6927,8404,10135,11787,1346,1375,1468,1392,1477,1731,1652
33654,"Randall, Mark",non-elite,1300,2619,3946,5339,6823,8350,10045,11764,1319,1327,1393,1484,1527,1695,1719
33655,"Vanbuskirk, Jason",non-elite,1320,2657,4024,5400,6805,8327,9973,11708,1337,1367,1376,1405,1522,1646,1735
33656,"Berger, Kevin L",non-elite,1476,2938,4409,5887,7349,8813,10290,11803,1462,1471,1478,1462,1464,1477,1513
33657,"Reed, Earl W",non-elite,1479,2943,4414,5909,7376,8883,10395,11861,1464,1471,1495,1467,1507,1512,1466
33658,"Johnson, Melinda D",non-elite,1378,2779,4205,5644,7088,8596,10159,11752,1401,1426,1439,1444,1508,1563,1593
33659,"Wagemaker, Emily A",non-elite,1371,2748,4187,5603,7032,8553,10143,11781,1377,1439,1416,1429,1521,1590,1638
33660,"Lundberg, J.k.",non-elite,1273,2564,3892,5235,6611,8111,9759,11545,1291,1328,1343,1376,1500,1648,1786
33661,"Wahlmann, Kate",non-elite,1378,2805,4242,5731,7218,8761,10332,11828,1427,1437,1489,1487,1543,1571,1496
33662,"Sanchez, Tony",non-elite,1331,2664,4029,5413,6846,8408,10149,11745,1333,1365,1384,1433,1562,1741,1596
33663,"Merlino, Andrew E. Jr.",non-elite,1458,2923,4385,5867,7333,8838,10350,11837,1465,1462,1482,1466,1505,1512,1487
33664,"Cowden, Christopher",non-elite,1348,2736,4116,5571,7019,8593,10192,11767,1388,1380,1455,1448,1574,1599,1575
33665,"Edmunds, Jillian A",non-elite,1465,2934,4404,5889,7354,8839,10361,11852,1469,1470,1485,1465,1485,1522,1491
33666,"Ewert, Daniel",non-elite,1330,2667,4019,5431,6874,8453,10114,11752,1337,1352,1412,1443,1579,1661,1638
33667,"Deroian, Rhea",non-elite,1293,2623,4036,5545,7031,8640,10284,11836,1330,1413,1509,1486,1609,1644,1552
33668,"Petry, Kati A",non-elite,1335,2687,4042,5454,6902,8454,10154,11808,1352,1355,1412,1448,1552,1700,1654
33669,"Carrier, Tanya",non-elite,1373,2737,4127,5573,7059,8662,10290,11807,1364,1390,1446,1486,1603,1628,1517
33670,"Crandall, Robert",non-elite,1373,2765,4192,5646,7127,8674,10280,11796,1392,1427,1454,1481,1547,1606,1516
33671,"Ngo, Anthony",non-elite,1379,2744,4099,5508,6933,8478,10121,11762,1365,1355,1409,1425,1545,1643,1641
33672,"Haihong, Ren",non-elite,1315,2643,3990,5379,6807,8372,10085,11743,1328,1347,1389,1428,1565,1713,1658
33673,"Murphy, Mark D",non-elite,1463,2933,4395,5915,7386,8869,10361,11835,1470,1462,1520,1471,1483,1492,1474
33674,"Striebel Fisher, Dianne",non-elite,1401,2804,4208,5632,7039,8438,9847,11586,1403,1404,1424,1407,1399,1409,1739
33675,"Damiano, Jeffrey",non-elite,1268,2532,3796,5178,6718,8326,9978,11723,1264,1264,1382,1540,1608,1652,1745
33676,"Fuller, James L.",non-elite,1367,2674,4027,5449,6883,8441,10125,11737,1307,1353,1422,1434,1558,1684,1612
33677,"Franks, David A.",non-elite,1260,2523,3818,5168,6595,8082,9842,11575,1263,1295,1350,1427,1487,1760,1733
33678,"Osollo, Carlos",non-elite,1455,2881,4295,5726,7162,8656,10281,11808,1426,1414,1431,1436,1494,1625,1527
33679,"Churchill, Kendra",non-elite,1434,2858,4270,5695,7119,8624,10212,11797,1424,1412,1425,1424,1505,1588,1585
33680,"Lennox, Daniel",non-elite,1219,2441,3708,5030,6507,8262,10031,11737,1222,1267,1322,1477,1755,1769,1706
33681,"Destefano, Michelle",non-elite,1521,3021,4488,5948,7427,8952,10403,11860,1500,1467,1460,1479,1525,1451,1457
33682,"Whitmer, John",non-elite,1337,2664,4017,5423,6850,8407,10084,11737,1327,1353,1406,1427,1557,1677,1653
33683,"Schoenfelder, Samantha L.",non-elite,1425,2850,4287,5741,7203,8699,10241,11791,1425,1437,1454,1462,1496,1542,1550
33684,"Kuss, Kristine",non-elite,1532,3050,4544,6021,7476,8958,10447,11876,1518,1494,1477,1455,1482,1489,1429
33685,"Cacali, Jean",non-elite,1460,2905,4352,5815,7275,8775,10340,11829,1445,1447,1463,1460,1500,1565,1489
33686,"Hawkes, Colin J.",non-elite,1331,2687,4083,5534,7002,8581,10199,11799,1356,1396,1451,1468,1579,1618,1600
33687,"Rose, Michael",non-elite,1514,2966,4431,5879,7344,8810,10314,11849,1452,1465,1448,1465,1466,1504,1535
33688,"Scheid, Gary",non-elite,1423,2769,4115,5498,6923,8455,10038,11703,1346,1346,1383,1425,1532,1583,1665
33689,"Watson, Michelle L",non-elite,1386,2796,4246,5761,7261,8796,10359,11845,1410,1450,1515,1500,1535,1563,1486
33690,"Salem, Juliana B.",non-elite,1506,3001,4471,6004,7446,8925,10400,11849,1495,1470,1533,1442,1479,1475,1449
33691,"Edwards, Martin A.",non-elite,1360,2689,3991,5439,6920,8467,10022,11722,1329,1302,1448,1481,1547,1555,1700
33692,"Gederos, April",non-elite,1438,2875,4295,5732,7180,8671,10232,11823,1437,1420,1437,1448,1491,1561,1591
33693,"Cunningham, Meghan O",non-elite,1431,2872,4321,5775,7210,8709,10276,11799,1441,1449,1454,1435,1499,1567,1523
33694,"Carrasco, Richard E",non-elite,1362,2763,4206,5707,7192,8740,10313,11805,1401,1443,1501,1485,1548,1573,1492
33695,"Hernandez, Tricia",non-elite,1399,2805,4222,5681,7140,8666,10250,11800,1406,1417,1459,1459,1526,1584,1550
33696,"Bailey, Jennifer",non-elite,1466,2907,4349,5784,7238,8739,10296,11817,1441,1442,1435,1454,1501,1557,1521
33697,"Alvarez, Claudia",non-elite,1430,2878,4342,5827,7316,8842,10377,11830,1448,1464,1485,1489,1526,1535,1453
33698,"Wright, Anna M.",non-elite,1410,2803,4213,5669,7128,8644,10205,11772,1393,1410,1456,1459,1516,1561,1567
33699,"Parker, Will",non-elite,1272,2556,3865,5214,6632,8282,10054,11777,1284,1309,1349,1418,1650,1772,1723
33700,"Payton, Brock J",non-elite,1288,2566,3849,5160,6489,7944,9654,11651,1278,1283,1311,1329,1455,1710,1997
33701,"Bachand, Sarah L",non-elite,1426,2858,4311,5792,7272,8787,10335,11827,1432,1453,1481,1480,1515,1548,1492
33702,"Schroeder, Steve L.",non-elite,1334,2684,4056,5517,6954,8513,10220,11822,1350,1372,1461,1437,1559,1707,1602
33703,"Bracho, Gustavo A",non-elite,1344,2721,4139,5553,6975,8499,10169,11778,1377,1418,1414,1422,1524,1670,1609
33704,"Calhoun, Andrew",non-elite,1342,2679,4060,5501,6954,8511,10130,11770,1337,1381,1441,1453,1557,1619,1640
33705,"Smith, Hannah L",non-elite,1444,2905,4390,5865,7341,8851,10394,11872,1461,1485,1475,1476,1510,1543,1478
33706,"Kalaouzis, Rachel",non-elite,1338,2683,4065,5511,6986,8515,10172,11790,1345,1382,1446,1475,1529,1657,1618
33707,"Moore, Louis H.",non-elite,1235,2575,3979,5439,6935,8514,10129,11745,1340,1404,1460,1496,1579,1615,1616
33708,"Vogt, Michael D",non-elite,1255,2551,3886,5261,6677,8195,10090,11690,1296,1335,1375,1416,1518,1895,1600
33709,"Ducker, Cory J",non-elite,1313,2647,4001,5515,6925,8443,9987,11737,1334,1354,1514,1410,1518,1544,1750
33710,"Anjou, Stefan",non-elite,1411,2820,4249,5701,7166,8710,10278,11809,1409,1429,1452,1465,1544,1568,1531
33711,"Collins, Daniel J. IV",non-elite,1414,2811,4223,5665,7107,8613,10208,11763,1397,1412,1442,1442,1506,1595,1555
33712,"Rochette, Josee",non-elite,1408,2856,4332,5814,7280,8781,10311,11823,1448,1476,1482,1466,1501,1530,1512
33713,"Knight Einspahr, Abby A.",non-elite,1468,2895,4287,5704,7168,8684,10236,11805,1427,1392,1417,1464,1516,1552,1569
33714,"Smith-Mcgurk, Janet A",non-elite,1416,2849,4293,5778,7264,8768,10313,11825,1433,1444,1485,1486,1504,1545,1512
33715,"Wong, Hansie",non-elite,1461,2913,4357,5821,7267,8774,10306,11825,1452,1444,1464,1446,1507,1532,1519
33716,"Rossi, Michael",non-elite,1410,2802,4198,5616,7047,8534,10105,11738,1392,1396,1418,1431,1487,1571,1633
33717,"Clower, Stacy R.",non-elite,1392,2803,4242,5700,7179,8734,10318,11821,1411,1439,1458,1479,1555,1584,1503
33718,"Sheel, Jenniffer",non-elite,1364,2722,4111,5562,7065,8609,10203,11758,1358,1389,1451,1503,1544,1594,1555
33719,"Mery, Gustavo",non-elite,1290,2598,3943,5341,6784,8335,9966,11705,1308,1345,1398,1443,1551,1631,1739
33720,"Falb, Eliezer",non-elite,1359,2699,4043,5429,6861,8404,10064,11807,1340,1344,1386,1432,1543,1660,1743
33721,"Hearn, Brian L",non-elite,1230,2525,3873,5273,6730,8329,10011,11716,1295,1348,1400,1457,1599,1682,1705
33722,"Roth, Jeff",non-elite,1369,2768,4188,5634,7101,8620,10237,11794,1399,1420,1446,1467,1519,1617,1557
33723,"Flynn, Geoffrey J",non-elite,1486,2895,4325,5769,7188,8711,10306,11832,1409,1430,1444,1419,1523,1595,1526
33724,"Taylor, Anthony G.",non-elite,1280,2592,3891,5282,6794,8399,10079,11725,1312,1299,1391,1512,1605,1680,1646
33725,"Allen, Damon T",non-elite,1273,2588,3870,5212,6619,8162,9865,11705,1315,1282,1342,1407,1543,1703,1840
33726,"Gorham, Jennifer",non-elite,1318,2679,4092,5573,7053,8588,10203,11783,1361,1413,1481,1480,1535,1615,1580
33727,"Yanchek, David G.",non-elite,1448,2885,4315,5797,7249,8776,10326,11829,1437,1430,1482,1452,1527,1550,1503
33728,"Asar, Flavia B",non-elite,1362,2770,4264,5749,7246,8767,10299,11807,1408,1494,1485,1497,1521,1532,1508
33729,"Stodola, Julia R",non-elite,1455,2834,4217,5646,7089,8629,10233,11804,1379,1383,1429,1443,1540,1604,1571
33730,"Schade, Nicole",non-elite,1454,2879,4302,5752,7205,8712,10289,11817,1425,1423,1450,1453,1507,1577,1528
33731,"Quan, Charles",non-elite,1251,2495,3751,5028,6355,7867,9586,11453,1244,1256,1277,1327,1512,1719,1867
33732,"Wagner, Elizabeth J.",non-elite,1406,2841,4281,5742,7198,8717,10297,11830,1435,1440,1461,1456,1519,1580,1533
33733,"Koob, Caitlin",non-elite,1433,2879,4341,5812,7264,8769,10301,11826,1446,1462,1471,1452,1505,1532,1525
33734,"Huber, Olga",non-elite,1417,2851,4284,5752,7229,8755,10307,11817,1434,1433,1468,1477,1526,1552,1510
33735,"Weis, Mike",non-elite,1420,2842,4299,5793,7277,8812,10334,11811,1422,1457,1494,1484,1535,1522,1477
33736,"Dicken, Michea",non-elite,1431,2902,4383,5864,7330,8813,10327,11829,1471,1481,1481,1466,1483,1514,1502
33737,"Brand, Casey",non-elite,1399,2822,4247,5700,7157,8685,10275,11827,1423,1425,1453,1457,1528,1590,1552
33738,"Emery, Paul J",non-elite,1374,2742,4123,5613,7076,8674,10275,11866,1368,1381,1490,1463,1598,1601,1591
33739,"Gilabert, Isidro",non-elite,1303,2652,4031,5474,6957,8554,10208,11788,1349,1379,1443,1483,1597,1654,1580
33740,"Long, Claire M",non-elite,1264,2522,3811,5182,6619,8135,9857,11704,1258,1289,1371,1437,1516,1722,1847
33741,"Beaulne, Rebecca M.",non-elite,1380,2800,4287,5840,7344,8874,10395,11838,1420,1487,1553,1504,1530,1521,1443
33742,"May, Katie L.",non-elite,1431,2885,4346,5813,7277,8758,10279,11819,1454,1461,1467,1464,1481,1521,1540
33743,"Ke, Xian",non-elite,1475,2959,4437,5927,7385,8874,10391,11856,1484,1478,1490,1458,1489,1517,1465
33744,"Costa, Chris",non-elite,1264,2577,3932,5383,6874,8466,10120,11769,1313,1355,1451,1491,1592,1654,1649
33745,"Barker, Katherine M.",non-elite,1406,2803,4248,5716,7159,8664,10213,11806,1397,1445,1468,1443,1505,1549,1593
33746,"Robbins, Leah S",non-elite,1431,2886,4353,5837,7315,8831,10365,11839,1455,1467,1484,1478,1516,1534,1474
33747,"Martino, Paul",non-elite,1480,2959,4423,5886,7339,8835,10353,11845,1479,1464,1463,1453,1496,1518,1492
33748,"Maguire, Steven B",non-elite,1316,2642,3975,5355,6798,8417,10149,11819,1326,1333,1380,1443,1619,1732,1670
33749,"Cosner, Cathy",non-elite,1374,2745,4164,5620,7079,8614,10194,11795,1371,1419,1456,1459,1535,1580,1601
33750,"Chollet, Todd A",non-elite,1343,2700,4057,5492,6933,8499,10132,11792,1357,1357,1435,1441,1566,1633,1660
33751,"Lopez, Jose",non-elite,1272,2501,3737,5014,6320,8265,9989,11740,1229,1236,1277,1306,1945,1724,1751
33752,"Schahet, Greg",non-elite,1288,2566,3836,5158,6527,8078,9924,11780,1278,1270,1322,1369,1551,1846,1856
33753,"Arigoni, Ashley M.",non-elite,1433,2845,4267,5700,7186,8690,10283,11843,1412,1422,1433,1486,1504,1593,1560
33754,"Thomas, Reggie",non-elite,1384,2754,4136,5539,6996,8495,10144,11766,1370,1382,1403,1457,1499,1649,1622
33755,"Tyner, Ken",non-elite,1401,2820,4244,5684,7139,8630,10189,11790,1419,1424,1440,1455,1491,1559,1601
33756,"Delong, Kristine",non-elite,1463,2945,4416,5935,7422,8924,10420,11883,1482,1471,1519,1487,1502,1496,1463
33757,"Wernert, Sarah A.",non-elite,1448,2857,4280,5729,7164,8664,10255,11810,1409,1423,1449,1435,1500,1591,1555
33758,"Salmeron Ventura, Mario Sr.",non-elite,1320,2648,4020,5449,6916,8493,10128,11771,1328,1372,1429,1467,1577,1635,1643
33759,"Oser, Tim",non-elite,1448,2864,4282,5711,7150,8649,10211,11787,1416,1418,1429,1439,1499,1562,1576
33760,"Oerton, Colin A",non-elite,1415,2843,4264,5721,7160,8693,10260,11806,1428,1421,1457,1439,1533,1567,1546
33761,"Santoro, Kathleen B.",non-elite,1324,2705,4105,5563,7035,8579,10196,11752,1381,1400,1458,1472,1544,1617,1556
33762,"Garlough, Melissa",non-elite,1458,2877,4327,5799,7267,8753,10282,11808,1419,1450,1472,1468,1486,1529,1526
33763,"Nelson, Liz J",non-elite,1448,2879,4317,5784,7283,8791,10354,11848,1431,1438,1467,1499,1508,1563,1494
33764,"Bessel, Richard R.",non-elite,1381,2763,4171,5647,7117,8675,10238,11807,1382,1408,1476,1470,1558,1563,1569
33765,"Hodel, Benji",non-elite,1320,2637,3947,5290,6683,8284,10032,11782,1317,1310,1343,1393,1601,1748,1750
33766,"Brown, Dwight A.",non-elite,1472,3023,4620,6178,7652,9101,10521,11897,1551,1597,1558,1474,1449,1420,1376
33767,"Shinosky, Crystal M",non-elite,1330,2692,4128,5609,7100,8661,10257,11828,1362,1436,1481,1491,1561,1596,1571
33768,"Donaldson, Mark H",non-elite,1181,2395,3625,4884,6154,7522,9164,11278,1214,1230,1259,1270,1368,1642,2114
33769,"Coffman, Alissa M",non-elite,1331,2652,4044,5516,7001,8569,10203,11783,1321,1392,1472,1485,1568,1634,1580
33770,"Graves, Erin",non-elite,1488,2946,4397,5864,7339,8840,10366,11838,1458,1451,1467,1475,1501,1526,1472
33771,"Worden, Heather",non-elite,1353,2722,4117,5541,6988,8525,10214,11810,1369,1395,1424,1447,1537,1689,1596
33772,"Herman, Elizabeth",non-elite,1500,2982,4470,5962,7438,8943,10445,11883,1482,1488,1492,1476,1505,1502,1438
33773,"Scruggs, Kristen E.",non-elite,1414,2847,4303,5795,7266,8805,10353,11853,1433,1456,1492,1471,1539,1548,1500
33774,"Durbin, Gregory S",non-elite,1527,2968,4392,5828,7255,8738,10292,11839,1441,1424,1436,1427,1483,1554,1547
33775,"Venkat, Subbu",non-elite,1458,2898,4342,5803,7271,8764,10315,11853,1440,1444,1461,1468,1493,1551,1538
33776,"Dickson, Ronald Jr.",non-elite,1334,2656,4015,5480,7028,8560,10150,11844,1322,1359,1465,1548,1532,1590,1694
33777,"Else, Mike",non-elite,1389,2765,4146,5564,6979,8482,10084,11739,1376,1381,1418,1415,1503,1602,1655
33778,"Taylorson, Simon",non-elite,1363,2733,4135,5578,7030,8562,10193,11789,1370,1402,1443,1452,1532,1631,1596
33779,"Kutler, Courtney F",non-elite,1502,2912,4303,5743,7216,8754,10338,11872,1410,1391,1440,1473,1538,1584,1534
33780,"Rassel, Tanya D",non-elite,1502,2914,4337,5819,7307,8824,10371,11872,1412,1423,1482,1488,1517,1547,1501
33781,"Korth, Joshua L",non-elite,1356,2768,4214,5654,7130,8684,10276,11823,1412,1446,1440,1476,1554,1592,1547
33782,"Canik, Robert W",non-elite,1415,2820,4229,5657,7090,8594,10188,11778,1405,1409,1428,1433,1504,1594,1590
33783,"Cano, Ramses",non-elite,1194,2412,3707,5214,6775,8628,10234,11800,1218,1295,1507,1561,1853,1606,1566
33784,"Ramirez, Mario R",non-elite,1386,2759,4141,5573,7069,8634,10260,11822,1373,1382,1432,1496,1565,1626,1562
33785,"Huynh, Phat",non-elite,1365,2725,4087,5459,6851,8292,9840,11529,1360,1362,1372,1392,1441,1548,1689
33786,"Eden, Christine A.",non-elite,1411,2834,4246,5683,7092,8614,10232,11805,1423,1412,1437,1409,1522,1618,1573
33787,"Martinez, Adrian V. Sr.",non-elite,1358,2691,4025,5377,6768,8316,9858,11633,1333,1334,1352,1391,1548,1542,1775
33788,"Cunningham, Andrew R.",non-elite,1349,2728,4132,5559,7016,8565,10189,11789,1379,1404,1427,1457,1549,1624,1600
33789,"Mariani, Michael",non-elite,1366,2728,4083,5454,6852,8384,10031,11720,1362,1355,1371,1398,1532,1647,1689
33790,"Graves, Donavon",non-elite,1418,2879,4300,5761,7216,8698,10235,11744,1461,1421,1461,1455,1482,1537,1509
33791,"Mathieu, Rene",non-elite,1441,2863,4298,5760,7212,8710,10244,11746,1422,1435,1462,1452,1498,1534,1502
33792,"Aster, Richard",non-elite,1374,2777,4209,5688,7181,8715,10282,11835,1403,1432,1479,1493,1534,1567,1553
33793,"Kranjc, Gregor J",non-elite,1327,2654,4008,5420,6889,8494,10123,11773,1327,1354,1412,1469,1605,1629,1650
33794,"Lecount, Jonathan",non-elite,1330,2657,3984,5365,6828,8329,9975,11721,1327,1327,1381,1463,1501,1646,1746
33795,"Vesterbaek, Brian",non-elite,1291,2603,3977,5422,6904,8513,10185,11808,1312,1374,1445,1482,1609,1672,1623
33796,"Sun, Li",non-elite,1365,2662,3954,5311,6799,8456,9972,11771,1297,1292,1357,1488,1657,1516,1799
33797,"Hindmarsh, David",non-elite,1412,2834,4252,5695,7156,8669,10249,11799,1422,1418,1443,1461,1513,1580,1550
33798,"Hoyt, Mary J",non-elite,1554,3070,4552,6045,7467,8934,10392,11861,1516,1482,1493,1422,1467,1458,1469
33799,"Wheeler, Dwayne",non-elite,1455,2895,4374,5869,7345,8857,10387,11869,1440,1479,1495,1476,1512,1530,1482
33800,"Horwitz, Alan",non-elite,1428,2860,4272,5712,7135,8644,10222,11809,1432,1412,1440,1423,1509,1578,1587
33801,"Kinsey, David",non-elite,1363,2760,4172,5628,7099,8627,10203,11814,1397,1412,1456,1471,1528,1576,1611
33802,"Kelly, Katy",non-elite,1494,2981,4465,5945,7403,8897,10404,11864,1487,1484,1480,1458,1494,1507,1460
33803,"Audet, Donald",non-elite,1370,2685,4030,5415,6834,8345,9961,11718,1315,1345,1385,1419,1511,1616,1757
33804,"Railef, Hernan",non-elite,1420,2849,4279,5727,7183,8719,10286,11814,1429,1430,1448,1456,1536,1567,1528
33805,"King, Meagan B",non-elite,1450,2889,4342,5803,7255,8758,10294,11795,1439,1453,1461,1452,1503,1536,1501
33806,"Bolullo, Phil",non-elite,1333,2659,3988,5343,6772,8327,9966,11784,1326,1329,1355,1429,1555,1639,1818
33807,"Hlavacek, Steve",non-elite,1375,2764,4171,5602,7040,8557,10166,11725,1389,1407,1431,1438,1517,1609,1559
33808,"Wimert, Roderick M.",non-elite,1531,2990,4414,5852,7274,8752,10318,11852,1459,1424,1438,1422,1478,1566,1534
33809,"Sinclaire, Elizabeth",non-elite,1438,2874,4318,5819,7308,8831,10371,11860,1436,1444,1501,1489,1523,1540,1489
33810,"O'Brien, Caitlin H.",non-elite,1258,2495,3773,5128,6640,8223,10134,11813,1237,1278,1355,1512,1583,1911,1679
33811,"Manion, John A.",non-elite,1294,2584,3864,5211,6573,8036,9660,11699,1290,1280,1347,1362,1463,1624,2039
33812,"Chen, Reh-Lin",non-elite,1359,2730,4100,5487,6877,8364,9994,11726,1371,1370,1387,1390,1487,1630,1732
33813,"Taylor, Benjamin A.",non-elite,1654,3115,4582,5997,7430,8878,10381,11875,1461,1467,1415,1433,1448,1503,1494
33814,"Dionne, Ethan",non-elite,1218,2442,3677,5104,6550,8102,9805,11701,1224,1235,1427,1446,1552,1703,1896
33815,"Dick, Shaunavee",non-elite,1343,2703,4117,5613,7102,8647,10234,11814,1360,1414,1496,1489,1545,1587,1580
33816,"Wilhelm, Gary",non-elite,1288,2594,3930,5301,6711,8184,9779,11710,1306,1336,1371,1410,1473,1595,1931
33817,"Fenlason, Joel",non-elite,1315,2661,4037,5479,6968,8533,10161,11804,1346,1376,1442,1489,1565,1628,1643
33818,"Benson, Pat",non-elite,1236,2502,3890,5381,6930,8555,10199,11832,1266,1388,1491,1549,1625,1644,1633
33819,"Tsai, Edward",non-elite,1429,2856,4272,5729,7165,8718,10317,11827,1427,1416,1457,1436,1553,1599,1510
33820,"Rauch, James",non-elite,1207,2401,3605,5010,6492,8370,10156,11821,1194,1204,1405,1482,1878,1786,1665
33821,"Ledrew, William E.",non-elite,1451,2905,4346,5797,7233,8706,10229,11807,1454,1441,1451,1436,1473,1523,1578
33822,"Smokowski, Tomasz",non-elite,1393,2797,4234,5713,7205,8738,10270,11825,1404,1437,1479,1492,1533,1532,1555
33823,"Leighton, Kelly L.",non-elite,1413,2843,4273,5708,7161,8679,10316,11830,1430,1430,1435,1453,1518,1637,1514
33824,"Stacy, Deana",non-elite,1399,2800,4208,5700,7121,8635,10302,11848,1401,1408,1492,1421,1514,1667,1546
33825,"Blindt, Brian",non-elite,1388,2789,4197,5647,7143,8738,10352,11876,1401,1408,1450,1496,1595,1614,1524
33826,"Spears, Angela F.",non-elite,1427,2867,4302,5775,7239,8735,10281,11814,1440,1435,1473,1464,1496,1546,1533
33827,"Ackerman, Alissa",non-elite,1501,2990,4469,5949,7421,8920,10426,11881,1489,1479,1480,1472,1499,1506,1455
33828,"Murdock, Dan",non-elite,1342,2685,4043,5479,6953,8493,10105,11766,1343,1358,1436,1474,1540,1612,1661
33829,"Harrington, Neill",non-elite,1387,2803,4211,5643,7087,8592,10199,11809,1416,1408,1432,1444,1505,1607,1610
33830,"Hill, William L II",non-elite,1457,2902,4354,5822,7289,8784,10330,11873,1445,1452,1468,1467,1495,1546,1543
33831,"Cutifani, Bridie",non-elite,1451,2944,4439,5946,7456,8980,10509,11908,1493,1495,1507,1510,1524,1529,1399
33832,"Perry, Jeffrey",non-elite,1274,2572,3882,5221,6635,8167,9891,11724,1298,1310,1339,1414,1532,1724,1833
33833,"Yan, Kwok Hung",non-elite,1484,2912,4363,5841,7329,8834,10360,11853,1428,1451,1478,1488,1505,1526,1493
33834,"Bender, Shelley",non-elite,1304,2634,3994,5397,6870,8444,10116,11743,1330,1360,1403,1473,1574,1672,1627
33835,"Whicker, Tim",non-elite,1403,2808,4227,5661,7095,8602,10169,11771,1405,1419,1434,1434,1507,1567,1602
33836,"Oliver, Toddzilla",non-elite,1383,2782,4190,5625,7083,8568,10138,11723,1399,1408,1435,1458,1485,1570,1585
33837,"Stone, Beth R.",non-elite,1372,2762,4165,5611,7066,8595,10227,11814,1390,1403,1446,1455,1529,1632,1587
33838,"Bribiesca, Irma",non-elite,1383,2762,4183,5683,7136,8741,10326,11847,1379,1421,1500,1453,1605,1585,1521
33839,"Hejlik, Jenna",non-elite,1389,2837,4306,5775,7248,8769,10326,11834,1448,1469,1469,1473,1521,1557,1508
33840,"Mcilwain, Caitlin E",non-elite,1408,2809,4237,5730,7194,8751,10368,11873,1401,1428,1493,1464,1557,1617,1505
33841,"Martin, Terence J.",non-elite,1454,2877,4323,5765,7233,8747,10303,11857,1423,1446,1442,1468,1514,1556,1554
33842,"Perez, Cristina A",non-elite,1360,2741,4154,5756,7312,8846,10382,11877,1381,1413,1602,1556,1534,1536,1495
33843,"Moon, Michael T.",non-elite,1370,2712,4147,5587,7123,8692,10293,11839,1342,1435,1440,1536,1569,1601,1546
33844,"Krider, Jake",non-elite,1288,2586,3918,5315,6843,8441,10160,11819,1298,1332,1397,1528,1598,1719,1659
33845,"Clinebell, Janey M.",non-elite,1474,2916,4344,5764,7196,8716,10284,11814,1442,1428,1420,1432,1520,1568,1530
33846,"Kelly, Laura",non-elite,1365,2743,4141,5597,7047,8783,10361,11862,1378,1398,1456,1450,1736,1578,1501
33847,"Johnson, Benjamin",non-elite,1293,2573,3845,5164,6548,8160,9995,11787,1280,1272,1319,1384,1612,1835,1792
33848,"Mburu, Wes",non-elite,1516,2975,4468,5908,7341,8814,10323,11843,1459,1493,1440,1433,1473,1509,1520
33849,"Walter, Todd",non-elite,1478,2940,4380,5802,7238,8721,10268,11817,1462,1440,1422,1436,1483,1547,1549
33850,"Kinneman, Tom",non-elite,1400,2780,4203,5629,7089,8582,10191,11820,1380,1423,1426,1460,1493,1609,1629
33851,"Hall, Christina M.",non-elite,1360,2726,4133,5633,7184,8848,10387,11877,1366,1407,1500,1551,1664,1539,1490
33852,"Bartholomew, Tina",non-elite,1377,2787,4189,5653,7129,8694,10311,11829,1410,1402,1464,1476,1565,1617,1518
33853,"Liptak, Melinda",non-elite,1348,2708,4129,5640,7197,8737,10321,11855,1360,1421,1511,1557,1540,1584,1534
33854,"Griffin, John A",non-elite,1498,2987,4447,5922,7390,8911,10452,11893,1489,1460,1475,1468,1521,1541,1441
33855,"Mathews, Richard",non-elite,1449,2872,4316,5774,7227,8731,10293,11844,1423,1444,1458,1453,1504,1562,1551
33856,"Madison, Audrey K",non-elite,1426,2882,4347,5839,7323,8857,10396,11893,1456,1465,1492,1484,1534,1539,1497
33857,"Watkins, Natalie K",non-elite,1530,3027,4502,5981,7450,8941,10440,11908,1497,1475,1479,1469,1491,1499,1468
33858,"Claffie, Kristine",non-elite,1333,2674,4052,5500,6996,8563,10182,11805,1341,1378,1448,1496,1567,1619,1623
33859,"Jackson, Drew P.",non-elite,1401,2729,4053,5432,6854,8400,10083,11824,1328,1324,1379,1422,1546,1683,1741
33860,"Glaser, Cassandra",non-elite,1470,2913,4354,5816,7284,8832,10371,11880,1443,1441,1462,1468,1548,1539,1509
33861,"Wier, Kelly",non-elite,1412,2797,4171,5611,7075,8600,10197,11814,1385,1374,1440,1464,1525,1597,1617
33862,"Itzkovits, David",non-elite,1551,2943,4333,5745,7173,8664,10265,11805,1392,1390,1412,1428,1491,1601,1540
33863,"Geldwert, Daron",non-elite,1361,2730,4138,5578,7042,8585,10216,11796,1369,1408,1440,1464,1543,1631,1580
33864,"Ordonez Diez, Juan Lorenzo Sr.",non-elite,1361,2730,4124,5579,7031,8529,10111,11777,1369,1394,1455,1452,1498,1582,1666
33865,"Bedrin, Michael D",non-elite,1360,2743,4150,5598,7067,8601,10194,11807,1383,1407,1448,1469,1534,1593,1613
33866,"Fucinaro, Dan",non-elite,1361,2751,4190,5678,7173,8679,10218,11824,1390,1439,1488,1495,1506,1539,1606
33867,"Bernal Casillas, Alejandro",non-elite,1415,2810,4203,5631,7061,8522,10075,11706,1395,1393,1428,1430,1461,1553,1631
33868,"Wilson, Michelle J",non-elite,1444,2896,4359,5825,7285,8775,10327,11849,1452,1463,1466,1460,1490,1552,1522
33869,"Ross, Andrew",non-elite,1315,2647,4018,5434,6921,8448,10031,11771,1332,1371,1416,1487,1527,1583,1740
33870,"Riedle, Lauren E.",non-elite,1423,2855,4279,5723,7201,8727,10274,11832,1432,1424,1444,1478,1526,1547,1558
33871,"Viavattine, Joe R",non-elite,1199,2386,3604,4878,6188,7603,9385,11676,1187,1218,1274,1310,1415,1782,2291
33872,"Hobbs, Dave V",non-elite,1432,2871,4304,5767,7223,8760,10317,11848,1439,1433,1463,1456,1537,1557,1531
33873,"Salazar, Rud C.",non-elite,1406,2821,4248,5699,7157,8734,10317,11860,1415,1427,1451,1458,1577,1583,1543
33874,"Henry, Sarah E.",non-elite,1382,2769,4151,5536,6937,8475,10201,11830,1387,1382,1385,1401,1538,1726,1629
33875,"Spillane, Summer",non-elite,1509,3004,4501,6003,7481,8979,10473,11913,1495,1497,1502,1478,1498,1494,1440
33876,"Mckusick, Corey C",non-elite,1326,2680,4046,5471,6935,8503,10155,11787,1354,1366,1425,1464,1568,1652,1632
33877,"Luttinger, David A.",non-elite,1492,2927,4354,5773,7228,8730,10272,11837,1435,1427,1419,1455,1502,1542,1565
33878,"Lewis, John",non-elite,1426,2840,4284,5754,7220,8711,10276,11822,1414,1444,1470,1466,1491,1565,1546
33879,"Holmes, Jeff T.",non-elite,1397,2803,4221,5668,7126,8642,10211,11804,1406,1418,1447,1458,1516,1569,1593
33880,"Carroll, Grace",non-elite,1436,2869,4317,5781,7229,8723,10269,11794,1433,1448,1464,1448,1494,1546,1525
33881,"Arnold, Ed",non-elite,1491,2927,4355,5774,7228,8730,10272,11835,1436,1428,1419,1454,1502,1542,1563
33882,"Loong, Christine",non-elite,1448,2903,4367,5842,7308,8832,10376,11874,1455,1464,1475,1466,1524,1544,1498
33883,"Williams, Emily A",non-elite,1473,2914,4342,5786,7228,8721,10266,11819,1441,1428,1444,1442,1493,1545,1553
33884,"Biallas, Kevin",non-elite,1301,2596,3888,5208,6569,8163,9924,11722,1295,1292,1320,1361,1594,1761,1798
33885,"Axelsen, Bill",non-elite,1349,2695,4064,5497,6964,8525,10160,11784,1346,1369,1433,1467,1561,1635,1624
33886,"Bunn, Alex R",non-elite,1326,2673,4078,5498,6930,8440,10207,11754,1347,1405,1420,1432,1510,1767,1547
33887,"Chappelle, Kip",non-elite,1354,2734,4140,5586,7063,8635,10253,11812,1380,1406,1446,1477,1572,1618,1559
33888,"Rivera, Douglas",non-elite,1402,2775,4157,5582,7026,8561,10192,11831,1373,1382,1425,1444,1535,1631,1639
33889,"Steil, Ryan J",non-elite,1313,2644,3981,5351,6784,8383,10128,11763,1331,1337,1370,1433,1599,1745,1635
33890,"Alverson, Greg",non-elite,1459,2910,4369,5840,7279,8780,10323,11846,1451,1459,1471,1439,1501,1543,1523
33891,"Cummings, Kimberly N",non-elite,1338,2694,4107,5573,7017,8575,10198,11830,1356,1413,1466,1444,1558,1623,1632
33892,"Wiechman, Nichole",non-elite,1388,2791,4229,5683,7138,8683,10263,11837,1403,1438,1454,1455,1545,1580,1574
33893,"Furminger, Jonathan M.",non-elite,1385,2766,4147,5531,6931,8487,10124,11817,1381,1381,1384,1400,1556,1637,1693
33894,"Sanford, Stephen C.",non-elite,1320,2694,4096,5566,7078,8659,10294,11826,1374,1402,1470,1512,1581,1635,1532
33895,"Roman, Mauricio",non-elite,1395,2813,4243,5722,7200,8730,10342,11866,1418,1430,1479,1478,1530,1612,1524
33896,"Symons, Eric",non-elite,1289,2573,3851,5174,6666,8367,10182,11833,1284,1278,1323,1492,1701,1815,1651
33897,"Mcgruther, Jennifer J",non-elite,1498,2946,4404,5897,7384,8874,10374,11884,1448,1458,1493,1487,1490,1500,1510
33898,"Summers, Carly F",non-elite,1432,2871,4314,5781,7260,8804,10330,11843,1439,1443,1467,1479,1544,1526,1513
33899,"Thornhill, Craig",non-elite,1269,2548,3836,5162,6594,8295,10033,11775,1279,1288,1326,1432,1701,1738,1742
33900,"Hammond, Robert",non-elite,1504,2978,4446,5923,7396,8929,10417,11880,1474,1468,1477,1473,1533,1488,1463
33901,"Bisinger, Noelle E",non-elite,1412,2811,4231,5678,7120,8669,10286,11849,1399,1420,1447,1442,1549,1617,1563
33902,"Duval, Robert F",non-elite,1457,2917,4384,5866,7354,8876,10403,11879,1460,1467,1482,1488,1522,1527,1476
33903,"Lunt, Jamie L.",non-elite,1432,2873,4298,5731,7199,8723,10286,11836,1441,1425,1433,1468,1524,1563,1550
33904,"Pelliccia, Lydia G",non-elite,1438,2878,4309,5765,7245,8776,10338,11852,1440,1431,1456,1480,1531,1562,1514
33905,"Campbell, Kenneth",non-elite,1412,2830,4256,5720,7172,8697,10274,11814,1418,1426,1464,1452,1525,1577,1540
33906,"Waite, David C",non-elite,1369,2754,4173,5637,7117,8681,10276,11831,1385,1419,1464,1480,1564,1595,1555
33907,"Thompson, David A",non-elite,1412,2835,4268,5705,7118,8592,10126,11780,1423,1433,1437,1413,1474,1534,1654
33908,"Wyatt, Katherine H",non-elite,1401,2793,4191,5599,7020,8530,10052,11775,1392,1398,1408,1421,1510,1522,1723
33909,"Wilde, Erik",non-elite,1365,2739,4122,5536,6976,8514,10150,11807,1374,1383,1414,1440,1538,1636,1657
33910,"Lapointe, Simon",non-elite,1267,2502,3756,5021,6287,7662,9830,11790,1235,1254,1265,1266,1375,2168,1960
33911,"Wolff, Ryan",non-elite,1283,2587,3969,5393,6888,8453,10090,11833,1304,1382,1424,1495,1565,1637,1743
33912,"Haws, Tammy",non-elite,1473,2927,4396,5884,7417,8938,10446,11909,1454,1469,1488,1533,1521,1508,1463
33913,"Arundel, Maggie",non-elite,1340,2675,4043,5456,6908,8485,10082,11772,1335,1368,1413,1452,1577,1597,1690
33914,"Rudolph, Michael",non-elite,1390,2845,4290,5767,7221,8712,10274,11837,1455,1445,1477,1454,1491,1562,1563
33915,"Hitchcock, Randall J.",non-elite,1405,2829,4239,5645,7053,8533,10096,11781,1424,1410,1406,1408,1480,1563,1685
33916,"Cumberland, Winson",non-elite,1419,2843,4278,5745,7222,8729,10287,11861,1424,1435,1467,1477,1507,1558,1574
33917,"Sobral, Jorge Sr.",non-elite,1499,2918,4340,5784,7231,8760,10326,11862,1419,1422,1444,1447,1529,1566,1536
33918,"Rafalko, Dariusz",non-elite,1299,2619,3990,5471,6993,8620,10222,11818,1320,1371,1481,1522,1627,1602,1596
33919,"Keno, Colette",non-elite,1520,2973,4426,5873,7332,8850,10383,11875,1453,1453,1447,1459,1518,1533,1492
33920,"Carter, Vance R.",non-elite,1474,2925,4377,5837,7320,8843,10379,11867,1451,1452,1460,1483,1523,1536,1488
33921,"Hoessel, Hayes",non-elite,1311,2583,3902,5281,6757,8342,9985,11732,1272,1319,1379,1476,1585,1643,1747
33922,"Mangione, John",non-elite,1458,2907,4320,5732,7121,8578,10131,11732,1449,1413,1412,1389,1457,1553,1601
33923,"Crossot, Steven H",non-elite,1427,2859,4279,5713,7185,8715,10301,11856,1432,1420,1434,1472,1530,1586,1555
33924,"Stone, Duffie",non-elite,1423,2842,4249,5654,7059,8545,10185,11840,1419,1407,1405,1405,1486,1640,1655
33925,"Defeo, Kara J",non-elite,1454,2895,4342,5812,7289,8818,10375,11861,1441,1447,1470,1477,1529,1557,1486
33926,"Schmidt, Reinhardt",non-elite,1360,2703,4060,5451,6874,8390,10182,11835,1343,1357,1391,1423,1516,1792,1653
33927,"Sedicum, Victoria",non-elite,1348,2723,4135,5629,7128,8645,10197,11831,1375,1412,1494,1499,1517,1552,1634
33928,"Pritchard, Taylor",non-elite,1423,2794,4180,5587,7042,8572,10168,11814,1371,1386,1407,1455,1530,1596,1646
33929,"Cyr, Eric M",non-elite,1286,2576,4048,5512,7060,8630,10275,11871,1290,1472,1464,1548,1570,1645,1596
33930,"Hall, Michael",non-elite,1447,2896,4366,5846,7333,8844,10332,11832,1449,1470,1480,1487,1511,1488,1500
33931,"Rabideau, James",non-elite,1420,2837,4275,5764,7242,8747,10302,11869,1417,1438,1489,1478,1505,1555,1567
33932,"Monaghan, Sheila M",non-elite,1396,2787,4199,5662,7118,8705,10287,11867,1391,1412,1463,1456,1587,1582,1580
33933,"Horton, Katie A",non-elite,1514,3002,4477,5962,7435,8914,10436,11882,1488,1475,1485,1473,1479,1522,1446
33934,"Rabadan, Christine",non-elite,1444,2905,4370,5842,7292,8795,10332,11855,1461,1465,1472,1450,1503,1537,1523
33935,"Clarke, Peter F.",non-elite,1304,2643,3987,5359,6724,8181,9741,11732,1339,1344,1372,1365,1457,1560,1991
33936,"Pritchard, Cornelia",non-elite,1369,2781,4231,5739,7247,8843,10431,11899,1412,1450,1508,1508,1596,1588,1468
33937,"Sasek, George J",non-elite,1414,2852,4285,5740,7205,8723,10285,11828,1438,1433,1455,1465,1518,1562,1543
33938,"Rapp, Kathryn A",non-elite,1404,2787,4184,5627,7075,8638,10222,11796,1383,1397,1443,1448,1563,1584,1574
33939,"Dekker, Willem",non-elite,1329,2673,4038,5511,6964,8527,10136,11794,1344,1365,1473,1453,1563,1609,1658
33940,"Jux, Marc",non-elite,1400,2826,4292,5740,7194,8691,10276,11869,1426,1466,1448,1454,1497,1585,1593
33941,"Billen, Marie B",non-elite,1418,2838,4266,5763,7265,8813,10367,11877,1420,1428,1497,1502,1548,1554,1510
33942,"Bartholomew, Scott W",non-elite,1391,2771,4169,5607,7080,8622,10260,11871,1380,1398,1438,1473,1542,1638,1611
33943,"Jones, Neil R.",non-elite,1327,2637,3967,5314,6668,8370,9950,11860,1310,1330,1347,1354,1702,1580,1910
33944,"Moyao, Irma",non-elite,1432,2841,4268,5732,7222,8763,10322,11856,1409,1427,1464,1490,1541,1559,1534
33945,"Rice, James W",non-elite,1410,2803,4211,5574,6964,8468,10053,11729,1393,1408,1363,1390,1504,1585,1676
33946,"Bertenthal, Michelle",non-elite,1417,2853,4306,5782,7260,8819,10353,11880,1436,1453,1476,1478,1559,1534,1527
33947,"Newman, Holly M",non-elite,1397,2772,4167,5597,7053,8589,10219,11831,1375,1395,1430,1456,1536,1630,1612
33948,"Dolan, Thomas J",non-elite,1374,2792,4219,5725,7163,8693,10286,11845,1418,1427,1506,1438,1530,1593,1559
33949,"Doermann, Lindsey",non-elite,1487,2968,4462,5944,7390,8851,10352,11851,1481,1494,1482,1446,1461,1501,1499
33950,"Krupicka, Kenneth R. Jr.",non-elite,1382,2740,4079,5465,6854,8311,9890,11696,1358,1339,1386,1389,1457,1579,1806
33951,"Ransom, Stephen B",non-elite,1526,3026,4476,5959,7446,8930,10416,11879,1500,1450,1483,1487,1484,1486,1463
33952,"Lydstone, Haley A",non-elite,1419,2827,4270,5807,7376,8903,10457,11935,1408,1443,1537,1569,1527,1554,1478
33953,"Hickey Crowe, Nicola",non-elite,1423,2840,4282,5754,7230,8759,10329,11858,1417,1442,1472,1476,1529,1570,1529
33954,"Whittington, Eric L.",non-elite,1417,2832,4247,5690,7111,8570,10099,11728,1415,1415,1443,1421,1459,1529,1629
33955,"Garibay, Natalie B",non-elite,1436,2852,4274,5721,7175,8701,10301,11866,1416,1422,1447,1454,1526,1600,1565
33956,"Lee, Jim",non-elite,1395,2773,4168,5573,7027,8575,10187,11820,1378,1395,1405,1454,1548,1612,1633
33957,"Blankenship, Edward",non-elite,1335,2730,4114,5567,7109,8667,10273,11849,1395,1384,1453,1542,1558,1606,1576
33958,"Speltz, Timothy J",non-elite,1272,2562,3894,5862,7420,8881,10492,11921,1290,1332,1968,1558,1461,1611,1429
33959,"Mcinnis, Russ",non-elite,1413,2811,4235,5722,7214,8762,10388,11897,1398,1424,1487,1492,1548,1626,1509
33960,"Anklesaria, Rustom F.",non-elite,1449,2905,4346,5787,7232,8719,10281,11832,1456,1441,1441,1445,1487,1562,1551
33961,"Parsons, Dave W",non-elite,1410,2822,4216,5622,7048,8574,10188,11754,1412,1394,1406,1426,1526,1614,1566
33962,"Timbs, Mark",non-elite,1427,2894,4356,5853,7340,8852,10373,11868,1467,1462,1497,1487,1512,1521,1495
33963,"Naeth, Lisanne",non-elite,1408,2814,4232,5674,7125,8678,10285,11821,1406,1418,1442,1451,1553,1607,1536
33964,"Stothers, Samuel J",non-elite,1264,2528,3884,5263,6748,8365,10038,11767,1264,1356,1379,1485,1617,1673,1729
33965,"Marchese, Marco",non-elite,1370,2795,4259,5756,7264,8817,10373,11896,1425,1464,1497,1508,1553,1556,1523
33966,"Caul, Alan",non-elite,1332,2668,4001,5349,6709,8268,9992,11818,1336,1333,1348,1360,1559,1724,1826
33967,"Legresley, Daniel",non-elite,1431,2862,4308,5766,7227,8754,10313,11850,1431,1446,1458,1461,1527,1559,1537
33968,"Shallow, Colleen",non-elite,1480,2988,4464,5931,7390,8852,10360,11849,1508,1476,1467,1459,1462,1508,1489
33969,"Krekeler, David",non-elite,1518,3007,4489,5961,7427,8909,10425,11900,1489,1482,1472,1466,1482,1516,1475
33970,"Anderson, Matt",non-elite,1358,2715,4105,5539,7001,8566,10246,11844,1357,1390,1434,1462,1565,1680,1598
33971,"Baker, Kristen",non-elite,1416,2834,4260,5728,7211,8751,10320,11853,1418,1426,1468,1483,1540,1569,1533
33972,"Kane, John W.",non-elite,1389,2782,4205,5708,7195,8800,10398,11881,1393,1423,1503,1487,1605,1598,1483
33973,"Rowden, Bob",non-elite,1533,3039,4552,6035,7487,8988,10467,11902,1506,1513,1483,1452,1501,1479,1435
33974,"Roback, Donald",non-elite,1459,2922,4379,5846,7296,8798,10326,11870,1463,1457,1467,1450,1502,1528,1544
33975,"Corbett, Taylor R",non-elite,1453,2889,4331,5796,7257,8750,10293,11796,1436,1442,1465,1461,1493,1543,1503
33976,"Rumley, Michelle L",non-elite,1465,2923,4383,5865,7327,8845,10384,11883,1458,1460,1482,1462,1518,1539,1499
33977,"Levesque, Gilles",non-elite,1332,2686,4327,5879,7382,8884,10382,11897,1354,1641,1552,1503,1502,1498,1515
33978,"Clark, Chris",non-elite,1367,2736,4109,5491,6898,8386,9999,11737,1369,1373,1382,1407,1488,1613,1738
33979,"Sample, Jennifer",non-elite,1480,2954,4430,5910,7366,8845,10370,11872,1474,1476,1480,1456,1479,1525,1502
33980,"Cahill, Allison C.",non-elite,1499,2997,4471,5961,7445,8959,10459,11895,1498,1474,1490,1484,1514,1500,1436
33981,"Degen, Ashley",non-elite,1390,2765,4238,5719,7288,8795,10384,11881,1375,1473,1481,1569,1507,1589,1497
33982,"James, Kristen",non-elite,1428,2837,4272,5748,7231,8755,10318,11861,1409,1435,1476,1483,1524,1563,1543
33983,"Haase, Wendy M",non-elite,1428,2837,4273,5748,7231,8755,10319,11860,1409,1436,1475,1483,1524,1564,1541
33984,"Stone, Sara",non-elite,1413,2898,4387,5881,7359,8853,10382,11894,1485,1489,1494,1478,1494,1529,1512
33985,"Walsh, Joe",non-elite,1381,2746,4132,5632,7140,8759,10382,11889,1365,1386,1500,1508,1619,1623,1507
33986,"Greenberg, Matthew M",non-elite,1357,2730,4131,5557,6987,8509,10094,11736,1373,1401,1426,1430,1522,1585,1642
33987,"Huang, Chi-Mao",non-elite,1419,2839,4265,5733,7199,8730,10294,11843,1420,1426,1468,1466,1531,1564,1549
33988,"Trochalakis, Panos T",non-elite,1297,2589,3909,5306,6795,8380,10056,11771,1292,1320,1397,1489,1585,1676,1715
33989,"Dudley, Darrick",non-elite,1461,2952,4438,5947,7428,8939,10434,11911,1491,1486,1509,1481,1511,1495,1477
33990,"Laverty, Whitney K.",non-elite,1338,2687,4055,5454,6872,8404,10072,11715,1349,1368,1399,1418,1532,1668,1643
33991,"Ammermann, Hannah C",non-elite,1350,2708,4103,5536,7000,8533,10150,11804,1358,1395,1433,1464,1533,1617,1654
33992,"Bodary, Michael",non-elite,1351,2730,4122,5522,6911,8391,10018,11762,1379,1392,1400,1389,1480,1627,1744
33993,"Strapp, Michael",non-elite,1353,2706,4066,5429,6790,8244,9989,11774,1353,1360,1363,1361,1454,1745,1785
33994,"Jones, Phillip D.",non-elite,1399,2795,4206,5701,7199,8734,10307,11869,1396,1411,1495,1498,1535,1573,1562
33995,"Murray, Lauren",non-elite,1324,2647,4042,5489,6934,8443,10100,11806,1323,1395,1447,1445,1509,1657,1706
33996,"Degrace, Claude",non-elite,1427,2845,4283,5730,7192,8700,10276,11825,1418,1438,1447,1462,1508,1576,1549
33997,"Miller, Jennifer",non-elite,1491,2963,4447,5941,7437,8954,10457,11926,1472,1484,1494,1496,1517,1503,1469
33998,"Manfredi, Victoria",non-elite,1368,2754,4144,5562,7008,8564,10208,11838,1386,1390,1418,1446,1556,1644,1630
33999,"Allers, Tracey",non-elite,1486,2951,4413,5895,7376,8872,10371,11867,1465,1462,1482,1481,1496,1499,1496
34000,"Molins, Toby",non-elite,1427,2888,4377,5880,7386,8929,10458,11903,1461,1489,1503,1506,1543,1529,1445
34001,"Johnston, Jamie",non-elite,1435,2886,4333,5798,7274,8769,10322,11850,1451,1447,1465,1476,1495,1553,1528
34002,"Osada, Noriko",non-elite,1433,2870,4314,5782,7244,8770,10354,11872,1437,1444,1468,1462,1526,1584,1518
34003,"Barker, Fern A.",non-elite,1403,2768,4150,5567,7006,8524,10145,11821,1365,1382,1417,1439,1518,1621,1676
34004,"Uribe, Jorge",non-elite,1425,2836,4236,5657,7070,8539,10136,11720,1411,1400,1421,1413,1469,1597,1584
34005,"Kuchinad, Amar A",non-elite,1252,2533,3860,5238,6761,8402,10139,11870,1281,1327,1378,1523,1641,1737,1731
34006,"Grover, Kathleen",non-elite,1460,2891,4311,5778,7263,8794,10338,11895,1431,1420,1467,1485,1531,1544,1557
34007,"Davis, Phillip M Sr.",non-elite,1487,2959,4422,5898,7374,8879,10414,11893,1472,1463,1476,1476,1505,1535,1479
34008,"Gonon, Thierry",non-elite,1344,2686,4124,5606,7122,8654,10322,11827,1342,1438,1482,1516,1532,1668,1505
34009,"Cornman, Jeremy",non-elite,1281,2570,3882,5214,6587,8148,10105,11789,1289,1312,1332,1373,1561,1957,1684
34010,"Bienvenue, Joan M",non-elite,1507,3001,4475,5958,7431,8922,10412,11889,1494,1474,1483,1473,1491,1490,1477
34011,"Wilson, Daniel J",non-elite,1400,2791,4184,5624,7046,8542,10115,11809,1391,1393,1440,1422,1496,1573,1694
34012,"Hassert, James W",non-elite,1449,2937,4421,5919,7402,8897,10408,11887,1488,1484,1498,1483,1495,1511,1479
34013,"Jongsma, Alfred",non-elite,1392,2739,4089,5487,6953,8549,10175,11816,1347,1350,1398,1466,1596,1626,1641
34014,"Bolster, Carl",non-elite,1479,2941,4412,5893,7377,8875,10420,11893,1462,1471,1481,1484,1498,1545,1473
34015,"Didonato-Sroczenski, Gia",non-elite,1433,2866,4306,5772,7237,8771,10333,11881,1433,1440,1466,1465,1534,1562,1548
34016,"Verheugen, Henny",non-elite,1466,2965,4442,5916,7376,8863,10365,11874,1499,1477,1474,1460,1487,1502,1509
34017,"Fischer, Leanna",non-elite,1384,2789,4240,5791,7303,8839,10447,11952,1405,1451,1551,1512,1536,1608,1505
34018,"Huff, Monica",non-elite,1424,2825,4248,5713,7192,8773,10371,11885,1401,1423,1465,1479,1581,1598,1514
34019,"Carter, Kyle",non-elite,1498,3004,4474,5937,7405,8922,10448,11915,1506,1470,1463,1468,1517,1526,1467
34020,"Krucker, Andreas",non-elite,1252,2579,3978,5433,6934,8564,10196,11825,1327,1399,1455,1501,1630,1632,1629
34021,"Scott, Robert A.",non-elite,1494,2964,4453,5969,7441,8941,10443,11899,1470,1489,1516,1472,1500,1502,1456
34022,"Kaspzyk, Kevin N.",non-elite,1357,2711,4061,5425,6789,8203,9907,11734,1354,1350,1364,1364,1414,1704,1827
34023,"Brink, Peter",non-elite,1389,2821,4235,5699,7166,8665,10288,11886,1432,1414,1464,1467,1499,1623,1598
34024,"Kumar, Ajay",non-elite,1471,2873,4301,5742,7182,8675,10248,11866,1402,1428,1441,1440,1493,1573,1618
34025,"Strain, Dan J",non-elite,1507,2968,4419,5907,7364,8841,10405,11900,1461,1451,1488,1457,1477,1564,1495
34026,"Testa, Rebecca",non-elite,1373,2771,4241,5722,7206,8764,10323,11863,1398,1470,1481,1484,1558,1559,1540
34027,"Attar, Sarah",non-elite,1407,2821,4245,5691,7152,8686,10284,11857,1414,1424,1446,1461,1534,1598,1573
34028,"Barrett, Maria E.",non-elite,1416,2841,4261,5693,7122,8663,10239,11864,1425,1420,1432,1429,1541,1576,1625
34029,"Smialek, Anna M.",non-elite,1340,2695,4094,5566,7064,8650,10306,11878,1355,1399,1472,1498,1586,1656,1572
34030,"Hunter, Derek S",non-elite,1121,2271,3455,4676,5928,7308,9182,11810,1150,1184,1221,1252,1380,1874,2628
34031,"McCormack, Sheri M.",non-elite,1470,2917,4384,5856,7326,8849,10412,11901,1447,1467,1472,1470,1523,1563,1489
34032,"Ong, Simon",non-elite,1261,2516,3764,5082,6545,8245,10063,11797,1255,1248,1318,1463,1700,1818,1734
34033,"Maor, Eyal",non-elite,1404,2828,4245,5747,7194,8703,10293,11857,1424,1417,1502,1447,1509,1590,1564
34034,"Eriksen, Karsten L.",non-elite,1398,2803,4207,5623,7050,8563,10194,11835,1405,1404,1416,1427,1513,1631,1641
34035,"Mosher, Leon A. Jr.",non-elite,1459,2934,4386,5870,7340,8842,10390,11879,1475,1452,1484,1470,1502,1548,1489
34036,"Carreiro, Patricia",non-elite,1427,2845,4270,5701,7151,8662,10280,11868,1418,1425,1431,1450,1511,1618,1588
34037,"Perry, Joe A",non-elite,1343,2737,4161,5624,7071,8614,10230,11843,1394,1424,1463,1447,1543,1616,1613
34038,"Hartmann, Nicholas",non-elite,1292,2575,3881,5265,6762,8283,9941,11755,1283,1306,1384,1497,1521,1658,1814
34039,"Alexander, Scott",non-elite,1357,2731,4111,5553,7019,8533,10220,11824,1374,1380,1442,1466,1514,1687,1604
34040,"Brulo, Albert T",non-elite,1414,2823,4262,5701,7135,8619,10233,11793,1409,1439,1439,1434,1484,1614,1560
34041,"Merrithew, Carrie E.",non-elite,1436,2883,4369,5889,7392,8901,10412,11887,1447,1486,1520,1503,1509,1511,1475
34042,"Biaggi, Whitney A",non-elite,1448,2889,4345,5833,7294,8815,10379,11917,1441,1456,1488,1461,1521,1564,1538
34043,"Khawaja, Jacks A.",non-elite,1358,2699,4034,5373,6700,8099,9634,11672,1341,1335,1339,1327,1399,1535,2038
34045,"Bravo, Ricardo",non-elite,1342,2696,4069,5477,6952,8471,10278,11863,1354,1373,1408,1475,1519,1807,1585
34046,"Anderson, Neil G.",non-elite,1500,2925,4429,5907,7363,8858,10406,11915,1425,1504,1478,1456,1495,1548,1509
34047,"Mimouni-Rongy, Manuelle",non-elite,1410,2803,4208,5628,7080,8644,10249,11825,1393,1405,1420,1452,1564,1605,1576
34048,"Cameron, Scott P.",non-elite,1418,2826,4249,5713,7140,8675,10245,11851,1408,1423,1464,1427,1535,1570,1606
34049,"Rancourt, Jasmin",non-elite,1520,3032,4542,6072,7623,9065,10518,11933,1512,1510,1530,1551,1442,1453,1415
34050,"Vogel, Matthew",non-elite,1327,2639,3968,5294,6629,8072,9836,11810,1312,1329,1326,1335,1443,1764,1974
34051,"Grimaldi, Vince",non-elite,1422,2862,4313,5771,7233,8768,10338,11863,1440,1451,1458,1462,1535,1570,1525
34052,"McNeil, Mike",non-elite,1434,2879,4323,5780,7209,8715,10270,11842,1445,1444,1457,1429,1506,1555,1572
34053,"Fiore, Dan",non-elite,1383,2775,4197,5684,7148,8653,10223,11859,1392,1422,1487,1464,1505,1570,1636
34054,"Brown, Audrey E",non-elite,1355,2747,4180,5634,7093,8634,10331,11884,1392,1433,1454,1459,1541,1697,1553
34055,"Eaton, James",non-elite,1335,2671,4011,5367,6707,8090,9635,11708,1336,1340,1356,1340,1383,1545,2073
34056,"Peterson, Chris",non-elite,1356,2741,4134,5571,6988,8514,10153,11830,1385,1393,1437,1417,1526,1639,1677
34057,"Perez, Luis",non-elite,1330,2679,4040,5420,6864,8386,10006,11769,1349,1361,1380,1444,1522,1620,1763
34058,"Velting, Aaron M",non-elite,1448,2907,4358,5810,7269,8798,10352,11895,1459,1451,1452,1459,1529,1554,1543
34059,"Moreau, Andre Sr.",non-elite,1465,2928,4392,5864,7326,8856,10406,11893,1463,1464,1472,1462,1530,1550,1487
34060,"Henry, Ryan M.",non-elite,1280,2538,3811,5123,6496,8030,9786,11697,1258,1273,1312,1373,1534,1756,1911
34061,"Mahar-Piersma, Auke",non-elite,1353,2706,4043,5401,6749,8142,9628,11793,1353,1337,1358,1348,1393,1486,2165
34062,"Cai, Chao",non-elite,1344,2770,4226,5696,7147,8705,10327,11902,1426,1456,1470,1451,1558,1622,1575
34063,"Lane, Marissa",non-elite,1348,2691,4001,5385,6783,8230,9970,11817,1343,1310,1384,1398,1447,1740,1847
34064,"Baker, Henry H",non-elite,1361,2744,4159,5630,7136,8667,10270,11849,1383,1415,1471,1506,1531,1603,1579
34065,"Bushman, Lou M Jr.",non-elite,1335,2704,4080,5479,6908,8544,10183,11818,1369,1376,1399,1429,1636,1639,1635
34066,"Fletcher, Grant P",non-elite,1254,2555,3964,5525,7075,8654,10253,11892,1301,1409,1561,1550,1579,1599,1639
34067,"Graham, Bianca M.",non-elite,1451,2940,4422,5951,7432,8933,10444,11912,1489,1482,1529,1481,1501,1511,1468
34068,"Rodriguez Marizcurrena, Alejandro",non-elite,1466,2946,4399,5855,7306,8802,10328,11881,1480,1453,1456,1451,1496,1526,1553
34069,"Aquillano, Nicole",non-elite,1467,2912,4366,5838,7324,8848,10396,11898,1445,1454,1472,1486,1524,1548,1502
34070,"Lanoie, Yann",non-elite,1341,2702,4079,5503,6967,8517,10314,11870,1361,1377,1424,1464,1550,1797,1556
34071,"Lefebvre, Sylvain",non-elite,1414,2808,4222,5667,7118,8647,10281,11837,1394,1414,1445,1451,1529,1634,1556
34072,"Dahn, Tim D",non-elite,1344,2684,4042,5434,6822,8277,9926,11747,1340,1358,1392,1388,1455,1649,1821
34073,"Powell, Michael L.",non-elite,1306,2623,3961,5359,6774,8295,10001,11773,1317,1338,1398,1415,1521,1706,1772
34074,"Aarons, Sarah",non-elite,1413,2832,4283,5775,7258,8799,10381,11899,1419,1451,1492,1483,1541,1582,1518
34075,"Robinson, Megan",non-elite,1455,2929,4412,5894,7382,8905,10433,11907,1474,1483,1482,1488,1523,1528,1474
34076,"Hetzer, Nicole K",non-elite,1423,2870,4333,5812,7279,8814,10386,11890,1447,1463,1479,1467,1535,1572,1504
34077,"Martin, Lisa D.",non-elite,1380,2765,4204,5713,7209,8747,10338,11883,1385,1439,1509,1496,1538,1591,1545
34078,"Benedict, Kate W",non-elite,1449,2855,4264,5689,7138,8662,10339,11905,1406,1409,1425,1449,1524,1677,1566
34079,"Davis, Kellie",non-elite,1487,2983,4470,5952,7428,8940,10441,11906,1496,1487,1482,1476,1512,1501,1465
34080,"Todd, Joe J.",non-elite,1370,2780,4198,5687,7191,8728,10299,11863,1410,1418,1489,1504,1537,1571,1564
34081,"Barr, Margaret",non-elite,1452,2916,4364,5820,7249,8732,10270,11833,1464,1448,1456,1429,1483,1538,1563
34082,"Hernberg, Matthew T",non-elite,1272,2503,3725,4944,6207,7584,9647,11768,1231,1222,1219,1263,1377,2063,2121
34083,"Boettcher, Bruce",non-elite,1398,2750,4157,5648,7181,8765,10398,11891,1352,1407,1491,1533,1584,1633,1493
34084,"Killeen, Sean",non-elite,1293,2683,4098,5559,7076,8629,10248,11841,1390,1415,1461,1517,1553,1619,1593
34085,"Filer, Tay",non-elite,1273,2530,3759,5017,6502,8256,10058,11868,1257,1229,1258,1485,1754,1802,1810
34086,"Schwenk, Kristen",non-elite,1483,2956,4421,5893,7360,8853,10386,11912,1473,1465,1472,1467,1493,1533,1526
34087,"Kroupa, Bob",non-elite,1430,2885,4324,5799,7284,8800,10344,11876,1455,1439,1475,1485,1516,1544,1532
34088,"Blasko, Christopher D",non-elite,1321,2630,3949,5293,6675,8202,9954,11763,1309,1319,1344,1382,1527,1752,1809
34089,"Dolphin, Martin W",non-elite,1301,2616,3946,5305,6745,8349,10252,11867,1315,1330,1359,1440,1604,1903,1615
34090,"Berry, Kassandra",non-elite,1454,2896,4348,5796,7250,8774,10333,11870,1442,1452,1448,1454,1524,1559,1537
34091,"Beck, Matthew",non-elite,1324,2635,3936,5234,6532,7897,9660,11715,1311,1301,1298,1298,1365,1763,2055
34092,"Bradley, Sarah",non-elite,1424,2849,4295,5823,7342,8865,10421,11911,1425,1446,1528,1519,1523,1556,1490
34093,"Erdel, Ansley",non-elite,1381,2777,4220,5721,7234,8767,10349,11894,1396,1443,1501,1513,1533,1582,1545
34094,"Delarosbil, Tony",non-elite,1388,2786,4202,5679,7144,8689,10248,11869,1398,1416,1477,1465,1545,1559,1621
34095,"Cooper, Peter L.",non-elite,1317,2638,3985,5367,6754,8278,9994,11781,1321,1347,1382,1387,1524,1716,1787
34096,"Qian, Yaozu",non-elite,1261,2550,3899,5301,6759,8335,10118,11882,1289,1349,1402,1458,1576,1783,1764
34097,"Rossi, Romain",non-elite,1420,2853,4298,5787,7264,8801,10364,11881,1433,1445,1489,1477,1537,1563,1517
34098,"Campanelli, Vince",non-elite,1403,2795,4202,5658,7192,8736,10322,11866,1392,1407,1456,1534,1544,1586,1544
34099,"Lochala, Carly",non-elite,1450,2927,4414,5924,7390,8904,10429,11922,1477,1487,1510,1466,1514,1525,1493
34100,"Keating, Paul K",non-elite,1343,2718,4178,5698,7247,8754,10312,11866,1375,1460,1520,1549,1507,1558,1554
34101,"Mota, Noe Sr.",non-elite,1448,2883,4293,5755,7257,8843,10423,11919,1435,1410,1462,1502,1586,1580,1496
34102,"Padilla Morales, Sergio",non-elite,1404,2788,4179,5621,7061,8629,10255,11853,1384,1391,1442,1440,1568,1626,1598
34103,"Nuruki, Jeffrey R",non-elite,1334,2669,4024,5392,6753,8190,9863,11757,1335,1355,1368,1361,1437,1673,1894
34104,"Obrebski, Andrzej",non-elite,1366,2686,4018,5384,6790,8289,10163,11857,1320,1332,1366,1406,1499,1874,1694
34105,"Silva Filho, Milton P. Sr.",non-elite,1347,2752,4191,5650,7093,8599,10183,11898,1405,1439,1459,1443,1506,1584,1715
34106,"Daniel, Kate",non-elite,1445,2889,4308,5772,7221,8732,10317,11873,1444,1419,1464,1449,1511,1585,1556
34107,"Rasch, Carrie A",non-elite,1454,2897,4359,5841,7321,8838,10387,11919,1443,1462,1482,1480,1517,1549,1532
34108,"Grady, Melissa",non-elite,1480,2954,4429,5910,7366,8846,10371,11892,1474,1475,1481,1456,1480,1525,1521
34109,"O'Sullivan, Amy",non-elite,1525,3017,4500,5972,7435,8919,10434,11906,1492,1483,1472,1463,1484,1515,1472
34110,"Nickel, Kristen J.",non-elite,1491,2975,4440,5930,7409,8950,10464,11929,1484,1465,1490,1479,1541,1514,1465
34111,"Frasier, Ricky L",non-elite,1490,2958,4438,5944,7430,8935,10433,11875,1468,1480,1506,1486,1505,1498,1442
34112,"Lundgren, Carolyn A",non-elite,1409,2832,4255,5726,7167,8704,10336,11864,1423,1423,1471,1441,1537,1632,1528
34113,"Ezzo, Mark J",non-elite,1466,2903,4373,5854,7358,8898,10457,11937,1437,1470,1481,1504,1540,1559,1480
34114,"Lund, Mario J.",non-elite,1185,2472,3798,5138,6545,8113,10053,11804,1287,1326,1340,1407,1568,1940,1751
34115,"Renteria, Andres",non-elite,1311,2640,3998,5426,6867,8460,10201,11869,1329,1358,1428,1441,1593,1741,1668
34116,"Tanasic, Marko",non-elite,1386,2774,4189,5640,7170,8706,10310,11876,1388,1415,1451,1530,1536,1604,1566
34117,"Olsen, Brian P.",non-elite,1269,2562,3886,5350,6900,8489,10163,11832,1293,1324,1464,1550,1589,1674,1669
34118,"Willford, Alison",non-elite,1544,3022,4493,5987,7469,8972,10467,11929,1478,1471,1494,1482,1503,1495,1462
34119,"Godale, Mark",non-elite,1416,2840,4275,5744,7169,8633,10160,11803,1424,1435,1469,1425,1464,1527,1643
34120,"Craft, Amy H",non-elite,1355,2697,4050,5415,6888,8416,10100,11867,1342,1353,1365,1473,1528,1684,1767
34121,"House, Daniel T.",non-elite,1386,2801,4236,5730,7241,8803,10370,11896,1415,1435,1494,1511,1562,1567,1526
34122,"Keller, Regina M.",non-elite,1408,2804,4225,5710,7134,8629,10265,11853,1396,1421,1485,1424,1495,1636,1588
34123,"Conley, Steve",non-elite,1320,2637,3972,5333,6788,8458,10155,11836,1317,1335,1361,1455,1670,1697,1681
34124,"Malbran, Maria Jose",non-elite,1342,2673,4060,5550,7035,8584,10188,11813,1331,1387,1490,1485,1549,1604,1625
34125,"Cohen, Gregory D.",non-elite,1415,2835,4258,5742,7213,8774,10329,11864,1420,1423,1484,1471,1561,1555,1535
34126,"Hammond, Lauren",non-elite,1404,2835,4270,5735,7214,8748,10332,11900,1431,1435,1465,1479,1534,1584,1568
34127,"West, Al",non-elite,1289,2589,3899,5270,6806,8459,10178,11834,1300,1310,1371,1536,1653,1719,1656
34128,"Gao, Bibo",non-elite,1337,2741,4219,5741,7243,8796,10363,11893,1404,1478,1522,1502,1553,1567,1530
34129,"Novotny, Amy",non-elite,1384,2778,4180,5640,7093,8618,10218,11847,1394,1402,1460,1453,1525,1600,1629
34130,"Travis, Tiffany J",non-elite,1463,2940,4419,5895,7365,8885,10426,11921,1477,1479,1476,1470,1520,1541,1495
34131,"Matteis, Lauren",non-elite,1492,2969,4449,5945,7429,8952,10475,11937,1477,1480,1496,1484,1523,1523,1462
34132,"Harlock, David A.",non-elite,1384,2766,4140,5528,6915,8393,10123,11827,1382,1374,1388,1387,1478,1730,1704
34133,"Skold, Stefan",non-elite,1241,2503,3866,5237,6722,8439,10155,11786,1262,1363,1371,1485,1717,1716,1631
34134,"Diskerud, Kim",non-elite,1402,2782,4159,5592,7054,8597,10199,11842,1380,1377,1433,1462,1543,1602,1643
34135,"Matthews, Phoebe G.",non-elite,1502,2939,4397,5862,7342,8904,10479,11938,1437,1458,1465,1480,1562,1575,1459
34136,"Jackson, Corinna",non-elite,1436,2868,4322,5791,7260,8813,10395,11917,1432,1454,1469,1469,1553,1582,1522
34137,"Orten, Mercedes E",non-elite,1549,2996,4420,5882,7368,8873,10429,11905,1447,1424,1462,1486,1505,1556,1476
34138,"Harmon, Meaghan",non-elite,1436,2901,4358,5839,7324,8845,10390,11909,1465,1457,1481,1485,1521,1545,1519
34139,"Mi, Kan",non-elite,1364,2723,4091,5502,6894,8413,10135,11847,1359,1368,1411,1392,1519,1722,1712
34140,"Brand, Jeff B.",non-elite,1395,2740,4108,5508,6904,8414,10137,11843,1345,1368,1400,1396,1510,1723,1706
34141,"Bakker, Jordan",non-elite,1311,2628,3959,5347,6840,8390,10057,11885,1317,1331,1388,1493,1550,1667,1828
34142,"Lubetsky, Caryn",non-elite,1398,2813,4251,5735,7224,8781,10376,11911,1415,1438,1484,1489,1557,1595,1535
34143,"Whitlock, Gabriel A",non-elite,1347,2628,3912,5264,6716,8309,10016,11792,1281,1284,1352,1452,1593,1707,1776
34144,"Sheptock, Tatiana",non-elite,1288,2570,3848,5197,6644,8490,10239,11903,1282,1278,1349,1447,1846,1749,1664
34145,"Paglia, Abigail",non-elite,1442,2885,4321,5756,7205,8722,10295,11911,1443,1436,1435,1449,1517,1573,1616
34146,"Cabrera Juarez, Nancy Sr.",non-elite,1356,2701,4098,5557,7051,8646,10299,11899,1345,1397,1459,1494,1595,1653,1600
34147,"Harris, Arthur",non-elite,1518,3028,4526,6038,7524,9034,10529,11967,1510,1498,1512,1486,1510,1495,1438
34148,"Occhino, Patrick T",non-elite,1432,2864,4280,5727,7216,8760,10352,11913,1432,1416,1447,1489,1544,1592,1561
34149,"Clarke, Holly J.",non-elite,1302,2642,4050,5659,7259,8847,10441,11931,1340,1408,1609,1600,1588,1594,1490
34150,"Mann, Jim",non-elite,1288,2627,4036,5560,7109,8701,10296,11885,1339,1409,1524,1549,1592,1595,1589
34151,"Allen, Todd J",non-elite,1422,2862,4325,5769,7206,8723,10314,11897,1440,1463,1444,1437,1517,1591,1583
34152,"Heffernan, Daniel P",non-elite,1355,2700,4042,5401,6751,8175,9744,11671,1345,1342,1359,1350,1424,1569,1927
34153,"Dal Santo, Vanina",non-elite,1334,2721,4204,5688,7153,8700,10295,11875,1387,1483,1484,1465,1547,1595,1580
34154,"Clark, Erin E.",non-elite,1429,2872,4310,5781,7253,8800,10356,11904,1443,1438,1471,1472,1547,1556,1548
34155,"Ma, Chian",non-elite,1224,2509,3854,5236,6646,8250,9969,11760,1285,1345,1382,1410,1604,1719,1791
34156,"Angelo, Jenny",non-elite,1428,2855,4282,5770,7241,8778,10364,11909,1427,1427,1488,1471,1537,1586,1545
34157,"Weiss, Candice",non-elite,1387,2826,4255,5709,7165,8663,10182,11844,1439,1429,1454,1456,1498,1519,1662
34158,"Lund, Trace M.",non-elite,1424,2847,4282,5750,7207,8731,10318,11884,1423,1435,1468,1457,1524,1587,1566
34159,"Miller, Alex J.",non-elite,1256,2525,3793,5131,6686,8349,10149,11852,1269,1268,1338,1555,1663,1800,1703
34161,"Metz, Melinda J",non-elite,1471,2912,4354,5809,7283,8808,10351,11887,1441,1442,1455,1474,1525,1543,1536
34162,"Dant, Renee L",non-elite,1399,2777,4193,5650,7132,8691,10315,11886,1378,1416,1457,1482,1559,1624,1571
34163,"Garcia, Yaritza Sr.",non-elite,1420,2834,4302,5798,7308,8854,10432,11913,1414,1468,1496,1510,1546,1578,1481
34164,"Roose, Charles E.",non-elite,1405,2839,4298,5795,7273,8770,10328,11877,1434,1459,1497,1478,1497,1558,1549
34165,"Kaufman, Sarah E.",non-elite,1454,2902,4343,5802,7234,8695,10209,11817,1448,1441,1459,1432,1461,1514,1608
34166,"Crous, Martin",non-elite,1449,2890,4328,5783,7237,8744,10304,11871,1441,1438,1455,1454,1507,1560,1567
34167,"Meuer, Molly",non-elite,1433,2849,4293,5751,7221,8740,10307,11871,1416,1444,1458,1470,1519,1567,1564
34168,"Malanaphy, Liam",non-elite,1372,2827,4295,5777,7279,8803,10348,11911,1455,1468,1482,1502,1524,1545,1563
34169,"Martinez, Alejandro D.",non-elite,1456,2911,4371,5900,7395,8959,10519,11953,1455,1460,1529,1495,1564,1560,1434
34170,"Ormond, Stephanie",non-elite,1459,2908,4340,5826,7315,8862,10420,11930,1449,1432,1486,1489,1547,1558,1510
34171,"Wood, Josh",non-elite,1448,2892,4351,5809,7259,8767,10318,11864,1444,1459,1458,1450,1508,1551,1546
34172,"Wingood, Mariana",non-elite,1368,2763,4234,5761,7243,8808,10391,11916,1395,1471,1527,1482,1565,1583,1525
34173,"Crawford, Kathleen M.",non-elite,1410,2822,4250,5700,7177,8720,10318,11913,1412,1428,1450,1477,1543,1598,1595
34174,"Staggs, Ryan C",non-elite,1285,2581,3945,5409,6910,8531,10211,11858,1296,1364,1464,1501,1621,1680,1647
34175,"Phariss, Mitchell",non-elite,1548,3062,4515,6008,7446,8938,10449,11903,1514,1453,1493,1438,1492,1511,1454
34176,"Dallao, John",non-elite,1415,2827,4246,5684,7130,8667,10283,11877,1412,1419,1438,1446,1537,1616,1594
34177,"Miller, James W",non-elite,1229,2470,3823,5177,6615,8211,9979,11766,1241,1353,1354,1438,1596,1768,1787
34178,"Won, Richard",non-elite,1445,2880,4264,5673,7066,8537,10180,11790,1435,1384,1409,1393,1471,1643,1610
34179,"Tollefson, Andrew R",non-elite,1349,2723,4099,5493,6946,8452,10189,11842,1374,1376,1394,1453,1506,1737,1653
34180,"Bourgeois, Antoine",non-elite,1415,2798,4193,5611,7034,8521,10056,11695,1383,1395,1418,1423,1487,1535,1639
34181,"Reen, Catherine E",non-elite,1505,2968,4428,5946,7443,8939,10464,11952,1463,1460,1518,1497,1496,1525,1488
34182,"Depaolis, Alison N",non-elite,1510,3023,4496,5966,7435,8959,10478,11959,1513,1473,1470,1469,1524,1519,1481
34183,"Bauta, William",non-elite,1446,2886,4307,5751,7193,8673,10217,11810,1440,1421,1444,1442,1480,1544,1593
34184,"Borden, Robert R",non-elite,1294,2558,3897,5360,6888,8441,10134,11806,1264,1339,1463,1528,1553,1693,1672
34185,"Frank, Brian",non-elite,1371,2789,4200,5649,7095,8661,10266,11867,1418,1411,1449,1446,1566,1605,1601
34186,"Matzuka, Lauren",non-elite,1467,2946,4434,5945,7446,8982,10500,11952,1479,1488,1511,1501,1536,1518,1452
34187,"Koulibali, Lazeni",non-elite,1441,2892,4358,5829,7313,8828,10384,11922,1451,1466,1471,1484,1515,1556,1538
34188,"Shillings, Gretchen",non-elite,1389,2766,4140,5559,7049,8611,10210,11855,1377,1374,1419,1490,1562,1599,1645
34189,"Kuhn, Tracey",non-elite,1396,2766,4168,5626,7097,8676,10313,11890,1370,1402,1458,1471,1579,1637,1577
34190,"Fernandez, Jacinto",non-elite,1365,2743,4119,5514,6907,8395,9965,11718,1378,1376,1395,1393,1488,1570,1753
34191,"Whitecar, Nicole K",non-elite,1484,2967,4422,5881,7330,8828,10380,11911,1483,1455,1459,1449,1498,1552,1531
34192,"Sinclair, Ian",non-elite,1406,2837,4295,5742,7204,8778,10354,11904,1431,1458,1447,1462,1574,1576,1550
34193,"Nickerson, James A Jr.",non-elite,1406,2807,4214,5684,7193,8746,10314,11818,1401,1407,1470,1509,1553,1568,1504
34194,"Hlebain, Rick",non-elite,1491,2946,4361,5793,7229,8718,10261,11879,1455,1415,1432,1436,1489,1543,1618
34195,"Petersen, Thomas L",non-elite,1309,2650,4053,5498,6960,8525,10206,11863,1341,1403,1445,1462,1565,1681,1657
34196,"Baumbach, Heidi",non-elite,1435,2875,4305,5781,7239,8760,10318,11883,1440,1430,1476,1458,1521,1558,1565
34197,"Lunde, Elizabeth",non-elite,1480,2954,4446,5970,7470,8976,10476,11940,1474,1492,1524,1500,1506,1500,1464
34198,"Wright, Zea",non-elite,1435,2876,4304,5781,7239,8760,10318,11883,1441,1428,1477,1458,1521,1558,1565
34199,"Woods, Thomas R.",non-elite,1416,2872,4339,5814,7344,8853,10399,11906,1456,1467,1475,1530,1509,1546,1507
34200,"Friedland, Jonathan",non-elite,1459,2918,4377,5818,7269,8777,10361,11903,1459,1459,1441,1451,1508,1584,1542
34201,"Konishi, Hiro",non-elite,1469,2909,4366,5801,7251,8760,10322,11883,1440,1457,1435,1450,1509,1562,1561
34202,"Rosinia, Frank",non-elite,1342,2733,4145,5608,7095,8662,10290,11872,1391,1412,1463,1487,1567,1628,1582
34203,"Kozely, David",non-elite,1428,2821,4225,5691,7189,8752,10332,11901,1393,1404,1466,1498,1563,1580,1569
34204,"Waddell, Rob W.",non-elite,1398,2778,4147,5555,7067,8571,10139,11801,1380,1369,1408,1512,1504,1568,1662
34205,"Corral, Chris",non-elite,1210,2407,3611,4923,6804,9059,10483,11922,1197,1204,1312,1881,2255,1424,1439
34206,"Tousley, Adelaide R.",non-elite,1455,2911,4365,5826,7280,8799,10385,11922,1456,1454,1461,1454,1519,1586,1537
34207,"Munger, Daniel R",non-elite,1284,2569,3874,5259,6844,8432,10138,11861,1285,1305,1385,1585,1588,1706,1723
34208,"Treitler, Christian",non-elite,1380,2712,4054,5560,7122,8764,10472,11903,1332,1342,1506,1562,1642,1708,1431
34209,"Vancitters, Lauren M",non-elite,1449,2878,4306,5772,7252,8801,10380,11925,1429,1428,1466,1480,1549,1579,1545
34210,"Canas, David P",non-elite,1286,2625,4062,5493,6960,8594,10228,11829,1339,1437,1431,1467,1634,1634,1601
34211,"Bliss, Emily",non-elite,1455,2915,4379,5843,7311,8813,10376,11908,1460,1464,1464,1468,1502,1563,1532
34212,"Chamberlin, Rachael",non-elite,1468,2906,4345,5789,7256,8741,10347,11887,1438,1439,1444,1467,1485,1606,1540
34213,"Widman, Wil Jr.",non-elite,1283,2589,3975,5391,6924,8676,10321,11883,1306,1386,1416,1533,1752,1645,1562
34214,"Kornev, Sergey",non-elite,1313,2645,3989,5363,6800,8364,10085,11824,1332,1344,1374,1437,1564,1721,1739
34215,"Szych, David P",non-elite,1373,2759,4127,5521,6963,8526,10171,11849,1386,1368,1394,1442,1563,1645,1678
34216,"Moore, Meggan E",non-elite,1442,2873,4313,5805,7300,8836,10384,11913,1431,1440,1492,1495,1536,1548,1529
34217,"Wert, Jonathan M",non-elite,1317,2645,3988,5402,6862,8366,10159,11862,1328,1343,1414,1460,1504,1793,1703
34218,"Torquemada, Pedro Sr.",non-elite,1317,2620,3947,5359,6872,8641,10305,11893,1303,1327,1412,1513,1769,1664,1588
34219,"Stanojev, Alexandra M",non-elite,1334,2681,4043,5426,6823,8441,10217,11879,1347,1362,1383,1397,1618,1776,1662
34220,"Vanderloop, Ryan",non-elite,1346,2698,4062,5483,6905,8432,10040,11713,1352,1364,1421,1422,1527,1608,1673
34221,"Peralta Ramirez, Gustavo Adolfo",non-elite,1327,2653,3985,5341,6687,8149,9895,11732,1326,1332,1356,1346,1462,1746,1837
34222,"Chu, Han-Chi",non-elite,1394,2804,4217,5701,7204,8769,10356,11895,1410,1413,1484,1503,1565,1587,1539
34223,"Wedemeyer, Russ J",non-elite,1306,2604,3905,5252,6853,8492,10319,11855,1298,1301,1347,1601,1639,1827,1536
34224,"O'Shea, Magdalen P",non-elite,1416,2802,4215,5692,7165,8732,10307,11904,1386,1413,1477,1473,1567,1575,1597
34225,"Augelli, Ettore",non-elite,1403,2866,4316,5809,7288,8798,10348,11886,1463,1450,1493,1479,1510,1550,1538
34226,"Wichita, Erik",non-elite,1347,2678,4036,5439,6868,8425,10135,11870,1331,1358,1403,1429,1557,1710,1735
34227,"Ng, Ngee Hung",non-elite,1365,2712,4072,5504,6965,8509,10160,11820,1347,1360,1432,1461,1544,1651,1660
34228,"Small, Donald",non-elite,1326,2661,4026,5440,6884,8424,10127,11832,1335,1365,1414,1444,1540,1703,1705
34229,"Santiago, Maggie",non-elite,1428,2875,4345,5839,7330,8860,10404,11910,1447,1470,1494,1491,1530,1544,1506
34230,"Whitrock, Julia",non-elite,1460,2936,4401,5877,7366,8917,10463,11957,1476,1465,1476,1489,1551,1546,1494
34231,"Aswell, Bobby Jr.",non-elite,1338,2673,4037,5448,6888,8449,10150,11876,1335,1364,1411,1440,1561,1701,1726
34232,"Mittal, Ankita B.",non-elite,1510,2979,4456,5946,7426,8960,10494,11954,1469,1477,1490,1480,1534,1534,1460
34233,"Kaminski, Chuck",non-elite,1388,2784,4215,5671,7151,8718,10336,11871,1396,1431,1456,1480,1567,1618,1535
34234,"Ball, David C.",non-elite,1403,2827,4271,5756,7240,8779,10364,11887,1424,1444,1485,1484,1539,1585,1523
34235,"Rogers, Frank",non-elite,1452,2917,4388,5896,7410,8954,10485,11957,1465,1471,1508,1514,1544,1531,1472
34236,"Korzenik, Alfredo",non-elite,1326,2635,3950,5353,6853,8427,10096,11831,1309,1315,1403,1500,1574,1669,1735
34237,"Kenny, Peter G",non-elite,1354,2717,4096,5523,7007,8598,10192,11800,1363,1379,1427,1484,1591,1594,1608
34238,"Shank, Jessica",non-elite,1394,2792,4219,5671,7148,8715,10315,11908,1398,1427,1452,1477,1567,1600,1593
34239,"Vardi, Moshe",non-elite,1298,2619,4039,5540,7070,8643,10308,11941,1321,1420,1501,1530,1573,1665,1633
34240,"Bittar, Roberto D.",non-elite,1319,2680,4072,5504,6963,8522,10208,11860,1361,1392,1432,1459,1559,1686,1652
34241,"Reiss, Jeremy M",non-elite,1353,2708,4123,5557,7037,8571,10149,11819,1355,1415,1434,1480,1534,1578,1670
34242,"Taylor, Wade A.",non-elite,1331,2687,4041,5423,6825,8458,10086,11801,1356,1354,1382,1402,1633,1628,1715
34243,"Conte, Gennaro",non-elite,1336,2656,3987,5367,6922,8519,10272,11868,1320,1331,1380,1555,1597,1753,1596
34244,"Marshall, Gary A",non-elite,1296,2629,3998,5454,6922,8499,10143,11848,1333,1369,1456,1468,1577,1644,1705
34245,"Tomasulo, Anna F",non-elite,1441,2869,4310,5763,7211,8722,10402,11917,1428,1441,1453,1448,1511,1680,1515
34246,"Galiano, Caesar",non-elite,1368,2714,4079,5469,6849,8281,9890,11762,1346,1365,1390,1380,1432,1609,1872
34247,"Sum, Anthony",non-elite,1470,2925,4382,5869,7343,8855,10403,11928,1455,1457,1487,1474,1512,1548,1525
34248,"Von Arnim, Dietlof",non-elite,1495,2986,4476,5942,7400,8884,10388,11863,1491,1490,1466,1458,1484,1504,1475
34249,"Powers, Christi",non-elite,1463,2961,4461,5947,7427,8938,10454,11943,1498,1500,1486,1480,1511,1516,1489
34250,"Rich, Philippe",non-elite,1308,2673,4084,5533,7015,8565,10185,11850,1365,1411,1449,1482,1550,1620,1665
34251,"Coullahan, Brian T",non-elite,1419,2831,4244,5713,7192,8734,10315,11900,1412,1413,1469,1479,1542,1581,1585
34252,"Wallack, Douglas K",non-elite,1206,2430,3681,4945,6331,8034,9940,11903,1224,1251,1264,1386,1703,1906,1963
34253,"Phipps, David",non-elite,1295,2609,3928,5306,6756,8383,10112,11821,1314,1319,1378,1450,1627,1729,1709
34254,"Donlon, Eileen M.",non-elite,1431,2844,4273,5712,7163,8691,10288,11893,1413,1429,1439,1451,1528,1597,1605
34255,"Oe, Hidemi",non-elite,1532,3031,4492,5960,7406,8916,10463,11962,1499,1461,1468,1446,1510,1547,1499
34256,"Higgins, Crystal M",non-elite,1431,2895,4382,5865,7351,8881,10414,11935,1464,1487,1483,1486,1530,1533,1521
34257,"Fass, Jonathan B.",non-elite,1317,2671,4067,5546,7061,8645,10291,11870,1354,1396,1479,1515,1584,1646,1579
34258,"Hacker, Kevin",non-elite,1466,2926,4400,5908,7427,8958,10496,11953,1460,1474,1508,1519,1531,1538,1457
34259,"Tabata, Yosuke",non-elite,1357,2736,4151,5621,7119,8700,10315,11890,1379,1415,1470,1498,1581,1615,1575
34260,"Wisniewski, Erika",non-elite,1456,2912,4385,5883,7364,8890,10434,11929,1456,1473,1498,1481,1526,1544,1495
34261,"Neland, Kristin",non-elite,1432,2876,4332,5837,7330,8877,10440,11936,1444,1456,1505,1493,1547,1563,1496
34262,"McElhaney, Brian",non-elite,1271,2553,3819,5186,6644,8337,10147,11885,1282,1266,1367,1458,1693,1810,1738
34263,"Hamilton, David C",non-elite,1267,2517,3794,5200,6764,8408,10144,11880,1250,1277,1406,1564,1644,1736,1736
34264,"Larson, Kirk",non-elite,1307,2574,3841,5153,6569,8193,9937,11752,1267,1267,1312,1416,1624,1744,1815
34265,"Allen, Mark",non-elite,1329,2658,4017,5397,6804,8404,10111,11839,1329,1359,1380,1407,1600,1707,1728
34266,"Bohorquez, Andres",non-elite,1337,2703,4079,5494,6930,8438,10064,11789,1366,1376,1415,1436,1508,1626,1725
34267,"Fredriksson, Stefan",non-elite,1400,2780,4174,5598,7120,8696,10306,11876,1380,1394,1424,1522,1576,1610,1570
34268,"Pickering, Bradley R.",non-elite,1280,2584,3867,5202,6588,8182,9970,11776,1304,1283,1335,1386,1594,1788,1806
34269,"Troilo, Frank",non-elite,1390,2766,4198,5647,7177,8683,10258,11875,1376,1432,1449,1530,1506,1575,1617
34270,"Kemp, Sarah",non-elite,1346,2760,4216,5726,7215,8768,10363,11937,1414,1456,1510,1489,1553,1595,1574
34271,"Naito, Kay",non-elite,1389,2769,4168,5615,7073,8619,10283,11877,1380,1399,1447,1458,1546,1664,1594
34272,"Paniagua, Marines",non-elite,1450,2926,4403,5883,7372,8888,10416,11920,1476,1477,1480,1489,1516,1528,1504
34273,"Winkelman, Susan B",non-elite,1416,2855,4295,5770,7241,8776,10374,11903,1439,1440,1475,1471,1535,1598,1529
34274,"Morrow, Bret A",non-elite,1425,2845,4271,5709,7144,8664,10320,11892,1420,1426,1438,1435,1520,1656,1572
34275,"Goulet, Gaetan",non-elite,1441,2937,4371,5819,7255,8772,10320,11888,1496,1434,1448,1436,1517,1548,1568
34276,"Craffey, Michele",non-elite,1498,2985,4469,5955,7426,8924,10442,11931,1487,1484,1486,1471,1498,1518,1489
34277,"Wu, Yihua",non-elite,1510,2954,4389,5857,7308,8826,10386,11923,1444,1435,1468,1451,1518,1560,1537
34278,"Whipple, Shannon",non-elite,1406,2817,4271,5826,7271,8796,10377,11914,1411,1454,1555,1445,1525,1581,1537
34279,"Burns, Shawn",non-elite,1313,2661,4038,5444,6874,8446,10090,11806,1348,1377,1406,1430,1572,1644,1716
34280,"Rizzo Cascio, Fabio",non-elite,1155,2413,3599,4853,6223,7726,9547,11700,1258,1186,1254,1370,1503,1821,2153
34281,"Corbet, Etienne P.",non-elite,1466,2872,4332,5830,7299,8837,10396,11901,1406,1460,1498,1469,1538,1559,1505
34282,"Forest-Magne, Joanne R.",non-elite,1389,2829,4292,5761,7229,8762,10344,11882,1440,1463,1469,1468,1533,1582,1538
34283,"Candido, Matheus D.",non-elite,1578,3089,4577,6083,7567,9037,10532,11975,1511,1488,1506,1484,1470,1495,1443
34284,"Woskow, Greg",non-elite,1390,2789,4196,5669,7119,8643,10245,11910,1399,1407,1473,1450,1524,1602,1665
34285,"Smith, Matthew",non-elite,1343,2659,3965,5328,6737,8298,10069,11837,1316,1306,1363,1409,1561,1771,1768
34286,"Giusti, Ambrogino",non-elite,1294,2578,3924,5321,6755,8537,10281,11914,1284,1346,1397,1434,1782,1744,1633
34287,"Wilson, Catherine A.",non-elite,1480,2983,4478,5983,7476,9002,10538,11978,1503,1495,1505,1493,1526,1536,1440
34288,"Johnson, Jillian V",non-elite,1387,2795,4256,5666,7066,8549,10160,11858,1408,1461,1410,1400,1483,1611,1698
34289,"Krohne, Eric D",non-elite,1352,2706,4031,5385,6796,8326,10032,11832,1354,1325,1354,1411,1530,1706,1800
34290,"Mchale, David R",non-elite,1419,2871,4317,5781,7251,8750,10292,11871,1452,1446,1464,1470,1499,1542,1579
34291,"Grier, Brian M",non-elite,1366,2778,4207,5682,7181,8722,10305,11960,1412,1429,1475,1499,1541,1583,1655
34292,"Camp, John T",non-elite,1371,2790,4224,5723,7225,8791,10374,11941,1419,1434,1499,1502,1566,1583,1567
34293,"Bieri, Scott A",non-elite,1420,2829,4241,5648,7051,8491,10073,11903,1409,1412,1407,1403,1440,1582,1830
34294,"Boisvert, Yves",non-elite,1443,2888,4318,5762,7197,8729,10348,11905,1445,1430,1444,1435,1532,1619,1557
34295,"Holwell, Dermot W",non-elite,1412,2804,4197,5641,7146,8720,10312,11905,1392,1393,1444,1505,1574,1592,1593
34296,"Shaw, Sara",non-elite,1456,2907,4367,5841,7311,8826,10415,11932,1451,1460,1474,1470,1515,1589,1517
34297,"Hartung, Lisa A",non-elite,1457,2917,4389,5879,7376,8901,10441,11955,1460,1472,1490,1497,1525,1540,1514
34298,"Zhao, Yang",non-elite,1284,2560,3839,5141,6567,8109,9868,11800,1276,1279,1302,1426,1542,1759,1932
34299,"Reddy, Steve",non-elite,1307,2612,3924,5313,6776,8381,10080,11841,1305,1312,1389,1463,1605,1699,1761
34300,"McVeigh, Erin C.",non-elite,1421,2861,4311,5773,7242,8759,10325,11893,1440,1450,1462,1469,1517,1566,1568
34301,"VanderZand, Bob",non-elite,1358,2729,4102,5531,6995,8571,10247,11903,1371,1373,1429,1464,1576,1676,1656
34302,"Hunt, Larry L",non-elite,1360,2710,4042,5406,6877,8544,10245,11909,1350,1332,1364,1471,1667,1701,1664
34303,"Balestrini, David J",non-elite,1402,2827,4283,5783,7280,8821,10379,11924,1425,1456,1500,1497,1541,1558,1545
34304,"Rawleigh, Michelle C",non-elite,1488,2953,4413,5897,7360,8857,10378,11941,1465,1460,1484,1463,1497,1521,1563
34306,"Kerper, Warren",non-elite,1424,2868,4304,5764,7229,8746,10322,11899,1444,1436,1460,1465,1517,1576,1577
34307,"Lapointe, Jean",non-elite,1417,2826,4240,5666,7106,8614,10158,11882,1409,1414,1426,1440,1508,1544,1724
34308,"Fray, Ana L.",non-elite,1520,2988,4449,5941,7419,8926,10457,11964,1468,1461,1492,1478,1507,1531,1507
34309,"Walter, Katie O.",non-elite,1315,2644,3978,5362,6809,8363,10091,11842,1329,1334,1384,1447,1554,1728,1751
34310,"Siqueira, Alessandra S",non-elite,1436,2866,4300,5758,7250,8790,10376,11925,1430,1434,1458,1492,1540,1586,1549
34311,"Mackay, Ben R",non-elite,1244,2509,3824,5243,6808,8454,10153,11856,1265,1315,1419,1565,1646,1699,1703
34312,"Wolverton, Jamie",non-elite,1241,2755,4171,5648,7266,8808,10316,11929,1514,1416,1477,1618,1542,1508,1613
34313,"Tripp, Tony",non-elite,1374,2783,4172,5604,7058,8662,10296,11896,1409,1389,1432,1454,1604,1634,1600
34314,"Chelak, Kevin M",non-elite,1263,2545,3861,5237,6667,8207,9983,11822,1282,1316,1376,1430,1540,1776,1839
34315,"Berends, Jeff",non-elite,1448,2861,4276,5735,7213,8762,10339,11905,1413,1415,1459,1478,1549,1577,1566
34316,"Lawson, Sawyer P",non-elite,1344,2705,4094,5524,6953,8525,10163,11839,1361,1389,1430,1429,1572,1638,1676
34317,"Pearson, Hannah",non-elite,1471,2936,4382,5828,7271,8767,10377,11946,1465,1446,1446,1443,1496,1610,1569
34318,"Stone, Allie C",non-elite,1413,2829,4258,5724,7210,8752,10348,11918,1416,1429,1466,1486,1542,1596,1570
34319,"Sicienski, Katherine M.",non-elite,1513,2981,4461,5954,7440,8976,10483,11965,1468,1480,1493,1486,1536,1507,1482
34320,"Truex, Melissa",non-elite,1349,2703,4072,5529,7069,8622,10253,11907,1354,1369,1457,1540,1553,1631,1654
34321,"Tanaka, Miho",non-elite,1431,2885,4351,5836,7314,8847,10365,11895,1454,1466,1485,1478,1533,1518,1530
34322,"Kinealy, Bridget",non-elite,1467,2934,4389,5854,7472,8968,10477,11961,1467,1455,1465,1618,1496,1509,1484
34323,"Redd, Beth",non-elite,1425,2840,4241,5713,7180,8727,10313,11902,1415,1401,1472,1467,1547,1586,1589
34324,"Chechik, Daniel",non-elite,1324,2672,4023,5424,6891,8433,10134,11876,1348,1351,1401,1467,1542,1701,1742
34325,"Goldstein, Michelle",non-elite,1493,3013,4519,6036,7505,8992,10494,11997,1520,1506,1517,1469,1487,1502,1503
34326,"Krebs, Jeff",non-elite,1466,2926,4405,5889,7376,8887,10434,11944,1460,1479,1484,1487,1511,1547,1510
34327,"Crowley, Chuck",non-elite,1351,2699,4055,5491,7012,8627,10311,11914,1348,1356,1436,1521,1615,1684,1603
34328,"Greco, Mario Sr.",non-elite,1353,2737,4108,5510,6915,8433,10066,11792,1384,1371,1402,1405,1518,1633,1726
34329,"Gohlke, Kristen A",non-elite,1459,2935,4390,5843,7301,8817,10386,11929,1476,1455,1453,1458,1516,1569,1543
34330,"Brenzikofer, Toni",non-elite,1375,2784,4231,5723,7218,8883,10425,11934,1409,1447,1492,1495,1665,1542,1509
34331,"Brainerd, Marcie G",non-elite,1395,2831,4278,5750,7215,8761,10368,11924,1436,1447,1472,1465,1546,1607,1556
34332,"Rinaldi, Gia",non-elite,1392,2785,4207,5674,7152,8689,10274,11836,1393,1422,1467,1478,1537,1585,1562
34333,"Riordan, Lisa A",non-elite,1413,2844,4304,5827,7320,8848,10398,11932,1431,1460,1523,1493,1528,1550,1534
34334,"Grossweiler, David J",non-elite,1318,2642,3997,5372,6772,8273,10032,11862,1324,1355,1375,1400,1501,1759,1830
34335,"Hansen, Mike N.",non-elite,1450,2905,4365,5823,7284,8794,10355,11910,1455,1460,1458,1461,1510,1561,1555
34336,"Macdonald, Jeanne L",non-elite,1416,2826,4248,5696,7138,8628,10281,11904,1410,1422,1448,1442,1490,1653,1623
34337,"St-Jacques, Carl",non-elite,1301,2641,3973,5363,6780,8338,10054,11831,1340,1332,1390,1417,1558,1716,1777
34338,"Kado, John",non-elite,1433,2846,4256,5682,7111,8689,10349,11959,1413,1410,1426,1429,1578,1660,1610
34339,"Sandham, David A",non-elite,1334,2654,3983,5357,6815,8393,10148,11850,1320,1329,1374,1458,1578,1755,1702
34340,"Otieno, Beryl",non-elite,1391,2798,4229,5704,7186,8763,10347,11893,1407,1431,1475,1482,1577,1584,1546
34341,"Smith, Ezekiel S.",non-elite,1248,2630,4155,5675,7168,8739,10339,11937,1382,1525,1520,1493,1571,1600,1598
34342,"Harrison, James 'Jay' G. III",non-elite,1318,2649,3994,5370,6766,8296,10009,11923,1331,1345,1376,1396,1530,1713,1914
34343,"Stoyles, Amy L.",non-elite,1482,2994,4477,5960,7428,8942,10473,11960,1512,1483,1483,1468,1514,1531,1487
34344,"Yu, Dongjian",non-elite,1448,2925,4386,5865,7330,8861,10434,11941,1477,1461,1479,1465,1531,1573,1507
34345,"Corbey, Gerald T. Jr.",non-elite,1448,2864,4282,5735,7225,8768,10397,11925,1416,1418,1453,1490,1543,1629,1528
34346,"Lajoie, Nancy",non-elite,1447,2918,4381,5877,7367,8873,10448,11957,1471,1463,1496,1490,1506,1575,1509
34347,"Haas, Brittany D",non-elite,1462,2912,4360,5833,7315,8841,10433,11954,1450,1448,1473,1482,1526,1592,1521
34348,"Battle, Francois",non-elite,1204,2422,3680,5186,6753,8466,10251,11951,1218,1258,1506,1567,1713,1785,1700
34349,"Sapia, Gary",non-elite,1317,2664,4059,5515,7069,8620,10246,11873,1347,1395,1456,1554,1551,1626,1627
34350,"Drews, Ellen",non-elite,1526,3031,4516,6005,7478,8959,10460,11968,1505,1485,1489,1473,1481,1501,1508
34351,"Bammer, Roland",non-elite,1387,2804,4232,5724,7209,8753,10330,11924,1417,1428,1492,1485,1544,1577,1594
34352,"Sieben, Katie",non-elite,1478,2988,4483,5985,7481,8987,10487,11959,1510,1495,1502,1496,1506,1500,1472
34353,"Szumilo, Andrzej",non-elite,1373,2742,4141,5608,7108,8680,10368,11925,1369,1399,1467,1500,1572,1688,1557
34354,"Ortiz, Jose",non-elite,1432,2850,4257,5731,7213,8780,10359,11925,1418,1407,1474,1482,1567,1579,1566
34355,"Enriquez, Alejandra",non-elite,1372,2805,4261,5780,7305,8838,10437,11947,1433,1456,1519,1525,1533,1599,1510
34356,"Fung, Kevin C",non-elite,1267,2513,3763,5024,6336,8014,9921,11830,1246,1250,1261,1312,1678,1907,1909
34357,"Gannett, Cara",non-elite,1442,2868,4304,5763,7216,8745,10325,11897,1426,1436,1459,1453,1529,1580,1572
34358,"Holland, Andy",non-elite,1382,2814,4274,5783,7275,8814,10494,11961,1432,1460,1509,1492,1539,1680,1467
34359,"Lagueux, Russell P",non-elite,1346,2689,4044,5439,6886,8452,10099,11819,1343,1355,1395,1447,1566,1647,1720
34360,"Hersh, Melissa L",non-elite,1448,2842,4258,5693,7149,8682,10325,11909,1394,1416,1435,1456,1533,1643,1584
34361,"Melville, David M.",non-elite,1352,2685,4023,5399,6783,8290,9985,11725,1333,1338,1376,1384,1507,1695,1740
34362,"Robinson, Brent",non-elite,1333,2667,4003,5406,6915,8560,10271,11963,1334,1336,1403,1509,1645,1711,1692
34363,"Knutson, Molly E.",non-elite,1407,2841,4300,5778,7256,8814,10401,11940,1434,1459,1478,1478,1558,1587,1539
34364,"Montini, Paul J.",non-elite,1319,2640,3963,5343,6897,8528,10237,11896,1321,1323,1380,1554,1631,1709,1659
34365,"Kleckner, Dave",non-elite,1377,2771,4173,5597,7065,8616,10289,11903,1394,1402,1424,1468,1551,1673,1614
34366,"Benson, Cassandra M.",non-elite,1467,2908,4368,5837,7281,8811,10384,11948,1441,1460,1469,1444,1530,1573,1564
34367,"Johansson, Rasmus",non-elite,1318,2669,4122,5627,7197,8782,10400,11955,1351,1453,1505,1570,1585,1618,1555
34368,"Quick, Kara",non-elite,1439,2846,4288,5773,7286,8875,10426,11947,1407,1442,1485,1513,1589,1551,1521
34369,"Deitos, Gabrielle",non-elite,1402,2804,4225,5727,7208,8746,10333,11911,1402,1421,1502,1481,1538,1587,1578
34370,"Engel, Katelyn E",non-elite,1470,2954,4429,5922,7397,8924,10437,11945,1484,1475,1493,1475,1527,1513,1508
34371,"Ptacek, Lubor",non-elite,1322,2658,4033,5494,7025,8679,10367,11950,1336,1375,1461,1531,1654,1688,1583
34372,"Moore, Daron",non-elite,1420,2859,4287,5757,7196,8707,10271,11853,1439,1428,1470,1439,1511,1564,1582
34373,"Hospers, Jamie",non-elite,1262,2538,3798,5131,6634,8443,10227,11872,1276,1260,1333,1503,1809,1784,1645
34374,"Tam, Wong Fai",non-elite,1259,2659,4046,5551,7034,8629,10322,11890,1400,1387,1505,1483,1595,1693,1568
34375,"Fechik, Rachel A.",non-elite,1461,2904,4356,5844,7325,8825,10343,11887,1443,1452,1488,1481,1500,1518,1544
34376,"Mondejar, Francis",non-elite,1418,2851,4321,5783,7244,8737,10276,11893,1433,1470,1462,1461,1493,1539,1617
34377,"Winrow, Marcia A",non-elite,1384,2754,4161,5653,7228,8817,10412,11947,1370,1407,1492,1575,1589,1595,1535
34378,"Song, Xiangyang",non-elite,1490,2988,4481,5966,7467,8981,10501,11967,1498,1493,1485,1501,1514,1520,1466
34379,"Floss, Peter",non-elite,1401,2834,4295,5805,7319,8876,10456,11971,1433,1461,1510,1514,1557,1580,1515
34380,"Wong, Timothy C.",non-elite,1453,2926,4413,5919,7404,8961,10513,12006,1473,1487,1506,1485,1557,1552,1493
34381,"Roy, Sebastien",non-elite,1343,2685,4042,5436,6848,8375,10105,11888,1342,1357,1394,1412,1527,1730,1783
34382,"Maxwell, Bruce A",non-elite,1345,2685,4072,5503,6956,8460,10090,11740,1340,1387,1431,1453,1504,1630,1650
34383,"Thomson, Timothy",non-elite,1342,2684,4023,5390,6805,8447,10203,11880,1342,1339,1367,1415,1642,1756,1677
34384,"Murray, Mike J",non-elite,1363,2732,4109,5563,6971,8459,10065,11814,1369,1377,1454,1408,1488,1606,1749
34385,"Kareiva, Holly",non-elite,1453,2903,4373,5866,7351,8889,10452,11967,1450,1470,1493,1485,1538,1563,1515
34386,"Zimmerer, Eliza",non-elite,1514,2983,4444,5928,7402,8917,10473,11978,1469,1461,1484,1474,1515,1556,1505
34387,"Clapp, Michael",non-elite,1352,2706,4126,5624,7107,8619,10166,11861,1354,1420,1498,1483,1512,1547,1695
34388,"Lessard, Thomas",non-elite,1238,2477,3726,4995,6299,7593,9081,11775,1239,1249,1269,1304,1294,1488,2694
34389,"Killip, Jeffrey T",non-elite,1448,2910,4374,5858,7310,8784,10299,11865,1462,1464,1484,1452,1474,1515,1566
34390,"Moeller, Daniel",non-elite,1315,2625,3951,5328,6774,8305,10043,11821,1310,1326,1377,1446,1531,1738,1778
34391,"Whitworth, Maria P.",non-elite,1543,3028,4477,5964,7447,8969,10476,11946,1485,1449,1487,1483,1522,1507,1470
34392,"Mcdowell, Jason L",non-elite,1305,2620,3949,5302,6690,8224,9954,11829,1315,1329,1353,1388,1534,1730,1875
34393,"Adams, Dominic",non-elite,1369,2705,4047,5415,6837,8367,10085,11826,1336,1342,1368,1422,1530,1718,1741
34394,"Hutchison, Hannah",non-elite,1522,3011,4513,6017,7516,9022,10513,11977,1489,1502,1504,1499,1506,1491,1464
34395,"Riou, Nicolas",non-elite,1349,2721,4127,5585,7071,8710,10303,11925,1372,1406,1458,1486,1639,1593,1622
34396,"O'Bannon, Alexander",non-elite,1241,2496,3777,5150,6573,8116,10221,11932,1255,1281,1373,1423,1543,2105,1711
34397,"Rosenblum, Michael",non-elite,1331,2668,4028,5465,6972,8561,10291,11925,1337,1360,1437,1507,1589,1730,1634
34398,"Treasure, Angela L",non-elite,1423,2829,4254,5698,7127,8606,10175,11900,1406,1425,1444,1429,1479,1569,1725
34399,"Harrison, Bob",non-elite,1295,2595,3961,5488,7091,8818,10411,12001,1300,1366,1527,1603,1727,1593,1590
34400,"Latonas, Sarah",non-elite,1481,2946,4402,5859,7337,8865,10430,11954,1465,1456,1457,1478,1528,1565,1524
34401,"Guichard, Scott",non-elite,1777,3256,4725,6206,7667,9139,10590,12036,1479,1469,1481,1461,1472,1451,1446
34402,"Jacobs, Rubesh",non-elite,1505,2917,4314,5739,7187,8676,10252,11921,1412,1397,1425,1448,1489,1576,1669
34403,"Pedreira, Rachel",non-elite,1427,2799,4179,5622,7109,8637,10235,11893,1372,1380,1443,1487,1528,1598,1658
34404,"Harrington, Fawn R.",non-elite,1392,2768,4165,5602,7034,8529,10187,11878,1376,1397,1437,1432,1495,1658,1691
34405,"Labrecque, Jean-Maxime",non-elite,1422,2859,4351,5868,7400,8954,10505,12002,1437,1492,1517,1532,1554,1551,1497
34406,"Toran, Jacobo",non-elite,1266,2581,3968,5437,6978,8601,10238,11864,1315,1387,1469,1541,1623,1637,1626
34407,"Rodriguez-Ramos, Janytzabell",non-elite,1374,2784,4251,5769,7296,8859,10415,11946,1410,1467,1518,1527,1563,1556,1531
34408,"Tiemann, Andrew",non-elite,1454,2917,4394,5891,7379,8894,10436,11958,1463,1477,1497,1488,1515,1542,1522
34409,"Bell, Grant",non-elite,1030,2108,3244,4466,5735,7112,8587,10653,1078,1136,1222,1269,1377,1475,2066
34410,"Carstens-Potter, Charisa H.",non-elite,1500,2976,4450,5940,7419,8940,10469,11961,1476,1474,1490,1479,1521,1529,1492
34411,"Siwik, Amy",non-elite,1342,2694,4075,5484,6944,8511,10167,11841,1352,1381,1409,1460,1567,1656,1674
34412,"Schreiber, Amanda K",non-elite,1370,2742,4124,5515,6927,8514,10182,11869,1372,1382,1391,1412,1587,1668,1687
34413,"Prelle, Warren",non-elite,1325,2686,4047,5540,6989,8614,10249,11921,1361,1361,1493,1449,1625,1635,1672
34414,"Ulicny, Jennifer",non-elite,1380,2769,4171,5626,7102,8666,10308,11932,1389,1402,1455,1476,1564,1642,1624
34415,"Roche, Pat J",non-elite,1427,2871,4327,5789,7239,8747,10313,11898,1444,1456,1462,1450,1508,1566,1585
34416,"Harley, Stephen",non-elite,1386,2806,4252,5740,7239,8781,10348,11920,1420,1446,1488,1499,1542,1567,1572
34417,"Russen, Rodney",non-elite,1327,2658,4015,5467,6912,8386,10156,11925,1331,1357,1452,1445,1474,1770,1769
34418,"Hamilton, Russell",non-elite,1416,2846,4302,5765,7227,8731,10309,11911,1430,1456,1463,1462,1504,1578,1602
34419,"Sweetland, Kimberly",non-elite,1442,2885,4327,5779,7239,8763,10351,11938,1443,1442,1452,1460,1524,1588,1587
34420,"Gregg, Gary E.",non-elite,1402,2828,4261,5723,7211,8783,10381,11963,1426,1433,1462,1488,1572,1598,1582
34421,"Brouwer, Maura",non-elite,1442,2886,4327,5779,7239,8763,10351,11938,1444,1441,1452,1460,1524,1588,1587
34422,"Silva, Ana L.",non-elite,1477,2895,4321,5799,7259,8785,10362,11943,1418,1426,1478,1460,1526,1577,1581
34423,"Lawless, Katherine",non-elite,1489,2965,4450,5951,7455,8984,10495,11995,1476,1485,1501,1504,1529,1511,1500
34424,"Gress, Ali K",non-elite,1422,2922,4383,5859,7370,8924,10478,11975,1500,1461,1476,1511,1554,1554,1497
34425,"Mundy, Byron J.",non-elite,1435,2856,4294,5779,7231,8750,10332,11916,1421,1438,1485,1452,1519,1582,1584
34426,"Goyette, Rachel V",non-elite,1487,2954,4426,5911,7389,8907,10425,11960,1467,1472,1485,1478,1518,1518,1535
34427,"Saums, Jeremy D.",non-elite,1281,2560,3837,5125,6471,8077,9862,11773,1279,1277,1288,1346,1606,1785,1911
34428,"Busse, Brian J",non-elite,1298,2594,3884,5273,6791,8511,10281,11875,1296,1290,1389,1518,1720,1770,1594
34429,"Kidd, Matt D",non-elite,1263,2480,3737,5105,6577,8125,9876,11852,1217,1257,1368,1472,1548,1751,1976
34430,"Metcalfe, Danica",non-elite,1487,2959,4451,5913,7358,8887,10445,11982,1472,1492,1462,1445,1529,1558,1537
34431,"Potts, Franzine B.",non-elite,1482,2981,4484,5987,7461,8964,10522,11974,1499,1503,1503,1474,1503,1558,1452
34432,"Mauro, Ron",non-elite,1354,2708,4082,5475,6904,8482,10181,11868,1354,1374,1393,1429,1578,1699,1687
34433,"Spratley, Andy",non-elite,1388,2765,4144,5554,6985,8521,10170,11862,1377,1379,1410,1431,1536,1649,1692
34434,"Frizzle, Kristina",non-elite,1395,2789,4225,5729,7238,8804,10430,11956,1394,1436,1504,1509,1566,1626,1526
34435,"Cordero, Max I",non-elite,1336,2726,4161,5663,7187,8768,10372,11946,1390,1435,1502,1524,1581,1604,1574
34436,"Brodt, Darrell",non-elite,1363,2739,4126,5549,6992,8542,10212,11881,1376,1387,1423,1443,1550,1670,1669
34437,"Cummings, Lindsey E.",non-elite,1398,2813,4237,5687,7160,8717,10313,11982,1415,1424,1450,1473,1557,1596,1669
34438,"Boswell, Edmund O.",non-elite,1386,2764,4159,5584,7013,8509,10125,11887,1378,1395,1425,1429,1496,1616,1762
34439,"McIntyre, Natalie K.",non-elite,1376,2724,4089,5517,6984,8522,10189,11907,1348,1365,1428,1467,1538,1667,1718
34440,"Schlosser, John",non-elite,1290,2570,3854,5198,6615,8338,10078,11932,1280,1284,1344,1417,1723,1740,1854
34441,"Theriot, Rachael M",non-elite,1369,2750,4138,5586,7107,8727,10362,11946,1381,1388,1448,1521,1620,1635,1584
34442,"Murguia, Ramon A",non-elite,1255,2505,3808,5353,6936,8633,10382,11929,1250,1303,1545,1583,1697,1749,1547
34443,"Ganley, Emily J.",non-elite,1302,2623,3949,5437,7073,8602,10305,11886,1321,1326,1488,1636,1529,1703,1581
34444,"Wieczorek, Matthew F.",non-elite,1141,2281,3449,4707,6025,7882,9819,11832,1140,1168,1258,1318,1857,1937,2013
34445,"Hill, Daina",non-elite,1357,2731,4111,5529,6984,8555,10239,11894,1374,1380,1418,1455,1571,1684,1655
34446,"Emmert, Nichole R",non-elite,1329,2678,4096,5556,7024,8615,10302,11926,1349,1418,1460,1468,1591,1687,1624
34447,"Yeager, Mia M.",non-elite,1481,2960,4419,5908,7359,8858,10401,11941,1479,1459,1489,1451,1499,1543,1540
34448,"Litka, Megan",non-elite,1407,2821,4272,5765,7269,8848,10427,11956,1414,1451,1493,1504,1579,1579,1529
34449,"Lynch, Anne",non-elite,1372,2757,4183,5670,7175,8760,10392,11967,1385,1426,1487,1505,1585,1632,1575
34450,"Lowenthal, Cara M",non-elite,1417,2849,4279,5747,7212,8753,10313,11935,1432,1430,1468,1465,1541,1560,1622
34451,"Tierney, James F.",non-elite,1361,2747,4191,5702,7219,8796,10386,11966,1386,1444,1511,1517,1577,1590,1580
34452,"Ortiz, Edward Jr.",non-elite,1226,2451,3706,4990,6346,7783,9382,11483,1225,1255,1284,1356,1437,1599,2101
34453,"Daugherty, Dawn R.",non-elite,1461,2904,4385,5890,7386,8915,10471,11995,1443,1481,1505,1496,1529,1556,1524
34454,"O'Hara, Julianne",non-elite,1332,2697,4111,5703,7217,8764,10347,11927,1365,1414,1592,1514,1547,1583,1580
34455,"Sykes, Jane E.",non-elite,1430,2865,4305,5774,7307,8870,10463,11965,1435,1440,1469,1533,1563,1593,1502
34456,"Zhou, Xianjie",non-elite,1353,2710,4132,5621,7149,8700,10338,11957,1357,1422,1489,1528,1551,1638,1619
34457,"Morris, Sheldon",non-elite,1468,2971,4443,5907,7397,8892,10423,11964,1503,1472,1464,1490,1495,1531,1541
34458,"Nowack, Franck",non-elite,1365,2718,4096,5503,6941,8458,10140,11920,1353,1378,1407,1438,1517,1682,1780
34459,"Gamache, Michael",non-elite,1277,2556,3856,5200,6646,8202,9893,11735,1279,1300,1344,1446,1556,1691,1842
34460,"Scott, Lindsay",non-elite,1403,2808,4246,5719,7213,8790,10385,11950,1405,1438,1473,1494,1577,1595,1565
34461,"Hernandez, Sara S",non-elite,1495,2975,4470,5977,7472,8998,10541,12009,1480,1495,1507,1495,1526,1543,1468
34462,"Dienhart, Kerri L.",non-elite,1411,2833,4256,5704,7179,8707,10325,11921,1422,1423,1448,1475,1528,1618,1596
34463,"Floisand, Mary K.",non-elite,1438,2846,4258,5726,7208,8734,10312,11913,1408,1412,1468,1482,1526,1578,1601
34464,"Shait, Brianna L",non-elite,1374,2745,4172,5673,7373,8857,10428,11985,1371,1427,1501,1700,1484,1571,1557
34465,"Weigel, Lindsay",non-elite,1366,2763,4186,5656,7130,8680,10276,11904,1397,1423,1470,1474,1550,1596,1628
34466,"De Aguinaga, Jose",non-elite,1391,2789,4200,5630,7055,8576,10186,11862,1398,1411,1430,1425,1521,1610,1676
34467,"Wrobleski, Joe",non-elite,1434,2875,4322,5816,7298,8855,10431,11961,1441,1447,1494,1482,1557,1576,1530
34468,"Williams, Samuel L.",non-elite,1296,2590,3876,5172,6518,8071,9919,11828,1294,1286,1296,1346,1553,1848,1909
34469,"Grubb, Elizabeth J",non-elite,1451,2887,4323,5778,7221,8738,10331,11919,1436,1436,1455,1443,1517,1593,1588
34470,"Hemmerling, Scott A.",non-elite,1415,2825,4250,5709,7168,8730,10343,11929,1410,1425,1459,1459,1562,1613,1586
34471,"Dickey, Constance E.",non-elite,1418,2851,4278,5730,7187,8728,10288,11885,1433,1427,1452,1457,1541,1560,1597
34472,"Darling Reed, Rae Ann E.",non-elite,1489,2985,4478,5987,7468,8950,10487,11974,1496,1493,1509,1481,1482,1537,1487
34473,"Vaccarella, Tina M",non-elite,1413,2876,4379,5931,7441,8969,10507,11984,1463,1503,1552,1510,1528,1538,1477
34474,"Turnage, Blair",non-elite,1483,2976,4457,5936,7403,8928,10482,11986,1493,1481,1479,1467,1525,1554,1504
34475,"Walton, Alexandra",non-elite,1413,2791,4165,5578,7016,8583,10236,11888,1378,1374,1413,1438,1567,1653,1652
34476,"Dickson, Kate S",non-elite,1420,2863,4328,5839,7329,8874,10458,11978,1443,1465,1511,1490,1545,1584,1520
34477,"Beebe, Christy R",non-elite,1471,2949,4417,5895,7369,8954,10472,11993,1478,1468,1478,1474,1585,1518,1521
34478,"Fagan, Brian",non-elite,1156,2352,3599,5065,6646,8254,10143,11877,1196,1247,1466,1581,1608,1889,1734
34479,"O'Brien, Jennifer",non-elite,1412,2814,4213,5642,7082,8614,10236,11883,1402,1399,1429,1440,1532,1622,1647
34480,"Cummings, John B",non-elite,1421,2818,4221,5665,7086,8570,10120,11770,1397,1403,1444,1421,1484,1550,1650
34481,"Beden, Craig M",non-elite,1400,2806,4238,5718,7229,8799,10420,11961,1406,1432,1480,1511,1570,1621,1541
34482,"Fiala, Michele L",non-elite,1393,2796,4217,5727,7223,8775,10367,11959,1403,1421,1510,1496,1552,1592,1592
34483,"Kwong, Sunny",non-elite,1343,2739,4167,5681,7127,8658,10286,11951,1396,1428,1514,1446,1531,1628,1665
34484,"Kitagawa, Jordan",non-elite,1467,2944,4430,5915,7424,9002,10557,12007,1477,1486,1485,1509,1578,1555,1450
34485,"Damaskinos, Savvas",non-elite,1376,2733,4111,5526,6981,8555,10233,11867,1357,1378,1415,1455,1574,1678,1634
34486,"Sharek, Leigh A.",non-elite,1275,2567,3872,5320,6866,8571,10231,11931,1292,1305,1448,1546,1705,1660,1700
34487,"Uzunalioglu, Huseyin",non-elite,1334,2695,4096,5561,7037,8566,10245,11900,1361,1401,1465,1476,1529,1679,1655
34488,"Pizarro, Rachelle",non-elite,1351,2716,4134,5640,7154,8758,10391,11932,1365,1418,1506,1514,1604,1633,1541
34489,"Yuan, Shouning",non-elite,1384,2791,4223,5716,7212,8797,10413,11939,1407,1432,1493,1496,1585,1616,1526
34490,"Kim, Kevin",non-elite,1417,2864,4309,5800,7278,8807,10352,11968,1447,1445,1491,1478,1529,1545,1616
34491,"O'Toole, Annalise",non-elite,1421,2812,4213,5659,7105,8608,10258,11919,1391,1401,1446,1446,1503,1650,1661
34492,"Nickel, Kevin J",non-elite,1297,2598,3920,5313,6723,8292,10154,11898,1301,1322,1393,1410,1569,1862,1744
34493,"Clark, Bryan",non-elite,1314,2616,3933,5324,6800,8429,10115,11923,1302,1317,1391,1476,1629,1686,1808
34494,"Hobbs, Kerry",non-elite,1304,2601,3886,5178,6481,7920,9907,11788,1297,1285,1292,1303,1439,1987,1881
34495,"Callahan, Matthew",non-elite,1459,2924,4401,5901,7368,8866,10361,11920,1465,1477,1500,1467,1498,1495,1559
34496,"Uribe, William",non-elite,1279,2543,3845,5341,6814,8404,10200,11927,1264,1302,1496,1473,1590,1796,1727
34497,"Feng, Lin",non-elite,1294,2603,4003,5418,6890,8435,10094,11841,1309,1400,1415,1472,1545,1659,1747
34498,"Loppnow, Shawn",non-elite,1395,2816,4234,5676,7156,8676,10259,11898,1421,1418,1442,1480,1520,1583,1639
34499,"George, Elizabeth A",non-elite,1427,2822,4237,5690,7156,8678,10263,11896,1395,1415,1453,1466,1522,1585,1633
34500,"Valero, Miguel",non-elite,1441,2883,4366,5849,7353,8876,10443,11976,1442,1483,1483,1504,1523,1567,1533
34501,"Shumaker, Thomas C. Jr.",non-elite,1426,2855,4321,5788,7268,8795,10392,11936,1429,1466,1467,1480,1527,1597,1544
34502,"Bariagaber, Daniel",non-elite,1412,2817,4247,5710,7191,8726,10291,11893,1405,1430,1463,1481,1535,1565,1602
34503,"Cortez, Ricardo M",non-elite,1404,2836,4278,5752,7221,8787,10388,11959,1432,1442,1474,1469,1566,1601,1571
34504,"Blanchin, Stephane",non-elite,1254,2602,4026,5536,7047,8627,10284,11926,1348,1424,1510,1511,1580,1657,1642
34505,"Robbins, Dennis G",non-elite,1343,2710,4106,5533,6942,8428,10077,11860,1367,1396,1427,1409,1486,1649,1783
34506,"O'Hern, Sean",non-elite,1438,2858,4274,5745,7202,8735,10340,11935,1420,1416,1471,1457,1533,1605,1595
34507,"Bain, Victoria",non-elite,1427,2856,4307,5758,7211,8733,10338,11926,1429,1451,1451,1453,1522,1605,1588
34508,"Howell, Laura",non-elite,1476,2925,4368,5819,7287,8790,10378,11940,1449,1443,1451,1468,1503,1588,1562
34509,"Young, Carolyn J.",non-elite,1427,2889,4360,5861,7348,8881,10437,11964,1462,1471,1501,1487,1533,1556,1527
34510,"Duck, Frank W",non-elite,1403,2802,4207,5623,7043,8587,10221,11902,1399,1405,1416,1420,1544,1634,1681
34511,"Nordman, Rebecca L",non-elite,1440,2882,4381,5878,7350,8865,10400,11969,1442,1499,1497,1472,1515,1535,1569
34512,"Saliwonchyk, Kent",non-elite,1388,2804,4227,5694,7193,8745,10363,11977,1416,1423,1467,1499,1552,1618,1614
34513,"Ogliore, Michael",non-elite,1353,2702,4086,5546,7003,8533,10158,11913,1349,1384,1460,1457,1530,1625,1755
34514,"Lamanna, Jessica M.",non-elite,1422,2853,4298,5776,7296,8871,10446,11976,1431,1445,1478,1520,1575,1575,1530
34515,"Britton, Jason",non-elite,1190,2393,3643,4974,6378,8020,9952,11856,1203,1250,1331,1404,1642,1932,1904
34516,"Warrington, Bruce",non-elite,1367,2725,4100,5502,6902,8459,10092,11955,1358,1375,1402,1400,1557,1633,1863
34517,"Brenner, Eric",non-elite,1328,2647,3971,5304,6689,8104,9790,11680,1319,1324,1333,1385,1415,1686,1890
34518,"Brown, Amanda S",non-elite,1388,2783,4205,5639,7079,8610,10254,11914,1395,1422,1434,1440,1531,1644,1660
34519,"McNevin, Jim",non-elite,1298,2608,3976,5575,7130,8771,10315,11970,1310,1368,1599,1555,1641,1544,1655
34520,"Hyland, Megan E",non-elite,1300,2608,4014,5550,7176,8815,10513,12011,1308,1406,1536,1626,1639,1698,1498
34521,"Millar, Katie E.",non-elite,1427,2865,4308,5780,7250,8778,10372,11934,1438,1443,1472,1470,1528,1594,1562
34522,"Dwornick, David E",non-elite,1340,2721,4149,5675,7195,8771,10382,11951,1381,1428,1526,1520,1576,1611,1569
34523,"Brogan, Philip P",non-elite,1296,2607,3930,5296,6729,8308,10123,11864,1311,1323,1366,1433,1579,1815,1741
34524,"Cameron, Kirtley",non-elite,1435,2870,4307,5766,7222,8781,10361,11945,1435,1437,1459,1456,1559,1580,1584
34525,"Day, Robert",non-elite,1405,2817,4219,5660,7113,8628,10201,11855,1412,1402,1441,1453,1515,1573,1654
34526,"Cudmani, German Daniel",non-elite,1473,2908,4320,5748,7218,8772,10404,11971,1435,1412,1428,1470,1554,1632,1567
34527,"Girard, Eric",non-elite,1322,2696,4140,5648,7169,8779,10438,11978,1374,1444,1508,1521,1610,1659,1540
34528,"Yeck, Maria",non-elite,1518,3015,4489,5998,7483,8992,10516,12008,1497,1474,1509,1485,1509,1524,1492
34529,"Bell, Jesse M",non-elite,1351,2753,4135,5561,7054,8598,10213,11907,1402,1382,1426,1493,1544,1615,1694
34530,"Steadman, John",non-elite,1196,2422,3757,5255,6789,8423,10143,11890,1226,1335,1498,1534,1634,1720,1747
34531,"Quinn, Erika",non-elite,1496,2946,4418,5890,7354,8846,10350,11880,1450,1472,1472,1464,1492,1504,1530
34532,"Connolly, Patrick",non-elite,1590,3060,4488,5919,7350,8840,10372,11954,1470,1428,1431,1431,1490,1532,1582
34533,"Rhyner, Luke",non-elite,1285,2568,3857,5232,6711,8321,10055,11871,1283,1289,1375,1479,1610,1734,1816
34534,"Bernardy, Jeffrey",non-elite,1436,2877,4341,5841,7333,8891,10463,11996,1441,1464,1500,1492,1558,1572,1533
34535,"Armitage, Natascia",non-elite,1405,2802,4233,5726,7236,8811,10412,11967,1397,1431,1493,1510,1575,1601,1555
34536,"Feinberg, Maggie",non-elite,1482,2971,4463,5963,7438,8948,10500,12010,1489,1492,1500,1475,1510,1552,1510
34537,"Quilici, Sarah B.",non-elite,1541,3018,4503,6003,7481,9014,10530,11998,1477,1485,1500,1478,1533,1516,1468
34538,"Toriello, Catherine R.",non-elite,1449,2909,4373,5850,7335,8846,10447,11997,1460,1464,1477,1485,1511,1601,1550
34539,"Bordeleau, Pierre-Andre",non-elite,1315,2635,3989,5480,7111,8705,10271,11868,1320,1354,1491,1631,1594,1566,1597
34540,"Fleming, Steven",non-elite,1369,2752,4157,5626,7049,8579,10269,11920,1383,1405,1469,1423,1530,1690,1651
34541,"Wendorf, Alyson",non-elite,1417,2831,4264,5728,7191,8740,10355,11943,1414,1433,1464,1463,1549,1615,1588
34542,"Wright, Kim",non-elite,1419,2877,4328,5846,7377,8948,10498,12026,1458,1451,1518,1531,1571,1550,1528
34543,"Zanfardino, Michael",non-elite,1327,2626,3915,5303,6871,8373,10115,11922,1299,1289,1388,1568,1502,1742,1807
34544,"Garcia, Jorge O.",non-elite,1408,2770,4146,5552,6983,8496,10239,11903,1362,1376,1406,1431,1513,1743,1664
34545,"Barre, Caroline",non-elite,1483,2942,4410,5907,7376,8905,10473,11988,1459,1468,1497,1469,1529,1568,1515
34546,"Nieminen, Norman",non-elite,1492,3017,4501,5976,7449,8945,10476,11992,1525,1484,1475,1473,1496,1531,1516
34547,"Heagy, Stephen II",non-elite,1416,2837,4270,5735,7252,8842,10419,11953,1421,1433,1465,1517,1590,1577,1534
34548,"Heagy, Jen",non-elite,1416,2836,4270,5734,7252,8842,10419,11953,1420,1434,1464,1518,1590,1577,1534
34549,"Morin, Sylvain",non-elite,1250,2526,3900,5383,6922,8517,10220,12004,1276,1374,1483,1539,1595,1703,1784
34550,"Dukauskas, Arunas",non-elite,1400,2806,4243,5751,7209,8728,10320,11899,1406,1437,1508,1458,1519,1592,1579
34551,"Logan, Michelle K.",non-elite,1387,2784,4209,5676,7150,8736,10374,11956,1397,1425,1467,1474,1586,1638,1582
34552,"French, Harrison",non-elite,1307,2655,4041,5456,6880,8413,10119,11854,1348,1386,1415,1424,1533,1706,1735
34553,"Sarti, Francesco",non-elite,1446,2916,4380,5849,7305,8888,10479,11983,1470,1464,1469,1456,1583,1591,1504
34554,"D'Agostin, Roger J.",non-elite,1408,2829,4282,5723,7287,8816,10380,11966,1421,1453,1441,1564,1529,1564,1586
34555,"Li, Jun",non-elite,1423,2836,4243,5684,7159,8719,10353,11977,1413,1407,1441,1475,1560,1634,1624
34556,"Kourtchikov, Dmitriy",non-elite,1395,2819,4274,5784,7259,8786,10363,11925,1424,1455,1510,1475,1527,1577,1562
34557,"Labonte, Jean-Francois",non-elite,1172,2364,3662,5085,6499,8414,10158,11914,1192,1298,1423,1414,1915,1744,1756
34558,"Ashworth, Kimberly",non-elite,1428,2913,4399,5891,7381,8928,10479,11987,1485,1486,1492,1490,1547,1551,1508
34559,"Staley, Robert L III",non-elite,1203,2471,3791,5190,6657,8359,10185,11933,1268,1320,1399,1467,1702,1826,1748
34560,"Lehman, Shannon",non-elite,1405,2784,4182,5615,7047,8510,10062,11812,1379,1398,1433,1432,1463,1552,1750
34561,"Taylor, Kenneth R.",non-elite,1371,2716,4073,5486,6923,8568,10264,11943,1345,1357,1413,1437,1645,1696,1679
34562,"Hall, Sally",non-elite,1401,2819,4259,5728,7207,8756,10347,11928,1418,1440,1469,1479,1549,1591,1581
34563,"Mossberg, Christopher",non-elite,1342,2700,4057,5438,6826,8398,10247,11909,1358,1357,1381,1388,1572,1849,1662
34564,"Cavanagh, Chris",non-elite,1472,2930,4388,5888,7374,8909,10480,11994,1458,1458,1500,1486,1535,1571,1514
34565,"Brawand, Ben",non-elite,1341,2714,4132,5585,7054,8635,10318,11954,1373,1418,1453,1469,1581,1683,1636
34566,"Hill, Robert A",non-elite,1360,2743,4141,5583,7024,8541,10197,11854,1383,1398,1442,1441,1517,1656,1657
34567,"Proctor, Ansley L.",non-elite,1543,3048,4526,6024,7515,9022,10545,12037,1505,1478,1498,1491,1507,1523,1492
34568,"Reca, Antonia",non-elite,1515,3010,4500,5984,7448,8958,10495,12000,1495,1490,1484,1464,1510,1537,1505
34569,"Haverstock, Leslie",non-elite,1375,2760,4209,5705,7219,8774,10435,11971,1385,1449,1496,1514,1555,1661,1536
34570,"Larson, Mark",non-elite,1330,2690,4068,5489,7023,8570,10245,11954,1360,1378,1421,1534,1547,1675,1709
34571,"Guertin, Mary C",non-elite,1449,2912,4399,5899,7429,8944,10485,12001,1463,1487,1500,1530,1515,1541,1516
34572,"Clark, William",non-elite,1368,2749,4147,5570,7047,8595,10267,11917,1381,1398,1423,1477,1548,1672,1650
34573,"Gleitz, Christina L",non-elite,1321,2668,4055,5533,7120,8767,10484,11996,1347,1387,1478,1587,1647,1717,1512
34574,"Fay, Jennifer M",non-elite,1380,2781,4191,5635,7071,8599,10226,11872,1401,1410,1444,1436,1528,1627,1646
34575,"Mylan, Kathleen",non-elite,1452,2908,4368,5866,7354,8875,10429,11971,1456,1460,1498,1488,1521,1554,1542
34576,"Kemble, Traci A",non-elite,1341,2712,4127,5585,7099,8711,10308,11948,1371,1415,1458,1514,1612,1597,1640
34577,"Oldenburg, Bridget A.",non-elite,1466,2963,4458,5950,7446,8944,10474,11988,1497,1495,1492,1496,1498,1530,1514
34578,"Stanski, Angela",non-elite,1466,2962,4451,5923,7360,8841,10407,11988,1496,1489,1472,1437,1481,1566,1581
34579,"Parkins, Felipe G",non-elite,1462,2899,4316,5755,7183,8683,10248,11888,1437,1417,1439,1428,1500,1565,1640
34580,"Labossiere, Benoit",non-elite,1328,2641,3974,5345,6786,8345,10107,11915,1313,1333,1371,1441,1559,1762,1808
34581,"Williams, Kory",non-elite,1490,2957,4434,5927,7420,8941,10490,11998,1467,1477,1493,1493,1521,1549,1508
34582,"Busin, Giovanni Sr.",non-elite,1291,2622,3981,5382,6826,8419,10086,11872,1331,1359,1401,1444,1593,1667,1786
34583,"Nepomuceno Sobrinho, Nivardo N.",non-elite,1413,2861,4316,5788,7264,8787,10354,11934,1448,1455,1472,1476,1523,1567,1580
34584,"Anaya, Ignacio",non-elite,1287,2599,3962,5405,6865,8435,10172,11942,1312,1363,1443,1460,1570,1737,1770
34585,"Johnson, Gary",non-elite,1341,2701,4086,5534,7026,8611,10259,11920,1360,1385,1448,1492,1585,1648,1661
34586,"Sciacca, Alexander J",non-elite,1198,2395,3653,5052,6625,8264,9967,11805,1197,1258,1399,1573,1639,1703,1838
34587,"James, Megan R",non-elite,1485,2989,4391,5809,7268,8779,10373,11956,1504,1402,1418,1459,1511,1594,1583
34588,"Naylor, John",non-elite,1187,2367,3594,5000,6517,8098,9849,11858,1180,1227,1406,1517,1581,1751,2009
34589,"Rancourt, Bernard",non-elite,1488,2959,4414,5878,7349,8870,10410,11910,1471,1455,1464,1471,1521,1540,1500
34590,"Bureau, Isabelle",non-elite,1456,2910,4395,5898,7385,8920,10481,11996,1454,1485,1503,1487,1535,1561,1515
34591,"Lin, Leyi",non-elite,1439,2864,4302,5739,7212,8721,10288,11905,1425,1438,1437,1473,1509,1567,1617
34592,"Gipson, Clay",non-elite,1612,3071,4462,5870,7311,8830,10390,11966,1459,1391,1408,1441,1519,1560,1576
34593,"Platt, Elizabeth K",non-elite,1415,2823,4231,5699,7223,8790,10430,11972,1408,1408,1468,1524,1567,1640,1542
34594,"Grenier, George",non-elite,1437,2854,4284,5743,7212,8776,10378,11965,1417,1430,1459,1469,1564,1602,1587
34595,"Stephens, Louise M",non-elite,1434,2897,4380,5916,7405,8947,10534,12033,1463,1483,1536,1489,1542,1587,1499
34596,"Tanner, Kimberly",non-elite,1441,2888,4318,5754,7214,8746,10395,11970,1447,1430,1436,1460,1532,1649,1575
34597,"Mills, Jessica L.",non-elite,1413,2801,4209,5654,7162,8733,10399,11985,1388,1408,1445,1508,1571,1666,1586
34598,"Gaudet, Neil",non-elite,1281,2581,3916,5366,6826,8516,10268,11922,1300,1335,1450,1460,1690,1752,1654
34599,"Spencer, Lee",non-elite,1288,2556,3856,5224,6668,8227,9942,11921,1268,1300,1368,1444,1559,1715,1979
34600,"Dalton, Gerry E.",non-elite,1400,2811,4211,5659,7058,8597,10267,11964,1411,1400,1448,1399,1539,1670,1697
34601,"Wakeford, Geoffrey G",non-elite,1392,2803,4218,5638,7068,8561,10129,11919,1411,1415,1420,1430,1493,1568,1790
34602,"Mercadante, Sophia F",non-elite,1381,2823,4283,5751,7230,8761,10365,11939,1442,1460,1468,1479,1531,1604,1574
34603,"King, Robbie D.",non-elite,1356,2700,4100,5471,6893,8421,10188,11904,1344,1400,1371,1422,1528,1767,1716
34604,"Horrigan, John J. III",non-elite,1360,2714,4120,5582,7085,8668,10341,11979,1354,1406,1462,1503,1583,1673,1638
34605,"Horowitz, Kelly",non-elite,1465,2903,4347,5826,7318,8858,10412,11955,1438,1444,1479,1492,1540,1554,1543
34606,"Lauber, Douglas",non-elite,1341,2681,4015,5371,6749,8238,10020,11824,1340,1334,1356,1378,1489,1782,1804
34607,"Sinclair, Morgan E",non-elite,1380,2739,4082,5453,6839,8319,10102,11967,1359,1343,1371,1386,1480,1783,1865
34608,"Keane, Deirdre M",non-elite,1425,2863,4315,5797,7295,8899,10476,12010,1438,1452,1482,1498,1604,1577,1534
34609,"Thomas, Matthew A",non-elite,1389,2808,4278,5813,7352,8891,10442,12001,1419,1470,1535,1539,1539,1551,1559
34610,"Lefebvre, Patrice",non-elite,1327,2663,4026,5472,7031,8665,10326,11975,1336,1363,1446,1559,1634,1661,1649
34611,"Pearson, Eric J",non-elite,1375,2798,4226,5689,7156,8687,10324,11918,1423,1428,1463,1467,1531,1637,1594
34612,"Rasco, Sarah S",non-elite,1459,2935,4410,5900,7378,8910,10475,12006,1476,1475,1490,1478,1532,1565,1531
34613,"Schenk, Nicole",non-elite,1410,2856,4320,5818,7320,8900,10458,11987,1446,1464,1498,1502,1580,1558,1529
34614,"Cherry, Stephen",non-elite,1492,2897,4341,5778,7238,8839,10482,12023,1405,1444,1437,1460,1601,1643,1541
34615,"Davis, Mickey P.",non-elite,1341,2661,4015,5440,6915,8508,10231,11910,1320,1354,1425,1475,1593,1723,1679
34616,"Balcom, Jennifer",non-elite,1408,2817,4210,5636,7110,8697,10329,11932,1409,1393,1426,1474,1587,1632,1603
34617,"Kanada, Kathy",non-elite,1434,2873,4331,5826,7309,8845,10430,11992,1439,1458,1495,1483,1536,1585,1562
34618,"Burch, Elizabeth A.",non-elite,1533,3006,4488,5987,7467,8962,10473,11977,1473,1482,1499,1480,1495,1511,1504
34619,"Cormier, Darren M.",non-elite,1491,2867,4248,5652,7040,8582,10259,11949,1376,1381,1404,1388,1542,1677,1690
34620,"Francis, Jen",non-elite,1421,2827,4269,5754,7247,8850,10469,12011,1406,1442,1485,1493,1603,1619,1542
34621,"Calahan, Lydia",non-elite,1473,2961,4451,5951,7438,8981,10556,12050,1488,1490,1500,1487,1543,1575,1494
34622,"Rozitis, Gregory B.",non-elite,1387,2777,4170,5597,7051,8701,10314,11991,1390,1393,1427,1454,1650,1613,1677
34623,"Bureau, Sonia",non-elite,1357,2731,4128,5589,7086,8666,10392,11968,1374,1397,1461,1497,1580,1726,1576
34624,"Mckinnon, Tracy A",non-elite,1264,2539,3860,5369,7021,8606,10229,11896,1275,1321,1509,1652,1585,1623,1667
34625,"Kucera, Neal S",non-elite,1281,2569,3954,5420,6925,8519,10207,11930,1288,1385,1466,1505,1594,1688,1723
34626,"Lapointe, Sonia",non-elite,1433,2875,4329,5848,7329,8892,10459,11989,1442,1454,1519,1481,1563,1567,1530
34627,"Armannsson, Gunnar",non-elite,1423,2852,4334,5876,7410,8999,10550,12037,1429,1482,1542,1534,1589,1551,1487
34628,"Jankowski, Jennifer",non-elite,1415,2840,4278,5754,7241,8815,10421,11999,1425,1438,1476,1487,1574,1606,1578
34629,"Petersen, Julian",non-elite,1324,2662,4024,5469,7028,8597,10287,11971,1338,1362,1445,1559,1569,1690,1684
34630,"Hu, Shu-Yu",non-elite,1277,2592,4028,5580,7160,8815,10605,12055,1315,1436,1552,1580,1655,1790,1450
34631,"Rice, Trish",non-elite,1478,2951,4413,5898,7393,8941,10501,12012,1473,1462,1485,1495,1548,1560,1511
34632,"Van Vulpen, Kaili",non-elite,1387,2784,4190,5633,7106,8671,10370,11992,1397,1406,1443,1473,1565,1699,1622
34633,"Leblanc, Kendra",non-elite,1387,2784,4190,5633,7106,8671,10370,11993,1397,1406,1443,1473,1565,1699,1623
34634,"Seshia, Maya",non-elite,1551,3100,4636,6158,7650,9144,10620,12043,1549,1536,1522,1492,1494,1476,1423
34635,"Rakestraw, Emma",non-elite,1426,2865,4307,5791,7326,8863,10474,12034,1439,1442,1484,1535,1537,1611,1560
34636,"Kurosawa, Fuminobu",non-elite,1357,2753,4155,5644,7158,8743,10408,11996,1396,1402,1489,1514,1585,1665,1588
34637,"Sterrett, Karina",non-elite,1377,2779,4198,5746,7254,8841,10410,11996,1402,1419,1548,1508,1587,1569,1586
34638,"Conklin, Sean P",non-elite,1290,2586,3884,5282,6755,8313,10188,11808,1296,1298,1398,1473,1558,1875,1620
34639,"Serement, Chris",non-elite,1240,2463,3698,4985,6384,8268,10136,11922,1223,1235,1287,1399,1884,1868,1786
34640,"Cassell, Yaroslava G.",non-elite,1509,2967,4431,5931,7434,9005,10602,12054,1458,1464,1500,1503,1571,1597,1452
34641,"Sakai, Alix A.",non-elite,1468,2917,4372,5860,7365,8925,10500,12029,1449,1455,1488,1505,1560,1575,1529
34642,"O'Flaherty, Anthony",non-elite,1503,2965,4419,5932,7391,8898,10426,11949,1462,1454,1513,1459,1507,1528,1523
34643,"Warner, Jeff",non-elite,1420,2858,4294,5832,7358,8900,10438,11993,1438,1436,1538,1526,1542,1538,1555
34644,"Fry, Samantha",non-elite,1403,2795,4184,5607,7023,8482,10080,11879,1392,1389,1423,1416,1459,1598,1799
34645,"Mayor, Stephen G",non-elite,1354,2690,4051,5431,6844,8389,10090,11869,1336,1361,1380,1413,1545,1701,1779
34646,"Rose, Gretchen K.",non-elite,1456,2907,4376,5857,7355,8917,10498,12029,1451,1469,1481,1498,1562,1581,1531
34647,"Wilson, Greg",non-elite,1402,2841,4308,5809,7293,8858,10446,12008,1439,1467,1501,1484,1565,1588,1562
34648,"Goetze, John M",non-elite,1230,2484,3744,5033,6324,7843,10039,11968,1254,1260,1289,1291,1519,2196,1929
34649,"Stelwagon, John W III",non-elite,1450,2859,4296,5741,7182,8690,10279,11921,1409,1437,1445,1441,1508,1589,1642
34650,"Turcotte, Karine",non-elite,1493,2976,4433,5923,7382,8918,10479,12009,1483,1457,1490,1459,1536,1561,1530
34651,"McDonah, Morag E.",non-elite,1479,2958,4441,5933,7405,8947,10497,12007,1479,1483,1492,1472,1542,1550,1510
34652,"Sinner, Callie L",non-elite,1415,2851,4328,5831,7332,8897,10473,11999,1436,1477,1503,1501,1565,1576,1526
34653,"Mercer, David",non-elite,1398,2846,4294,5769,7236,8793,10375,11892,1448,1448,1475,1467,1557,1582,1517
34654,"Krotscheck, Ulrike",non-elite,1476,2950,4422,5856,7312,8839,10526,11980,1474,1472,1434,1456,1527,1687,1454
34655,"Osgood, Erin",non-elite,1500,2945,4378,5851,7325,8890,10515,12032,1445,1433,1473,1474,1565,1625,1517
34656,"Riegel, Hadley T.",non-elite,1356,2718,4136,5591,7084,8738,10438,11960,1362,1418,1455,1493,1654,1700,1522
34657,"Johnson, Marcus C",non-elite,1308,2605,3954,5313,6761,8340,10181,11939,1297,1349,1359,1448,1579,1841,1758
34658,"Lane, Heather E",non-elite,1444,2893,4349,5806,7266,8775,10398,11969,1449,1456,1457,1460,1509,1623,1571
34659,"Mckay, Keri L.",non-elite,1523,3011,4491,5979,7489,9031,10572,12056,1488,1480,1488,1510,1542,1541,1484
34660,"McGinty, Monica",non-elite,1441,2894,4360,5864,7380,8931,10498,12026,1453,1466,1504,1516,1551,1567,1528
34661,"Mullin, Stephanie S",non-elite,1454,2913,4394,5885,7386,8923,10479,12012,1459,1481,1491,1501,1537,1556,1533
34662,"Simonelli, Sarah G",non-elite,1333,2731,4180,5655,7143,8714,10349,11960,1398,1449,1475,1488,1571,1635,1611
34663,"Yat Por, Choi",non-elite,1366,2750,4163,5605,7112,8672,10378,11962,1384,1413,1442,1507,1560,1706,1584
34664,"Houle, Louis-Bernard",non-elite,1371,2746,4132,5531,6958,8509,10181,11891,1375,1386,1399,1427,1551,1672,1710
34665,"Chivers, Jack",non-elite,1254,2554,3957,5496,7046,8684,10360,12022,1300,1403,1539,1550,1638,1676,1662
34666,"Dolan, Timothy",non-elite,1366,2736,4128,5557,7048,8640,10282,11916,1370,1392,1429,1491,1592,1642,1634
34667,"Smith, Brian G.",non-elite,1455,2949,4398,5854,7313,8818,10402,11993,1494,1449,1456,1459,1505,1584,1591
34668,"Gursoy, Kailey M",non-elite,1596,3096,4599,6112,7610,9117,10615,12057,1500,1503,1513,1498,1507,1498,1442
34669,"Andrus, Daniel J",non-elite,1306,2601,3906,5269,6678,8262,9982,11820,1295,1305,1363,1409,1584,1720,1838
34670,"Jantz, Mary E.",non-elite,1433,2874,4312,5783,7240,8766,10413,12002,1441,1438,1471,1457,1526,1647,1589
34671,"Scott, Steve",non-elite,1436,2883,4320,5772,7231,8746,10340,11975,1447,1437,1452,1459,1515,1594,1635
34672,"Dehler, Jeff",non-elite,1456,2901,4348,5828,7246,8806,10394,12025,1445,1447,1480,1418,1560,1588,1631
34673,"Edry, David A",non-elite,1431,2855,4289,5747,7221,8777,10364,11969,1424,1434,1458,1474,1556,1587,1605
34674,"Ferguson, Charles L",non-elite,1362,2702,4034,5374,6708,8173,9925,11791,1340,1332,1340,1334,1465,1752,1866
34676,"Hanson, Mike E",non-elite,1241,2520,3927,5512,6925,8497,10165,11863,1279,1407,1585,1413,1572,1668,1698
34677,"Wright, Brian",non-elite,1363,2736,4139,5603,7095,8687,10343,11971,1373,1403,1464,1492,1592,1656,1628
34678,"Hirsch, Christopher K",non-elite,1448,2902,4386,5929,7454,8991,10510,12038,1454,1484,1543,1525,1537,1519,1528
34679,"Herman, Shelby J",non-elite,1454,2926,4404,5876,7320,8834,10402,11962,1472,1478,1472,1444,1514,1568,1560
34680,"Bracaloni, Chiara",non-elite,1433,2861,4322,5828,7319,8869,10494,12019,1428,1461,1506,1491,1550,1625,1525
34681,"Carroll, Robert S",non-elite,1414,2815,4231,5660,7114,8660,10275,11952,1401,1416,1429,1454,1546,1615,1677
34682,"Hancock, Rob",non-elite,1475,2955,4417,5901,7324,8809,10396,11979,1480,1462,1484,1423,1485,1587,1583
34683,"Wharton, Tanya Antoinette A",non-elite,1379,2793,4240,5754,7274,8872,10494,12011,1414,1447,1514,1520,1598,1622,1517
34684,"Bird, Patrick C.",non-elite,1418,2736,4068,5441,6925,8567,10268,11978,1318,1332,1373,1484,1642,1701,1710
34685,"Rose, Katie",non-elite,1472,2922,4384,5858,7327,8821,10466,12019,1450,1462,1474,1469,1494,1645,1553
34686,"Cannistraro, Michael P.",non-elite,1301,2672,4174,5670,7143,8700,10305,11971,1371,1502,1496,1473,1557,1605,1666
34687,"Ream, Nash",non-elite,1657,3148,4609,6169,7626,9102,10589,12054,1491,1461,1560,1457,1476,1487,1465
34688,"Meskelis, Igor E.",non-elite,1422,2867,4327,5787,7257,8792,10387,11967,1445,1460,1460,1470,1535,1595,1580
34689,"Lockwood, Darren",non-elite,1398,2809,4271,5789,7299,8848,10429,11993,1411,1462,1518,1510,1549,1581,1564
34690,"Canizales, Abigail",non-elite,1496,2999,4430,5868,7309,8840,10397,11989,1503,1431,1438,1441,1531,1557,1592
34691,"Chapin, Andrew J",non-elite,1303,2631,4041,5489,6941,8493,10154,11970,1328,1410,1448,1452,1552,1661,1816
34692,"Wingard, Ada C",non-elite,1414,2808,4189,5612,7064,8578,10188,11880,1394,1381,1423,1452,1514,1610,1692
34693,"Greene, Ben",non-elite,1501,3019,4508,6010,7484,9016,10514,12021,1518,1489,1502,1474,1532,1498,1507
34694,"Tidwell, Michael",non-elite,1415,2866,4319,5787,7245,8779,10354,11940,1451,1453,1468,1458,1534,1575,1586
34695,"Hernandez, Luis Sr.",non-elite,1260,2566,3925,5363,6794,8366,10217,11844,1306,1359,1438,1431,1572,1851,1627
34696,"Gouge, Paul E",non-elite,1437,2868,4280,5724,7161,8672,10279,11933,1431,1412,1444,1437,1511,1607,1654
34697,"Partridge, Rich",non-elite,1358,2705,4071,5483,6927,8487,10191,11891,1347,1366,1412,1444,1560,1704,1700
34698,"Kaiser, Lauren",non-elite,1406,2829,4295,5797,7281,8826,10425,11980,1423,1466,1502,1484,1545,1599,1555
34699,"Ford, Susannah W",non-elite,1485,2975,4454,5956,7445,8947,10496,12024,1490,1479,1502,1489,1502,1549,1528
34700,"Skinner, Kayleigh",non-elite,1291,2608,3982,5455,6963,8607,10327,11994,1317,1374,1473,1508,1644,1720,1667
34701,"Lothringer, Joseph W.",non-elite,1396,2881,4297,5763,7228,8768,10342,11937,1485,1416,1466,1465,1540,1574,1595
34702,"Griebel, Rachel",non-elite,1464,2959,4466,5951,7443,8968,10547,12038,1495,1507,1485,1492,1525,1579,1491
34703,"Bowling, Laine N",non-elite,1439,2881,4343,5822,7309,8849,10436,11981,1442,1462,1479,1487,1540,1587,1545
34704,"Dore, Marie-Lyne",non-elite,1372,2773,4223,5744,7241,8795,10405,11991,1401,1450,1521,1497,1554,1610,1586
34705,"Cook, Richard L",non-elite,1423,2834,4259,5728,7203,8755,10350,11942,1411,1425,1469,1475,1552,1595,1592
34706,"Okany, Tom",non-elite,1465,2953,4432,5966,7454,8985,10566,12043,1488,1479,1534,1488,1531,1581,1477
34707,"Hornstrom, Richard",non-elite,1262,2497,3757,5122,6750,8309,10123,11901,1235,1260,1365,1628,1559,1814,1778
34708,"Hudyncia, Rob",non-elite,1375,2760,4168,5656,7183,8785,10419,11978,1385,1408,1488,1527,1602,1634,1559
34709,"Armour, Scott R.",non-elite,1290,2595,3926,5301,6716,8285,9986,11883,1305,1331,1375,1415,1569,1701,1897
34710,"Cheung, Wai H",non-elite,1411,2857,4329,5836,7300,8834,10450,11993,1446,1472,1507,1464,1534,1616,1543
34711,"Laverdiere, Marco",non-elite,1404,2827,4280,5771,7262,8803,10420,12006,1423,1453,1491,1491,1541,1617,1586
34712,"Tilstra, Jayna",non-elite,1501,3011,4523,6051,7572,9127,10697,12112,1510,1512,1528,1521,1555,1570,1415
34713,"Borleis, Kathleen",non-elite,1394,2799,4213,5678,7157,8713,10383,11995,1405,1414,1465,1479,1556,1670,1612
34714,"Shrader, Mark E",non-elite,1424,2809,4183,5589,7007,8508,10099,11818,1385,1374,1406,1418,1501,1591,1719
34715,"Miner, Jeremy J",non-elite,1284,2613,4038,5518,7021,8626,10282,11954,1329,1425,1480,1503,1605,1656,1672
34716,"Erickson, Chris",non-elite,1373,2724,4080,5438,6800,8289,9981,11841,1351,1356,1358,1362,1489,1692,1860
34717,"Miller, Bryan D",non-elite,1325,2737,4179,5639,7102,8591,10242,11942,1412,1442,1460,1463,1489,1651,1700
34718,"Vonarx, David L",non-elite,1414,2862,4438,5950,7471,8999,10518,12023,1448,1576,1512,1521,1528,1519,1505
34719,"Schwanke, Peter",non-elite,1450,2945,4463,5992,7505,9034,10568,12060,1495,1518,1529,1513,1529,1534,1492
34720,"Day, Joe C.",non-elite,1208,2407,3630,4922,6504,8559,10275,11989,1199,1223,1292,1582,2055,1716,1714
34721,"Amlung, Jonathon N",non-elite,1404,2820,4237,5667,7185,8808,10450,12022,1416,1417,1430,1518,1623,1642,1572
34722,"Beaudrie, Michael L",non-elite,1418,2856,4280,5718,7162,8655,10470,12054,1438,1424,1438,1444,1493,1815,1584
34723,"Desgagnes, Cathy",non-elite,1436,2901,4383,5902,7415,8985,10547,12046,1465,1482,1519,1513,1570,1562,1499
34724,"Donzeiser, William IV",non-elite,1324,2644,4002,5490,7039,8643,10339,11958,1320,1358,1488,1549,1604,1696,1619
34725,"Ochi, Yoshichika",non-elite,1361,2752,4184,5661,7169,8764,10422,12020,1391,1432,1477,1508,1595,1658,1598
34726,"Sestito, James J. Jr.",non-elite,1554,2935,4285,5658,7054,8567,10238,11910,1381,1350,1373,1396,1513,1671,1672
34727,"Edwards, Phil",non-elite,1453,2795,4147,5578,7038,8637,10337,12023,1342,1352,1431,1460,1599,1700,1686
34728,"Forsyth, Jessica M.",non-elite,1504,2999,4454,5918,7378,8891,10438,12008,1495,1455,1464,1460,1513,1547,1570
34729,"Tucker, Alex",non-elite,1268,2527,3796,5139,6591,8191,9944,11845,1259,1269,1343,1452,1600,1753,1901
34730,"Plafker, Scott M",non-elite,1285,2587,3941,5327,6842,8479,10263,11963,1302,1354,1386,1515,1637,1784,1700
34731,"Bricard, Laurent",non-elite,1420,2836,4286,5746,7204,8715,10409,11979,1416,1450,1460,1458,1511,1694,1570
34732,"Fullerachs Graupera, Jaume Sr.",non-elite,1214,2448,3712,5079,6616,8329,10116,11881,1234,1264,1367,1537,1713,1787,1765
34733,"Leighton, Andrew C",non-elite,1391,2812,4200,5646,7098,8633,10265,11930,1421,1388,1446,1452,1535,1632,1665
34734,"Costa, Shannon L",non-elite,1397,2812,4247,5739,7228,8791,10395,11998,1415,1435,1492,1489,1563,1604,1603
34735,"Perez, Robert M.",non-elite,1436,2877,4299,5745,7198,8745,10447,11993,1441,1422,1446,1453,1547,1702,1546
34736,"Martin, Michelle A.",non-elite,1442,2887,4363,5852,7332,8851,10426,11987,1445,1476,1489,1480,1519,1575,1561
34737,"Tom, Jennifer",non-elite,1421,2855,4317,5817,7311,8905,10488,12019,1434,1462,1500,1494,1594,1583,1531
34738,"Fernandez, Erika",non-elite,1323,2677,4074,5527,7014,8763,10492,12072,1354,1397,1453,1487,1749,1729,1580
34739,"Naprstek, Robert D",non-elite,1369,2758,4168,5639,7120,8671,10302,11959,1389,1410,1471,1481,1551,1631,1657
34740,"Reynolds, Adam B",non-elite,1312,2616,3944,5308,6691,8165,9779,11756,1304,1328,1364,1383,1474,1614,1977
34741,"Truxillo, Adrienne",non-elite,1417,2864,4319,5813,7300,8870,10481,12043,1447,1455,1494,1487,1570,1611,1562
34742,"Rodriguez, Tonatiuh F. Sr.",non-elite,1403,2791,4155,5573,7023,8561,10212,11927,1388,1364,1418,1450,1538,1651,1715
34743,"Beutel, Heather L.",non-elite,1484,2929,4371,5829,7310,8872,10458,11990,1445,1442,1458,1481,1562,1586,1532
34744,"Parreira, Leda",non-elite,1510,2992,4448,5923,7380,8904,10463,12007,1482,1456,1475,1457,1524,1559,1544
34745,"Scogings, Michael E. Sr.",non-elite,1394,2818,4263,5736,7207,8735,10348,11973,1424,1445,1473,1471,1528,1613,1625
34746,"Lynch, Dylan J",non-elite,1288,2582,3870,5175,6565,8075,9896,11871,1294,1288,1305,1390,1510,1821,1975
34747,"Tucker, Ainsley L.",non-elite,1424,2850,4297,5808,7314,8870,10454,12026,1426,1447,1511,1506,1556,1584,1572
34748,"Cvecko, Jerry",non-elite,1449,2904,4382,5873,7364,8901,10463,11994,1455,1478,1491,1491,1537,1562,1531
34749,"Cui, Salena",non-elite,1477,2970,4520,6052,7526,9048,10579,12048,1493,1550,1532,1474,1522,1531,1469
34750,"Miller Hopkins, Kirsty",non-elite,1472,2935,4368,5834,7294,8811,10398,11983,1463,1433,1466,1460,1517,1587,1585
34751,"Gervais, Charles",non-elite,1370,2747,4138,5623,7123,8752,10425,12001,1377,1391,1485,1500,1629,1673,1576
34752,"Martinez, Joe",non-elite,1353,2696,4046,5405,6816,8384,10057,11872,1343,1350,1359,1411,1568,1673,1815
34753,"Bloor, Robert",non-elite,1236,2488,3778,5224,6784,8509,10276,12033,1252,1290,1446,1560,1725,1767,1757
34754,"Meliarenne, Claude",non-elite,1189,2464,3861,5402,6988,8638,10399,12010,1275,1397,1541,1586,1650,1761,1611
34755,"Studer, Kelsea A",non-elite,1425,2859,4295,5745,7207,8777,10439,11999,1434,1436,1450,1462,1570,1662,1560
34756,"Chen, Yuanding",non-elite,1267,2546,3882,5371,6916,8594,10328,12042,1279,1336,1489,1545,1678,1734,1714
34757,"Henderson, Jerry",non-elite,1323,2648,3995,5377,6783,8278,9935,11860,1325,1347,1382,1406,1495,1657,1925
34758,"Vogt, Kris",non-elite,1459,2925,4382,5861,7338,8885,10467,12022,1466,1457,1479,1477,1547,1582,1555
34759,"Vogt, Kaela",non-elite,1459,2925,4382,5861,7338,8885,10468,12022,1466,1457,1479,1477,1547,1583,1554
34760,"Mossow, Emily R",non-elite,1533,2998,4437,5902,7420,8928,10493,12049,1465,1439,1465,1518,1508,1565,1556
34761,"Lauder, Sarah N.",non-elite,1474,2940,4403,5918,7417,8973,10543,12031,1466,1463,1515,1499,1556,1570,1488
34762,"Falkanger, Meaghan R.",non-elite,1379,2732,4114,5672,7168,8794,10392,11988,1353,1382,1558,1496,1626,1598,1596
34763,"Maki, Eric J",non-elite,1417,2814,4239,5724,7233,8851,10436,12031,1397,1425,1485,1509,1618,1585,1595
34764,"Moss, Avi",non-elite,1360,2762,4201,5690,7181,8759,10401,12001,1402,1439,1489,1491,1578,1642,1600
34765,"Gilmore, Abigail M.",non-elite,1407,2813,4247,5741,7242,8800,10408,11995,1406,1434,1494,1501,1558,1608,1587
34766,"Harty, Chad A",non-elite,1392,2799,4209,5687,7161,8743,10462,12021,1407,1410,1478,1474,1582,1719,1559
34767,"Chambers, Chad K",non-elite,1291,2596,3949,5371,6906,8567,10308,11986,1305,1353,1422,1535,1661,1741,1678
34768,"Fowler, Howard",non-elite,1438,2897,4340,5905,7404,8939,10494,12021,1459,1443,1565,1499,1535,1555,1527
34769,"Holmboe, Dag",non-elite,1461,2893,4333,5822,7319,8865,10455,12031,1432,1440,1489,1497,1546,1590,1576
34770,"Carstensen, Kristen",non-elite,1507,2996,4468,5962,7451,8968,10506,12033,1489,1472,1494,1489,1517,1538,1527
34771,"Roberts, Dana",non-elite,1401,2793,4184,5627,7105,8628,10359,11974,1392,1391,1443,1478,1523,1731,1615
34772,"Phemister, Jordan",non-elite,1529,3023,4517,6007,7467,8976,10531,12034,1494,1494,1490,1460,1509,1555,1503
34773,"Girardot, Yan",non-elite,1338,2661,3985,5358,6806,8400,10236,11964,1323,1324,1373,1448,1594,1836,1728
34774,"Wyatt, Samantha",non-elite,1464,2946,4429,5913,7408,8938,10504,12050,1482,1483,1484,1495,1530,1566,1546
34775,"Dorr, Paige S.",non-elite,1464,2946,4430,5913,7408,8938,10504,12050,1482,1484,1483,1495,1530,1566,1546
34776,"Bravo, Erasmo",non-elite,1453,2889,4350,5824,7289,8837,10442,11990,1436,1461,1474,1465,1548,1605,1548
34777,"Ruttens, Koen",non-elite,1341,2684,4063,5506,6975,8541,10217,11944,1343,1379,1443,1469,1566,1676,1727
34778,"Van'T Veer, Erik",non-elite,1365,2747,4121,5545,7014,8587,10234,11924,1382,1374,1424,1469,1573,1647,1690
34779,"Haugan, Sheila K",non-elite,1415,2831,4247,5662,7189,8739,10433,12019,1416,1416,1415,1527,1550,1694,1586
34780,"Bell-Smith, Juliene",non-elite,1421,2844,4279,5771,7218,8770,10373,12016,1423,1435,1492,1447,1552,1603,1643
34781,"Plante, Lisa",non-elite,1487,2974,4452,5942,7426,8971,10510,12029,1487,1478,1490,1484,1545,1539,1519
34782,"Keenan, Kati H",non-elite,1413,2837,4268,5749,7227,8772,10353,11979,1424,1431,1481,1478,1545,1581,1626
34783,"Allie, Douglas M.",non-elite,1305,2633,4017,5444,6900,8469,10190,11899,1328,1384,1427,1456,1569,1721,1709
34784,"Berry, Chip",non-elite,1275,2545,3830,5210,6637,8262,10025,11801,1270,1285,1380,1427,1625,1763,1776
34785,"Klemmer, Bobby",non-elite,1235,2475,3756,5095,6539,8080,10179,11866,1240,1281,1339,1444,1541,2099,1687
34786,"Delaet, Jason",non-elite,1370,2746,4156,5604,7075,8632,10259,11933,1376,1410,1448,1471,1557,1627,1674
34787,"Chamberlain, Jaime D.",non-elite,1551,3003,4434,5890,7365,8898,10455,12013,1452,1431,1456,1475,1533,1557,1558
34788,"Drobik, Brian",non-elite,1363,2763,4210,5651,7092,8616,10288,11956,1400,1447,1441,1441,1524,1672,1668
34789,"Desforge, Peter",non-elite,1359,2746,4185,5700,7211,8763,10371,11986,1387,1439,1515,1511,1552,1608,1615
34790,"Carcamo, Marcela",non-elite,1418,2867,4324,5799,7270,8783,10352,11922,1449,1457,1475,1471,1513,1569,1570
34791,"Shaver, Chad",non-elite,1336,2722,4199,5687,7196,8761,10391,12023,1386,1477,1488,1509,1565,1630,1632
34792,"Lambert, Wade",non-elite,1441,2875,4329,5803,7284,8834,10396,11968,1434,1454,1474,1481,1550,1562,1572
34793,"Verzilli, Claudio C",non-elite,1285,2629,4044,5621,7148,8711,10342,11980,1344,1415,1577,1527,1563,1631,1638
34794,"Treadwell, Zachary",non-elite,1305,2620,3937,5299,6702,8235,10027,11796,1315,1317,1362,1403,1533,1792,1769
34795,"Brown, Richard",non-elite,1490,2953,4413,5893,7374,8905,10490,12057,1463,1460,1480,1481,1531,1585,1567
34796,"Franzen, Stephanie",non-elite,1456,2894,4334,5803,7277,8822,10497,12025,1438,1440,1469,1474,1545,1675,1528
34797,"Cavazos, Catherine L",non-elite,1513,3019,4503,6012,7503,9041,10558,12052,1506,1484,1509,1491,1538,1517,1494
34798,"Beckett, Katherine E.",non-elite,1399,2798,4235,5744,7244,8817,10452,12033,1399,1437,1509,1500,1573,1635,1581
34799,"Findlay, Pamela",non-elite,1440,2918,4389,5886,7368,8893,10447,11998,1478,1471,1497,1482,1525,1554,1551
34800,"Wolfe, Lindsey M",non-elite,1485,2975,4454,5956,7447,8965,10526,12053,1490,1479,1502,1491,1518,1561,1527
34801,"Harrell, Erica",non-elite,1490,2966,4451,5990,7481,9001,10550,12057,1476,1485,1539,1491,1520,1549,1507
34802,"Frantz, Richard T.",non-elite,1301,2647,4004,5423,6930,8525,10320,11955,1346,1357,1419,1507,1595,1795,1635
34804,"Imai, Christopher A",non-elite,1375,2764,4178,5653,7182,8740,10384,12097,1389,1414,1475,1529,1558,1644,1713
34805,"Westlake, Kelly",non-elite,1266,2534,3998,5626,7200,8809,10485,12075,1268,1464,1628,1574,1609,1676,1590
34806,"Willis, Barrett",non-elite,1474,2953,4439,5935,7430,8974,10528,12040,1479,1486,1496,1495,1544,1554,1512
34807,"O'Neill, Kevin",non-elite,1250,2473,3726,5039,6411,8066,9889,11911,1223,1253,1313,1372,1655,1823,2022
34808,"Garcia, Claudia",non-elite,1438,2916,4381,5863,7370,8983,10565,12076,1478,1465,1482,1507,1613,1582,1511
34809,"O'Shields, Bill",non-elite,1358,2727,4130,5558,6965,8496,10165,11877,1369,1403,1428,1407,1531,1669,1712
34810,"Monaco, Julie",non-elite,1498,3010,4538,6072,7594,9090,10580,12026,1512,1528,1534,1522,1496,1490,1446
34811,"Gove, Shawn F.",non-elite,1293,2584,3894,5250,6873,8588,10274,12013,1291,1310,1356,1623,1715,1686,1739
34812,"Frenkil, Rachel L",non-elite,1498,3004,4502,5997,7487,9038,10561,12067,1506,1498,1495,1490,1551,1523,1506
34813,"Garrison, Andrew",non-elite,1292,2605,3943,5424,6920,8529,10240,11938,1313,1338,1481,1496,1609,1711,1698
34814,"Solis, Cindy M.",non-elite,1392,2781,4193,5635,7081,8557,10268,11979,1389,1412,1442,1446,1476,1711,1711
34815,"Fabian, Tracy",non-elite,1407,2815,4253,5723,7210,8777,10406,12009,1408,1438,1470,1487,1567,1629,1603
34816,"Merrow, Charlie J.",non-elite,1281,2580,3925,5380,6935,8656,10349,12018,1299,1345,1455,1555,1721,1693,1669
34817,"Aston, Edgar",non-elite,1437,2859,4291,5774,7245,8778,10379,11995,1422,1432,1483,1471,1533,1601,1616
34818,"Smith, Jeffrey D.",non-elite,1433,2884,4325,5783,7233,8774,10322,11926,1451,1441,1458,1450,1541,1548,1604
34819,"Zhu, Gaofeng",non-elite,1422,2857,4297,5757,7219,8732,10311,11954,1435,1440,1460,1462,1513,1579,1643
34820,"Coburn, Kathryn M.",non-elite,1408,2820,4235,5695,7205,8771,10405,12021,1412,1415,1460,1510,1566,1634,1616
34821,"Keyser, Alex G",non-elite,1314,2595,3881,5304,6781,8355,10063,11898,1281,1286,1423,1477,1574,1708,1835
34822,"Ashton, Meg",non-elite,1312,2654,4076,5578,7107,8714,10336,11962,1342,1422,1502,1529,1607,1622,1626
34823,"Stokes, Bridget C",non-elite,1457,2967,4456,5938,7426,8937,10470,12046,1510,1489,1482,1488,1511,1533,1576
34824,"Hamilton, Joe M.",non-elite,1465,2952,4420,5907,7396,8934,10491,12004,1487,1468,1487,1489,1538,1557,1513
34825,"Hudak, Lauren",non-elite,1365,2777,4258,5750,7264,8829,10416,11996,1412,1481,1492,1514,1565,1587,1580
34826,"Cox, Ben B",non-elite,1328,2674,4018,5384,6766,8271,10032,11889,1346,1344,1366,1382,1505,1761,1857
34827,"Caschera, Anthony",non-elite,1479,2937,4412,5912,7413,8954,10577,12074,1458,1475,1500,1501,1541,1623,1497
34828,"Grassin, Philippe",non-elite,1468,2927,4390,5873,7378,8904,10464,12013,1459,1463,1483,1505,1526,1560,1549
34829,"Langdon, Renee",non-elite,1447,2931,4414,5878,7333,8834,10396,12003,1484,1483,1464,1455,1501,1562,1607
34830,"McKee, Jana E.",non-elite,1435,2876,4311,5783,7299,8883,10512,12020,1441,1435,1472,1516,1584,1629,1508
34831,"Michalis, Pilar C",non-elite,1430,2866,4318,5790,7274,8833,10438,11986,1436,1452,1472,1484,1559,1605,1548
34832,"Coleman, Anne F.",non-elite,1486,2939,4395,5864,7342,8898,10490,12045,1453,1456,1469,1478,1556,1592,1555
34833,"Curtis, Fran R.",non-elite,1447,2851,4263,5724,7228,8807,10438,12022,1404,1412,1461,1504,1579,1631,1584
34834,"Schyns, Geoffrey",non-elite,1335,2668,4016,5421,6888,8471,10169,11893,1333,1348,1405,1467,1583,1698,1724
34835,"Roche, Erin",non-elite,1363,2765,4166,5577,7020,8548,10206,11985,1402,1401,1411,1443,1528,1658,1779
34836,"Gell, Kevin S.",non-elite,1236,2451,3668,4892,6146,7705,10251,11907,1215,1217,1224,1254,1559,2546,1656
34837,"Kohler, John P",non-elite,1332,2649,4010,5721,7124,8584,10428,12031,1317,1361,1711,1403,1460,1844,1603
34838,"Simon, Anne-Marie C",non-elite,1418,2806,4223,5744,7286,8906,10530,12064,1388,1417,1521,1542,1620,1624,1534
34839,"Ramirez Arregui, Jacqueline V. Sr.",non-elite,1479,2939,4412,5909,7408,8964,10538,12048,1460,1473,1497,1499,1556,1574,1510
34840,"Wandaogo, Hassetou",non-elite,1470,2937,4408,5895,7385,8919,10475,12017,1467,1471,1487,1490,1534,1556,1542
34841,"Youpa, Andrew",non-elite,1427,2820,4204,5618,7055,8588,10243,11916,1393,1384,1414,1437,1533,1655,1673
34842,"Rosales, Isela",non-elite,1406,2822,4289,5763,7254,8818,10430,12024,1416,1467,1474,1491,1564,1612,1594
34843,"Schlotthauer, Amy E",non-elite,1491,2937,4369,5810,7280,8778,10443,12032,1446,1432,1441,1470,1498,1665,1589
34844,"Arthur, Britt A",non-elite,1506,3027,4457,5909,7353,8882,10457,12029,1521,1430,1452,1444,1529,1575,1572
34845,"Zavala Deschamps, Ruy",non-elite,1420,2846,4313,5804,7311,8870,10448,12026,1426,1467,1491,1507,1559,1578,1578
34846,"Gaviria, Wilmer",non-elite,1279,2570,3875,5323,6723,8274,10064,11898,1291,1305,1448,1400,1551,1790,1834
34847,"Melgaard, Kennet",non-elite,1260,2537,3852,5292,6758,8408,10228,12016,1277,1315,1440,1466,1650,1820,1788
34848,"Villafane, Juan",non-elite,1450,2926,4403,5883,7372,8888,10412,11923,1476,1477,1480,1489,1516,1524,1511
34849,"Campagna, Jessica",non-elite,1441,2888,4318,5754,7214,8746,10362,11998,1447,1430,1436,1460,1532,1616,1636
34850,"Butler, Derrick",non-elite,1317,2617,3891,5166,6420,7902,9549,11761,1300,1274,1275,1254,1482,1647,2212
34851,"Gavrilovic, Borislav P.",non-elite,1487,2962,4470,5971,7466,8984,10521,12063,1475,1508,1501,1495,1518,1537,1542
34852,"Caproni, Marta",non-elite,1409,2808,4211,5675,7173,8738,10355,11993,1399,1403,1464,1498,1565,1617,1638
34853,"Shearer, Russell C",non-elite,1353,2736,4150,5677,7169,8796,10436,12020,1383,1414,1527,1492,1627,1640,1584
34854,"Ivey, Troy D",non-elite,1446,2891,4344,5814,7294,8819,10367,12019,1445,1453,1470,1480,1525,1548,1652
34855,"Guiley, Shannon L",non-elite,1436,2875,4307,5793,7250,8794,10388,12009,1439,1432,1486,1457,1544,1594,1621
34856,"Stafford, Wesley P",non-elite,1424,2853,4282,5736,7205,8801,10399,11980,1429,1429,1454,1469,1596,1598,1581
34857,"Gibson, Mark I",non-elite,1322,2689,4078,5556,6998,8537,10200,11919,1367,1389,1478,1442,1539,1663,1719
34858,"Moloney, Kevin",non-elite,1415,2859,4318,5833,7357,8902,10470,12019,1444,1459,1515,1524,1545,1568,1549
34859,"Marques, Paula R.",non-elite,1380,2753,4166,5643,7177,8807,10481,12021,1373,1413,1477,1534,1630,1674,1540
34860,"Lynch, Jamie P",non-elite,1480,3002,4525,6054,7583,9142,10664,12069,1522,1523,1529,1529,1559,1522,1405
34861,"Prince, Akiko",non-elite,1488,2995,4505,6023,7516,9056,10588,12074,1507,1510,1518,1493,1540,1532,1486
34862,"Mier, Megan",non-elite,1499,2998,4492,5985,7478,9000,10532,12060,1499,1494,1493,1493,1522,1532,1528
34863,"Saltzman, Michelle",non-elite,1538,3025,4512,6005,7494,9035,10595,12101,1487,1487,1493,1489,1541,1560,1506
34864,"Ng, Hung K",non-elite,1433,2887,4376,5896,7405,8948,10511,12028,1454,1489,1520,1509,1543,1563,1517
34865,"Avila, Anthony G.",non-elite,1438,2884,4374,5872,7362,8922,10512,12051,1446,1490,1498,1490,1560,1590,1539
34866,"Chaput, Derek",non-elite,1253,2544,3864,5228,6741,8375,10107,12010,1291,1320,1364,1513,1634,1732,1903
34867,"Theroux, Doug",non-elite,1417,2822,4207,5679,7193,8711,10344,11985,1405,1385,1472,1514,1518,1633,1641
34868,"Grinage, Janine",non-elite,1574,3031,4479,5946,7407,8918,10480,12014,1457,1448,1467,1461,1511,1562,1534
34869,"Henry, Elizabeth M.",non-elite,1433,2859,4282,5736,7210,8729,10339,11996,1426,1423,1454,1474,1519,1610,1657
34870,"Geofroy, Matthew P.",non-elite,1325,2626,3936,5317,6867,8553,10267,12006,1301,1310,1381,1550,1686,1714,1739
34871,"Lepore, Chris",non-elite,1422,2880,4300,5761,7219,8701,10326,11999,1458,1420,1461,1458,1482,1625,1673
34872,"Harding, Jim",non-elite,1438,2899,4377,5861,7346,8874,10435,12011,1461,1478,1484,1485,1528,1561,1576
34873,"Ashburner, Robert",non-elite,1397,2803,4231,5719,7230,8791,10430,12040,1406,1428,1488,1511,1561,1639,1610
34874,"Mosquera Ruiz, Maria Hermelinda",non-elite,1269,2623,4045,5527,7009,8661,10421,12001,1354,1422,1482,1482,1652,1760,1580
34875,"Pizzi, Becca",non-elite,1466,2932,4386,5904,7413,8961,10538,12062,1466,1454,1518,1509,1548,1577,1524
34876,"Walters, Jason",non-elite,1404,2800,4206,5615,7116,8670,10285,12004,1396,1406,1409,1501,1554,1615,1719
34877,"Zohar, Meredith",non-elite,1364,2740,4141,5588,7092,8703,10336,11995,1376,1401,1447,1504,1611,1633,1659
34878,"Cheong, Tony",non-elite,1375,2751,4158,5610,7085,8649,10296,11932,1376,1407,1452,1475,1564,1647,1636
34879,"Wells, Christine",non-elite,1456,2913,4404,5914,7437,8999,10557,12061,1457,1491,1510,1523,1562,1558,1504
34880,"Remsburg, Cade K",non-elite,1327,2696,4119,5608,7210,8852,10505,12054,1369,1423,1489,1602,1642,1653,1549
34881,"Jordan, James Jr.",non-elite,1482,2918,4361,5831,7314,8837,10413,11993,1436,1443,1470,1483,1523,1576,1580
34882,"Eid, Amanda C.",non-elite,1488,2997,4510,6066,7594,9100,10609,12087,1509,1513,1556,1528,1506,1509,1478
34883,"Tennant, Rosaura",non-elite,1426,2873,4329,5819,7310,8836,10412,12001,1447,1456,1490,1491,1526,1576,1589
34884,"Kowalski, Jedediah D.",non-elite,1268,2559,3875,5267,6780,8465,10182,11961,1291,1316,1392,1513,1685,1717,1779
34885,"Love, Annette M",non-elite,1441,2913,4379,5880,7370,8925,10517,12043,1472,1466,1501,1490,1555,1592,1526
34886,"Hammond, Jon C.",non-elite,1284,2550,3842,5210,6645,8231,9948,11854,1266,1292,1368,1435,1586,1717,1906
34887,"Jensen, Ashley",non-elite,1270,2563,3949,5545,7181,8857,10612,12089,1293,1386,1596,1636,1676,1755,1477
34888,"Kangas, Bradley R.",non-elite,1416,2850,4306,5773,7249,8767,10337,11964,1434,1456,1467,1476,1518,1570,1627
34889,"Matsuda, Tomoyuki",non-elite,1419,2845,4276,5760,7248,8828,10457,12008,1426,1431,1484,1488,1580,1629,1551
34890,"Goldberg, Lew",non-elite,1443,2893,4359,5855,7374,8925,10506,12038,1450,1466,1496,1519,1551,1581,1532
34891,"Rogers, Glenn",non-elite,1339,2652,3991,5409,6882,8467,10225,11963,1313,1339,1418,1473,1585,1758,1738
34892,"Cheng, Francis",non-elite,1299,2634,4022,5458,6956,8530,10234,11977,1335,1388,1436,1498,1574,1704,1743
34893,"Edgecombe, Candice C",non-elite,1495,2988,4482,5982,7483,9024,10556,12071,1493,1494,1500,1501,1541,1532,1515
34894,"Montes Silva, Leoncio F",non-elite,1275,2580,3891,5247,6593,8033,9676,11654,1305,1311,1356,1346,1440,1643,1978
34895,"Plascencia, Roberto",non-elite,1292,2641,4055,5554,7080,8758,10417,11984,1349,1414,1499,1526,1678,1659,1567
34896,"Terrell, Lauren M",non-elite,1442,2854,4245,5701,7198,8780,10470,12050,1412,1391,1456,1497,1582,1690,1580
34897,"Pontrelli, Mike",non-elite,1338,2714,4126,5595,7103,8669,10313,11963,1376,1412,1469,1508,1566,1644,1650
34898,"Varella, Enrico C.",non-elite,1448,2919,4369,5826,7302,8864,10487,12032,1471,1450,1457,1476,1562,1623,1545
34899,"Smith, Bradley T",non-elite,1277,2548,3825,5124,6458,7927,9860,12017,1271,1277,1299,1334,1469,1933,2157
34900,"Eisenhart, Michael",non-elite,1486,2987,4474,5983,7494,9014,10538,12055,1501,1487,1509,1511,1520,1524,1517
34901,"Allen, Michael G.",non-elite,1353,2763,4178,5653,7118,8831,10540,12025,1410,1415,1475,1465,1713,1709,1485
34902,"Gilmore, Kenneth T.",non-elite,1475,2956,4435,5933,7432,8953,10498,12034,1481,1479,1498,1499,1521,1545,1536
34903,"Sargent, Amanda H",non-elite,1487,2967,4457,5959,7457,9009,10568,12078,1480,1490,1502,1498,1552,1559,1510
34904,"McIlvennie, Claire",non-elite,1455,2911,4366,5826,7280,8799,10387,12037,1456,1455,1460,1454,1519,1588,1650
34905,"Ortega, Alejandro J.",non-elite,1404,2784,4190,5656,7091,8630,10229,11776,1380,1406,1466,1435,1539,1599,1547
34906,"Root, Madeline M",non-elite,1448,2883,4326,5788,7250,8797,10448,12046,1435,1443,1462,1462,1547,1651,1598
34907,"Beauchemin, Patrick",non-elite,1217,2452,3727,5033,6444,8110,10254,12043,1235,1275,1306,1411,1666,2144,1789
34908,"Hasle, Catharine L",non-elite,1509,2983,4477,5960,7455,9007,10571,12085,1474,1494,1483,1495,1552,1564,1514
34909,"Bernier, Brian P",non-elite,1195,2327,3527,4904,6422,8206,9822,11978,1132,1200,1377,1518,1784,1616,2156
34910,"Yakawich, Katie N.",non-elite,1495,2954,4417,5904,7399,8936,10523,12064,1459,1463,1487,1495,1537,1587,1541
34911,"Levesque, Marc",non-elite,1411,2811,4225,5684,7134,8695,10351,11993,1400,1414,1459,1450,1561,1656,1642
34912,"Rideout, Dan W",non-elite,1467,2907,4358,5822,7329,8887,10501,12049,1440,1451,1464,1507,1558,1614,1548
34913,"Dos Santos Filho, Orlando Venancio V. Sr.",non-elite,1408,2821,4246,5686,7139,8721,10387,11974,1413,1425,1440,1453,1582,1666,1587
34914,"Tillman, Jonathan",non-elite,1408,2801,4230,5647,7071,8580,10380,12069,1393,1429,1417,1424,1509,1800,1689
34915,"Callahan, Kevin M.",non-elite,1406,2816,4253,5716,7235,8792,10401,12007,1410,1437,1463,1519,1557,1609,1606
34916,"Lheritier, Romain",non-elite,1401,2834,4281,5759,7229,8796,10395,12053,1433,1447,1478,1470,1567,1599,1658
34917,"Katz, Sean J",non-elite,1299,2619,4013,5422,6887,8491,10223,11973,1320,1394,1409,1465,1604,1732,1750
34918,"Stiver, Paul",non-elite,1296,2595,3913,5285,6717,8220,9983,11890,1299,1318,1372,1432,1503,1763,1907
34919,"Rose, Alexander G",non-elite,1299,2605,3882,5169,6433,7837,9556,11844,1306,1277,1287,1264,1404,1719,2288
34920,"Drew, George R.",non-elite,1416,2838,4299,5796,7287,8854,10470,12055,1422,1461,1497,1491,1567,1616,1585
34921,"Trammell, Abby L",non-elite,1433,2879,4341,5839,7345,8920,10527,12061,1446,1462,1498,1506,1575,1607,1534
34922,"Tolan, Ivanka S.",non-elite,1521,3039,4533,6030,7523,9041,10567,12070,1518,1494,1497,1493,1518,1526,1503
34923,"Curiel, Alfredo M Sr.",non-elite,1299,2627,3977,5370,6805,8408,10370,11996,1328,1350,1393,1435,1603,1962,1626
34924,"Gomez Espinosa, Jaime A.",non-elite,1401,2834,4304,5827,7335,8877,10485,12045,1433,1470,1523,1508,1542,1608,1560
34925,"Cline, Erica",non-elite,1447,2859,4315,5815,7276,8821,10416,12015,1412,1456,1500,1461,1545,1595,1599
34926,"Hudspith, Mike",non-elite,1485,2950,4413,5903,7353,8872,10447,12022,1465,1463,1490,1450,1519,1575,1575
34927,"Hetem, Keira",non-elite,1521,2972,4416,5876,7327,8827,10425,12018,1451,1444,1460,1451,1500,1598,1593
34928,"Hardy, Christy",non-elite,1435,2880,4340,5817,7290,8800,10395,11987,1445,1460,1477,1473,1510,1595,1592
34929,"Runyan, Jason M",non-elite,1332,2677,4023,5376,6758,8226,9889,11819,1345,1346,1353,1382,1468,1663,1930
34930,"Janosky, Amanda M",non-elite,1444,2861,4277,5736,7219,8780,10453,12058,1417,1416,1459,1483,1561,1673,1605
34931,"Pluta, Anna",non-elite,1438,2885,4344,5904,7426,8994,10526,12050,1447,1459,1560,1522,1568,1532,1524
34932,"Soria, Andrea",non-elite,1524,3001,4476,5946,7431,8984,10576,12071,1477,1475,1470,1485,1553,1592,1495
34933,"Buono, David",non-elite,1469,2944,4417,5897,7378,8900,10454,12054,1475,1473,1480,1481,1522,1554,1600
34934,"Mills, Don",non-elite,1285,2570,3854,5205,6669,8329,10166,11948,1285,1284,1351,1464,1660,1837,1782
34935,"Patel, Raj",non-elite,1313,2680,4088,5555,7039,8637,10315,11956,1367,1408,1467,1484,1598,1678,1641
34936,"Aronne, Arianna",non-elite,1482,3001,4513,6044,7561,9097,10632,12114,1519,1512,1531,1517,1536,1535,1482
34937,"Gerharter, David M",non-elite,1439,2899,4359,5825,7320,8864,10469,12018,1460,1460,1466,1495,1544,1605,1549
34938,"Lovria, Elizabeth A",non-elite,1471,2963,4453,5960,7449,8953,10493,12043,1492,1490,1507,1489,1504,1540,1550
34940,"Cox, Katrin L.",non-elite,1496,3018,4527,6042,7525,9056,10608,12104,1522,1509,1515,1483,1531,1552,1496
34941,"Spinney, Jennifer",non-elite,1474,2937,4417,5933,7453,9015,10590,12086,1463,1480,1516,1520,1562,1575,1496
34942,"Valera, Michelle J",non-elite,1552,3055,4534,6019,7510,9042,10612,12118,1503,1479,1485,1491,1532,1570,1506
34943,"Boucher, Laurent",non-elite,1319,2692,4117,5598,7068,8680,10339,12012,1373,1425,1481,1470,1612,1659,1673
34944,"London, Darrin G",non-elite,1446,2951,4397,5866,7360,8904,10484,12042,1505,1446,1469,1494,1544,1580,1558
34945,"Park, Bryan",non-elite,1422,2909,4377,5923,7419,8974,10546,12068,1487,1468,1546,1496,1555,1572,1522
34946,"Brown, Don",non-elite,1333,2670,4019,5422,6881,8460,10199,11996,1337,1349,1403,1459,1579,1739,1797
34947,"Linnartz, Kirsten S.",non-elite,1378,2755,4194,5727,7244,8852,10494,12078,1377,1439,1533,1517,1608,1642,1584
34948,"Giovas, Christina M.",non-elite,1440,2901,4387,5879,7372,8906,10488,12040,1461,1486,1492,1493,1534,1582,1552
34949,"Bilinski, Shay Lynn",non-elite,1491,2934,4373,5825,7274,8826,10479,12082,1443,1439,1452,1449,1552,1653,1603
34950,"Stockford, Jill S",non-elite,1507,2975,4434,5909,7379,8904,10468,12076,1468,1459,1475,1470,1525,1564,1608
34951,"Bone, Anthony",non-elite,1411,2828,4262,5725,7178,8736,10357,11987,1417,1434,1463,1453,1558,1621,1630
34952,"Hagen, Justin W.",non-elite,1469,2916,4348,5786,7224,8797,10480,12064,1447,1432,1438,1438,1573,1683,1584
34953,"Kastrud, Mark",non-elite,1447,2950,4446,5991,7503,9035,10586,12090,1503,1496,1545,1512,1532,1551,1504
34954,"Rotelli, Christopher R.",non-elite,1326,2699,4141,5631,7111,8705,10435,12032,1373,1442,1490,1480,1594,1730,1597
34955,"Arthur, Laura M",non-elite,1470,2936,4399,5883,7358,8892,10470,12079,1466,1463,1484,1475,1534,1578,1609
34956,"Furukawa, Ryo",non-elite,1282,2537,3796,5093,6401,7787,9318,11415,1255,1259,1297,1308,1386,1531,2097
34957,"Hart, Bob",non-elite,1451,2935,4411,5907,7404,8964,10550,12064,1484,1476,1496,1497,1560,1586,1514
34958,"Hofmann, Korinna",non-elite,1487,2964,4451,5951,7449,8989,10560,12072,1477,1487,1500,1498,1540,1571,1512
34959,"Stuart, Vicki M",non-elite,1436,2860,4275,5710,7174,8722,10361,12036,1424,1415,1435,1464,1548,1639,1675
34960,"Lee, Esther",non-elite,1447,2896,4361,5837,7322,8875,10459,12024,1449,1465,1476,1485,1553,1584,1565
34961,"Dandonneau, Eric",non-elite,1288,2596,3936,5367,6842,8395,10069,11888,1308,1340,1431,1475,1553,1674,1819
34962,"Farino, Sal",non-elite,1462,2935,4419,5903,7382,8909,10451,12037,1473,1484,1484,1479,1527,1542,1586
34963,"Rebella, Dan J.",non-elite,1329,2670,4036,5397,6797,8268,9903,11819,1341,1366,1361,1400,1471,1635,1916
34964,"Smith, Jim",non-elite,1414,2835,4266,5723,7185,8743,10357,11963,1421,1431,1457,1462,1558,1614,1606
34965,"Moorman, Colleen M.",non-elite,1427,2864,4316,5769,7239,8776,10388,12017,1437,1452,1453,1470,1537,1612,1629
34966,"Palm, Jens",non-elite,1362,2737,4185,5681,7202,8786,10446,12049,1375,1448,1496,1521,1584,1660,1603
34967,"Roberts, Michael D",non-elite,1316,2654,4028,5526,7021,8633,10306,11983,1338,1374,1498,1495,1612,1673,1677
34968,"Loomis, William",non-elite,1431,2872,4321,5796,7230,8759,10389,11991,1441,1449,1475,1434,1529,1630,1602
34969,"Faulk, Michael",non-elite,1397,2774,4153,5582,7058,8679,10380,12062,1377,1379,1429,1476,1621,1701,1682
34970,"Nesbitt, Jonathan J.",non-elite,1243,2467,3716,5044,6553,8145,10073,11970,1224,1249,1328,1509,1592,1928,1897
34971,"Taylor, Michael",non-elite,1384,2726,4054,5475,6954,8563,10299,12023,1342,1328,1421,1479,1609,1736,1724
34972,"Byrd, Natalie",non-elite,1511,2993,4489,5991,7496,9026,10572,12094,1482,1496,1502,1505,1530,1546,1522
34973,"Hewitt, Lee",non-elite,1324,2646,3978,5329,6709,8153,9703,11834,1322,1332,1351,1380,1444,1550,2131
34974,"Stoner, Amy L",non-elite,1488,2939,4412,5883,7356,8890,10465,12039,1451,1473,1471,1473,1534,1575,1574
34975,"O'Brien, Dan",non-elite,1385,2779,4157,5587,7036,8591,10258,11983,1394,1378,1430,1449,1555,1667,1725
34976,"Zulps, Albert",non-elite,1424,2872,4331,5814,7336,8943,10572,12127,1448,1459,1483,1522,1607,1629,1555
34977,"King, Brian L",non-elite,1365,2731,4101,5468,6849,8323,10056,11898,1366,1370,1367,1381,1474,1733,1842
34978,"Carlson, Laura A",non-elite,1424,2896,4378,5880,7365,8899,10485,12034,1472,1482,1502,1485,1534,1586,1549
34979,"McDermott, Jack T.",non-elite,1422,2896,4381,5899,7393,8878,10437,12027,1474,1485,1518,1494,1485,1559,1590
34980,"Quill, Pat",non-elite,1253,2514,3852,5282,6851,8399,10020,11812,1261,1338,1430,1569,1548,1621,1792
34981,"Short, Alex W",non-elite,1301,2600,3914,5284,6830,8466,10172,11924,1299,1314,1370,1546,1636,1706,1752
34982,"Yoo, Rebecca J",non-elite,1389,2783,4203,5672,7152,8711,10317,11962,1394,1420,1469,1480,1559,1606,1645
34983,"Rehwald, Megan E",non-elite,1516,3045,4563,6084,7591,9116,10642,12112,1529,1518,1521,1507,1525,1526,1470
34984,"Gaudet, Daniel",non-elite,1367,2762,4248,5720,7214,8810,10422,12017,1395,1486,1472,1494,1596,1612,1595
34985,"Peterson, Devin",non-elite,1262,2542,3831,5171,6589,8243,10162,11952,1280,1289,1340,1418,1654,1919,1790
34986,"Duplant, Bradley W.",non-elite,1234,2488,3808,5219,6769,8453,10222,11989,1254,1320,1411,1550,1684,1769,1767
34987,"Blum, Michael",non-elite,1275,2544,3812,5094,6428,8071,9882,12002,1269,1268,1282,1334,1643,1811,2120
34988,"Walker, Gill",non-elite,1331,2661,4032,5460,7010,8701,10385,12010,1330,1371,1428,1550,1691,1684,1625
34989,"Jendrasheske, Alison R",non-elite,1453,2907,4357,5829,7306,8832,10424,12035,1454,1450,1472,1477,1526,1592,1611
34990,"Carlson, Sam (Gary) J.",non-elite,1357,2680,4030,5411,6804,8300,9992,11817,1323,1350,1381,1393,1496,1692,1825
34991,"Servidea, Kathleen M",non-elite,1445,2879,4315,5763,7206,8701,10259,11973,1434,1436,1448,1443,1495,1558,1714
34992,"Dennis, Heather",non-elite,1506,3006,4505,6001,7479,8977,10515,12052,1500,1499,1496,1478,1498,1538,1537
34993,"Riney, Travis",non-elite,1342,2733,4152,5609,7109,8699,10377,12044,1391,1419,1457,1500,1590,1678,1667
34994,"Somers, Bill",non-elite,1284,2586,4021,5534,7099,8705,10374,12042,1302,1435,1513,1565,1606,1669,1668
34995,"Newton, Travis R.",non-elite,1411,2819,4248,5713,7227,8819,10476,12048,1408,1429,1465,1514,1592,1657,1572
34996,"Six, Sheralee",non-elite,1355,2694,4082,5531,7003,8616,10355,11999,1339,1388,1449,1472,1613,1739,1644
34997,"Grant, Carrie",non-elite,1487,2985,4469,5958,7438,8957,10542,12083,1498,1484,1489,1480,1519,1585,1541
34998,"Crosby, Brad A",non-elite,1286,2583,4003,5496,7042,8664,10338,12004,1297,1420,1493,1546,1622,1674,1666
34999,"Dominici, Francesca",non-elite,1408,2817,4259,5735,7217,8749,10322,11983,1409,1442,1476,1482,1532,1573,1661
35000,"Warner, Allison E",non-elite,1460,2927,4398,5860,7331,8847,10459,12018,1467,1471,1462,1471,1516,1612,1559
35001,"Cabrera, Guillermo R",non-elite,1284,2621,4004,5463,7008,8704,10431,12031,1337,1383,1459,1545,1696,1727,1600
35002,"Leggett, David C.",non-elite,1486,3034,4622,6154,7686,9186,10678,12101,1548,1588,1532,1532,1500,1492,1423
35003,"Barry, Elizabeth M",non-elite,1368,2739,4132,5613,7127,8761,10378,12046,1371,1393,1481,1514,1634,1617,1668
35004,"Zeng, Zhenhua",non-elite,1424,2831,4286,5790,7302,8844,10496,12052,1407,1455,1504,1512,1542,1652,1556
35005,"Devereux, Lisa M",non-elite,1411,2806,4203,5646,7152,8726,10415,12035,1395,1397,1443,1506,1574,1689,1620
35006,"Tylova, Veronika",non-elite,1371,2788,4223,5698,7168,8805,10464,12038,1417,1435,1475,1470,1637,1659,1574
35008,"Brown, Kate",non-elite,1364,2761,4197,5697,7222,8807,10431,12046,1397,1436,1500,1525,1585,1624,1615
35009,"Lietzow, Christopher",non-elite,1236,2479,3734,5052,6552,8330,10153,11994,1243,1255,1318,1500,1778,1823,1841
35010,"Kaelin, Ryan T.",non-elite,1318,2658,4034,5436,6860,8360,10015,11851,1340,1376,1402,1424,1500,1655,1836
35011,"Woytassek, Kendra",non-elite,1372,2794,4250,5739,7229,8764,10382,12029,1422,1456,1489,1490,1535,1618,1647
35012,"Tipton, Chris",non-elite,1305,2662,4001,5491,6918,8479,10129,11894,1357,1339,1490,1427,1561,1650,1765
35013,"Rhodes, Paul J",non-elite,1424,2849,4308,5795,7286,8821,10422,11955,1425,1459,1487,1491,1535,1601,1533
35014,"Mayfield, Lindsay",non-elite,1415,2847,4305,5792,7292,8865,10476,12073,1432,1458,1487,1500,1573,1611,1597
35015,"Gollotto, Katie",non-elite,1347,2697,4063,5637,7184,8734,10403,12038,1350,1366,1574,1547,1550,1669,1635
35016,"Eversman, Michelle",non-elite,1312,2639,3965,5462,6990,8635,10294,11921,1327,1326,1497,1528,1645,1659,1627
35017,"Templin, Steve",non-elite,1336,2708,4028,5382,6769,8510,10208,11975,1372,1320,1354,1387,1741,1698,1767
35018,"Pitt, Donald A",non-elite,1427,2842,4261,5741,7281,8879,10546,12064,1415,1419,1480,1540,1598,1667,1518
35019,"Quinn, John",non-elite,1336,2671,4001,5385,6755,8303,10588,12130,1335,1330,1384,1370,1548,2285,1542
35020,"Longinotti, Megan",non-elite,1399,2826,4372,5910,7482,9186,10742,12150,1427,1546,1538,1572,1704,1556,1408
35021,"Kenny, Ed",non-elite,1325,2628,3999,5701,7158,8797,10588,12108,1303,1371,1702,1457,1639,1791,1520
35022,"Spooner, David",non-elite,1395,2820,4250,5734,7236,8812,10415,12006,1425,1430,1484,1502,1576,1603,1591
35023,"Kryzanowski, Jennifer J.",non-elite,1393,2761,4166,5622,7113,8695,10345,12021,1368,1405,1456,1491,1582,1650,1676
35024,"Gosselin, Natalie",non-elite,1411,2845,4314,5826,7329,8929,10524,12070,1434,1469,1512,1503,1600,1595,1546
35025,"Krcmarik, Kelly E",non-elite,1439,2848,4268,5738,7208,8767,10407,12027,1409,1420,1470,1470,1559,1640,1620
35026,"Ehredt, Michael",non-elite,1440,2911,4384,5858,7353,8894,10464,12057,1471,1473,1474,1495,1541,1570,1593
35027,"Roth, Jen",non-elite,1402,2812,4260,5758,7257,8827,10467,12060,1410,1448,1498,1499,1570,1640,1593
35028,"Whitby, Fiona",non-elite,1371,2782,4182,5645,7130,8727,10396,12050,1411,1400,1463,1485,1597,1669,1654
35029,"Frey, Katherine",non-elite,1354,2733,4124,5581,7107,8723,10383,12016,1379,1391,1457,1526,1616,1660,1633
35030,"Knopp, Jen M.",non-elite,1528,3034,4532,6043,7543,9096,10643,12114,1506,1498,1511,1500,1553,1547,1471
35031,"Jobin, Dominique",non-elite,1333,2671,4022,5405,6963,8616,10398,12030,1338,1351,1383,1558,1653,1782,1632
35032,"Terwilliger, Brian E",non-elite,1405,2848,4316,5833,7301,8812,10422,11989,1443,1468,1517,1468,1511,1610,1567
35033,"Carney, Laura",non-elite,1460,2944,4427,5926,7417,8952,10519,12061,1484,1483,1499,1491,1535,1567,1542
35034,"Shonerd, Allison J.",non-elite,1493,2932,4389,5882,7364,8886,10480,12051,1439,1457,1493,1482,1522,1594,1571
35035,"Capicio, Chris A",non-elite,1216,2430,3659,4903,6194,7630,9193,11837,1214,1229,1244,1291,1436,1563,2644
35036,"Bui, Anh T",non-elite,1423,2878,4335,5828,7297,8812,10406,12039,1455,1457,1493,1469,1515,1594,1633
35037,"Price, Lisa M.",non-elite,1397,2848,4312,5799,7291,8869,10506,12061,1451,1464,1487,1492,1578,1637,1555
35038,"Olberding, Denae A",non-elite,1483,2916,4367,5843,7339,8908,10507,12065,1433,1451,1476,1496,1569,1599,1558
35039,"Driscoll, Kelley E",non-elite,1361,2736,4144,5593,7159,8712,10328,11998,1375,1408,1449,1566,1553,1616,1670
35040,"Williamson, David A",non-elite,1299,2619,3949,5348,6754,8551,10275,11989,1320,1330,1399,1406,1797,1724,1714
35041,"Clark, Kaitlyn A",non-elite,1431,2887,4326,5811,7312,8887,10521,12074,1456,1439,1485,1501,1575,1634,1553
35042,"Dunn, Christine P.",non-elite,1404,2888,4348,5836,7359,8893,10482,12038,1484,1460,1488,1523,1534,1589,1556
35043,"Blahovcova, Adela",non-elite,1384,2795,4210,5662,7158,8712,10347,12050,1411,1415,1452,1496,1554,1635,1703
35044,"Alexander, Michael",non-elite,1446,2914,4371,5873,7382,8950,10544,12087,1468,1457,1502,1509,1568,1594,1543
35045,"Ma, Tiejun",non-elite,1321,2636,3977,5452,6870,8388,10130,11826,1315,1341,1475,1418,1518,1742,1696
35046,"Hewitt, Jessica L.",non-elite,1481,2958,4448,5928,7403,8925,10516,12086,1477,1490,1480,1475,1522,1591,1570
35047,"Freilich, Aaron",non-elite,1414,2837,4280,5780,7280,8888,10532,12071,1423,1443,1500,1500,1608,1644,1539
35048,"Siewert, John T. Jr.",non-elite,1390,2828,4215,5732,7219,8853,10543,12049,1438,1387,1517,1487,1634,1690,1506
35049,"Blevins, Christina",non-elite,1493,2963,4435,5932,7417,8935,10525,12080,1470,1472,1497,1485,1518,1590,1555
35050,"Gonzalez Lopez, Nidia",non-elite,1421,2877,4354,5880,7382,8962,10568,12072,1456,1477,1526,1502,1580,1606,1504
35051,"Hoogeveen, Tess",non-elite,1530,3079,4591,6054,7502,9019,10581,12082,1549,1512,1463,1448,1517,1562,1501
35052,"Romeo, David A",non-elite,1439,2874,4308,5767,7238,8778,10376,11992,1435,1434,1459,1471,1540,1598,1616
35053,"Payonk, Dana",non-elite,1428,2820,4214,5647,7123,8708,10409,12097,1392,1394,1433,1476,1585,1701,1688
35054,"Hughes, Shane A.",non-elite,1330,2595,3921,5281,6675,8308,10128,11985,1265,1326,1360,1394,1633,1820,1857
35055,"Dinkleman, Katie",non-elite,1461,2909,4367,5829,7321,8904,10562,12145,1448,1458,1462,1492,1583,1658,1583
35056,"Brecher, Robert D.",non-elite,1512,2964,4429,5877,7343,8808,10395,12032,1452,1465,1448,1466,1465,1587,1637
35057,"Greve, Richard A",non-elite,1468,2965,4468,5974,7460,9000,10546,12078,1497,1503,1506,1486,1540,1546,1532
35058,"Montague, Taylor",non-elite,1297,2623,4022,5541,7095,8687,10313,12040,1326,1399,1519,1554,1592,1626,1727
35059,"Wright, Ian S",non-elite,1490,2949,4394,5872,7368,8927,10531,12081,1459,1445,1478,1496,1559,1604,1550
35060,"Kobylinski, Sarah",non-elite,1410,2852,4315,5836,7359,8909,10498,12082,1442,1463,1521,1523,1550,1589,1584
35061,"Lacasse, Gilles",non-elite,1464,2924,4398,5914,7422,8981,10566,12080,1460,1474,1516,1508,1559,1585,1514
35062,"Jaramillo, Marcela",non-elite,1473,2959,4437,5909,7388,8960,10557,12074,1486,1478,1472,1479,1572,1597,1517
35063,"Wilcox, Dawn L",non-elite,1471,2962,4446,5944,7456,9020,10566,12102,1491,1484,1498,1512,1564,1546,1536
35064,"McGarry, Tim",non-elite,1283,2557,3825,5120,6477,8267,10191,12001,1274,1268,1295,1357,1790,1924,1810
35065,"Legernes, Laura",non-elite,1515,2998,4447,5941,7440,8991,10568,12085,1483,1449,1494,1499,1551,1577,1517
35066,"Charpentier, Eric J.",non-elite,1203,2488,3854,5298,6972,8570,10160,12048,1285,1366,1444,1674,1598,1590,1888
35067,"Yu, Alex",non-elite,1208,2417,3634,4883,6142,7477,8936,11793,1209,1217,1249,1259,1335,1459,2857
35068,"Sherman, Carl P",non-elite,1261,2656,4128,5652,7157,8759,10513,12087,1395,1472,1524,1505,1602,1754,1574
35069,"Snodgrass, Mark",non-elite,1441,2893,4348,5814,7288,8829,10451,12069,1452,1455,1466,1474,1541,1622,1618
35070,"Levitsky, Lorraine T.",non-elite,1345,2693,4065,5776,7324,8956,10582,12135,1348,1372,1711,1548,1632,1626,1553
35071,"Byers, Ray",non-elite,1400,2833,4295,5766,7246,8774,10387,12023,1433,1462,1471,1480,1528,1613,1636
35072,"Dunsworth, Anna",non-elite,1455,2944,4428,5914,7392,8878,10381,11963,1489,1484,1486,1478,1486,1503,1582
35073,"Cadwallader, Samantha",non-elite,1522,3029,4531,6039,7537,9085,10643,12127,1507,1502,1508,1498,1548,1558,1484
35074,"Stoner, Lily",non-elite,1414,2855,4336,5869,7409,8990,10577,12117,1441,1481,1533,1540,1581,1587,1540
35075,"Ottaway, Luther",non-elite,1379,2762,4151,5565,6999,8586,10307,11986,1383,1389,1414,1434,1587,1721,1679
35076,"Lack, Rachela S",non-elite,1461,2927,4405,5907,7418,9001,10583,12088,1466,1478,1502,1511,1583,1582,1505
35077,"Zaremba, Monica A",non-elite,1441,2893,4360,5867,7356,8918,10515,12056,1452,1467,1507,1489,1562,1597,1541
35078,"Beann, Haley",non-elite,1443,2878,4297,5779,7236,8773,10418,12002,1435,1419,1482,1457,1537,1645,1584
35079,"Leffler, Maureen",non-elite,1457,2925,4390,5867,7336,8844,10413,12014,1468,1465,1477,1469,1508,1569,1601
35080,"Berg, Margaret D",non-elite,1501,2955,4423,5927,7437,8986,10563,12093,1454,1468,1504,1510,1549,1577,1530
35081,"Thompson, Gavin",non-elite,1312,2648,4047,5506,6999,8603,10443,12059,1336,1399,1459,1493,1604,1840,1616
35082,"Clark, Nicole",non-elite,1421,2874,4336,5855,7376,8943,10518,12083,1453,1462,1519,1521,1567,1575,1565
35083,"Hodgson, Liesje",non-elite,1393,2798,4250,5724,7198,8743,10383,12051,1405,1452,1474,1474,1545,1640,1668
35084,"Sandvik, Christine",non-elite,1520,3029,4530,6032,7519,9035,10594,12114,1509,1501,1502,1487,1516,1559,1520
35085,"Rothschild, Carey E.",non-elite,1414,2847,4303,5795,7277,8810,10423,12048,1433,1456,1492,1482,1533,1613,1625
35086,"Matteson, Ryan",non-elite,1245,2491,3711,4971,6268,7852,10019,12085,1246,1220,1260,1297,1584,2167,2066
35087,"Bronson, Elizabeth",non-elite,1532,3025,4519,6016,7505,9035,10583,12092,1493,1494,1497,1489,1530,1548,1509
35088,"Hervet, Franck",non-elite,1430,2867,4328,5798,7285,8852,10449,12040,1437,1461,1470,1487,1567,1597,1591
35089,"Tallman, Alexander",non-elite,1204,2387,3590,4849,6257,7737,9690,11867,1183,1203,1259,1408,1480,1953,2177
35090,"Hanevy, Alma M",non-elite,1402,2808,4277,5790,7299,8873,10485,12082,1406,1469,1513,1509,1574,1612,1597
35091,"Clary, Rick",non-elite,1397,2807,4227,5660,7111,8624,10260,12000,1410,1420,1433,1451,1513,1636,1740
35092,"Sullivan-Inglis, Sheila",non-elite,1490,2959,4412,5888,7357,8867,10466,12060,1469,1453,1476,1469,1510,1599,1594
35093,"Bredeson, Tera L",non-elite,1512,3022,4526,6026,7514,9048,10625,12123,1510,1504,1500,1488,1534,1577,1498
35094,"Matheson, Melissa K",non-elite,1417,2863,4388,5894,7405,8960,10521,12058,1446,1525,1506,1511,1555,1561,1537
35095,"Oakland, Josie R",non-elite,1513,3022,4526,6027,7514,9049,10626,12123,1509,1504,1501,1487,1535,1577,1497
35096,"Moore Lewis, Hannah J",non-elite,1436,2876,4322,5811,7305,8844,10455,12045,1440,1446,1489,1494,1539,1611,1590
35097,"Oconnor, Brian G",non-elite,1296,2624,3976,5378,6830,8408,10140,11977,1328,1352,1402,1452,1578,1732,1837
35098,"Jek, Piotr",non-elite,1444,2877,4293,5718,7158,8662,10277,11991,1433,1416,1425,1440,1504,1615,1714
35099,"Barnish, Ashley",non-elite,1492,2998,4480,5954,7411,8915,10461,12069,1506,1482,1474,1457,1504,1546,1608
35100,"Price, Amber",non-elite,1439,2889,4355,5867,7388,8957,10531,12072,1450,1466,1512,1521,1569,1574,1541
35101,"Kobr, Michel",non-elite,1306,2661,4070,5558,7045,8592,10245,11980,1355,1409,1488,1487,1547,1653,1735
35102,"Schafer, Robert J",non-elite,1356,2738,4144,5613,7120,8741,10416,12014,1382,1406,1469,1507,1621,1675,1598
35103,"Saal, Donna",non-elite,1500,2986,4487,6003,7519,9053,10582,12116,1486,1501,1516,1516,1534,1529,1534
35104,"Bognanni, Luigi",non-elite,1291,2546,3857,5211,6750,8627,10404,12093,1255,1311,1354,1539,1877,1777,1689
35105,"Godinez, Carlos A.",non-elite,1314,2648,3997,5369,6763,8266,9894,11772,1334,1349,1372,1394,1503,1628,1878
35106,"Head, Jennifer R",non-elite,1504,2986,4471,5960,7438,8939,10458,11996,1482,1485,1489,1478,1501,1519,1538
35107,"Connors, Kelly",non-elite,1539,3068,4549,6031,7484,8998,10531,12073,1529,1481,1482,1453,1514,1533,1542
35108,"Adams, Johnny R",non-elite,1385,2844,4352,5878,7391,8948,10478,12045,1459,1508,1526,1513,1557,1530,1567
35109,"Sweny, Andrea",non-elite,1451,2943,4439,5938,7416,9049,10588,12108,1492,1496,1499,1478,1633,1539,1520
35110,"Kreindel, Irina",non-elite,1467,2943,4413,5907,7392,8924,10520,12094,1476,1470,1494,1485,1532,1596,1574
35111,"Khera, Adnan",non-elite,1476,2906,4374,5807,7273,8879,10474,12081,1430,1468,1433,1466,1606,1595,1607
35112,"Klein, Jill",non-elite,1429,2849,4268,5740,7238,8819,10481,12070,1420,1419,1472,1498,1581,1662,1589
35113,"Enstone, Mark R.",non-elite,1488,2966,4442,5980,7512,9070,10652,12105,1478,1476,1538,1532,1558,1582,1453
35114,"Odonnell, Zach",non-elite,1285,2562,3873,5257,6771,8475,10489,12103,1277,1311,1384,1514,1704,2014,1614
35115,"Shek, May B",non-elite,1487,2970,4453,5957,7458,8992,10538,12078,1483,1483,1504,1501,1534,1546,1540
35116,"Kelly, Kristen E",non-elite,1438,2884,4310,5774,7279,8853,10423,12023,1446,1426,1464,1505,1574,1570,1600
35117,"Hein, Eric P",non-elite,1524,3008,4500,5978,7459,8985,10543,12079,1484,1492,1478,1481,1526,1558,1536
35118,"Shepherd, John",non-elite,1442,2845,4286,5716,7164,8708,10352,12011,1403,1441,1430,1448,1544,1644,1659
35119,"Olson, Leslie K",non-elite,1486,2965,4438,5930,7435,8983,10567,12117,1479,1473,1492,1505,1548,1584,1550
35120,"Hawk, Shawn C",non-elite,1431,2901,4381,5893,7391,8964,10565,12092,1470,1480,1512,1498,1573,1601,1527
35121,"Bishop, Dan",non-elite,1463,2911,4378,5876,7366,8911,10514,12053,1448,1467,1498,1490,1545,1603,1539
35122,"Hobert, Timothy",non-elite,1435,2899,4362,5854,7350,8923,10511,12079,1464,1463,1492,1496,1573,1588,1568
35123,"Tetreault, David B",non-elite,1390,2802,4220,5676,7145,8714,10350,12019,1412,1418,1456,1469,1569,1636,1669
35124,"Meixelsperger, David",non-elite,1301,2652,4045,5494,7015,8665,10486,12107,1351,1393,1449,1521,1650,1821,1621
35125,"Abdallah, Michael A",non-elite,1383,2802,4244,5728,7244,8881,10445,12073,1419,1442,1484,1516,1637,1564,1628
35126,"Aziz, Meredith",non-elite,1361,2768,4240,5769,7288,8832,10470,12071,1407,1472,1529,1519,1544,1638,1601
35127,"Gallagher, Stacie",non-elite,1535,3068,4587,6069,7539,9058,10596,12111,1533,1519,1482,1470,1519,1538,1515
35128,"Mcdoom, Deanne S",non-elite,1512,3005,4503,6039,7575,9126,10661,12130,1493,1498,1536,1536,1551,1535,1469
35129,"Trujillo, Benjamin",non-elite,1290,2573,3885,5264,6778,8441,10269,12054,1283,1312,1379,1514,1663,1828,1785
35130,"Malecha, Ally K",non-elite,1447,2888,4330,5834,7365,8974,10550,12093,1441,1442,1504,1531,1609,1576,1543
35131,"Mead, Melissa",non-elite,1337,2673,4057,5531,7058,8660,10425,12091,1336,1384,1474,1527,1602,1765,1666
35132,"Ginger, Jessica",non-elite,1453,2932,4413,5912,7404,8944,10510,12068,1479,1481,1499,1492,1540,1566,1558
35133,"Zhang, Hai",non-elite,1397,2755,4123,5578,7114,8703,10384,12000,1358,1368,1455,1536,1589,1681,1616
35134,"Miller, Carrie L",non-elite,1470,2955,4428,5918,7412,8950,10532,12098,1485,1473,1490,1494,1538,1582,1566
35135,"Trettel, John R.",non-elite,1350,2690,4037,5461,6947,8533,10247,11990,1340,1347,1424,1486,1586,1714,1743
35136,"Lofink, Peter A",non-elite,1412,2809,4206,5640,7166,8852,10527,12100,1397,1397,1434,1526,1686,1675,1573
35137,"Gurtov, Jamie",non-elite,1502,3012,4513,6019,7508,9049,10603,12139,1510,1501,1506,1489,1541,1554,1536
35138,"Goubeaux, Edward T.",non-elite,1303,2622,3998,5447,6889,8419,10074,11859,1319,1376,1449,1442,1530,1655,1785
35139,"Zall, Jessica L.",non-elite,1436,2894,4363,5871,7361,8913,10534,12094,1458,1469,1508,1490,1552,1621,1560
35140,"Heller, Christopher T.",non-elite,1227,2478,3809,5327,6902,8535,10370,12118,1251,1331,1518,1575,1633,1835,1748
35141,"Spring, Margaret",non-elite,1554,3082,4595,6071,7520,9007,10566,12099,1528,1513,1476,1449,1487,1559,1533
35142,"Jurinen, Amanda",non-elite,1410,2859,4302,5796,7324,8919,10540,12112,1449,1443,1494,1528,1595,1621,1572
35143,"Gibbs, Dede",non-elite,1373,2762,4202,5717,7263,8856,10497,12055,1389,1440,1515,1546,1593,1641,1558
35144,"Gentile, Michael",non-elite,1373,2719,4102,5586,7092,8682,10416,12023,1346,1383,1484,1506,1590,1734,1607
35145,"Afsar, Arma",non-elite,1471,2937,4399,5879,7366,8917,10489,12078,1466,1462,1480,1487,1551,1572,1589
35146,"Wilcox, Matthew",non-elite,1299,2611,4004,5466,6932,8628,10293,12068,1312,1393,1462,1466,1696,1665,1775
35147,"Wright, Joseph T",non-elite,1480,3012,4478,5957,7474,9033,10636,12139,1532,1466,1479,1517,1559,1603,1503
35148,"Legendre, Kristen",non-elite,1375,2839,4295,5793,7299,8867,10533,12099,1464,1456,1498,1506,1568,1666,1566
35149,"Varallo, Vince",non-elite,1348,2726,4128,5552,7016,8580,10263,12011,1378,1402,1424,1464,1564,1683,1748
35150,"Guy, Elizabeth G.",non-elite,1478,2960,4455,5953,7456,9009,10574,12108,1482,1495,1498,1503,1553,1565,1534
35151,"Lopez, Eric",non-elite,1260,2533,3823,5204,6686,8417,10215,11985,1273,1290,1381,1482,1731,1798,1770
35152,"Snapp, Erik L",non-elite,1455,2922,4475,5946,7445,8971,10511,12075,1467,1553,1471,1499,1526,1540,1564
35153,"Harris, Stacey L.",non-elite,1441,2863,4290,5758,7248,8821,10443,12060,1422,1427,1468,1490,1573,1622,1617
35154,"Costa, Eileen",non-elite,1498,2979,4448,5933,7420,8952,10542,12089,1481,1469,1485,1487,1532,1590,1547
35155,"Drapeau, William J",non-elite,1352,2706,4087,5503,6959,8539,10236,11989,1354,1381,1416,1456,1580,1697,1753
35156,"Bowden, Kristen D.",non-elite,1424,2874,4357,5896,7413,8955,10534,12084,1450,1483,1539,1517,1542,1579,1550
35157,"Poudrier, Rob",non-elite,1542,3190,4851,6315,7701,9157,10643,12124,1648,1661,1464,1386,1456,1486,1481
35158,"Kathol, Summer",non-elite,1440,2885,4348,5839,7313,8863,10496,12092,1445,1463,1491,1474,1550,1633,1596
35159,"McIntyre, Steve",non-elite,1474,2925,4359,5819,7270,8756,10299,12006,1451,1434,1460,1451,1486,1543,1707
35160,"Lino, Thiago A",non-elite,1396,2825,4281,5753,7254,8822,10404,11985,1429,1456,1472,1501,1568,1582,1581
35161,"Van Quathem, Carrie",non-elite,1467,2938,4388,5882,7380,8938,10549,12119,1471,1450,1494,1498,1558,1611,1570
35162,"Heberling, Sydnie",non-elite,1394,2802,4218,5711,7231,8847,10493,12074,1408,1416,1493,1520,1616,1646,1581
35163,"Dunn, Wally",non-elite,1456,2919,4383,5836,7274,8790,10395,11970,1463,1464,1453,1438,1516,1605,1575
35164,"Calcurian, Haydee C.",non-elite,1415,2846,4367,5893,7438,8998,10577,12082,1431,1521,1526,1545,1560,1579,1505
35165,"Yankel, Michael",non-elite,1350,2723,4134,5580,7110,8680,10368,12047,1373,1411,1446,1530,1570,1688,1679
35166,"Fogarty, Rebecca A",non-elite,1525,2959,4406,5886,7363,8901,10481,12086,1434,1447,1480,1477,1538,1580,1605
35167,"Arouca, Kerry A.",non-elite,1296,2625,4052,5590,7072,8688,10406,12056,1329,1427,1538,1482,1616,1718,1650
35168,"Bosaw, Trevor",non-elite,1297,2578,3868,5335,6852,8475,10204,12071,1281,1290,1467,1517,1623,1729,1867
35169,"Bliss, Stephanie",non-elite,1489,2974,4454,5950,7446,9016,10587,12092,1485,1480,1496,1496,1570,1571,1505
35170,"Chow, Rida",non-elite,1413,2825,4259,5756,7250,8808,10540,12126,1412,1434,1497,1494,1558,1732,1586
35171,"Klapproth, Katie",non-elite,1421,2833,4239,5667,7150,8748,10441,12052,1412,1406,1428,1483,1598,1693,1611
35172,"Gallegos, Efrain",non-elite,1377,2779,4181,5618,7067,8803,10463,12020,1402,1402,1437,1449,1736,1660,1557
35173,"Defarias, Lindomar",non-elite,1430,2825,4223,5659,7147,8702,10377,12072,1395,1398,1436,1488,1555,1675,1695
35174,"Maldini, Gregorio",non-elite,1368,2744,4115,5526,6954,8440,10219,12004,1376,1371,1411,1428,1486,1779,1785
35175,"Bovee, Vanessa L",non-elite,1396,2822,4264,5744,7239,8797,10403,12053,1426,1442,1480,1495,1558,1606,1650
35176,"Cole, Sandra",non-elite,1444,2926,4402,5910,7401,8922,10522,12086,1482,1476,1508,1491,1521,1600,1564
35177,"Howard, Brendan J",non-elite,1294,2644,4024,5509,7078,8676,10373,12043,1350,1380,1485,1569,1598,1697,1670
35178,"Yamada, Miki",non-elite,1470,2951,4439,5961,7460,9002,10562,12098,1481,1488,1522,1499,1542,1560,1536
35179,"Brown, Jacqueline M",non-elite,1371,2782,4254,5756,7266,8817,10445,12047,1411,1472,1502,1510,1551,1628,1602
35180,"Houck, Brady",non-elite,1290,2588,3894,5243,6630,8231,10095,11938,1298,1306,1349,1387,1601,1864,1843
35181,"Rothberger, Sara",non-elite,1481,2954,4425,5899,7375,8898,10444,12110,1473,1471,1474,1476,1523,1546,1666
35182,"Lynch, Elizabeth A.",non-elite,1452,2928,4446,5989,7522,9068,10600,12114,1476,1518,1543,1533,1546,1532,1514
35183,"Jantzen, Leah",non-elite,1510,3015,4527,6042,7547,9068,10613,12131,1505,1512,1515,1505,1521,1545,1518
35184,"Sunahara, Roger K.",non-elite,1321,2656,4076,5534,7024,8620,10336,12002,1335,1420,1458,1490,1596,1716,1666
35185,"Coen, Jeff",non-elite,1349,2688,4058,5503,6970,8584,10331,12071,1339,1370,1445,1467,1614,1747,1740
35186,"Zyborowicz, Henry",non-elite,1407,2797,4182,5603,7029,8523,10090,11892,1390,1385,1421,1426,1494,1567,1802
35187,"Thomas, Richard A.",non-elite,1377,2739,4099,5468,6876,8448,10125,11969,1362,1360,1369,1408,1572,1677,1844
35188,"Klein, Joseph N. Jr.",non-elite,1408,2833,4251,5729,7246,8893,10507,12079,1425,1418,1478,1517,1647,1614,1572
35189,"Mattson, Daniel",non-elite,1353,2761,4215,5692,7220,8807,10436,12073,1408,1454,1477,1528,1587,1629,1637
35190,"Crumpler, Katrina",non-elite,1395,2795,4193,5638,7117,8706,10372,12031,1400,1398,1445,1479,1589,1666,1659
35191,"Gagnon, Claude",non-elite,1516,3029,4538,6050,7538,9057,10609,12098,1513,1509,1512,1488,1519,1552,1489
35192,"Rayl, Brian K",non-elite,1531,3063,4597,6130,7650,9175,10693,12150,1532,1534,1533,1520,1525,1518,1457
35193,"Preus, Jack",non-elite,1222,2410,3613,4871,6259,8171,9833,11762,1188,1203,1258,1388,1912,1662,1929
35194,"Green, Jacob",non-elite,1391,2740,4089,5434,6799,8278,10130,11992,1349,1349,1345,1365,1479,1852,1862
35195,"Hartmann, Chelsea",non-elite,1393,2807,4233,5702,7151,8681,10455,12062,1414,1426,1469,1449,1530,1774,1607
35196,"Oleinski, Ricardo O.",non-elite,1333,2668,4040,5473,6967,8559,10366,12083,1335,1372,1433,1494,1592,1807,1717
35197,"Zicko, Tatyana K",non-elite,1439,2925,4441,5976,7511,9072,10644,12159,1486,1516,1535,1535,1561,1572,1515
35198,"Albano, Julie",non-elite,1295,2592,3958,5412,6944,8604,10353,12007,1297,1366,1454,1532,1660,1749,1654
35199,"Allen, Scot",non-elite,1236,2468,3708,4991,6387,8317,10218,12086,1232,1240,1283,1396,1930,1901,1868
35200,"Debraccio, Brian J",non-elite,1322,2642,3985,5428,6862,8560,10335,12105,1320,1343,1443,1434,1698,1775,1770
35201,"Ste-Marie, Line",non-elite,1379,2788,4230,5822,7319,8916,10506,12098,1409,1442,1592,1497,1597,1590,1592
35202,"Hood, Kelly M.",non-elite,1394,2809,4348,5921,7442,8998,10600,12121,1415,1539,1573,1521,1556,1602,1521
35203,"Maloney, Kayla A",non-elite,1549,3073,4583,6110,7606,9144,10705,12168,1524,1510,1527,1496,1538,1561,1463
35204,"Tai, Yee Kit",non-elite,1270,2537,3841,5177,6622,8246,10249,12047,1267,1304,1336,1445,1624,2003,1798
35205,"Kearney, Lauren",non-elite,1390,2830,4315,5845,7359,8923,10530,12105,1440,1485,1530,1514,1564,1607,1575
35206,"Sternhagen, Kelley",non-elite,1427,2879,4328,5806,7352,8945,10577,12135,1452,1449,1478,1546,1593,1632,1558
35207,"Hehn, Cara L.",non-elite,1499,2984,4441,5910,7396,8959,10597,12124,1485,1457,1469,1486,1563,1638,1527
35208,"Cook, Amanda",non-elite,1397,2846,4305,5782,7263,8819,10507,12119,1449,1459,1477,1481,1556,1688,1612
35209,"Johnson, Ockle",non-elite,1374,2794,4214,5667,7127,8666,10292,12004,1420,1420,1453,1460,1539,1626,1712
35210,"Armentrout, Derek",non-elite,1364,2729,4107,5548,7022,8631,10331,12021,1365,1378,1441,1474,1609,1700,1690
35211,"Lawrence, Danielle",non-elite,1491,2997,4498,6022,7527,9064,10599,12115,1506,1501,1524,1505,1537,1535,1516
35212,"Duncan, Aston J.",non-elite,1217,2426,3656,4939,6367,8037,9977,11980,1209,1230,1283,1428,1670,1940,2003
35213,"Johnson, Leanne M",non-elite,1426,2872,4329,5814,7304,8871,10511,12106,1446,1457,1485,1490,1567,1640,1595
35214,"Michaud, Sylvain",non-elite,1272,2542,3816,5112,6505,8104,9918,11968,1270,1274,1296,1393,1599,1814,2050
35215,"Boutin, Jane L",non-elite,1426,2874,4320,5802,7298,8977,10560,12103,1448,1446,1482,1496,1679,1583,1543
35216,"Greco, Veronica",non-elite,1528,3003,4543,6021,7492,9017,10575,12104,1475,1540,1478,1471,1525,1558,1529
35217,"Debevc, Amanda L",non-elite,1501,2997,4481,5978,7478,9003,10575,12101,1496,1484,1497,1500,1525,1572,1526
35218,"Carrel, Olivier",non-elite,1474,2975,4478,5983,7456,8960,10541,12112,1501,1503,1505,1473,1504,1581,1571
35219,"Lankiewicz, Julie D.",non-elite,1467,2891,4375,5865,7380,8932,10537,12103,1424,1484,1490,1515,1552,1605,1566
35220,"Berry, Sara",non-elite,1428,2850,4320,5791,7281,8858,10497,12091,1422,1470,1471,1490,1577,1639,1594
35221,"Jewell, Nicole",non-elite,1376,2785,4236,5723,7244,8837,10439,12040,1409,1451,1487,1521,1593,1602,1601
35222,"Gorski, Russ",non-elite,1442,2880,4320,5800,7287,8851,10456,12063,1438,1440,1480,1487,1564,1605,1607
35223,"Swanson, Terri L",non-elite,1561,3095,4623,6164,7685,9208,10713,12156,1534,1528,1541,1521,1523,1505,1443
35224,"Montgomery, Ryan J.",non-elite,1119,2264,3514,4910,6331,7927,9869,11925,1145,1250,1396,1421,1596,1942,2056
35225,"Ahmim, Youcef",non-elite,1409,2806,4213,5675,7149,8716,10379,12038,1397,1407,1462,1474,1567,1663,1659
35226,"Slayton, Ashley",non-elite,1440,2869,4315,5827,7335,8901,10503,12078,1429,1446,1512,1508,1566,1602,1575
35227,"Cervantes, Claudia",non-elite,1548,3067,4578,6086,7602,9134,10654,12150,1519,1511,1508,1516,1532,1520,1496
35228,"Cleland, Scott",non-elite,1483,2952,4403,5886,7381,8963,10546,12110,1469,1451,1483,1495,1582,1583,1564
35229,"Vannatta, Tracey L",non-elite,1497,2919,4348,5824,7340,8880,10486,12087,1422,1429,1476,1516,1540,1606,1601
35230,"Cleland, Melanie T",non-elite,1483,2952,4403,5886,7380,8962,10548,12110,1469,1451,1483,1494,1582,1586,1562
35231,"Mally, Andrew J.",non-elite,1301,2632,4023,5513,7063,8705,10431,12113,1331,1391,1490,1550,1642,1726,1682
35232,"Drozynski, Tracy",non-elite,1459,2906,4365,5850,7346,8899,10512,12083,1447,1459,1485,1496,1553,1613,1571
35233,"Mariano, Jonathan M.",non-elite,1512,2899,4273,5657,7076,8631,10366,12076,1387,1374,1384,1419,1555,1735,1710
35234,"Zimmerman, Zac",non-elite,1343,2676,4045,5497,7331,8931,10566,12147,1333,1369,1452,1834,1600,1635,1581
35235,"Breeze, Kylie",non-elite,1502,3026,4560,6100,7651,9218,10753,12198,1524,1534,1540,1551,1567,1535,1445
35236,"Dever, Thomas E",non-elite,1209,2435,3719,5178,6670,8290,10203,12010,1226,1284,1459,1492,1620,1913,1807
35237,"Reiley, Sally A",non-elite,1494,2979,4462,5964,7477,9019,10589,12119,1485,1483,1502,1513,1542,1570,1530
35238,"Dodd, Richard",non-elite,1425,2849,4311,5865,7348,8915,10538,12129,1424,1462,1554,1483,1567,1623,1591
35239,"Pippin, Jimmy D.",non-elite,1448,2890,4322,5769,7222,8790,10363,12045,1442,1432,1447,1453,1568,1573,1682
35240,"Alcober, Izumi Y.",non-elite,1556,3075,4590,6118,7627,9152,10694,12143,1519,1515,1528,1509,1525,1542,1449
35241,"Daniels, Kaela R",non-elite,1427,2827,4209,5659,7209,8820,10502,12093,1400,1382,1450,1550,1611,1682,1591
35242,"Ursillo, Hannah",non-elite,1440,2866,4304,5841,7371,8951,10570,12119,1426,1438,1537,1530,1580,1619,1549
35243,"Lee, Paul A",non-elite,1418,2853,4319,5818,7325,8872,10484,12103,1435,1466,1499,1507,1547,1612,1619
35244,"Sutherland, Lisa H",non-elite,1416,2866,4341,5862,7382,8963,10567,12105,1450,1475,1521,1520,1581,1604,1538
35245,"Inserra, Peter N.",non-elite,1456,2860,4294,5717,7180,8733,10397,12074,1404,1434,1423,1463,1553,1664,1677
35246,"Blinn, Brenda",non-elite,1379,2807,4267,5757,7291,8913,10541,12109,1428,1460,1490,1534,1622,1628,1568
35247,"Hampton, Marlene A",non-elite,1427,2867,4318,5815,7301,8888,10525,12093,1440,1451,1497,1486,1587,1637,1568
35248,"Pinegar, Matthew J",non-elite,1259,2537,3863,5370,6897,8537,10130,11827,1278,1326,1507,1527,1640,1593,1697
35249,"Wiesner, Doug S.",non-elite,1390,2780,4216,5658,7139,8743,10438,12065,1390,1436,1442,1481,1604,1695,1627
35250,"Hochstein, Lydia",non-elite,1468,2889,4330,5829,7339,8916,10563,12114,1421,1441,1499,1510,1577,1647,1551
35251,"Behfar, Bahareh",non-elite,1488,2950,4403,5865,7332,8873,10579,12119,1462,1453,1462,1467,1541,1706,1540
35252,"Borah, Thomas",non-elite,1402,2788,4203,5641,7094,8640,10276,12005,1386,1415,1438,1453,1546,1636,1729
35253,"Smolar, Ondrej",non-elite,1313,2640,3992,5370,6818,8364,10162,12002,1327,1352,1378,1448,1546,1798,1840
35254,"Margetis, Kristin M",non-elite,1489,2979,4493,6009,7521,9062,10597,12132,1490,1514,1516,1512,1541,1535,1535
35255,"Streelman, Michelle",non-elite,1403,2844,4294,5785,7300,8896,10540,12107,1441,1450,1491,1515,1596,1644,1567
35256,"Johnson, Jay B.",non-elite,1353,2712,4113,5655,7167,8828,10499,12121,1359,1401,1542,1512,1661,1671,1622
35257,"Shaw, Stacy",non-elite,1342,2683,4064,5518,7017,8583,10360,12039,1341,1381,1454,1499,1566,1777,1679
35258,"Gleason, Todd A",non-elite,1341,2663,3979,5388,6897,8591,10499,12099,1322,1316,1409,1509,1694,1908,1600
35259,"Daniel, George J",non-elite,1345,2730,4160,5605,7057,8554,10173,11936,1385,1430,1445,1452,1497,1619,1763
35260,"Dzibela, Tracy",non-elite,1390,2766,4155,5556,6972,8520,10160,12007,1376,1389,1401,1416,1548,1640,1847
35261,"Foster, Daniel T",non-elite,1412,2819,4218,5639,7068,8600,10272,12064,1407,1399,1421,1429,1532,1672,1792
35262,"Gonzalez, Ramon",non-elite,1409,2836,4243,5673,7100,8608,10194,11947,1427,1407,1430,1427,1508,1586,1753
35263,"Vasconcelos, Lynn",non-elite,1427,2845,4270,5701,7152,8662,10430,12092,1418,1425,1431,1451,1510,1768,1662
35264,"Zeinner, Joe J.",non-elite,1326,2666,4013,5388,6818,8464,10286,12050,1340,1347,1375,1430,1646,1822,1764
35265,"Hesse-Withbroe, Christine A",non-elite,1464,2924,4364,5806,7267,8842,10487,12078,1460,1440,1442,1461,1575,1645,1591
35266,"Berntgen, Jeff",non-elite,1343,2694,4065,5534,6967,8527,10261,12058,1351,1371,1469,1433,1560,1734,1797
35267,"Meuser, Lisa",non-elite,1565,3081,4577,6077,7565,9086,10622,12128,1516,1496,1500,1488,1521,1536,1506
35268,"Finke, Amy M",non-elite,1463,2932,4391,5865,7362,8935,10553,12124,1469,1459,1474,1497,1573,1618,1571
35269,"Hilton, Ryan",non-elite,1435,2847,4280,5755,7235,8802,10460,12074,1412,1433,1475,1480,1567,1658,1614
35270,"Belkhir, Mohamed",non-elite,1492,2914,4329,5777,7208,8993,10820,12198,1422,1415,1448,1431,1785,1827,1378
35271,"Meza, Elizabeth",non-elite,1581,3110,4633,6146,7660,9197,10723,12165,1529,1523,1513,1514,1537,1526,1442
35272,"Zirbes, Beth",non-elite,1462,2911,4378,5875,7374,8926,10514,12108,1449,1467,1497,1499,1552,1588,1594
35273,"Roulett, George P",non-elite,1462,2978,4544,6114,7663,9230,10765,12210,1516,1566,1570,1549,1567,1535,1445
35274,"Nelson, Anneka M",non-elite,1496,3008,4512,6028,7508,9035,10593,12140,1512,1504,1516,1480,1527,1558,1547
35275,"Moore, Patrick R",non-elite,1444,2931,4430,5934,7433,8997,10591,12154,1487,1499,1504,1499,1564,1594,1563
35276,"Allen, Mickey E",non-elite,1355,2699,4038,5399,6794,8239,9815,11872,1344,1339,1361,1395,1445,1576,2057
35277,"Doyle, Ralph",non-elite,1449,2877,4317,5772,7257,8832,10467,12097,1428,1440,1455,1485,1575,1635,1630
35278,"Guarriello, Greg",non-elite,1377,2704,4056,5499,7011,8657,10424,12083,1327,1352,1443,1512,1646,1767,1659
35279,"Chekal, Paul T",non-elite,1365,2757,4184,5651,7150,8707,10375,12050,1392,1427,1467,1499,1557,1668,1675
35280,"Shearer, Peter L.",non-elite,1377,2728,4090,5542,7039,8615,10266,11993,1351,1362,1452,1497,1576,1651,1727
35281,"Munoz Ricaurte, Maria Alejandra",non-elite,1323,2647,3999,5373,6794,8346,10130,11964,1324,1352,1374,1421,1552,1784,1834
35282,"Buroker, Kelly E",non-elite,1438,2869,4323,5791,7274,8799,10464,12101,1431,1454,1468,1483,1525,1665,1637
35283,"Olmedo, Ruben E",non-elite,1378,2728,4091,5543,7040,8616,10268,11994,1350,1363,1452,1497,1576,1652,1726
35284,"Lines, Maday O.",non-elite,1430,2839,4249,5700,7197,8806,10457,12063,1409,1410,1451,1497,1609,1651,1606
35285,"Ortega, Ricardo",non-elite,1352,2727,4115,5577,7107,8722,10369,12027,1375,1388,1462,1530,1615,1647,1658
35286,"Orrell, Matt",non-elite,1397,2827,4248,5671,7108,8639,10309,12044,1430,1421,1423,1437,1531,1670,1735
35287,"Davis, Charles",non-elite,1230,2583,4026,5542,7064,8653,10468,12120,1353,1443,1516,1522,1589,1815,1652
35288,"Matticks, Craig",non-elite,1312,2680,4035,5460,7038,8637,10352,12055,1368,1355,1425,1578,1599,1715,1703
35289,"Bax, Brian P",non-elite,1439,2899,4375,5873,7364,8910,10521,12118,1460,1476,1498,1491,1546,1611,1597
35290,"Jurek, Samuel",non-elite,1195,2410,3653,4959,6554,8279,10319,12098,1215,1243,1306,1595,1725,2040,1779
35291,"Smith, Sarah E.",non-elite,1434,2860,4309,5789,7284,8846,10484,12105,1426,1449,1480,1495,1562,1638,1621
35292,"Dahl, Shauna",non-elite,1433,2883,4353,5840,7320,8848,10481,12059,1450,1470,1487,1480,1528,1633,1578
35293,"Mcdermott, Katie",non-elite,1425,2851,4277,5708,7141,8704,10371,12105,1426,1426,1431,1433,1563,1667,1734
35294,"Courtney, S. Mark",non-elite,1395,2808,4252,5753,7281,8892,10521,12137,1413,1444,1501,1528,1611,1629,1616
35295,"Lewis, Krista N.",non-elite,1502,2954,4416,5891,7367,8904,10501,12088,1452,1462,1475,1476,1537,1597,1587
35296,"Kohlenstein, Jane B.",non-elite,1413,2859,4319,5825,7364,8954,10542,12120,1446,1460,1506,1539,1590,1588,1578
35297,"Bogatyreva, Tatiana",non-elite,1453,2959,4473,5994,7512,9094,10673,12171,1506,1514,1521,1518,1582,1579,1498
35298,"Keene, Patricia A.",non-elite,1466,2939,4446,5974,7480,9056,10619,12130,1473,1507,1528,1506,1576,1563,1511
35299,"Tuttle, Julie L",non-elite,1390,2807,4251,5722,7227,8800,10430,12077,1417,1444,1471,1505,1573,1630,1647
35300,"Sornberger, Julie",non-elite,1497,2991,4478,5989,7475,9011,10574,12117,1494,1487,1511,1486,1536,1563,1543
35301,"Anderson, Kristina",non-elite,1465,2943,4430,5933,7446,9002,10605,12162,1478,1487,1503,1513,1556,1603,1557
35302,"Gens, Frank",non-elite,1406,2811,4243,5733,7160,8665,10301,12033,1405,1432,1490,1427,1505,1636,1732
35303,"Tobin, Tina",non-elite,1387,2786,4223,5734,7253,8822,10470,12123,1399,1437,1511,1519,1569,1648,1653
35304,"Thomassin, Pierre-Luc",non-elite,1283,2545,3815,5288,7260,8901,10529,12104,1262,1270,1473,1972,1641,1628,1575
35305,"Kuk, Kok-Hung",non-elite,1288,2720,4204,5723,7249,8840,10483,12094,1432,1484,1519,1526,1591,1643,1611
35306,"Arendtsen, Deb",non-elite,1489,2931,4405,5901,7396,8945,10555,12104,1442,1474,1496,1495,1549,1610,1549
35307,"Richardson, Sean K",non-elite,1275,2559,3858,5197,6582,8097,9798,11829,1284,1299,1339,1385,1515,1701,2031
35308,"Ryan, James F",non-elite,1273,2533,3787,5099,6455,7937,9654,11883,1260,1254,1312,1356,1482,1717,2229
35309,"Brunshidle, Michelle",non-elite,1442,2890,4346,5826,7353,8958,10591,12151,1448,1456,1480,1527,1605,1633,1560
35310,"Geesler, John",non-elite,1381,2782,4196,5651,7125,8698,10407,12102,1401,1414,1455,1474,1573,1709,1695
35311,"Grammer, Elizabeth D.",non-elite,1500,2983,4482,6001,7508,9046,10614,12158,1483,1499,1519,1507,1538,1568,1544
35312,"Bosch, Daniel",non-elite,1315,2664,4024,5564,7091,8770,10445,12093,1349,1360,1540,1527,1679,1675,1648
35313,"Wallach, Jon",non-elite,1436,2884,4341,5818,7313,8856,10452,12069,1448,1457,1477,1495,1543,1596,1617
35314,"Manuel, Cody",non-elite,1233,2458,3717,5101,6602,8269,10098,11981,1225,1259,1384,1501,1667,1829,1883
35315,"Jenkins, Yvette D",non-elite,1458,2933,4423,5943,7458,9009,10599,12145,1475,1490,1520,1515,1551,1590,1546
35316,"Neant, Alexandra",non-elite,1495,2937,4413,5921,7447,8999,10593,12155,1442,1476,1508,1526,1552,1594,1562
35317,"Hite, Jim",non-elite,1467,2940,4413,5900,7374,8897,10486,12066,1473,1473,1487,1474,1523,1589,1580
35318,"Claverie, Maria A.",non-elite,1517,2988,4481,6000,7509,9077,10635,12158,1471,1493,1519,1509,1568,1558,1523
35319,"Wardeck, Bettina",non-elite,1433,2872,4333,5839,7356,8926,10543,12121,1439,1461,1506,1517,1570,1617,1578
35320,"Bunol, Calynn",non-elite,1518,2960,4383,5862,7332,8880,10523,12068,1442,1423,1479,1470,1548,1643,1545
35321,"Mitsak, Anna",non-elite,1503,2960,4428,5916,7403,8945,10530,12100,1457,1468,1488,1487,1542,1585,1570
35322,"Arista, Kevin",non-elite,1380,2731,4073,5465,6920,8494,10258,12065,1351,1342,1392,1455,1574,1764,1807
35323,"Gurney, Jon T",non-elite,1469,2951,4430,5935,7448,8974,10523,12063,1482,1479,1505,1513,1526,1549,1540
35324,"Kraner, Mariah A",non-elite,1334,2702,4130,5634,7182,8775,10395,12063,1368,1428,1504,1548,1593,1620,1668
35325,"Martin, Julie L.",non-elite,1476,2955,4441,5947,7468,9089,10648,12146,1479,1486,1506,1521,1621,1559,1498
35326,"Willson, Brettina",non-elite,1549,3091,4637,6189,7707,9229,10761,12199,1542,1546,1552,1518,1522,1532,1438
35327,"McCullar, James B.",non-elite,1380,2803,4230,5665,7077,8534,10351,12048,1423,1427,1435,1412,1457,1817,1697
35328,"Perraud, Cecile",non-elite,1506,3027,4533,6055,7575,9109,10632,12139,1521,1506,1522,1520,1534,1523,1507
35329,"Gimeno Anguelu, Jose Vicente",non-elite,1462,2915,4386,5851,7360,8937,10553,12092,1453,1471,1465,1509,1577,1616,1539
35330,"Scheeres, Hellois",non-elite,1405,2819,4227,5724,7226,8827,10429,12049,1414,1408,1497,1502,1601,1602,1620
35331,"Rivas, Diego",non-elite,1240,2487,3771,5111,6568,8299,10264,12074,1247,1284,1340,1457,1731,1965,1810
35332,"McNiff, Brenna C.",non-elite,1517,2918,4316,5766,7232,8769,10532,12136,1401,1398,1450,1466,1537,1763,1604
35333,"Edman, Jeff",non-elite,1330,2710,4099,5494,6925,8470,10057,11978,1380,1389,1395,1431,1545,1587,1921
35334,"Camara, Jose Luiz F. Sr.",non-elite,1291,2590,3931,5342,6841,8402,10270,12032,1299,1341,1411,1499,1561,1868,1762
35335,"Levin, Jessica F",non-elite,1394,2800,4215,5663,7163,8741,10452,12102,1406,1415,1448,1500,1578,1711,1650
35336,"Esquenazi, Mauricio",non-elite,1264,2527,3812,5138,6499,8162,9970,11919,1263,1285,1326,1361,1663,1808,1949
35337,"Edwardson, Ryan C",non-elite,1178,2376,3584,5106,6630,8514,10595,12153,1198,1208,1522,1524,1884,2081,1558
35338,"Veraz, Benigno E",non-elite,1324,2707,4144,5629,7130,8766,10438,12069,1383,1437,1485,1501,1636,1672,1631
35339,"Johnson, Anne H.",non-elite,1466,2938,4412,5913,7409,8964,10554,12119,1472,1474,1501,1496,1555,1590,1565
35340,"Allen, Ashley",non-elite,1435,2895,4359,5824,7329,8925,10573,12152,1460,1464,1465,1505,1596,1648,1579
35341,"Lahti, Patrik",non-elite,1484,2984,4484,5999,7475,9023,10547,12173,1500,1500,1515,1476,1548,1524,1626
35342,"Catmur, Edward J.",non-elite,1207,2494,3896,5433,7128,8825,10541,12131,1287,1402,1537,1695,1697,1716,1590
35343,"Huss, Sheila M.",non-elite,1512,3012,4486,5968,7463,8999,10601,12134,1500,1474,1482,1495,1536,1602,1533
35344,"Relf, Scott",non-elite,1350,2731,4182,5750,7248,8904,10529,12132,1381,1451,1568,1498,1656,1625,1603
35345,"Stead, Christine M",non-elite,1388,2812,4264,5733,7287,8851,10491,12097,1424,1452,1469,1554,1564,1640,1606
35346,"Sestito, John J",non-elite,1323,2649,4003,5410,6876,8473,10193,11968,1326,1354,1407,1466,1597,1720,1775
35347,"Hernandez, Javier",non-elite,1291,2659,4096,5608,7091,8678,10361,12031,1368,1437,1512,1483,1587,1683,1670
35348,"Clement, Chad",non-elite,1425,2871,4324,5798,7265,8825,10491,12088,1446,1453,1474,1467,1560,1666,1597
35349,"Relf, Ashley",non-elite,1350,2731,4183,5750,7248,8904,10530,12133,1381,1452,1567,1498,1656,1626,1603
35350,"Subler, David E",non-elite,1478,2935,4411,5888,7407,8954,10528,12079,1457,1476,1477,1519,1547,1574,1551
35351,"Felsenfeld, Sam",non-elite,1357,2779,4297,5874,7429,9035,10656,12183,1422,1518,1577,1555,1606,1621,1527
35352,"Nyberg, Elizabeth",non-elite,1448,2903,4394,5865,7355,8892,10509,12111,1455,1491,1471,1490,1537,1617,1602
35353,"Wang, Yi",non-elite,1254,2531,3866,5331,6949,8610,10367,12063,1277,1335,1465,1618,1661,1757,1696
35354,"Young, Adam P.",non-elite,1392,2826,4258,5694,7144,8750,10371,12072,1434,1432,1436,1450,1606,1621,1701
35355,"Koehler, Christopher",non-elite,1279,2584,3909,5376,7057,8696,10480,12116,1305,1325,1467,1681,1639,1784,1636
35356,"Walker, Richard E.",non-elite,1404,2802,4210,5645,7100,8632,10261,12049,1398,1408,1435,1455,1532,1629,1788
35357,"Whitehead, Alison M",non-elite,1498,3004,4511,6012,7517,9048,10604,12143,1506,1507,1501,1505,1531,1556,1539
35358,"Mason, Rick",non-elite,1499,2994,4482,5975,7460,8990,10567,12119,1495,1488,1493,1485,1530,1577,1552
35359,"Stanley, Brian E",non-elite,1352,2752,4180,5652,7148,8740,10419,12090,1400,1428,1472,1496,1592,1679,1671
35360,"Bowles, Simon A.",non-elite,1399,2814,4241,5687,7150,8727,10391,12065,1415,1427,1446,1463,1577,1664,1674
35361,"Nelson, Chris E.",non-elite,1311,2694,4062,5456,6871,8359,10014,12040,1383,1368,1394,1415,1488,1655,2026
35362,"Casey, Molly",non-elite,1409,2824,4261,5721,7198,8797,10496,12125,1415,1437,1460,1477,1599,1699,1629
35363,"Gower, Devra",non-elite,1389,2804,4243,5723,7234,8825,10466,12103,1415,1439,1480,1511,1591,1641,1637
35364,"Thuernau, Doug",non-elite,1404,2806,4225,5682,7192,8749,10408,12068,1402,1419,1457,1510,1557,1659,1660
35365,"Duggan, Shelley",non-elite,1510,3003,4500,5989,7486,9015,10571,12120,1493,1497,1489,1497,1529,1556,1549
35366,"Fronjian, Robert",non-elite,1493,2966,4435,5950,7461,9041,10606,12133,1473,1469,1515,1511,1580,1565,1527
35367,"Kunz, Karen M.",non-elite,1417,2839,4266,5720,7193,8789,10493,12091,1422,1427,1454,1473,1596,1704,1598
35368,"Mart, David M.",non-elite,1424,2893,4376,5885,7394,8952,10546,12133,1469,1483,1509,1509,1558,1594,1587
35370,"Miller, Stacy M.",non-elite,1499,2979,4469,5953,7434,8957,10571,12138,1480,1490,1484,1481,1523,1614,1567
35371,"Lavigne, Rachelle",non-elite,1483,2916,4388,5892,7386,8917,10514,12110,1433,1472,1504,1494,1531,1597,1596
35372,"Mcnamara, Jack",non-elite,1367,2769,4184,5705,7230,8843,10476,12111,1402,1415,1521,1525,1613,1633,1635
35373,"Mixon, Ki",non-elite,1355,2711,4071,5440,6823,8339,10226,12003,1356,1360,1369,1383,1516,1887,1777
35374,"Hovanic, Phillip M",non-elite,1544,2994,4450,5915,7386,8912,10485,12086,1450,1456,1465,1471,1526,1573,1601
35375,"King, Aaron",non-elite,1357,2737,4131,5551,6987,8517,10285,12087,1380,1394,1420,1436,1530,1768,1802
35376,"Ruiz, Leila",non-elite,1439,2905,4390,5888,7393,8978,10584,12151,1466,1485,1498,1505,1585,1606,1567
35377,"Nieto, Benjamin R.",non-elite,1261,2504,3742,5030,6472,8234,10159,11990,1243,1238,1288,1442,1762,1925,1831
35378,"Ferguson, Michael",non-elite,1222,2490,3838,5356,6940,8713,10529,12149,1268,1348,1518,1584,1773,1816,1620
35379,"Duryea, Peter D",non-elite,1476,2965,4447,5942,7425,8966,10544,12120,1489,1482,1495,1483,1541,1578,1576
35380,"Florey, Peter G",non-elite,1436,2885,4344,5836,7340,8904,10520,12118,1449,1459,1492,1504,1564,1616,1598
35381,"Hovick, Ed T",non-elite,1342,2675,4014,5380,6789,8349,10109,12048,1333,1339,1366,1409,1560,1760,1939
35382,"Alves, Jillian C",non-elite,1414,2838,4299,5790,7341,8917,10548,12141,1424,1461,1491,1551,1576,1631,1593
35383,"Stout, Matt",non-elite,1415,2817,4206,5650,7165,8730,10292,12065,1402,1389,1444,1515,1565,1562,1773
35384,"Reilly, Joseph M.",non-elite,1571,3060,4541,6026,7505,9041,10612,12168,1489,1481,1485,1479,1536,1571,1556
35385,"Fontoura, Daniel E",non-elite,1416,2861,4282,5736,7232,8822,10471,12119,1445,1421,1454,1496,1590,1649,1648
35386,"Herzl, Alfred",non-elite,1379,2812,4290,5801,7315,8898,10552,12124,1433,1478,1511,1514,1583,1654,1572
35387,"Wheeler, Doug",non-elite,1435,2847,4280,5755,7236,8809,10460,12083,1412,1433,1475,1481,1573,1651,1623
35388,"Sapra, Haresh B.",non-elite,1335,2665,4022,5535,7106,8715,10339,12073,1330,1357,1513,1571,1609,1624,1734
35389,"Park, Yong Beom",non-elite,1298,2589,3895,5248,6647,8149,9786,11991,1291,1306,1353,1399,1502,1637,2205
35390,"Graham, Miles U.",non-elite,1331,2601,3930,5287,6815,8452,10161,11992,1270,1329,1357,1528,1637,1709,1831
35391,"Attwood, Alexis R",non-elite,1466,2933,4412,5941,7472,9037,10645,12198,1467,1479,1529,1531,1565,1608,1553
35392,"Brown, Warren",non-elite,1440,2901,4391,5891,7389,8984,10612,12131,1461,1490,1500,1498,1595,1628,1519
35393,"Armeen, Patrick B",non-elite,1413,2803,4214,5631,7034,8554,10228,11917,1390,1411,1417,1403,1520,1674,1689
35394,"Zebro, Jennifer B",non-elite,1562,3061,4558,6074,7596,9139,10714,12223,1499,1497,1516,1522,1543,1575,1509
35395,"Hopkins, Darrell",non-elite,1306,2602,3916,5313,6837,8667,10362,12146,1296,1314,1397,1524,1830,1695,1784
35396,"Moses, Steve G",non-elite,1485,2927,4349,5832,7288,8782,10481,12112,1442,1422,1483,1456,1494,1699,1631
35397,"Cuccia, Mike J",non-elite,1453,2926,4392,5891,7404,8965,10552,12138,1473,1466,1499,1513,1561,1587,1586
35398,"Aquilina, Charlene",non-elite,1488,2983,4491,5994,7479,9014,10578,12118,1495,1508,1503,1485,1535,1564,1540
35399,"Awanya, Francis A",non-elite,1300,2618,3970,5418,6957,8598,10301,12036,1318,1352,1448,1539,1641,1703,1735
35400,"German, Michael S",non-elite,1435,2881,4343,5863,7382,8952,10564,12147,1446,1462,1520,1519,1570,1612,1583
35401,"Martinez, Pedro E",non-elite,1444,2851,4260,5714,7171,8752,10524,12110,1407,1409,1454,1457,1581,1772,1586
35402,"James, Willie V. Jr.",non-elite,1406,2812,4205,5630,7084,8671,10422,12082,1406,1393,1425,1454,1587,1751,1660
35403,"Fenollosa, Marta",non-elite,1468,2906,4364,5849,7336,8901,10509,12120,1438,1458,1485,1487,1565,1608,1611
35404,"De La Cruz, Puro",non-elite,1440,2861,4274,5701,7126,8613,10166,12030,1421,1413,1427,1425,1487,1553,1864
35405,"Ritzman, Stacy",non-elite,1471,2954,4429,5928,7418,8973,10554,12095,1483,1475,1499,1490,1555,1581,1541
35406,"Newton, Diane",non-elite,1511,2983,4459,5947,7440,9007,10584,12172,1472,1476,1488,1493,1567,1577,1588
35407,"Houle, Michel",non-elite,1385,2791,4250,5782,7314,8900,10536,12123,1406,1459,1532,1532,1586,1636,1587
35408,"Rietz, Marcella A",non-elite,1511,2983,4460,5947,7441,9004,10628,12173,1472,1477,1487,1494,1563,1624,1545
35409,"Kelly, Caryn E.",non-elite,1345,2728,4198,5742,7250,8954,10556,12098,1383,1470,1544,1508,1704,1602,1542
35410,"Foster, Caitlin",non-elite,1464,2923,4387,5891,7435,9019,10622,12162,1459,1464,1504,1544,1584,1603,1540
35411,"Newman, Patrick",non-elite,1377,2738,4116,5542,7127,8670,10416,12120,1361,1378,1426,1585,1543,1746,1704
35412,"Konijn, Jantine",non-elite,1334,2698,4090,5532,7105,8703,10496,12108,1364,1392,1442,1573,1598,1793,1612
35413,"Leone, Amanda",non-elite,1420,2844,4287,5768,7256,8843,10483,12119,1424,1443,1481,1488,1587,1640,1636
35414,"Brandes, Julia",non-elite,1441,2980,4468,5978,7546,9096,10652,12184,1539,1488,1510,1568,1550,1556,1532
35415,"Westcott, Jordan",non-elite,1388,2813,4255,5739,7264,8875,10533,12137,1425,1442,1484,1525,1611,1658,1604
35416,"Jewell, Kurt",non-elite,1347,2698,4074,5473,6877,8347,9890,11793,1351,1376,1399,1404,1470,1543,1903
35417,"Standley, Jill G",non-elite,1405,2818,4261,5729,7218,8814,10480,12090,1413,1443,1468,1489,1596,1666,1610
35418,"Roupe, Thomas A",non-elite,1362,2757,4140,5588,7028,8592,10284,12024,1395,1383,1448,1440,1564,1692,1740
35419,"Leblanc, Catherine",non-elite,1506,3004,4491,5977,7463,8996,10532,12092,1498,1487,1486,1486,1533,1536,1560
35420,"Collier, Carolyn I",non-elite,1432,2863,4315,5851,7358,8912,10514,12084,1431,1452,1536,1507,1554,1602,1570
35421,"Mejia, Fernando",non-elite,1411,2875,4311,5772,7256,8825,10462,12104,1464,1436,1461,1484,1569,1637,1642
35422,"Parry, Jason",non-elite,1362,2696,4030,5401,6800,8357,10100,11984,1334,1334,1371,1399,1557,1743,1884
35423,"Yu, Julian Ting",non-elite,1306,2654,4032,5463,6964,8609,10322,12039,1348,1378,1431,1501,1645,1713,1717
35424,"Wheeler, Carrie B",non-elite,1463,2927,4421,5945,7466,9030,10598,12157,1464,1494,1524,1521,1564,1568,1559
35425,"Osgood, Sarah",non-elite,1431,2870,4313,5796,7267,8845,10476,12133,1439,1443,1483,1471,1578,1631,1657
35426,"Dado, Robert J",non-elite,1419,2829,4218,5613,7029,8575,10268,11998,1410,1389,1395,1416,1546,1693,1730
35427,"Strong, Bleu",non-elite,1359,2733,4151,5649,7188,8826,10549,12152,1374,1418,1498,1539,1638,1723,1603
35428,"Schroeder, Mackenzie K",non-elite,1456,2944,4423,5918,7406,8946,10558,12125,1488,1479,1495,1488,1540,1612,1567
35429,"Wilkins, Jacqueline N",non-elite,1381,2765,4223,5768,7323,8935,10588,12166,1384,1458,1545,1555,1612,1653,1578
35430,"Ebel, Roseanne S.",non-elite,1535,3040,4502,5996,7490,9030,10593,12169,1505,1462,1494,1494,1540,1563,1576
35431,"Jacobs, Kristin E",non-elite,1402,2842,4302,5773,7261,8793,10436,12087,1440,1460,1471,1488,1532,1643,1651
35432,"McInerney, Megan N.",non-elite,1455,2908,4388,5905,7431,8989,10573,12136,1453,1480,1517,1526,1558,1584,1563
35433,"Horton, Daniel",non-elite,1386,2815,4195,5692,7208,8754,10404,12095,1429,1380,1497,1516,1546,1650,1691
35434,"Mcqueen, Timothy I",non-elite,1320,2709,4143,5650,7172,8774,10438,12106,1389,1434,1507,1522,1602,1664,1668
35435,"Sopko, Patrick M.",non-elite,1209,2423,3647,4881,6450,8210,10165,12062,1214,1224,1234,1569,1760,1955,1897
35436,"Knabe, Adam T.",non-elite,1363,2771,4216,5666,7150,8734,10393,12080,1408,1445,1450,1484,1584,1659,1687
35437,"Bell, Christina",non-elite,1422,2855,4272,5706,7151,8696,10365,12097,1433,1417,1434,1445,1545,1669,1732
35438,"McCollum, Brian D.",non-elite,1364,2721,4090,5464,6864,8316,9949,12006,1357,1369,1374,1400,1452,1633,2057
35439,"Cramarosso, Michael",non-elite,1399,2808,4228,5690,7176,8743,10396,12110,1409,1420,1462,1486,1567,1653,1714
35440,"Anderson, Dana",non-elite,1476,2979,4465,5999,7492,9013,10578,12128,1503,1486,1534,1493,1521,1565,1550
35441,"Valenzuela, Tony",non-elite,1269,2568,3887,5274,6731,8432,10227,12013,1299,1319,1387,1457,1701,1795,1786
35442,"Ring, Jonathan",non-elite,1286,2577,3892,5293,6713,8261,10019,11977,1291,1315,1401,1420,1548,1758,1958
35443,"Labowsky, Sarah T.",non-elite,1502,3029,4479,5953,7430,9015,10648,12163,1527,1450,1474,1477,1585,1633,1515
35444,"Cote, Pierre",non-elite,1362,2771,4183,5655,7136,8703,10389,12069,1409,1412,1472,1481,1567,1686,1680
35445,"Nyman, Charles",non-elite,1526,2990,4461,5924,7376,8860,10434,12140,1464,1471,1463,1452,1484,1574,1706
35446,"Sizer, Brooke E",non-elite,1273,2589,3998,5528,7170,8875,10555,12177,1316,1409,1530,1642,1705,1680,1622
35447,"Martin, Thom S.",non-elite,1418,2821,4230,5709,7196,8741,10484,12109,1403,1409,1479,1487,1545,1743,1625
35448,"Prabucki, Ronald",non-elite,1491,3018,4536,6077,7641,9147,10639,12146,1527,1518,1541,1564,1506,1492,1507
35449,"Sosa, Diego M",non-elite,1288,2582,3889,5351,7349,8971,10556,12143,1294,1307,1462,1998,1622,1585,1587
35450,"Varnum, Michael D",non-elite,1455,2922,4391,5878,7360,8876,10437,12034,1467,1469,1487,1482,1516,1561,1597
35451,"Laserna, Jose A",non-elite,1352,2744,4168,5632,7200,8797,10479,12123,1392,1424,1464,1568,1597,1682,1644
35452,"Honeyman, Rex P.",non-elite,1256,2492,3767,5160,6779,8460,10192,12037,1236,1275,1393,1619,1681,1732,1845
35454,"Baston, Andrea",non-elite,1335,2678,4076,5498,6980,8529,10354,12054,1343,1398,1422,1482,1549,1825,1700
35455,"Nathan, Sandie",non-elite,1420,2873,4321,5860,7364,8971,10586,12137,1453,1448,1539,1504,1607,1615,1551
35456,"Dupras, John",non-elite,1393,2806,4201,5631,7082,8579,10217,11972,1413,1395,1430,1451,1497,1638,1755
35457,"Sizelove, L J.",non-elite,1470,2944,4427,5939,7437,8995,10612,12148,1474,1483,1512,1498,1558,1617,1536
35458,"Beiswanger, Lynn",non-elite,1444,2871,4305,5762,7240,8792,10415,12135,1427,1434,1457,1478,1552,1623,1720
35459,"Macpherson, Mary Jane",non-elite,1485,2940,4415,5917,7427,8992,10582,12147,1455,1475,1502,1510,1565,1590,1565
35460,"Petersen, David",non-elite,1487,2970,4463,5957,7449,8984,10561,12137,1483,1493,1494,1492,1535,1577,1576
35461,"Bernstein, Stephen A.",non-elite,1405,2814,4228,5667,7123,8683,10363,12064,1409,1414,1439,1456,1560,1680,1701
35462,"Li, Yun",non-elite,1435,2855,4292,5764,7240,8791,10439,12095,1420,1437,1472,1476,1551,1648,1656
35463,"Dowd, Bridget C.",non-elite,1491,2981,4439,5954,7444,8995,10577,12126,1490,1458,1515,1490,1551,1582,1549
35464,"Lewon, Michelle C",non-elite,1526,3008,4465,5953,7441,8962,10557,12136,1482,1457,1488,1488,1521,1595,1579
35465,"Bignault, Amy",non-elite,1448,2932,4398,5869,7349,8913,10567,12152,1484,1466,1471,1480,1564,1654,1585
35466,"Bowen, Lindsey H",non-elite,1465,2903,4338,5796,7289,8924,10581,12166,1438,1435,1458,1493,1635,1657,1585
35467,"Freund, Hilary A",non-elite,1351,2727,4142,5581,7059,8699,10413,12122,1376,1415,1439,1478,1640,1714,1709
35468,"Kerr, Mark",non-elite,1397,2796,4206,5660,7142,8716,10375,12052,1399,1410,1454,1482,1574,1659,1677
35469,"Nanes, Joshua A.",non-elite,1293,2584,3929,5353,6790,8429,10132,11885,1291,1345,1424,1437,1639,1703,1753
35470,"Hill, Jerry M. Jr.",non-elite,1466,2951,4449,5950,7437,8974,10558,12104,1485,1498,1501,1487,1537,1584,1546
35471,"Thompson, Krystal",non-elite,1558,3055,4561,6077,7577,9133,10709,12214,1497,1506,1516,1500,1556,1576,1505
35472,"Duarte, Yojan",non-elite,1280,2585,3958,5394,6788,8355,10098,12101,1305,1373,1436,1394,1567,1743,2003
35473,"Takahashi, Rie",non-elite,1428,2883,4345,5836,7340,8939,10570,12135,1455,1462,1491,1504,1599,1631,1565
35474,"Yonick, Jennifer L.",non-elite,1373,2739,4109,5515,7012,8758,10399,12143,1366,1370,1406,1497,1746,1641,1744
35475,"Dwyer, Siobhan",non-elite,1597,3166,4745,6243,7717,9201,10696,12160,1569,1579,1498,1474,1484,1495,1464
35476,"Hale, Robert",non-elite,1485,2970,4465,5943,7422,8986,10610,12148,1485,1495,1478,1479,1564,1624,1538
35477,"Brodeur, Pierre",non-elite,1490,2982,4464,5968,7462,8985,10554,12131,1492,1482,1504,1494,1523,1569,1577
35478,"Thomas, Mike",non-elite,1417,2827,4223,5664,7093,8607,10244,11980,1410,1396,1441,1429,1514,1637,1736
35479,"Tonnu, Xuanhuong",non-elite,1399,2877,4336,5836,7424,8968,10579,12138,1478,1459,1500,1588,1544,1611,1559
35480,"Rothlisberger, Curt",non-elite,1369,2760,4143,5565,7004,8560,10209,11940,1391,1383,1422,1439,1556,1649,1731
35481,"Miyata, Atsuro",non-elite,1526,3033,4533,6035,7551,9076,10605,12122,1507,1500,1502,1516,1525,1529,1517
35482,"Hennick, Rob",non-elite,1290,2617,3973,5442,6981,8639,10361,12080,1327,1356,1469,1539,1658,1722,1719
35483,"Brown, Damon P.",non-elite,1561,3109,4625,6160,7693,9183,10699,12191,1548,1516,1535,1533,1490,1516,1492
35484,"French, Suzanne C",non-elite,1465,2933,4419,5910,7395,8939,10532,12127,1468,1486,1491,1485,1544,1593,1595
35485,"Lovizio Hermidas, Stefano",non-elite,1403,2778,4167,5609,7083,8640,10400,12125,1375,1389,1442,1474,1557,1760,1725
35486,"Hopper, Barrett",non-elite,1230,2451,3687,4957,6349,8097,10140,12078,1221,1236,1270,1392,1748,2043,1938
35487,"Fernandez, Michael J",non-elite,1430,2928,4351,5804,7245,8791,10473,12094,1498,1423,1453,1441,1546,1682,1621
35488,"Benson, Karyn",non-elite,1454,2909,4365,5843,7316,8842,10450,12103,1455,1456,1478,1473,1526,1608,1653
35489,"Ma, Quin",non-elite,1449,2920,4432,5965,7482,9048,10628,12172,1471,1512,1533,1517,1566,1580,1544
35490,"McGrory, Christine M.",non-elite,1445,2898,4393,5890,7405,8963,10578,12153,1453,1495,1497,1515,1558,1615,1575
35491,"Marsano, Brendan F.",non-elite,1507,2977,4430,5915,7393,8949,10541,12166,1470,1453,1485,1478,1556,1592,1625
35492,"Lu, Sung-Lin",non-elite,1434,2851,4276,5762,7273,8857,10507,12128,1417,1425,1486,1511,1584,1650,1621
35493,"Skipper, Gregory",non-elite,1269,2518,3767,5037,6396,8184,10035,11990,1249,1249,1270,1359,1788,1851,1955
35494,"Chang, Violet",non-elite,1435,2866,4305,5770,7273,8876,10466,12140,1431,1439,1465,1503,1603,1590,1674
35495,"Swann, Andee",non-elite,1279,2590,3982,5451,6953,8553,10293,12077,1311,1392,1469,1502,1600,1740,1784
35496,"Gomez Gamboa, Natalia",non-elite,1467,2941,4439,5960,7483,9025,10632,12163,1474,1498,1521,1523,1542,1607,1531
35497,"Kunz, Tamara R.",non-elite,1456,2970,4476,6004,7506,9044,10607,12152,1514,1506,1528,1502,1538,1563,1545
35498,"Fischer, Robert G.",non-elite,1315,2674,4069,5529,7051,8714,10439,12083,1359,1395,1460,1522,1663,1725,1644
35499,"Alexson, Margaret B",non-elite,1429,2879,4368,5882,7410,8983,10580,12149,1450,1489,1514,1528,1573,1597,1569
35500,"Schulz, Colby",non-elite,1211,2424,3657,4974,6540,8375,10363,12125,1213,1233,1317,1566,1835,1988,1762
35501,"Lawton, Kristen",non-elite,1486,2950,4395,5859,7350,8925,10541,12142,1464,1445,1464,1491,1575,1616,1601
35502,"Forbes, Jim",non-elite,1411,2861,4335,5816,7331,8862,10538,12164,1450,1474,1481,1515,1531,1676,1626
35503,"Walker, Eric A",non-elite,1320,2653,4001,5397,6849,8483,10207,12042,1333,1348,1396,1452,1634,1724,1835
35504,"Reeve, Mary B",non-elite,1429,2880,4369,5882,7410,8983,10580,12149,1451,1489,1513,1528,1573,1597,1569
35505,"Huffman, Jamie",non-elite,1436,2882,4352,5879,7396,8978,10582,12169,1446,1470,1527,1517,1582,1604,1587
35506,"Wade, Camille C",non-elite,1448,2899,4366,5868,7376,8949,10573,12145,1451,1467,1502,1508,1573,1624,1572
35507,"Eguchi, Asuka",non-elite,1477,2950,4405,5894,7411,8985,10588,12141,1473,1455,1489,1517,1574,1603,1553
35508,"Steers, Nancy",non-elite,1555,3093,4618,6151,7685,9263,10794,12234,1538,1525,1533,1534,1578,1531,1440
35509,"Bowman Choat, Mary Kathryn",non-elite,1494,2987,4481,5967,7447,8994,10600,12160,1493,1494,1486,1480,1547,1606,1560
35510,"Johnston, Lisa",non-elite,1489,2966,4431,5908,7388,8933,10529,12130,1477,1465,1477,1480,1545,1596,1601
35511,"Bird, Claire",non-elite,1466,2939,4418,5907,7391,8917,10486,12104,1473,1479,1489,1484,1526,1569,1618
35512,"Macpherson, Kayleigh B",non-elite,1548,3086,4614,6175,7692,9223,10723,12186,1538,1528,1561,1517,1531,1500,1463
35513,"Arntsen, Bjorn",non-elite,1277,2561,3861,5277,6798,8488,10298,12067,1284,1300,1416,1521,1690,1810,1769
35514,"Baldyga, Miro",non-elite,1379,2760,4142,5603,7082,8743,10474,12139,1381,1382,1461,1479,1661,1731,1665
35515,"Wartel, David P",non-elite,1485,3033,4601,6172,7685,9234,10809,12274,1548,1568,1571,1513,1549,1575,1465
35516,"Van Enk, Willem Jacob",non-elite,1441,2881,4313,5753,7174,8652,10289,12009,1440,1432,1440,1421,1478,1637,1720
35517,"Miganowicz, Jonathan I",non-elite,1183,2347,3538,4779,6123,7832,9881,12135,1164,1191,1241,1344,1709,2049,2254
35518,"Rice, Kevin C",non-elite,1461,2946,4427,5932,7425,8980,10563,12143,1485,1481,1505,1493,1555,1583,1580
35519,"Belli, Andrea Sr.",non-elite,1441,2897,4360,5821,7311,8844,10374,12080,1456,1463,1461,1490,1533,1530,1706
35520,"Meltzer, Jonathan",non-elite,1452,2869,4277,5719,7184,8713,10360,12065,1417,1408,1442,1465,1529,1647,1705
35521,"Wiggin, Parker E III",non-elite,1388,2802,4236,5731,7190,8747,10441,12076,1414,1434,1495,1459,1557,1694,1635
35522,"Bille-Volkenborn, Stephane",non-elite,1505,2969,4437,5946,7485,9043,10621,12147,1464,1468,1509,1539,1558,1578,1526
35523,"Segal, Kayla",non-elite,1527,3048,4560,6113,7593,9085,10676,12198,1521,1512,1553,1480,1492,1591,1522
35524,"Claycomb, Mark C",non-elite,1521,2972,4417,5876,7327,8827,10469,12083,1451,1445,1459,1451,1500,1642,1614
35525,"Ebbeling, Jason R",non-elite,1358,2734,4134,5599,7136,8803,10471,12115,1376,1400,1465,1537,1667,1668,1644
35526,"Oberman, Tony",non-elite,1417,2852,4318,5776,7229,8757,10431,12096,1435,1466,1458,1453,1528,1674,1665
35527,"Comisso, Kate V.",non-elite,1356,2726,4107,5530,6990,8596,10309,12053,1370,1381,1423,1460,1606,1713,1744
35528,"Thompson, Crystal L.",non-elite,1480,2975,4459,5978,7494,9039,10595,12152,1495,1484,1519,1516,1545,1556,1557
35529,"Giffords, Alejandro",non-elite,1436,2880,4333,5804,7311,8888,10537,12130,1444,1453,1471,1507,1577,1649,1593
35530,"Askdal, Sarah M.",non-elite,1373,2736,4144,5601,7109,8686,10302,12111,1363,1408,1457,1508,1577,1616,1809
35531,"Mccurdy, Kathryn B.",non-elite,1532,3054,4589,6121,7662,9210,10737,12241,1522,1535,1532,1541,1548,1527,1504
35532,"Ernste, Jeffry J.",non-elite,1439,2883,4350,5854,7371,8940,10586,12164,1444,1467,1504,1517,1569,1646,1578
35533,"Eklund, Lotta",non-elite,1452,2894,4343,5784,7235,8754,10512,12143,1442,1449,1441,1451,1519,1758,1631
35534,"Cunliffe, Alexandra",non-elite,1434,2898,4359,5877,7402,8996,10566,12165,1464,1461,1518,1525,1594,1570,1599
35535,"Kazukawa, Junko",non-elite,1411,2816,4247,5739,7250,8867,10491,12104,1405,1431,1492,1511,1617,1624,1613
35536,"Gallagher, Bruce D",non-elite,1384,2804,4223,5691,7156,8747,10427,12109,1420,1419,1468,1465,1591,1680,1682
35537,"Miller, Julieanne",non-elite,1378,2801,4276,5793,7328,8933,10570,12163,1423,1475,1517,1535,1605,1637,1593
35538,"Weiner, Amy E",non-elite,1403,2826,4245,5716,7196,8781,10457,12120,1423,1419,1471,1480,1585,1676,1663
35539,"Palczak, Stuart J",non-elite,1381,2784,4192,5665,7168,8745,10392,12109,1403,1408,1473,1503,1577,1647,1717
35540,"Hendrickson, Julie",non-elite,1529,2999,4506,6018,7542,9103,10665,12183,1470,1507,1512,1524,1561,1562,1518
35541,"Marks, Jeffrey",non-elite,1433,2887,4383,5856,7346,8891,10544,12151,1454,1496,1473,1490,1545,1653,1607
35542,"Tsoucas, Pantelis",non-elite,1395,2811,4244,5720,7231,8880,10504,12122,1416,1433,1476,1511,1649,1624,1618
35543,"Traver, Charles R",non-elite,1412,2798,4225,5712,7185,8793,10440,12107,1386,1427,1487,1473,1608,1647,1667
35544,"Ericksen, Bethany",non-elite,1326,2691,4138,5678,7225,8824,10479,12127,1365,1447,1540,1547,1599,1655,1648
35545,"Brown, Walter",non-elite,1326,2689,4136,5677,7225,8827,10478,12126,1363,1447,1541,1548,1602,1651,1648
35546,"Brennan, Tonya P.",non-elite,1422,2903,4465,5945,7420,8971,10584,12153,1481,1562,1480,1475,1551,1613,1569
35547,"Coleman, Frank",non-elite,1416,2835,4239,5693,7169,8774,10391,12154,1419,1404,1454,1476,1605,1617,1763
35548,"Vannoy, Debby",non-elite,1357,2739,4187,5779,7361,9016,10645,12202,1382,1448,1592,1582,1655,1629,1557
35549,"Wysocky, Katie",non-elite,1389,2786,4175,5585,7116,8728,10389,12097,1397,1389,1410,1531,1612,1661,1708
35550,"Jones, Michael",non-elite,1348,2708,4046,5417,6775,8240,10060,12013,1360,1338,1371,1358,1465,1820,1953
35551,"Bischof, Michelle",non-elite,1492,2971,4508,6066,7578,9123,10702,12214,1479,1537,1558,1512,1545,1579,1512
35552,"Hellams, Alex",non-elite,1446,2865,4309,5786,7304,8877,10499,12150,1419,1444,1477,1518,1573,1622,1651
35553,"Inman, Joshua G",non-elite,1106,2270,3555,5005,6464,8222,10312,12127,1164,1285,1450,1459,1758,2090,1815
35554,"Quiros, Christine",non-elite,1336,2693,4152,5679,7286,8889,10522,12139,1357,1459,1527,1607,1603,1633,1617
35555,"Lawson, Jon C.",non-elite,1289,2602,3971,5612,7218,8755,10604,12180,1313,1369,1641,1606,1537,1849,1576
35556,"Ragan, Kathleen",non-elite,1439,2873,4314,5845,7387,9007,10666,12180,1434,1441,1531,1542,1620,1659,1514
35557,"Maisey, Victoria A.",non-elite,1473,2971,4477,6011,7527,9091,10663,12195,1498,1506,1534,1516,1564,1572,1532
35558,"Bizal, Mike",non-elite,1419,2854,4284,5758,7263,8849,10494,12134,1435,1430,1474,1505,1586,1645,1640
35559,"Sigal, Maksim",non-elite,1290,2579,3937,5350,6779,8335,10033,12143,1289,1358,1413,1429,1556,1698,2110
35560,"Warren, Columbia",non-elite,1397,2857,4366,5836,7330,8855,10528,12154,1460,1509,1470,1494,1525,1673,1626
35561,"Miller, James O Jr.",non-elite,1346,2649,3954,5312,6696,8209,9791,11500,1303,1305,1358,1384,1513,1582,1709
35562,"Stark, Jocelyn",non-elite,1485,2980,4413,5912,7368,8931,10605,12192,1495,1433,1499,1456,1563,1674,1587
35563,"Martin, Barbara",non-elite,1519,2995,4457,5950,7430,8971,10583,12157,1476,1462,1493,1480,1541,1612,1574
35564,"Fried, Connie",non-elite,1393,2774,4182,5697,7202,8804,10477,12160,1381,1408,1515,1505,1602,1673,1683
35565,"Duysen, Jack D.",non-elite,1532,3039,4541,6061,7596,9140,10690,12190,1507,1502,1520,1535,1544,1550,1500
35566,"Pagano, Lisa",non-elite,1439,2859,4315,5815,7305,8875,10504,12129,1420,1456,1500,1490,1570,1629,1625
35567,"Connell, Alan G",non-elite,1259,2500,3776,5047,6332,7764,9677,11857,1241,1276,1271,1285,1432,1913,2180
35568,"Harlett, Laura",non-elite,1296,2616,3965,5349,6765,8442,10301,12071,1320,1349,1384,1416,1677,1859,1770
35569,"Matusik, Danielle",non-elite,1426,2872,4357,5875,7415,9003,10624,12182,1446,1485,1518,1540,1588,1621,1558
35570,"Xu, Adele F",non-elite,1328,2722,4146,5671,7256,8916,10588,12176,1394,1424,1525,1585,1660,1672,1588
35571,"Whitney, Ken",non-elite,1226,2460,3725,5108,6676,8384,10255,12088,1234,1265,1383,1568,1708,1871,1833
35572,"Klees, John T",non-elite,1419,2840,4283,5818,7357,8984,10618,12127,1421,1443,1535,1539,1627,1634,1509
35573,"Reiling, Ross R",non-elite,1472,2887,4319,5790,7272,8837,10479,12124,1415,1432,1471,1482,1565,1642,1645
35574,"Bader, Rebecca A.",non-elite,1227,2461,3732,5021,6329,7951,10316,12262,1234,1271,1289,1308,1622,2365,1946
35575,"Duininck, Kristine A",non-elite,1501,2987,4466,5959,7458,9023,10622,12178,1486,1479,1493,1499,1565,1599,1556
35576,"Campellone, Nicole",non-elite,1621,3158,4714,6298,7755,9258,10749,12223,1537,1556,1584,1457,1503,1491,1474
35577,"Orozco Valdes, Gerardo",non-elite,1351,2719,4092,5557,7019,8590,10342,12100,1368,1373,1465,1462,1571,1752,1758
35578,"Wheeler, April N.",non-elite,1425,2860,4310,5794,7291,8854,10482,12146,1435,1450,1484,1497,1563,1628,1664
35579,"Tobin, Jenni K",non-elite,1486,2984,4480,5957,7437,8958,10536,12122,1498,1496,1477,1480,1521,1578,1586
35580,"Morin, Francois",non-elite,1366,2726,4104,5560,7077,8702,10430,12143,1360,1378,1456,1517,1625,1728,1713
35581,"Muzzi, Mark V",non-elite,1309,2658,3998,5371,6813,8353,10188,12023,1349,1340,1373,1442,1540,1835,1835
35582,"Marwick, Jonathan",non-elite,1456,2948,4439,5946,7442,8961,10525,12138,1492,1491,1507,1496,1519,1564,1613
35583,"Sheahan, Emily",non-elite,1435,2887,4355,5867,7378,8963,10571,12183,1452,1468,1512,1511,1585,1608,1612
35584,"Clegg, Jason",non-elite,1365,2787,4235,5726,7245,8831,10459,12143,1422,1448,1491,1519,1586,1628,1684
35585,"Stone, Emily A",non-elite,1450,2900,4370,5870,7370,8954,10604,12166,1450,1470,1500,1500,1584,1650,1562
35586,"Loof, Harald",non-elite,1442,2871,4362,5846,7365,8926,10565,12169,1429,1491,1484,1519,1561,1639,1604
35587,"Barba, Maya S",non-elite,1282,2628,4046,5548,7106,8722,10400,12143,1346,1418,1502,1558,1616,1678,1743
35588,"Athineos, Marios",non-elite,1385,2801,4209,5614,7139,8703,10414,12215,1416,1408,1405,1525,1564,1711,1801
35589,"Brokaw, Barry C.",non-elite,1282,2604,3967,5404,6912,8487,10164,11993,1322,1363,1437,1508,1575,1677,1829
35590,"Black, Tony",non-elite,1493,2984,4447,5928,7394,8916,10614,12145,1491,1463,1481,1466,1522,1698,1531
35591,"Hammerand, Lee D",non-elite,1357,2768,4202,5670,7208,8786,10459,12124,1411,1434,1468,1538,1578,1673,1665
35592,"Orme, Stacie L",non-elite,1313,2655,4021,5473,7009,8632,10380,12111,1342,1366,1452,1536,1623,1748,1731
35593,"Dooley, Tess A.",non-elite,1430,2879,4366,5874,7372,8902,10534,12192,1449,1487,1508,1498,1530,1632,1658
35594,"Panizza, Paolo Emanuele",non-elite,1413,2855,4295,5748,7187,8687,10310,12009,1442,1440,1453,1439,1500,1623,1699
35595,"Riffelmacher, Will P.",non-elite,1263,2536,3808,5113,6547,8045,9628,11721,1273,1272,1305,1434,1498,1583,2093
35596,"Groff, Sonia M",non-elite,1484,2980,4490,5993,7493,9015,10601,12176,1496,1510,1503,1500,1522,1586,1575
35597,"Anderson, Charles Tony",non-elite,1444,2871,4296,5815,7391,9111,10728,12213,1427,1425,1519,1576,1720,1617,1485
35598,"Compston, Amy L",non-elite,1485,2991,4497,6004,7529,9059,10636,12176,1506,1506,1507,1525,1530,1577,1540
35599,"Dominguez, Alex",non-elite,1571,3082,4572,6055,7537,9065,10632,12192,1511,1490,1483,1482,1528,1567,1560
35600,"Haws, Michelle",non-elite,1488,2971,4436,5956,7468,9062,10642,12168,1483,1465,1520,1512,1594,1580,1526
35601,"Sutter, Hannah J",non-elite,1520,3056,4562,6072,7575,9108,10677,12200,1536,1506,1510,1503,1533,1569,1523
35602,"Venneri, Jacqueline",non-elite,1469,2961,4452,5946,7418,8961,10557,12137,1492,1491,1494,1472,1543,1596,1580
35603,"Becotte, Pascal",non-elite,1428,2886,4342,5821,7313,8841,10418,12080,1458,1456,1479,1492,1528,1577,1662
35604,"Liechty, Bobbie",non-elite,1488,2971,4436,5956,7469,9062,10642,12168,1483,1465,1520,1513,1593,1580,1526
35605,"Bae, Yonghyuk",non-elite,1568,3035,4456,5862,7307,8906,10522,12150,1467,1421,1406,1445,1599,1616,1628
35606,"Tio, Jaime",non-elite,1485,2992,4500,6051,7561,9107,10639,12162,1507,1508,1551,1510,1546,1532,1523
35607,"Sanders, Christopher",non-elite,1275,2552,3805,5093,6547,8322,10163,12117,1277,1253,1288,1454,1775,1841,1954
35608,"Blackford, Starshine E",non-elite,1509,2985,4436,5904,7390,8936,10551,12174,1476,1451,1468,1486,1546,1615,1623
35609,"Campbell, Jennifer",non-elite,1441,2910,4369,5865,7374,8940,10572,12192,1469,1459,1496,1509,1566,1632,1620
35610,"Stong, Jennifer",non-elite,1425,2855,4311,5811,7332,8931,10570,12167,1430,1456,1500,1521,1599,1639,1597
35611,"Fitzgibbon, Kerry M.",non-elite,1459,2922,4401,5907,7443,9031,10631,12180,1463,1479,1506,1536,1588,1600,1549
35612,"Charrier, Laurence",non-elite,1485,2986,4484,5996,7507,9047,10611,12177,1501,1498,1512,1511,1540,1564,1566
35613,"Whitney, Holly J",non-elite,1460,2929,4395,5894,7438,9023,10635,12196,1469,1466,1499,1544,1585,1612,1561
35614,"Montreuil, Deano",non-elite,1519,2942,4378,5847,7342,8913,10556,12172,1423,1436,1469,1495,1571,1643,1616
35615,"Schultz, Sara",non-elite,1449,2888,4336,5803,7298,8871,10522,12179,1439,1448,1467,1495,1573,1651,1657
35616,"Moates, Bobbie K",non-elite,1561,3101,4615,6125,7641,9199,10745,12210,1540,1514,1510,1516,1558,1546,1465
35617,"Kulla, Emil W",non-elite,1484,2956,4451,5954,7467,9007,10647,12208,1472,1495,1503,1513,1540,1640,1561
35618,"Peill, Laura E",non-elite,1477,2944,4407,5893,7402,8971,10572,12143,1467,1463,1486,1509,1569,1601,1571
35619,"Wadhai, Yasmin",non-elite,1451,2903,4356,5809,7268,8781,10430,12113,1452,1453,1453,1459,1513,1649,1683
35620,"Hammer, Stanley S",non-elite,1456,2927,4398,5876,7349,8886,10499,12125,1471,1471,1478,1473,1537,1613,1626
35621,"Wright, Nicole E",non-elite,1454,2924,4410,5915,7435,9052,10701,12197,1470,1486,1505,1520,1617,1649,1496
35622,"Henry-Lacombe, Philippe",non-elite,1282,2605,3983,5463,7013,8699,10412,12115,1323,1378,1480,1550,1686,1713,1703
35623,"Plote, Jesse O",non-elite,1240,2476,3766,5164,6624,8319,10176,12100,1236,1290,1398,1460,1695,1857,1924
35624,"Lieberman, Daniel E.",non-elite,1449,2926,4395,5891,7372,8874,10420,12070,1477,1469,1496,1481,1502,1546,1650
35625,"Oliverius, Kelsey A",non-elite,1439,2896,4359,5842,7348,8923,10530,12111,1457,1463,1483,1506,1575,1607,1581
35626,"Baida, Andy",non-elite,1463,2923,4388,5886,7375,8906,10506,12139,1460,1465,1498,1489,1531,1600,1633
35627,"Armstrong, John S",non-elite,1467,2912,4349,5796,7235,8730,10370,12066,1445,1437,1447,1439,1495,1640,1696
35628,"Murphy, Leo B.",non-elite,1395,2812,4253,5712,7189,8744,10419,12145,1417,1441,1459,1477,1555,1675,1726
35629,"Spear, Anne",non-elite,1479,2973,4485,6015,7544,9093,10653,12195,1494,1512,1530,1529,1549,1560,1542
35630,"Giola, Alyson",non-elite,1452,2910,4384,5872,7354,8895,10507,12127,1458,1474,1488,1482,1541,1612,1620
35631,"Noy, Rei",non-elite,1289,2613,3983,5438,6981,8624,10435,12087,1324,1370,1455,1543,1643,1811,1652
35632,"Hanley-Kimmerle, Michelle R.",non-elite,1494,3004,4511,6034,7562,9141,10734,12214,1510,1507,1523,1528,1579,1593,1480
35633,"Vazquez Del Mercado, Ana Karina",non-elite,1411,2856,4327,5836,7363,8950,10563,12147,1445,1471,1509,1527,1587,1613,1584
35634,"Brischetto, Matt",non-elite,1247,2503,3776,5094,6558,8130,9876,12127,1256,1273,1318,1464,1572,1746,2251
35635,"Doyle, Ben B",non-elite,1476,2957,4434,5924,7410,8927,10533,12119,1481,1477,1490,1486,1517,1606,1586
35636,"Budrow, Nelly S",non-elite,1347,2720,4118,5634,7069,8628,10347,12090,1373,1398,1516,1435,1559,1719,1743
35637,"Griffith, Jenna",non-elite,1485,2971,4453,5948,7447,8990,10592,12152,1486,1482,1495,1499,1543,1602,1560
35638,"Little, Kelsey L.",non-elite,1425,2872,4321,5840,7346,8947,10571,12162,1447,1449,1519,1506,1601,1624,1591
35639,"Fisk, Matthew T",non-elite,1336,2693,4073,5501,6960,8511,10171,11977,1357,1380,1428,1459,1551,1660,1806
35640,"Kemp, Eric A",non-elite,1339,2715,4092,5494,7035,8680,10346,12168,1376,1377,1402,1541,1645,1666,1822
35641,"Bain, Alex A",non-elite,1282,2563,3886,5264,6727,8361,10170,12123,1281,1323,1378,1463,1634,1809,1953
35642,"Aspholm, Kimberly",non-elite,1408,2823,4308,5832,7371,8971,10622,12204,1415,1485,1524,1539,1600,1651,1582
35643,"Zimberoff, Lisa",non-elite,1445,2968,4454,5963,7457,9026,10616,12189,1523,1486,1509,1494,1569,1590,1573
35644,"Harada, Yonosuke",non-elite,1384,2783,4208,5678,7181,8738,10398,12089,1399,1425,1470,1503,1557,1660,1691
35645,"Ross, Steve W",non-elite,1466,2915,4394,5883,7368,8926,10529,12136,1449,1479,1489,1485,1558,1603,1607
35646,"Colunga, Victor S Sr.",non-elite,1379,2787,4192,5650,7151,8773,10455,12153,1408,1405,1458,1501,1622,1682,1698
35647,"Munn, David A",non-elite,1441,2875,4304,5750,7210,8741,10342,12101,1434,1429,1446,1460,1531,1601,1759
35648,"Boudreau, Wade A.",non-elite,1342,2675,4001,5333,6675,8146,10035,12163,1333,1326,1332,1342,1471,1889,2128
35649,"Boudreau, Ward",non-elite,1342,2675,4001,5333,6675,8102,9862,12163,1333,1326,1332,1342,1427,1760,2301
35650,"Grove, Thomas C",non-elite,1294,2620,3949,5334,6937,8770,10405,12141,1326,1329,1385,1603,1833,1635,1736
35651,"Sridhar, Shailja S.",non-elite,1420,2834,4289,5799,7340,8952,10563,12167,1414,1455,1510,1541,1612,1611,1604
35652,"Carlone, Mirella",non-elite,1505,3006,4508,6043,7555,9102,10654,12193,1501,1502,1535,1512,1547,1552,1539
35653,"Hunt, Glen S",non-elite,1354,2683,4062,5515,6992,8595,10342,12092,1329,1379,1453,1477,1603,1747,1750
35654,"Graber, Kristen A",non-elite,1482,2992,4507,6038,7566,9111,10675,12210,1510,1515,1531,1528,1545,1564,1535
35655,"Whitney, Thomas C.",non-elite,1372,2786,4246,5798,7327,8915,10549,12146,1414,1460,1552,1529,1588,1634,1597
35656,"Kapp, Jenny",non-elite,1501,3007,4507,6023,7526,9052,10605,12183,1506,1500,1516,1503,1526,1553,1578
35657,"Matamala Roa, Hardy A. Sr.",non-elite,1258,2557,3880,5245,6734,8439,10357,12134,1299,1323,1365,1489,1705,1918,1777
35658,"Schulte, Brooke C",non-elite,1432,2886,4338,5800,7264,8789,10446,12138,1454,1452,1462,1464,1525,1657,1692
35659,"Ryan, Alisa R.",non-elite,1629,3172,4674,6199,7680,9225,10753,12236,1543,1502,1525,1481,1545,1528,1483
35660,"Beard, Ryan C.",non-elite,1289,2629,4046,5529,7040,8650,10290,11979,1340,1417,1483,1511,1610,1640,1689
35661,"Palandri, Shawn",non-elite,1348,2680,4048,5499,6965,8510,10254,12237,1332,1368,1451,1466,1545,1744,1983
35662,"Phelan, Rick",non-elite,1369,2745,4138,5562,7012,8583,10288,12059,1376,1393,1424,1450,1571,1705,1771
35663,"Bryan, Beth",non-elite,1493,2938,4404,5900,7396,9007,10626,12213,1445,1466,1496,1496,1611,1619,1587
35664,"Smith, Faith R.",non-elite,1431,2910,4386,5873,7357,8882,10478,12137,1479,1476,1487,1484,1525,1596,1659
35665,"Dye, Heather L",non-elite,1493,2983,4462,5982,7489,9037,10567,12171,1490,1479,1520,1507,1548,1530,1604
35666,"Jorgensen, Julie",non-elite,1477,2953,4438,5944,7463,9046,10617,12170,1476,1485,1506,1519,1583,1571,1553
35667,"Barclay, Holly L.",non-elite,1555,3043,4493,5953,7443,8997,10574,12162,1488,1450,1460,1490,1554,1577,1588
35668,"Neumann, Paul",non-elite,1437,2857,4299,5758,7387,8984,10702,12203,1420,1442,1459,1629,1597,1718,1501
35669,"Traffie, Naomi",non-elite,1474,2944,4440,5949,7462,8995,10606,12194,1470,1496,1509,1513,1533,1611,1588
35671,"Harding, Debbie",non-elite,1453,2928,4421,5955,7443,9005,10604,12176,1475,1493,1534,1488,1562,1599,1572
35672,"Rae, Neil",non-elite,1268,2584,4006,5538,7121,8772,10483,12161,1316,1422,1532,1583,1651,1711,1678
35673,"Francisco, Tony",non-elite,1292,2678,4138,5656,7187,8762,10431,12126,1386,1460,1518,1531,1575,1669,1695
35674,"Python, Stephane",non-elite,1267,2541,4043,5525,7140,8761,10459,12160,1274,1502,1482,1615,1621,1698,1701
35675,"Demers, Marie-Claude",non-elite,1407,2808,4232,5717,7222,8809,10479,12129,1401,1424,1485,1505,1587,1670,1650
35676,"Dinan, Helen",non-elite,1423,2860,4288,5719,7167,8767,10386,12076,1437,1428,1431,1448,1600,1619,1690
35677,"Harris, Vicky",non-elite,1480,2957,4444,5988,7546,9068,10642,12220,1477,1487,1544,1558,1522,1574,1578
35678,"Gorsuch, Allison B",non-elite,1549,3049,4570,6083,7599,9136,10718,12223,1500,1521,1513,1516,1537,1582,1505
35679,"Johnson, Rachel",non-elite,1478,2995,4521,6026,7525,9081,10689,12233,1517,1526,1505,1499,1556,1608,1544
35680,"Carski, Chris",non-elite,1534,3031,4536,6058,7568,9146,10723,12228,1497,1505,1522,1510,1578,1577,1505
35681,"Grimyser, Jennifer V",non-elite,1408,2845,4292,5751,7227,8784,10462,12150,1437,1447,1459,1476,1557,1678,1688
35682,"Mahony, Tod",non-elite,1395,2803,4221,5710,7223,8815,10492,12163,1408,1418,1489,1513,1592,1677,1671
35683,"Mo, Yu-Yen",non-elite,1391,2817,4280,5785,7269,8855,10555,12168,1426,1463,1505,1484,1586,1700,1613
35684,"Green, Rebecca S",non-elite,1467,2960,4440,5922,7422,8976,10567,12188,1493,1480,1482,1500,1554,1591,1621
35685,"Ho, Wai Keung, Woody",non-elite,1328,2687,4046,5450,6885,8457,10267,12006,1359,1359,1404,1435,1572,1810,1739
35686,"Wilson, Pete",non-elite,1330,2724,4195,5708,7212,8833,10491,12190,1394,1471,1513,1504,1621,1658,1699
35687,"Grecsek, Charlene M",non-elite,1504,2981,4463,5955,7441,8975,10580,12156,1477,1482,1492,1486,1534,1605,1576
35688,"Anton, Jacqueline S.",non-elite,1673,3268,4819,6318,7804,9319,10838,12283,1595,1551,1499,1486,1515,1519,1445
35689,"Jacques, Niki",non-elite,1395,2771,4173,5651,7081,8767,10449,12134,1376,1402,1478,1430,1686,1682,1685
35690,"Withington, Marcy K.",non-elite,1406,2860,4337,5868,7375,8923,10545,12162,1454,1477,1531,1507,1548,1622,1617
35691,"Palmer, Lori A",non-elite,1477,2911,4322,5752,7216,8775,10467,12189,1434,1411,1430,1464,1559,1692,1722
35692,"Hayes, Amy",non-elite,1445,2907,4354,5821,7277,8816,10425,12107,1462,1447,1467,1456,1539,1609,1682
35693,"Nason, Ellen",non-elite,1535,3038,4549,6037,7557,9112,10716,12225,1503,1511,1488,1520,1555,1604,1509
35694,"O'Connell, Maurice A.",non-elite,1469,2928,4418,5929,7431,9000,10611,12185,1459,1490,1511,1502,1569,1611,1574
35695,"Gordon, Stephanie",non-elite,1346,2684,4033,5466,6876,8363,10075,12024,1338,1349,1433,1410,1487,1712,1949
35696,"Dowd, Clint",non-elite,1449,2838,4230,5644,7061,8621,10433,12160,1389,1392,1414,1417,1560,1812,1727
35697,"Martin, Phil",non-elite,1296,2700,4196,5718,7248,8864,10622,12189,1404,1496,1522,1530,1616,1758,1567
35698,"Liston, Megan V",non-elite,1417,2850,4302,5764,7249,8778,10379,12106,1433,1452,1462,1485,1529,1601,1727
35699,"Sgro, Danielle L",non-elite,1461,2919,4381,5892,7433,8995,10606,12188,1458,1462,1511,1541,1562,1611,1582
35700,"Master, Mike G",non-elite,1463,2957,4455,5966,7467,9016,10601,12167,1494,1498,1511,1501,1549,1585,1566
35701,"Heslam, Peter",non-elite,1399,2846,4267,5734,7205,8758,10382,12153,1447,1421,1467,1471,1553,1624,1771
35702,"Schnaser, Mark",non-elite,1365,2715,4076,5467,6958,8630,10366,12131,1350,1361,1391,1491,1672,1736,1765
35703,"Tyger, Drew D.",non-elite,1277,2539,3811,5124,6479,8111,10208,12103,1262,1272,1313,1355,1632,2097,1895
35704,"Walton, Chris",non-elite,1410,2811,4205,5613,7036,8540,10140,11902,1401,1394,1408,1423,1504,1600,1762
35705,"Abbott, Wendy",non-elite,1485,2983,4476,5999,7511,9124,10703,12223,1498,1493,1523,1512,1613,1579,1520
35706,"Deppen, Drew",non-elite,1311,2627,3958,5356,6857,8456,10294,12001,1316,1331,1398,1501,1599,1838,1707
35707,"Hunter, John C",non-elite,1398,2816,4253,5726,7218,8797,10429,12120,1418,1437,1473,1492,1579,1632,1691
35708,"Pierce, Justin",non-elite,1311,2627,3958,5355,6857,8456,10293,12001,1316,1331,1397,1502,1599,1837,1708
35709,"Hull, Natasha",non-elite,1519,3015,4503,6007,7500,9037,10635,12227,1496,1488,1504,1493,1537,1598,1592
35710,"Lee, Don J.",non-elite,1416,2828,4235,5673,7108,8630,10265,12079,1412,1407,1438,1435,1522,1635,1814
35711,"Hall, Ashley B",non-elite,1425,2879,4334,5836,7340,8926,10605,12202,1454,1455,1502,1504,1586,1679,1597
35712,"Tatetsu, Hiro",non-elite,1307,2622,3987,5425,6973,8653,10400,12104,1315,1365,1438,1548,1680,1747,1704
35713,"Hahn, Mimi",non-elite,1549,3076,4584,6103,7596,9139,10687,12205,1527,1508,1519,1493,1543,1548,1518
35714,"Thrasher, Richard C",non-elite,1456,2921,4403,5911,7473,9041,10609,12172,1465,1482,1508,1562,1568,1568,1563
35715,"Williams, Angie M.",non-elite,1417,2878,4364,5890,7431,9005,10626,12185,1461,1486,1526,1541,1574,1621,1559
35716,"Slater, Robert T",non-elite,1241,2482,3746,5059,6547,8067,10031,11882,1241,1264,1313,1488,1520,1964,1851
35717,"Holmes, Leah E.",non-elite,1509,3028,4459,5921,7388,8991,10603,12208,1519,1431,1462,1467,1603,1612,1605
35718,"Robledo, Jaime Elias",non-elite,1310,2618,3925,5274,6660,8168,10094,12054,1308,1307,1349,1386,1508,1926,1960
35719,"Vähä-Sipilä, Antti",non-elite,1358,2741,4127,5564,7025,8600,10284,12050,1383,1386,1437,1461,1575,1684,1766
35720,"Lowder, Andrea",non-elite,1415,2873,4342,5848,7373,8974,10608,12204,1458,1469,1506,1525,1601,1634,1596
35721,"Brownlee, Keith A",non-elite,1403,2830,4275,5775,7243,8790,10509,12230,1427,1445,1500,1468,1547,1719,1721
35722,"Arias C, Rodrigo A. Sr.",non-elite,1345,2707,4088,5532,7013,8609,10348,12114,1362,1381,1444,1481,1596,1739,1766
35723,"Larsen, Junia",non-elite,1458,2921,4391,5900,7420,8999,10599,12192,1463,1470,1509,1520,1579,1600,1593
35724,"Runnels, Daniel A.",non-elite,1344,2708,4053,5502,6989,8584,10253,12078,1364,1345,1449,1487,1595,1669,1825
35725,"Lipski, Scott A.",non-elite,1255,2521,4011,5565,7069,8733,10433,12140,1266,1490,1554,1504,1664,1700,1707
35726,"Webb, Angelica",non-elite,1514,3047,4561,6082,7602,9148,10703,12210,1533,1514,1521,1520,1546,1555,1507
35727,"Courtney, Bill",non-elite,1500,2995,4463,5924,7436,8957,10536,12210,1495,1468,1461,1512,1521,1579,1674
35728,"Wright, Kandis L.",non-elite,1408,2845,4296,5758,7221,8742,10390,12120,1437,1451,1462,1463,1521,1648,1730
35729,"Knehler, George E.",non-elite,1275,2517,3789,5166,6658,8379,10255,12072,1242,1272,1377,1492,1721,1876,1817
35730,"Rosquete, Daniel",non-elite,1615,3091,4529,6050,7578,9079,10609,12164,1476,1438,1521,1528,1501,1530,1555
35731,"Davalos, Bernardo",non-elite,1421,2863,4306,5781,7249,8810,10436,12114,1442,1443,1475,1468,1561,1626,1678
35732,"Feda, Jessica",non-elite,1503,2994,4508,6016,7475,9013,10606,12190,1491,1514,1508,1459,1538,1593,1584
35733,"Sperazza, Chuck",non-elite,1430,2811,4236,5750,7238,8867,10551,12187,1381,1425,1514,1488,1629,1684,1636
35734,"Chioma, David Sr.",non-elite,1377,2783,4180,5586,7024,8586,10273,11974,1406,1397,1406,1438,1562,1687,1701
35735,"Knowler, Delsin",non-elite,1469,2938,4388,5860,7340,8943,10548,12129,1469,1450,1472,1480,1603,1605,1581
35736,"Roos, Olov L. Sr.",non-elite,1465,2921,4389,5903,7391,8950,10536,12153,1456,1468,1514,1488,1559,1586,1617
35737,"Mathews, Becca",non-elite,1493,2988,4488,6003,7514,9078,10684,12213,1495,1500,1515,1511,1564,1606,1529
35738,"Hannaford, Julie P.",non-elite,1462,2935,4421,5931,7423,8971,10568,12147,1473,1486,1510,1492,1548,1597,1579
35739,"Belchetz, Lance",non-elite,1428,2885,4342,5820,7313,8887,10531,12151,1457,1457,1478,1493,1574,1644,1620
35740,"Shih, Changming",non-elite,1465,2919,4380,5865,7356,8900,10577,12146,1454,1461,1485,1491,1544,1677,1569
35741,"Diaz, Robert",non-elite,1297,2583,3866,5248,6673,8167,10085,12005,1286,1283,1382,1425,1494,1918,1920
35742,"Boston, Oliver L",non-elite,1340,2742,4170,5695,7212,8786,10400,12122,1402,1428,1525,1517,1574,1614,1722
35743,"Benjamin, Christopher",non-elite,1432,2884,4343,5919,7453,9076,10691,12231,1452,1459,1576,1534,1623,1615,1540
35744,"Lu, Michael Y",non-elite,1461,2914,4400,5911,7427,9000,10619,12210,1453,1486,1511,1516,1573,1619,1591
35745,"Kemp, Lora J",non-elite,1505,3024,4546,6087,7634,9219,10794,12262,1519,1522,1541,1547,1585,1575,1468
35746,"Loignon, Katie",non-elite,1459,2925,4412,5926,7432,8978,10563,12163,1466,1487,1514,1506,1546,1585,1600
35747,"Hayward, Laura E",non-elite,1457,2955,4438,5954,7453,9013,10615,12194,1498,1483,1516,1499,1560,1602,1579
35748,"Hardy, Kelsey M.",non-elite,1445,2930,4449,5999,7559,9111,10699,12233,1485,1519,1550,1560,1552,1588,1534
35749,"Arreola, Tony",non-elite,1271,2512,3762,5096,6542,8167,10090,12008,1241,1250,1334,1446,1625,1923,1918
35750,"Harbert, Tony",non-elite,1304,2620,3999,5438,6954,8603,10310,12083,1316,1379,1439,1516,1649,1707,1773
35751,"Czepiel, Lisa",non-elite,1519,3030,4548,6075,7571,9113,10681,12211,1511,1518,1527,1496,1542,1568,1530
35752,"Vegas, Julia",non-elite,1335,2661,3987,5401,6891,8625,10389,12163,1326,1326,1414,1490,1734,1764,1774
35753,"Orozco Waters, Alfonso",non-elite,1351,2688,4066,5492,6940,8481,10120,12026,1337,1378,1426,1448,1541,1639,1906
35754,"White, Richard",non-elite,1314,2648,4010,5410,6844,8454,10355,12136,1334,1362,1400,1434,1610,1901,1781
35755,"Pethick, Wendy",non-elite,1487,2888,4330,5817,7394,8952,10588,12186,1401,1442,1487,1577,1558,1636,1598
35756,"Peelish, Natalie",non-elite,1529,3076,4575,6011,7457,8944,10537,12158,1547,1499,1436,1446,1487,1593,1621
35757,"Walden, Katie E.",non-elite,1506,2992,4479,5994,7497,9050,10633,12188,1486,1487,1515,1503,1553,1583,1555
35758,"Strickler, Mary Beth",non-elite,1301,2599,4032,5549,7097,8709,10449,12113,1298,1433,1517,1548,1612,1740,1664
35759,"Steward, Patrick J",non-elite,1438,2881,4350,5833,7320,8888,10513,12150,1443,1469,1483,1487,1568,1625,1637
35760,"Hanlon, Tessa R",non-elite,1373,2743,4099,5457,6835,8324,10075,12009,1370,1356,1358,1378,1489,1751,1934
35761,"Hayes, Margaret",non-elite,1454,2937,4426,5948,7483,9075,10693,12239,1483,1489,1522,1535,1592,1618,1546
35762,"Dlugolecki, Melissa S.",non-elite,1527,3044,4548,6056,7588,9138,10724,12260,1517,1504,1508,1532,1550,1586,1536
35763,"Bombach, Celine",non-elite,1432,2884,4359,5885,7419,9020,10654,12227,1452,1475,1526,1534,1601,1634,1573
35764,"Earl, Jason",non-elite,1322,2649,3991,5534,7195,8889,10629,12227,1327,1342,1543,1661,1694,1740,1598
35765,"Boutwell, John",non-elite,1481,2959,4423,5886,7339,8835,10403,12124,1478,1464,1463,1453,1496,1568,1721
35766,"Pratt, Robert A",non-elite,1528,3037,4537,6066,7556,9067,10644,12213,1509,1500,1529,1490,1511,1577,1569
35767,"Davis, Becky M",non-elite,1452,2907,4381,5881,7392,8962,10577,12183,1455,1474,1500,1511,1570,1615,1606
35769,"Hrabos, Patrick",non-elite,1225,2458,3747,5137,6702,8536,10428,12222,1233,1289,1390,1565,1834,1892,1794
35770,"Coyne, Curtis",non-elite,1398,2786,4182,5647,7146,8719,10337,12010,1388,1396,1465,1499,1573,1618,1673
35771,"Johnson, Samantha",non-elite,1415,2840,4319,5846,7390,9033,10669,12195,1425,1479,1527,1544,1643,1636,1526
35772,"Canavan, Lucy",non-elite,1439,2878,4307,5840,7344,8913,10516,12162,1439,1429,1533,1504,1569,1603,1646
35773,"Noppert, Justin",non-elite,1256,2514,3799,5123,6541,8329,10427,12181,1258,1285,1324,1418,1788,2098,1754
35774,"Murray, Jennifer",non-elite,1501,3011,4555,6083,7613,9138,10677,12225,1510,1544,1528,1530,1525,1539,1548
35775,"Kiepert, Karen E.",non-elite,1417,2877,4383,5893,7457,9048,10699,12247,1460,1506,1510,1564,1591,1651,1548
35776,"Hickey, Derrick G",non-elite,1260,2560,3933,5353,6825,8491,10233,12119,1300,1373,1420,1472,1666,1742,1886
35777,"Weintraub, Daniel M",non-elite,1257,2526,3849,5432,6985,8682,10421,12121,1269,1323,1583,1553,1697,1739,1700
35778,"Reynolds, Jared M",non-elite,1226,2484,3754,5566,7301,9061,10797,12335,1258,1270,1812,1735,1760,1736,1538
35779,"Yoblonski, Aurelia",non-elite,1514,2971,4442,5936,7433,8984,10603,12206,1457,1471,1494,1497,1551,1619,1603
35780,"Parker, Anna K.",non-elite,1431,2879,4299,5758,7272,8857,10496,12178,1448,1420,1459,1514,1585,1639,1682
35781,"Jensen, Anne",non-elite,1448,2898,4377,5887,7394,8983,10619,12204,1450,1479,1510,1507,1589,1636,1585
35782,"Goineau, Veronique",non-elite,1452,2919,4400,5903,7404,8962,10575,12179,1467,1481,1503,1501,1558,1613,1604
35783,"Childs, David F.",non-elite,1495,2934,4374,5844,7332,8892,10554,12180,1439,1440,1470,1488,1560,1662,1626
35784,"Albert, Dan",non-elite,1387,2807,4211,5643,7084,8627,10249,12031,1420,1404,1432,1441,1543,1622,1782
35785,"Dalton, Paulette J",non-elite,1396,2805,4238,5787,7341,8989,10646,12217,1409,1433,1549,1554,1648,1657,1571
35786,"Busby, Ryan",non-elite,1265,2527,3833,5313,6837,8522,10318,12099,1262,1306,1480,1524,1685,1796,1781
35787,"Colina, Noel",non-elite,1490,2989,4485,5983,7473,8987,10606,12218,1499,1496,1498,1490,1514,1619,1612
35788,"Tadashi, Watanabe",non-elite,1403,2796,4172,5574,7016,8569,10282,12059,1393,1376,1402,1442,1553,1713,1777
35789,"Garcia, Gilberto",non-elite,1299,2610,3954,5336,6826,8549,10275,12124,1311,1344,1382,1490,1723,1726,1849
35790,"Vaughn, Ellen M",non-elite,1425,2861,4329,5838,7356,8952,10592,12195,1436,1468,1509,1518,1596,1640,1603
35791,"Dallas, Alan",non-elite,1416,2835,4275,5771,7287,8890,10541,12167,1419,1440,1496,1516,1603,1651,1626
35792,"Flewelling, Megan",non-elite,1422,2842,4261,5771,7305,8907,10536,12170,1420,1419,1510,1534,1602,1629,1634
35793,"Moynihan, Jon",non-elite,1364,2682,4005,5444,6984,8682,10415,12124,1318,1323,1439,1540,1698,1733,1709
35794,"Flynn, Jessica",non-elite,1382,2792,4250,5761,7321,8927,10572,12192,1410,1458,1511,1560,1606,1645,1620
35795,"Fleming, Margot B.",non-elite,1440,2843,4252,5817,7262,8879,10548,12165,1403,1409,1565,1445,1617,1669,1617
35796,"Holovnia, Paul",non-elite,1455,2900,4343,5874,7377,8984,10609,12229,1445,1443,1531,1503,1607,1625,1620
35797,"Schweers, Julie",non-elite,1459,2858,4256,5705,7168,8727,10546,12215,1399,1398,1449,1463,1559,1819,1669
35798,"Minelli, Stacy",non-elite,1483,2970,4468,5974,7464,9026,10585,12217,1487,1498,1506,1490,1562,1559,1632
35799,"Webb, Bruce",non-elite,1503,3013,4511,6034,7557,9102,10678,12201,1510,1498,1523,1523,1545,1576,1523
35800,"Suzuki, Rita",non-elite,1442,2901,4408,5900,7478,9064,10709,12235,1459,1507,1492,1578,1586,1645,1526
35801,"Meador, Aubrey",non-elite,1527,3022,4527,6021,7507,9002,10553,12206,1495,1505,1494,1486,1495,1551,1653
35802,"Watson, Janelle",non-elite,1371,2757,4177,5597,7050,8626,10318,12094,1386,1420,1420,1453,1576,1692,1776
35803,"Mathison, Holly",non-elite,1472,2953,4430,5959,7428,8968,10590,12170,1481,1477,1529,1469,1540,1622,1580
35804,"Pierce, Lisa",non-elite,1483,2959,4466,6036,7544,9099,10685,12232,1476,1507,1570,1508,1555,1586,1547
35805,"Chapman, Devin",non-elite,1694,3148,4584,6045,7526,9051,10625,12203,1454,1436,1461,1481,1525,1574,1578
35806,"Hall, Meribeth L.",non-elite,1546,3040,4529,6027,7509,9040,10613,12188,1494,1489,1498,1482,1531,1573,1575
35807,"Carr, Laton P.",non-elite,1456,2941,4440,5963,7476,9004,10599,12194,1485,1499,1523,1513,1528,1595,1595
35808,"Hoffman, Michael D",non-elite,1193,2411,3680,4952,6165,7995,10360,12306,1218,1269,1272,1213,1830,2365,1946
35809,"Cattano, Kelly",non-elite,1385,2766,4141,5543,6979,8522,10210,12024,1381,1375,1402,1436,1543,1688,1814
35810,"Amherst, Lindsay M",non-elite,1311,2658,4078,5674,7315,8883,10615,12173,1347,1420,1596,1641,1568,1732,1558
35811,"Hill, Jennifer",non-elite,1487,2970,4458,5960,7465,9058,10670,12225,1483,1488,1502,1505,1593,1612,1555
35812,"Bennett, Robert",non-elite,1350,2695,4070,5484,6951,8559,10236,12107,1345,1375,1414,1467,1608,1677,1871
35813,"Buczkowski, David L",non-elite,1446,2911,4354,5805,7316,8864,10498,12197,1465,1443,1451,1511,1548,1634,1699
35814,"Cimino, Michele",non-elite,1508,3019,4508,6017,7542,9099,10654,12199,1511,1489,1509,1525,1557,1555,1545
35815,"Suggars, Jennifer",non-elite,1448,2885,4307,5768,7269,8845,10520,12130,1437,1422,1461,1501,1576,1675,1610
35816,"Lucksinger, Jennie",non-elite,1541,3057,4565,6091,7600,9125,10701,12220,1516,1508,1526,1509,1525,1576,1519
35817,"Sinibaldi, Stuardo",non-elite,1347,2739,4144,5618,7113,8770,10519,12163,1392,1405,1474,1495,1657,1749,1644
35818,"Scott, Jackie",non-elite,1439,2884,4360,5894,7417,9007,10621,12183,1445,1476,1534,1523,1590,1614,1562
35819,"Bailey, Bryna L",non-elite,1312,2739,4213,5715,7223,8827,10498,12185,1427,1474,1502,1508,1604,1671,1687
35820,"Langan, John E.",non-elite,1388,2794,4223,5680,7186,8856,10556,12219,1406,1429,1457,1506,1670,1700,1663
35821,"Hurta, Melissa",non-elite,1425,2873,4352,5873,7410,8989,10602,12206,1448,1479,1521,1537,1579,1613,1604
35822,"Garcia, Alana G.",non-elite,1312,2641,4010,5461,6902,8509,10362,12204,1329,1369,1451,1441,1607,1853,1842
35823,"Voehringer, Brad",non-elite,1518,2979,4469,5994,7517,9074,10679,12213,1461,1490,1525,1523,1557,1605,1534
35824,"Driscoll, Kate",non-elite,1445,2906,4396,5890,7378,8923,10565,12176,1461,1490,1494,1488,1545,1642,1611
35825,"Anger, Christopher",non-elite,1393,2814,4261,5734,7214,8786,10460,12126,1421,1447,1473,1480,1572,1674,1666
35826,"Grindberg, Caitlin A.",non-elite,1417,2821,4253,5714,7189,8775,10486,12156,1404,1432,1461,1475,1586,1711,1670
35827,"Edwards, Jennie E",non-elite,1415,2864,4310,5789,7269,8843,10494,12160,1449,1446,1479,1480,1574,1651,1666
35828,"Lefebvre, Julie L",non-elite,1431,2885,4341,5914,7420,9029,10680,12231,1454,1456,1573,1506,1609,1651,1551
35829,"Lammers-Pottage, Andrea M",non-elite,1417,2832,4284,5806,7335,8983,10596,12235,1415,1452,1522,1529,1648,1613,1639
35830,"Perez, Gerardo",non-elite,1407,2803,4225,5661,7121,8710,10483,12143,1396,1422,1436,1460,1589,1773,1660
35831,"Roskey, Sean T",non-elite,1306,2626,3975,5344,6719,8299,10074,12021,1320,1349,1369,1375,1580,1775,1947
35832,"Moyo, Arturo H",non-elite,1248,2532,3913,5414,7035,8716,10433,12162,1284,1381,1501,1621,1681,1717,1729
35833,"Baugh, Kevin F",non-elite,1333,2706,4100,5549,7023,8579,10366,12146,1373,1394,1449,1474,1556,1787,1780
35834,"Mihoc, Janelle A",non-elite,1521,3033,4550,6071,7585,9135,10714,12255,1512,1517,1521,1514,1550,1579,1541
35835,"Gerbehy, Lynne A",non-elite,1424,2848,4295,5781,7272,8869,10540,12158,1424,1447,1486,1491,1597,1671,1618
35836,"Jin, Xiaoming",non-elite,1305,2650,3997,5507,6992,8638,10393,12107,1345,1347,1510,1485,1646,1755,1714
35837,"Naruse, Yoshitaka",non-elite,1286,2577,3907,5303,6778,8460,10213,12094,1291,1330,1396,1475,1682,1753,1881
35838,"Leitz, Karl",non-elite,1426,2884,4371,5882,7412,9019,10614,12222,1458,1487,1511,1530,1607,1595,1608
35839,"Delucia, Christopher W.",non-elite,1288,2589,3931,5343,6867,8505,10316,12076,1301,1342,1412,1524,1638,1811,1760
35840,"Dolliazal, Mohamed",non-elite,1404,2838,4304,5786,7286,8894,10550,12185,1434,1466,1482,1500,1608,1656,1635
35841,"Gutierrez, Larry",non-elite,1475,2931,4411,5885,7364,8871,10487,12099,1456,1480,1474,1479,1507,1616,1612
35842,"Ryan, Heather",non-elite,1440,2901,4358,5831,7303,8873,10513,12143,1461,1457,1473,1472,1570,1640,1630
35843,"Elkins, Laurie J",non-elite,1552,3086,4585,6095,7604,9144,10723,12251,1534,1499,1510,1509,1540,1579,1528
35844,"Hinojosa, Diana",non-elite,1439,2889,4367,5882,7381,8937,10570,12197,1450,1478,1515,1499,1556,1633,1627
35845,"Slate, Felicia A.",non-elite,1448,2893,4332,5761,7186,8680,10317,12149,1445,1439,1429,1425,1494,1637,1832
35846,"Wittmer, Randy",non-elite,1496,2965,4441,5952,7455,9014,10658,12201,1469,1476,1511,1503,1559,1644,1543
35847,"Haynes Junior, Allan Sr.",non-elite,1348,2724,4102,5519,6953,8429,9988,11742,1376,1378,1417,1434,1476,1559,1754
35848,"Cracroft, Clementina E.",non-elite,1485,2955,4443,5937,7479,9032,10643,12225,1470,1488,1494,1542,1553,1611,1582
35849,"Schmidt, Gina",non-elite,1442,2884,4330,5817,7335,8937,10570,12177,1442,1446,1487,1518,1602,1633,1607
35850,"Pedersen, Benjamin",non-elite,1323,2674,4132,5663,7228,8907,10587,12238,1351,1458,1531,1565,1679,1680,1651
35851,"Martinez, Jeff S",non-elite,1327,2646,3948,5287,6653,8324,10280,12123,1319,1302,1339,1366,1671,1956,1843
35852,"Petter, Abby B.",non-elite,1449,2858,4276,5738,7264,8883,10573,12191,1409,1418,1462,1526,1619,1690,1618
35853,"Goldstein, Stephen",non-elite,1403,2819,4251,5686,7185,8793,10473,12170,1416,1432,1435,1499,1608,1680,1697
35854,"Frey, Kristoffer",non-elite,1121,2247,3411,4934,6398,7906,9756,12159,1126,1164,1523,1464,1508,1850,2403
35855,"Coffin, Carolyn C",non-elite,1399,2767,4167,5648,7154,8793,10520,12194,1368,1400,1481,1506,1639,1727,1674
35856,"Walker, Leo",non-elite,1278,2553,3860,5134,6458,7962,10100,12082,1275,1307,1274,1324,1504,2138,1982
35857,"Koopmans, Linnea",non-elite,1388,2770,4188,5654,7154,8755,10461,12168,1382,1418,1466,1500,1601,1706,1707
35858,"Caraciolo, Leonides",non-elite,1505,3000,4482,5981,7508,9068,10633,12221,1495,1482,1499,1527,1560,1565,1588
35859,"Pedersen, Kristen",non-elite,1323,2675,4132,5663,7229,8908,10588,12239,1352,1457,1531,1566,1679,1680,1651
35860,"Zajac, Paul",non-elite,1363,2742,4130,5570,6986,8557,10198,12045,1379,1388,1440,1416,1571,1641,1847
35861,"Strehlow, Annamarie",non-elite,1353,2755,4249,5790,7284,8863,10537,12188,1402,1494,1541,1494,1579,1674,1651
35862,"Wagner, Trevor K",non-elite,1385,2782,4193,5622,7054,8525,10117,12052,1397,1411,1429,1432,1471,1592,1935
35863,"Tristine, Lindsay C",non-elite,1443,2882,4343,5829,7324,8908,10573,12189,1439,1461,1486,1495,1584,1665,1616
35864,"Hamel, Dawn L",non-elite,1414,2850,4325,5854,7383,8993,10636,12197,1436,1475,1529,1529,1610,1643,1561
35865,"Cooper, Peter C.",non-elite,1417,2869,4398,5909,7416,8979,10599,12217,1452,1529,1511,1507,1563,1620,1618
35866,"Bartkiewicz, Pete",non-elite,1397,2779,4155,5546,6940,8419,9970,11890,1382,1376,1391,1394,1479,1551,1920
35867,"Brinkruff, Claudia",non-elite,1452,2923,4397,5896,7416,8929,10539,12176,1471,1474,1499,1520,1513,1610,1637
35868,"Lambert, Gilles",non-elite,1422,2909,4408,5951,7471,9044,10642,12199,1487,1499,1543,1520,1573,1598,1557
35869,"Casill, Bill",non-elite,1466,2934,4413,5897,7389,8974,10599,12170,1468,1479,1484,1492,1585,1625,1571
35870,"Cvengros, Erin",non-elite,1348,2713,4152,5630,7121,8758,10539,12214,1365,1439,1478,1491,1637,1781,1675
35871,"Perrone, Frank S.",non-elite,1408,2744,4133,5542,6952,8406,10069,12141,1336,1389,1409,1410,1454,1663,2072
35872,"Donovan, Dan",non-elite,1490,2952,4431,5912,7385,8919,10495,12151,1462,1479,1481,1473,1534,1576,1656
35873,"Vickers, Jason A",non-elite,1460,2940,4403,5903,7384,8942,10560,12203,1480,1463,1500,1481,1558,1618,1643
35874,"Stone, Richard",non-elite,1374,2772,4238,5713,7267,8854,10547,12204,1398,1466,1475,1554,1587,1693,1657
35875,"Gordon, Michael A",non-elite,1368,2743,4122,5512,6925,8378,10082,12080,1375,1379,1390,1413,1453,1704,1998
35876,"Connelly, Paul",non-elite,1404,2820,4258,5730,7231,8879,10505,12184,1416,1438,1472,1501,1648,1626,1679
35877,"Courson, Michael",non-elite,1454,2930,4389,5878,7365,8933,10541,12148,1476,1459,1489,1487,1568,1608,1607
35878,"Akpojaro, Princeton E",non-elite,1412,2844,4282,5768,7262,8829,10458,12141,1432,1438,1486,1494,1567,1629,1683
35879,"Shi, Xiaolu",non-elite,1418,2851,4305,5799,7291,8904,10647,12258,1433,1454,1494,1492,1613,1743,1611
35880,"Vizcarrondo Dugarte, Marisela",non-elite,1492,2957,4442,5962,7493,9050,10653,12215,1465,1485,1520,1531,1557,1603,1562
35881,"Vargas, Oscar M. Sr.",non-elite,1305,2658,4014,5436,6894,8479,10194,12070,1353,1356,1422,1458,1585,1715,1876
35882,"Rothwell, George S",non-elite,1460,2919,4402,5915,7437,9023,10642,12228,1459,1483,1513,1522,1586,1619,1586
35883,"Nitz, Carrie",non-elite,1470,2944,4440,5948,7488,9005,10600,12229,1474,1496,1508,1540,1517,1595,1629
35884,"Reynaldo, Rene P",non-elite,1461,2948,4421,5930,7437,8943,10492,12095,1487,1473,1509,1507,1506,1549,1603
35885,"Whitehead, Collin",non-elite,1308,2655,4072,5577,7234,9047,10619,12250,1347,1417,1505,1657,1813,1572,1631
35886,"Brown, Tim",non-elite,1376,2789,4237,5740,7259,8918,10624,12209,1413,1448,1503,1519,1659,1706,1585
35887,"Andersson, Conny",non-elite,1418,2891,4394,5906,7393,8956,10521,12171,1473,1503,1512,1487,1563,1565,1650
35888,"Sukstorf, Simon",non-elite,1409,2831,4261,5731,7219,8759,10419,12115,1422,1430,1470,1488,1540,1660,1696
35889,"Crimmins, Elizabeth",non-elite,1546,3078,4614,6147,7682,9268,10826,12311,1532,1536,1533,1535,1586,1558,1485
35890,"Burtis, Charles R.",non-elite,1323,2674,4076,5596,7102,8674,10310,12026,1351,1402,1520,1506,1572,1636,1716
35891,"Castillo-Rodriguez, Susana",non-elite,1450,2898,4367,5887,7409,8987,10600,12201,1448,1469,1520,1522,1578,1613,1601
35892,"Gibson, Andrea",non-elite,1391,2804,4281,5818,7344,8945,10566,12217,1413,1477,1537,1526,1601,1621,1651
35893,"Young, Riley",non-elite,1203,2428,3727,5215,6750,8598,10559,12226,1225,1299,1488,1535,1848,1961,1667
35894,"Mann, Chris",non-elite,1556,3059,4534,5999,7502,9050,10642,12222,1503,1475,1465,1503,1548,1592,1580
35895,"Kuker, Kasey N",non-elite,1503,2994,4508,6019,7543,9112,10700,12245,1491,1514,1511,1524,1569,1588,1545
35896,"Hallinan, Julie L.",non-elite,1428,2887,4364,5885,7377,8927,10560,12227,1459,1477,1521,1492,1550,1633,1667
35897,"Jukkala, Colae A",non-elite,1458,2901,4352,5853,7345,8905,10526,12154,1443,1451,1501,1492,1560,1621,1628
35898,"Scerbo, Nick",non-elite,1178,2364,3668,5073,6648,8320,10187,12116,1186,1304,1405,1575,1672,1867,1929
35899,"Baker, Sheri",non-elite,1437,2895,4415,5981,7542,9146,10729,12247,1458,1520,1566,1561,1604,1583,1518
35900,"Ping, Wu",non-elite,1230,2498,3876,5352,6900,8562,10355,12187,1268,1378,1476,1548,1662,1793,1832
35901,"Essick, Connor J.",non-elite,1272,2541,3814,5099,6425,8054,9683,11994,1269,1273,1285,1326,1629,1629,2311
35902,"Faught, Jody",non-elite,1599,3188,4774,6354,7874,9395,10907,12320,1589,1586,1580,1520,1521,1512,1413
35903,"Kramer, Mark F.",non-elite,1434,2888,4387,5923,7437,8984,10575,12181,1454,1499,1536,1514,1547,1591,1606
35904,"Schindler, Glen J",non-elite,1332,2664,4081,5515,7038,8662,10404,12148,1332,1417,1434,1523,1624,1742,1744
35905,"Chavez, Ernest C.",non-elite,1336,2710,4144,5663,7166,8698,10359,12152,1374,1434,1519,1503,1532,1661,1793
35906,"Gattas, Agustin",non-elite,1450,2926,4422,5931,7448,9004,10601,12196,1476,1496,1509,1517,1556,1597,1595
35907,"Stretavsky, Radovan",non-elite,1279,2544,3830,5168,6571,8091,9829,12105,1265,1286,1338,1403,1520,1738,2276
35908,"Johnson, Melissa J.",non-elite,1513,3011,4521,6070,7589,9150,10719,12247,1498,1510,1549,1519,1561,1569,1528
35909,"Idol, Bob",non-elite,1543,3053,4564,6089,7567,9102,10650,12218,1510,1511,1525,1478,1535,1548,1568
35910,"Johnson, Betsy C",non-elite,1480,2945,4392,5861,7345,8910,10533,12171,1465,1447,1469,1484,1565,1623,1638
35911,"Abendroth, Randall L.",non-elite,1422,2869,4354,5852,7339,8904,10572,12202,1447,1485,1498,1487,1565,1668,1630
35912,"Eckert, Rachel D.",non-elite,1386,2802,4273,5795,7332,8929,10579,12211,1416,1471,1522,1537,1597,1650,1632
35913,"Miller, Elizabeth C.",non-elite,1508,3071,4574,6102,7626,9213,10754,12260,1563,1503,1528,1524,1587,1541,1506
35914,"McNatt, Terrance",non-elite,1427,2806,4199,5633,7133,8725,10392,12128,1379,1393,1434,1500,1592,1667,1736
35915,"Halls, Craig S.",non-elite,1426,2852,4339,5790,7228,8722,10292,12075,1426,1487,1451,1438,1494,1570,1783
35916,"Brady, Michelle",non-elite,1473,2982,4488,6004,7503,9055,10658,12230,1509,1506,1516,1499,1552,1603,1572
35917,"Purtell, James L.",non-elite,1414,2816,4216,5658,7115,8678,10307,12102,1402,1400,1442,1457,1563,1629,1795
35918,"Barry-Benedik, Stephanie A",non-elite,1452,2934,4430,5944,7464,9034,10663,12238,1482,1496,1514,1520,1570,1629,1575
35919,"Mcgowan, Tom",non-elite,1482,2968,4436,5917,7404,8962,10575,12182,1486,1468,1481,1487,1558,1613,1607
35920,"Turnidge, Martin L",non-elite,1424,2830,4215,5644,7079,8577,10155,12052,1406,1385,1429,1435,1498,1578,1897
35921,"Vera Rodriguez De San Miguel, Jesus Sr.",non-elite,1399,2813,4220,5654,7111,8631,10401,12106,1414,1407,1434,1457,1520,1770,1705
35922,"Kerler, Miriam",non-elite,1481,2946,4415,5893,7398,8974,10605,12222,1465,1469,1478,1505,1576,1631,1617
35923,"Sidari, Alexis",non-elite,1471,2958,4454,5961,7447,8981,10616,12211,1487,1496,1507,1486,1534,1635,1595
35924,"Owens, Annie",non-elite,1360,2739,4175,5720,7313,9007,10672,12262,1379,1436,1545,1593,1694,1665,1590
35925,"Lofgren, Bob",non-elite,1434,2849,4258,5684,7099,8622,10300,12043,1415,1409,1426,1415,1523,1678,1743
35926,"Pellerin, Annie",non-elite,1455,2900,4361,5864,7337,8900,10516,12167,1445,1461,1503,1473,1563,1616,1651
35927,"Zaferos, Audrey",non-elite,1407,2858,4351,5884,7411,9043,10663,12264,1451,1493,1533,1527,1632,1620,1601
35928,"Smith, Ruth",non-elite,1420,2823,4274,5745,7243,8846,10480,12214,1403,1451,1471,1498,1603,1634,1734
35929,"Van De Gehuchte, Marnix",non-elite,1601,3075,4582,6098,7585,9127,10722,12247,1474,1507,1516,1487,1542,1595,1525
35930,"Landers, Daniel",non-elite,1588,3124,4681,6230,7756,9289,10819,12256,1536,1557,1549,1526,1533,1530,1437
35931,"Lacy, Jill",non-elite,1540,3051,4629,6104,7558,9073,10621,12175,1511,1578,1475,1454,1515,1548,1554
35932,"Kenny, Aine B.",non-elite,1493,2993,4491,5997,7503,9074,10672,12235,1500,1498,1506,1506,1571,1598,1563
35933,"Sabouni, Nica N",non-elite,1442,2926,4402,5884,7362,8894,10446,11962,1484,1476,1482,1478,1532,1552,1516
35934,"Ches, Kathryn",non-elite,1449,2842,4243,5670,7145,8783,10494,12173,1393,1401,1427,1475,1638,1711,1679
35935,"Mueller, Joelle",non-elite,1401,2896,4415,5954,7485,9068,10680,12244,1495,1519,1539,1531,1583,1612,1564
35936,"Viano, Mike J",non-elite,1430,2878,4342,5826,7330,8913,10582,12229,1448,1464,1484,1504,1583,1669,1647
35937,"Ruland, Leigh O.",non-elite,1373,2733,4113,5700,7255,8999,10641,12222,1360,1380,1587,1555,1744,1642,1581
35938,"Hamill, Fletcher",non-elite,1356,2763,4208,5701,7239,8884,10559,12204,1407,1445,1493,1538,1645,1675,1645
35939,"Ruzicka, Adrienne K",non-elite,1468,2955,4447,5978,7505,9055,10623,12221,1487,1492,1531,1527,1550,1568,1598
35940,"Felzien, Samantha",non-elite,1267,2587,3935,5352,7060,9133,10678,12261,1320,1348,1417,1708,2073,1545,1583
35941,"Huang, Chun-Cheng",non-elite,1318,2666,4048,5483,6965,8580,10305,12093,1348,1382,1435,1482,1615,1725,1788
35942,"Maciewicz, Morgan E",non-elite,1414,2849,4283,5772,7287,8872,10532,12216,1435,1434,1489,1515,1585,1660,1684
35943,"Hill, Jonathan",non-elite,1341,2692,4052,5479,6910,8464,10197,12037,1351,1360,1427,1431,1554,1733,1840
35944,"Lewis, Sheyenne",non-elite,1502,2984,4470,5969,7478,9104,10744,12289,1482,1486,1499,1509,1626,1640,1545
35945,"Duepner, Vicki",non-elite,1479,2950,4472,6025,7563,9130,10742,12271,1471,1522,1553,1538,1567,1612,1529
35946,"Dubay, David",non-elite,1414,2834,4263,5690,7165,8653,10327,12125,1420,1429,1427,1475,1488,1674,1798
35947,"Nielsen, Henrik Buur",non-elite,1309,2634,4013,5404,6913,8603,10418,12179,1325,1379,1391,1509,1690,1815,1761
35948,"Wadlington, Josh",non-elite,1289,2549,3843,5350,6960,8701,10532,12207,1260,1294,1507,1610,1741,1831,1675
35949,"Payne, Jill K",non-elite,1460,2929,4420,5921,7396,8919,10508,12215,1469,1491,1501,1475,1523,1589,1707
35950,"Caggiano, Jessica C",non-elite,1449,2897,4385,5902,7399,8963,10610,12221,1448,1488,1517,1497,1564,1647,1611
35951,"Colwell, Sarah A",non-elite,1481,2942,4428,5934,7447,9001,10626,12239,1461,1486,1506,1513,1554,1625,1613
35952,"Sannia, Riccardo",non-elite,1262,2582,3941,5367,6838,8495,10279,12107,1320,1359,1426,1471,1657,1784,1828
35953,"Gayer, Harvey L.",non-elite,1255,2511,3778,5092,6469,8065,9899,11999,1256,1267,1314,1377,1596,1834,2100
35954,"Sennett, Amy",non-elite,1381,2805,4238,5696,7201,8753,10375,12066,1424,1433,1458,1505,1552,1622,1691
35955,"O'Brien, Jamie",non-elite,1385,2796,4242,5764,7292,8870,10544,12223,1411,1446,1522,1528,1578,1674,1679
35956,"Gentile, Michael F",non-elite,1458,2954,4454,5963,7465,9015,10649,12249,1496,1500,1509,1502,1550,1634,1600
35957,"Koh, Daniel A.",non-elite,1382,2827,4293,5796,7329,8945,10585,12199,1445,1466,1503,1533,1616,1640,1614
35958,"Corsi, Timothy M.",non-elite,1583,3013,4391,5832,7297,8880,10555,12206,1430,1378,1441,1465,1583,1675,1651
35959,"Ward, Timothy J",non-elite,1431,2897,4399,5885,7379,8935,10559,12227,1466,1502,1486,1494,1556,1624,1668
35960,"Parke, Kevin",non-elite,1314,2667,4018,5379,6780,8344,10048,12131,1353,1351,1361,1401,1564,1704,2083
35961,"Clarke, Heidi",non-elite,1486,2985,4498,6037,7576,9141,10730,12267,1499,1513,1539,1539,1565,1589,1537
35962,"Trenk, Michael H",non-elite,1366,2751,4148,5580,7001,8475,10262,12175,1385,1397,1432,1421,1474,1787,1913
35963,"Burkett, Jenn",non-elite,1506,3007,4511,6040,7570,9127,10700,12256,1501,1504,1529,1530,1557,1573,1556
35964,"Heathcote, Kaleigh",non-elite,1513,3048,4587,6115,7642,9208,10788,12301,1535,1539,1528,1527,1566,1580,1513
35965,"Hagopian, Mark D.",non-elite,1634,3061,4458,5882,7352,8989,10607,12204,1427,1397,1424,1470,1637,1618,1597
35966,"Walker, Sarah",non-elite,1532,3066,4513,5992,7461,8958,10526,12210,1534,1447,1479,1469,1497,1568,1684
35967,"Guay, Christina L",non-elite,1397,2786,4221,5687,7189,8827,10600,12233,1389,1435,1466,1502,1638,1773,1633
35968,"Carpo, Leica R.",non-elite,1506,3021,4511,6035,7539,9119,10729,12282,1515,1490,1524,1504,1580,1610,1553
35969,"Seale, Christie",non-elite,1519,3051,4574,6095,7596,9153,10726,12259,1532,1523,1521,1501,1557,1573,1533
35970,"Berge-Slack, Jamie L",non-elite,1521,3042,4556,6070,7587,9127,10696,12254,1521,1514,1514,1517,1540,1569,1558
35971,"Sanchez, Carlos M.",non-elite,1347,2699,4063,5482,6998,8572,10322,12132,1352,1364,1419,1516,1574,1750,1810
35972,"Crofton, Mary K.",non-elite,1468,2943,4427,5932,7419,8996,10656,12260,1475,1484,1505,1487,1577,1660,1604
35973,"Viggosson, Palmar",non-elite,1331,2687,4082,5532,7050,8659,10413,12091,1356,1395,1450,1518,1609,1754,1678
35974,"Self, Kristen L",non-elite,1515,2999,4471,5977,7480,9011,10600,12249,1484,1472,1506,1503,1531,1589,1649
35975,"Pschorr, Jamie F",non-elite,1454,2922,4411,5927,7435,8995,10638,12235,1468,1489,1516,1508,1560,1643,1597
35976,"Behrend, Annie M",non-elite,1463,2921,4412,5930,7445,9039,10662,12237,1458,1491,1518,1515,1594,1623,1575
35977,"Brown, Timothy J.",non-elite,1401,2792,4220,5788,7346,8939,10626,12220,1391,1428,1568,1558,1593,1687,1594
35978,"Bludevich, Zoe N.",non-elite,1512,3033,4539,6057,7561,9123,10719,12266,1521,1506,1518,1504,1562,1596,1547
35979,"Taddei, Laura C",non-elite,1460,2922,4397,5883,7371,8927,10542,12167,1462,1475,1486,1488,1556,1615,1625
35980,"Wang, Frank Y",non-elite,1432,2903,4410,5962,7522,9124,10738,12278,1471,1507,1552,1560,1602,1614,1540
35981,"Huttunen, Matti S",non-elite,1405,2846,4302,5796,7323,8926,10582,12227,1441,1456,1494,1527,1603,1656,1645
35982,"Bernosky, Stefanie",non-elite,1427,2871,4319,5822,7354,8973,10624,12237,1444,1448,1503,1532,1619,1651,1613
35983,"Tucker, Melissa",non-elite,1528,3010,4492,5981,7462,9012,10616,12220,1482,1482,1489,1481,1550,1604,1604
35984,"Yunker, Tom",non-elite,1418,2868,4336,5814,7287,8844,10522,12215,1450,1468,1478,1473,1557,1678,1693
35985,"Tocha, Wendy",non-elite,1441,2872,4328,5811,7300,8882,10561,12201,1431,1456,1483,1489,1582,1679,1640
35986,"Brown, Clint",non-elite,1293,2644,4051,5500,7054,8697,10413,12172,1351,1407,1449,1554,1643,1716,1759
35987,"Beyerlein, Douglas",non-elite,1319,2722,4198,5697,7190,8774,10488,12200,1403,1476,1499,1493,1584,1714,1712
35988,"Oberholzer, Jose",non-elite,1415,2865,4328,5823,7332,8985,10664,12265,1450,1463,1495,1509,1653,1679,1601
35989,"Upmann, Kelsi",non-elite,1510,2993,4456,5946,7443,9007,10663,12265,1483,1463,1490,1497,1564,1656,1602
35990,"Lablans, Mirjam",non-elite,1400,2790,4200,5708,7245,8867,10525,12225,1390,1410,1508,1537,1622,1658,1700
35991,"Young, Nicholas A.",non-elite,1360,2737,4129,5555,7004,8565,10252,12101,1377,1392,1426,1449,1561,1687,1849
35992,"Smith, Julie",non-elite,1481,2941,4414,5915,7393,8967,10663,12252,1460,1473,1501,1478,1574,1696,1589
35993,"Reid, Dana",non-elite,1543,3053,4569,6072,7583,9155,10733,12247,1510,1516,1503,1511,1572,1578,1514
35994,"Hobbs, Stephen P",non-elite,1402,2848,4333,5820,7293,8840,10593,12257,1446,1485,1487,1473,1547,1753,1664
35995,"Cox, Robert H.",non-elite,1442,2880,4310,5776,7239,8765,10375,12164,1438,1430,1466,1463,1526,1610,1789
35996,"Allsopp, Verity",non-elite,1451,2910,4435,5975,7503,9073,10667,12231,1459,1525,1540,1528,1570,1594,1564
35997,"Hurt, Jessica",non-elite,1406,2831,4302,5797,7303,8877,10539,12207,1425,1471,1495,1506,1574,1662,1668
35998,"Headwell, Roy J",non-elite,1414,2845,4275,5720,7189,8772,10486,12167,1431,1430,1445,1469,1583,1714,1681
35999,"Clark, Keri R.",non-elite,1444,2909,4384,5907,7436,9009,10638,12252,1465,1475,1523,1529,1573,1629,1614
36000,"Yelen, Sherri",non-elite,1547,3077,4610,6155,7692,9252,10770,12279,1530,1533,1545,1537,1560,1518,1509
36001,"Bolsen, Marissa L",non-elite,1483,2967,4457,5974,7485,9045,10656,12252,1484,1490,1517,1511,1560,1611,1596
36002,"Stoltz, Robert",non-elite,1306,2633,3956,5337,6745,8356,10191,12310,1327,1323,1381,1408,1611,1835,2119
36003,"Purcell, Brooke",non-elite,1406,2845,4279,5737,7256,8968,10680,12250,1439,1434,1458,1519,1712,1712,1570
36004,"Rolnick, Michael",non-elite,1303,2561,3843,5143,6564,8512,10382,12188,1258,1282,1300,1421,1948,1870,1806
36005,"Robinson, Anastasia L",non-elite,1383,2796,4265,5804,7351,8953,10608,12216,1413,1469,1539,1547,1602,1655,1608
36006,"Siegel, Craig T",non-elite,1511,3104,4669,6235,7802,9349,10870,12345,1593,1565,1566,1567,1547,1521,1475
36007,"Wells, Jamie C.",non-elite,1328,2678,4054,5498,7012,8589,10352,12174,1350,1376,1444,1514,1577,1763,1822
36008,"Curole, Wade A",non-elite,1486,2970,4444,5944,7450,9001,10593,12191,1484,1474,1500,1506,1551,1592,1598
36009,"Mautz, Lisa",non-elite,1452,2915,4406,5947,7504,9088,10676,12257,1463,1491,1541,1557,1584,1588,1581
36010,"Alvarez, Christopher",non-elite,1386,2778,4185,5659,7185,8812,10517,12211,1392,1407,1474,1526,1627,1705,1694
36011,"Mell, Suzanne M.",non-elite,1435,2902,4389,5906,7442,9015,10651,12244,1467,1487,1517,1536,1573,1636,1593
36012,"Lacombe, Pierre",non-elite,1492,2949,4403,5880,7363,8914,10546,12173,1457,1454,1477,1483,1551,1632,1627
36013,"Le Pera, Giuseppe",non-elite,1442,2907,4395,5886,7413,8989,10594,12232,1465,1488,1491,1527,1576,1605,1638
36014,"Turner, Jamie",non-elite,1457,2928,4414,5927,7454,9056,10694,12273,1471,1486,1513,1527,1602,1638,1579
36015,"Shariat, Anna",non-elite,1544,3046,4545,6058,7575,9135,10724,12259,1502,1499,1513,1517,1560,1589,1535
36016,"Sexton, Paul",non-elite,1310,2603,3930,5355,6809,8528,10276,12145,1293,1327,1425,1454,1719,1748,1869
36017,"Mish, Jeffrey",non-elite,1440,2894,4359,5857,7363,8904,10550,12222,1454,1465,1498,1506,1541,1646,1672
36018,"Fair, Lowell F.",non-elite,1423,2909,4393,5934,7473,9066,10701,12283,1486,1484,1541,1539,1593,1635,1582
36019,"Keller, James E.",non-elite,1448,2904,4374,5872,7467,9058,10698,12285,1456,1470,1498,1595,1591,1640,1587
36020,"Hunsley, Becky",non-elite,1417,2856,4338,5916,7445,9022,10653,12246,1439,1482,1578,1529,1577,1631,1593
36021,"Roireau, Marcel",non-elite,1459,2906,4353,5799,7268,8839,10524,12182,1447,1447,1446,1469,1571,1685,1658
36022,"Hung, Jerry",non-elite,1337,2684,4066,5486,6979,8623,10362,12114,1347,1382,1420,1493,1644,1739,1752
36023,"Meyers, Rachel J",non-elite,1411,2835,4323,5949,7433,8992,10626,12253,1424,1488,1626,1484,1559,1634,1627
36024,"Nuernberger, Sloan",non-elite,1544,3064,4563,6087,7586,9102,10677,12245,1520,1499,1524,1499,1516,1575,1568
36025,"Seay, Kerrick",non-elite,1395,2751,4104,5465,6871,8472,10234,12092,1356,1353,1361,1406,1601,1762,1858
36026,"Abernethy, Brogan",non-elite,1474,2959,4460,5985,7519,9103,10706,12249,1485,1501,1525,1534,1584,1603,1543
36027,"Mcclaine, Jeffrey",non-elite,1471,2953,4429,5922,7434,8984,10591,12225,1482,1476,1493,1512,1550,1607,1634
36028,"Griffin, Michael J",non-elite,1405,2857,4358,5891,7473,9055,10653,12308,1452,1501,1533,1582,1582,1598,1655
36029,"Hulkkonen, Juha",non-elite,1400,2839,4295,5841,7403,8963,10605,12224,1439,1456,1546,1562,1560,1642,1619
36030,"Iwai, Hiroshi",non-elite,1532,3000,4489,5996,7517,9094,10690,12248,1468,1489,1507,1521,1577,1596,1558
36031,"Haynie, Lyndsey S",non-elite,1426,2913,4422,5941,7470,9052,10687,12292,1487,1509,1519,1529,1582,1635,1605
36032,"Call, Gloria",non-elite,1512,3032,4551,6068,7577,9125,10700,12254,1520,1519,1517,1509,1548,1575,1554
36033,"Salgado, Nayely",non-elite,1344,2706,4144,5666,7221,9010,10703,12219,1362,1438,1522,1555,1789,1693,1516
36034,"Heidal, Elizabeth",non-elite,1443,2912,4381,5865,7371,8995,10650,12251,1469,1469,1484,1506,1624,1655,1601
36035,"Bleau, Martin",non-elite,1470,2927,4386,5860,7341,8905,10533,12183,1457,1459,1474,1481,1564,1628,1650
36036,"Tegeler, Denise",non-elite,1444,2904,4365,5866,7381,8957,10594,12233,1460,1461,1501,1515,1576,1637,1639
36037,"Velez, Neysha J",non-elite,1508,3006,4501,5996,7494,9043,10650,12247,1498,1495,1495,1498,1549,1607,1597
36038,"Olvera Gutierrez, Susana",non-elite,1490,2922,4366,5864,7370,8949,10599,12234,1432,1444,1498,1506,1579,1650,1635
36039,"Drake, James",non-elite,1274,2557,3841,5151,6667,8632,10439,12233,1283,1284,1310,1516,1965,1807,1794
36040,"Ruiz, Nadia C",non-elite,1441,2910,4396,5932,7486,9118,10772,12290,1469,1486,1536,1554,1632,1654,1518
36041,"Yen, Jason M",non-elite,1213,2425,3672,5056,6617,8547,10289,12153,1212,1247,1384,1561,1930,1742,1864
36042,"Chintala, Jennifer",non-elite,1497,2982,4458,5939,7463,9037,10679,12265,1485,1476,1481,1524,1574,1642,1586
36043,"Devor, Kristin",non-elite,1296,2648,4034,5525,7100,8703,10359,12157,1352,1386,1491,1575,1603,1656,1798
36044,"Hartjes, Jessica",non-elite,1393,2805,4259,5817,7398,9072,10703,12305,1412,1454,1558,1581,1674,1631,1602
36045,"Patchen, Lisa D",non-elite,1330,2721,4194,5764,7301,8932,10626,12271,1391,1473,1570,1537,1631,1694,1645
36046,"Kraeger, Carrie",non-elite,1489,2986,4492,6020,7551,9135,10718,12279,1497,1506,1528,1531,1584,1583,1561
36047,"Watters, Eric",non-elite,1394,2792,4202,5661,7112,8701,10457,12253,1398,1410,1459,1451,1589,1756,1796
36048,"Fox, Allison K.",non-elite,1489,2986,4492,6021,7551,9135,10718,12279,1497,1506,1529,1530,1584,1583,1561
36049,"Morrisey, Michelle",non-elite,1473,2887,4353,5878,7415,9017,10655,12271,1414,1466,1525,1537,1602,1638,1616
36050,"Misiaszek, Glen J.",non-elite,1503,2964,4421,5896,7414,8963,10611,12234,1461,1457,1475,1518,1549,1648,1623
36051,"O'Hearn, Michael A",non-elite,1523,3030,4533,6040,7540,9061,10633,12237,1507,1503,1507,1500,1521,1572,1604
36052,"Casady, Ilana",non-elite,1386,2756,4163,5603,7082,8658,10388,12156,1370,1407,1440,1479,1576,1730,1768
36053,"Fitts, Diana",non-elite,1544,3077,4583,6131,7665,9269,10864,12300,1533,1506,1548,1534,1604,1595,1436
36054,"Schmidt, Sara",non-elite,1453,2892,4368,5906,7426,9025,10658,12228,1439,1476,1538,1520,1599,1633,1570
36055,"Whiteman, Mara",non-elite,1482,2984,4494,6005,7501,9043,10617,12241,1502,1510,1511,1496,1542,1574,1624
36056,"Ivanova, Zee",non-elite,1485,2962,4428,5919,7421,9021,10667,12273,1477,1466,1491,1502,1600,1646,1606
36057,"Nash, Brian C",non-elite,1471,2948,4450,5964,7475,9038,10663,12246,1477,1502,1514,1511,1563,1625,1583
36058,"Pham, Doan",non-elite,1466,2930,4404,5944,7528,9127,10755,12277,1464,1474,1540,1584,1599,1628,1522
36059,"West, Cindy",non-elite,1427,2825,4215,5676,7229,8869,10650,12245,1398,1390,1461,1553,1640,1781,1595
36060,"Fredrick, Kyle",non-elite,1357,2699,4061,5494,6972,8730,10441,12208,1342,1362,1433,1478,1758,1711,1767
36061,"Easterwood, Wayne E Jr.",non-elite,1421,2830,4255,5712,7214,8789,10472,12177,1409,1425,1457,1502,1575,1683,1705
36062,"Kyle, James G.",non-elite,1399,2805,4228,5676,7132,8659,10307,12061,1406,1423,1448,1456,1527,1648,1754
36063,"Lachance, Penny A.",non-elite,1410,2838,4277,5748,7247,8849,10454,12233,1428,1439,1471,1499,1602,1605,1779
36064,"Pratt, Daniel J",non-elite,1413,2845,4270,5723,7203,8828,10442,12137,1432,1425,1453,1480,1625,1614,1695
36065,"Li, Ailin",non-elite,1390,2759,4167,5648,7160,8768,10484,12208,1369,1408,1481,1512,1608,1716,1724
36066,"Tharp, Ted",non-elite,1311,2641,4086,5577,7154,8773,10460,12294,1330,1445,1491,1577,1619,1687,1834
36067,"Andotra, Ashish",non-elite,1390,2829,4290,5811,7361,8998,10661,12263,1439,1461,1521,1550,1637,1663,1602
36068,"Buss, Gary R",non-elite,1469,2928,4384,5907,7404,8961,10590,12246,1459,1456,1523,1497,1557,1629,1656
36069,"Salinda, Stanley",non-elite,1496,2974,4462,5967,7449,8994,10627,12213,1478,1488,1505,1482,1545,1633,1586
36070,"Cole, Lorelai L.",non-elite,1488,2967,4459,5972,7495,9069,10670,12238,1479,1492,1513,1523,1574,1601,1568
36071,"Harvey, Suzi",non-elite,1404,2829,4265,5759,7327,8941,10617,12250,1425,1436,1494,1568,1614,1676,1633
36072,"Lindqvist, Theo",non-elite,1264,2566,3932,5380,6868,8543,10339,12149,1302,1366,1448,1488,1675,1796,1810
36073,"Perez, Lance",non-elite,1367,2721,4098,5495,6904,8423,10322,12106,1354,1377,1397,1409,1519,1899,1784
36074,"Woodard, Cory D",non-elite,1427,2875,4362,5862,7401,8959,10507,12180,1448,1487,1500,1539,1558,1548,1673
36075,"Samson, Bruno",non-elite,1447,2896,4373,5875,7375,8961,10625,12238,1449,1477,1502,1500,1586,1664,1613
36076,"Mendoza, Adam",non-elite,1404,2814,4269,5767,7321,8921,10587,12244,1410,1455,1498,1554,1600,1666,1657
36077,"Schubert, Sarah",non-elite,1368,2724,4075,5478,6953,8754,10283,12310,1356,1351,1403,1475,1801,1529,2027
36078,"Lee, Seungyun",non-elite,1481,2912,4354,5827,7312,8886,10570,12233,1431,1442,1473,1485,1574,1684,1663
36079,"Cook, Kevin",non-elite,1459,2927,4412,5928,7459,9037,10647,12234,1468,1485,1516,1531,1578,1610,1587
36080,"Lopez, Danielle",non-elite,1473,2946,4448,5979,7506,9099,10724,12285,1473,1502,1531,1527,1593,1625,1561
36081,"Willard, Martin T",non-elite,1463,2942,4418,5924,7411,8959,10572,12201,1479,1476,1506,1487,1548,1613,1629
36082,"Tse, Audrey",non-elite,1399,2837,4305,5828,7370,8951,10596,12223,1438,1468,1523,1542,1581,1645,1627
36083,"Lavalle, Brian",non-elite,1353,2744,4166,5605,7056,8610,10279,12176,1391,1422,1439,1451,1554,1669,1897
36084,"Tegtmeier, Mark A",non-elite,1415,2860,4322,5820,7357,8930,10569,12242,1445,1462,1498,1537,1573,1639,1673
36085,"Carter, Percy H",non-elite,1394,2794,4218,5796,7339,8915,10537,12243,1400,1424,1578,1543,1576,1622,1706
36086,"Ford, Heidi",non-elite,1486,2979,4479,5985,7469,9014,10595,12193,1493,1500,1506,1484,1545,1581,1598
36087,"Zahrbock Kool, Tressa L.",non-elite,1386,2811,4244,5725,7194,8804,10554,12262,1425,1433,1481,1469,1610,1750,1708
36088,"Haberkorn, Chris",non-elite,1538,3031,4510,5998,7488,9031,10633,12252,1493,1479,1488,1490,1543,1602,1619
36089,"Saunders, Horace A.",non-elite,1389,2804,4208,5650,7183,8925,10636,12236,1415,1404,1442,1533,1742,1711,1600
36090,"Bailey, Jessica",non-elite,1450,2888,4342,5802,7286,8962,10686,12329,1438,1454,1460,1484,1676,1724,1643
36091,"Martin Martin-Andino, Jesus Sr.",non-elite,1405,2833,4301,5820,7342,8945,10558,12174,1428,1468,1519,1522,1603,1613,1616
36092,"Larson, Therese M.",non-elite,1521,3041,4547,6094,7627,9195,10798,12304,1520,1506,1547,1533,1568,1603,1506
36093,"Montemayor, Diana",non-elite,1571,3111,4612,6135,7652,9216,10817,12317,1540,1501,1523,1517,1564,1601,1500
36094,"Whitford, Sandra L.",non-elite,1509,2988,4476,5974,7475,9055,10706,12270,1479,1488,1498,1501,1580,1651,1564
36095,"Johnston, David F.",non-elite,1381,2743,4121,5594,7189,9030,10696,12267,1362,1378,1473,1595,1841,1666,1571
36096,"Murphy, Jessica",non-elite,1571,3194,4839,6268,7675,9222,10789,12324,1623,1645,1429,1407,1547,1567,1535
36097,"Hawkins, John",non-elite,1402,2820,4254,5692,7154,8692,10345,12066,1418,1434,1438,1462,1538,1653,1721
36098,"Blais, Kelsey E",non-elite,1409,2822,4273,5780,7335,8965,10616,12242,1413,1451,1507,1555,1630,1651,1626
36099,"Kingen, Kim",non-elite,1411,2813,4211,5641,7075,8786,10284,12108,1402,1398,1430,1434,1711,1498,1824
36100,"Rogers, Melissa",non-elite,1456,2907,4367,5841,7311,8847,10496,12267,1451,1460,1474,1470,1536,1649,1771
36101,"Staub, Stephanie",non-elite,1480,2941,4433,5966,7488,9037,10667,12242,1461,1492,1533,1522,1549,1630,1575
36102,"Austin, Adam",non-elite,1287,2593,3970,5453,7009,8622,10468,12195,1306,1377,1483,1556,1613,1846,1727
36103,"Newman, Joy",non-elite,1484,2987,4506,6032,7535,9070,10662,12255,1503,1519,1526,1503,1535,1592,1593
36104,"Patterson, Cindy",non-elite,1525,3034,4530,6024,7546,9097,10699,12264,1509,1496,1494,1522,1551,1602,1565
36105,"Crawford, Kc",non-elite,1348,2728,4119,5540,7000,8626,10407,12157,1380,1391,1421,1460,1626,1781,1750
36106,"Rybold, Kim",non-elite,1526,3055,4571,6082,7576,9121,10706,12281,1529,1516,1511,1494,1545,1585,1575
36107,"Voyles, Jon R",non-elite,1320,2653,3995,5420,6978,8627,10378,12136,1333,1342,1425,1558,1649,1751,1758
36108,"Skokos, Callie",non-elite,1474,2960,4434,5930,7487,9057,10666,12265,1486,1474,1496,1557,1570,1609,1599
36109,"Molina, Priscila R.",non-elite,1354,2799,4248,5742,7281,8929,10627,12244,1445,1449,1494,1539,1648,1698,1617
36110,"Grundman, Rachael E.",non-elite,1476,2952,4426,5921,7426,9044,10724,12287,1476,1474,1495,1505,1618,1680,1563
36111,"Dooley, Michael S",non-elite,1292,2597,4170,5586,7117,8750,10395,12136,1305,1573,1416,1531,1633,1645,1741
36112,"Miller, Jay",non-elite,1373,2788,4262,5744,7238,8845,10569,12250,1415,1474,1482,1494,1607,1724,1681
36113,"Hogan, Sara L",non-elite,1348,2701,4115,5639,7174,8797,10517,12192,1353,1414,1524,1535,1623,1720,1675
36114,"Ribeiro, Uly Jr.",non-elite,1435,2863,4311,5798,7305,8909,10568,12227,1428,1448,1487,1507,1604,1659,1659
36115,"Reid, Brianna D.",non-elite,1483,2939,4417,5947,7471,9051,10685,12269,1456,1478,1530,1524,1580,1634,1584
36116,"Illiano, Maurizio",non-elite,1399,2782,4149,5563,7023,8590,10346,12180,1383,1367,1414,1460,1567,1756,1834
36117,"Urakami, Kotaro",non-elite,1302,2615,3981,5440,6922,8524,10300,12182,1313,1366,1459,1482,1602,1776,1882
36118,"Ishikawa, Megumi",non-elite,1417,2870,4334,5857,7402,9117,10724,12276,1453,1464,1523,1545,1715,1607,1552
36119,"Rasco, Drew W",non-elite,1363,2725,4118,5565,7034,8646,10337,12126,1362,1393,1447,1469,1612,1691,1789
36120,"Webber, Jennifer",non-elite,1412,2839,4320,5858,7396,9029,10677,12247,1427,1481,1538,1538,1633,1648,1570
36121,"Jenkins, Grace C",non-elite,1377,2789,4246,5779,7384,9010,10676,12273,1412,1457,1533,1605,1626,1666,1597
36122,"Somes, Daniel",non-elite,1531,3007,4384,5803,7278,8857,10530,12232,1476,1377,1419,1475,1579,1673,1702
36123,"Cattano, Claudia D.",non-elite,1452,2940,4460,5975,7492,9075,10678,12263,1488,1520,1515,1517,1583,1603,1585
36124,"Shaak, George",non-elite,1489,2976,4438,5897,7378,8953,10609,12247,1487,1462,1459,1481,1575,1656,1638
36125,"Lamarche, Luc",non-elite,1497,2984,4489,6013,7558,9156,10761,12302,1487,1505,1524,1545,1598,1605,1541
36126,"Haffner, James L",non-elite,1329,2658,4004,5402,6982,8588,10355,12155,1329,1346,1398,1580,1606,1767,1800
36127,"Chille, Michelle",non-elite,1400,2782,4174,5638,7148,8784,10477,12180,1382,1392,1464,1510,1636,1693,1703
36128,"Fernanda, Luiz",non-elite,1422,2877,4354,5886,7433,9052,10723,12285,1455,1477,1532,1547,1619,1671,1562
36129,"Riesenbach, Jim",non-elite,1524,3052,4584,6120,7656,9233,10790,12301,1528,1532,1536,1536,1577,1557,1511
36130,"Darnell, Jennifer",non-elite,1504,2923,4363,5844,7318,8869,10514,12192,1419,1440,1481,1474,1551,1645,1678
36131,"Soto, Enrique M. IV",non-elite,1340,2703,4124,5573,7069,8690,10530,12202,1363,1421,1449,1496,1621,1840,1672
36132,"Dovico, Rosario",non-elite,1297,2602,4008,5591,7230,8964,10709,12306,1305,1406,1583,1639,1734,1745,1597
36133,"Herman, Russell W",non-elite,1453,2929,4410,5921,7459,9015,10664,12245,1476,1481,1511,1538,1556,1649,1581
36134,"Kanagy, John",non-elite,1348,2735,4183,5743,7256,8847,10459,12152,1387,1448,1560,1513,1591,1612,1693
36135,"Popik, Jessica A",non-elite,1503,3027,4552,6076,7609,9184,10738,12312,1524,1525,1524,1533,1575,1554,1574
36136,"Walker, Taryn",non-elite,1379,2783,4254,5764,7327,9056,10738,12299,1404,1471,1510,1563,1729,1682,1561
36137,"Hoaglin, Bob",non-elite,1403,2813,4241,5743,7304,8901,10602,12246,1410,1428,1502,1561,1597,1701,1644
36138,"Fithian, Lauren E",non-elite,1450,2937,4417,5911,7421,8967,10594,12239,1487,1480,1494,1510,1546,1627,1645
36139,"Rago, Constantino",non-elite,1356,2704,4057,5483,7007,8651,10403,12154,1348,1353,1426,1524,1644,1752,1751
36140,"Simon, Kelly",non-elite,1426,2906,4413,5933,7460,9038,10652,12263,1480,1507,1520,1527,1578,1614,1611
36141,"Nichol, Eric",non-elite,1447,2933,4428,5957,7434,9036,10604,12220,1486,1495,1529,1477,1602,1568,1616
36142,"Prasetyo, Inge",non-elite,1529,3003,4477,5990,7521,9106,10736,12312,1474,1474,1513,1531,1585,1630,1576
36143,"Watanabe, Gen",non-elite,1254,2518,3790,5088,6415,8073,9729,12041,1264,1272,1298,1327,1658,1656,2312
36144,"Mckee, John F. Jr.",non-elite,1394,2815,4357,5837,7324,8951,10727,12280,1421,1542,1480,1487,1627,1776,1553
36145,"Smyth, Michael",non-elite,1344,2708,4105,5552,7045,8916,10685,12273,1364,1397,1447,1493,1871,1769,1588
36146,"Wood, Brooke L",non-elite,1535,3034,4520,6043,7543,9073,10651,12247,1499,1486,1523,1500,1530,1578,1596
36147,"Russo, Barbara J.",non-elite,1400,2811,4290,5815,7363,8939,10682,12284,1411,1479,1525,1548,1576,1743,1602
36148,"Brazeau, Claude",non-elite,1450,2890,4333,5804,7282,8857,10464,12267,1440,1443,1471,1478,1575,1607,1803
36149,"Stroie, Adrian",non-elite,1416,2834,4261,5726,7214,8797,10473,12223,1418,1427,1465,1488,1583,1676,1750
36150,"Bue, Grant C",non-elite,1448,2928,4424,5954,7485,9072,10712,12273,1480,1496,1530,1531,1587,1640,1561
36151,"Bahor, Zach",non-elite,1215,2461,3763,5274,6898,8538,10340,12224,1246,1302,1511,1624,1640,1802,1884
36152,"Finkbiner, David N",non-elite,1438,2920,4404,5937,7482,9077,10689,12283,1482,1484,1533,1545,1595,1612,1594
36153,"Camarillo, Mariano",non-elite,1447,2914,4381,5840,7326,8831,10454,12152,1467,1467,1459,1486,1505,1623,1698
36154,"Mauro, Katherine M",non-elite,1438,2919,4404,5935,7482,9077,10689,12283,1481,1485,1531,1547,1595,1612,1594
36155,"Wright, Jamie M.",non-elite,1446,2892,4333,5790,7263,8803,10582,12234,1446,1441,1457,1473,1540,1779,1652
36156,"Tritt, Michele D",non-elite,1391,2866,4361,5882,7410,8967,10608,12247,1475,1495,1521,1528,1557,1641,1639
36157,"Yi, Kwang-Jae",non-elite,1514,2995,4485,5981,7501,9062,10781,12308,1481,1490,1496,1520,1561,1719,1527
36158,"Curtis, Chad",non-elite,1339,2659,3998,5434,6988,8648,10314,12173,1320,1339,1436,1554,1660,1666,1859
36159,"Merrick, Ken",non-elite,1372,2729,4116,5617,7161,8816,10521,12233,1357,1387,1501,1544,1655,1705,1712
36160,"Robertson, Sarah A",non-elite,1500,3009,4517,6037,7580,9155,10747,12316,1509,1508,1520,1543,1575,1592,1569
36161,"Amborn, John",non-elite,1389,2777,4166,5565,6967,8432,10160,12066,1388,1389,1399,1402,1465,1728,1906
36162,"Seip, Janelle",non-elite,1469,2973,4488,6016,7541,9127,10722,12294,1504,1515,1528,1525,1586,1595,1572
36163,"Quigley, Martin J",non-elite,1407,2831,4272,5728,7204,8788,10437,12134,1424,1441,1456,1476,1584,1649,1697
36164,"Muia, Marc",non-elite,1345,2697,4068,5502,6994,8721,10490,12191,1352,1371,1434,1492,1727,1769,1701
36165,"Richard, Richard J",non-elite,1486,2972,4473,6002,7520,9091,10684,12262,1486,1501,1529,1518,1571,1593,1578
36166,"Williams, Linda M.",non-elite,1504,3004,4543,6073,7614,9191,10762,12296,1500,1539,1530,1541,1577,1571,1534
36167,"Bernstein, Shelley",non-elite,1516,3039,4532,6048,7558,9114,10689,12289,1523,1493,1516,1510,1556,1575,1600
36168,"Dixon, Meredith P",non-elite,1405,2838,4321,5839,7353,8915,10591,12174,1433,1483,1518,1514,1562,1676,1583
36169,"Pfister, Peter B.",non-elite,1406,2838,4322,5839,7355,8950,10608,12243,1432,1484,1517,1516,1595,1658,1635
36170,"Beggs, Paul A",non-elite,1420,2801,4207,5675,7177,8781,10527,12274,1381,1406,1468,1502,1604,1746,1747
36171,"Kozlowski, Brett S.",non-elite,1541,2980,4440,5961,7469,9073,10702,12288,1439,1460,1521,1508,1604,1629,1586
36172,"Sin, Man Yin",non-elite,1291,2608,3975,5426,6929,8597,10381,12180,1317,1367,1451,1503,1668,1784,1799
36173,"Memoli, Francesco",non-elite,1302,2677,4116,5632,7198,8803,10458,12182,1375,1439,1516,1566,1605,1655,1724
36174,"Palmer, Geoff G.",non-elite,1420,2855,4298,5770,7254,8806,10471,12192,1435,1443,1472,1484,1552,1665,1721
36175,"Kuch, Benjamin",non-elite,1218,2427,3682,5043,6474,8025,9685,12274,1209,1255,1361,1431,1551,1660,2589
36176,"Brown, Gregory E",non-elite,1414,2882,4383,5878,7377,8983,10625,12278,1468,1501,1495,1499,1606,1642,1653
36177,"Bennewitz, Lauren",non-elite,1493,2961,4426,5935,7461,9068,10708,12290,1468,1465,1509,1526,1607,1640,1582
36178,"Simonte, Fabio",non-elite,1423,2852,4281,5737,7229,8799,10525,12156,1429,1429,1456,1492,1570,1726,1631
36179,"Corp, Melissa",non-elite,1470,2943,4423,5951,7477,9060,10682,12263,1473,1480,1528,1526,1583,1622,1581
36180,"Eisenhaure, Diana E",non-elite,1508,2994,4482,6002,7508,9052,10645,12252,1486,1488,1520,1506,1544,1593,1607
36181,"Olsen, Martha A",non-elite,1469,2947,4436,5928,7433,9001,10631,12249,1478,1489,1492,1505,1568,1630,1618
36182,"Hassett, Deirdre",non-elite,1548,3119,4699,6272,7824,9398,10923,12390,1571,1580,1573,1552,1574,1525,1467
36183,"Anderson, Jody D",non-elite,1433,2896,4377,5864,7366,8948,10597,12226,1463,1481,1487,1502,1582,1649,1629
36184,"Samels, Zoe",non-elite,1399,2836,4313,5821,7356,8938,10603,12250,1437,1477,1508,1535,1582,1665,1647
36185,"Deady, Jeffrey R.",non-elite,1493,2891,4326,5780,7317,8943,10569,12269,1398,1435,1454,1537,1626,1626,1700
36186,"Aurand, Kathryn T.",non-elite,1331,2671,4089,5624,7217,8841,10574,12258,1340,1418,1535,1593,1624,1733,1684
36187,"Hazelton, Jill",non-elite,1499,2978,4437,5919,7382,8958,10652,12281,1479,1459,1482,1463,1576,1694,1629
36188,"Do, Phuong",non-elite,1526,3048,4562,6088,7615,9186,10747,12276,1522,1514,1526,1527,1571,1561,1529
36189,"Verhagen, Sonia",non-elite,1469,2953,4444,5950,7448,8966,10531,12154,1484,1491,1506,1498,1518,1565,1623
36190,"Griffin, Erin M",non-elite,1436,2882,4355,5868,7391,8978,10622,12252,1446,1473,1513,1523,1587,1644,1630
36191,"Zeibig, Gerd",non-elite,1191,2422,3710,5088,6558,8247,10215,12170,1231,1288,1378,1470,1689,1968,1955
36192,"Macias, Laura P.",non-elite,1320,2712,4186,5680,7209,8817,10493,12224,1392,1474,1494,1529,1608,1676,1731
36193,"Graeser, Dawn",non-elite,1439,2881,4345,5861,7389,8943,10585,12205,1442,1464,1516,1528,1554,1642,1620
36194,"Schur, Yechiel Y.",non-elite,1458,2930,4423,5963,7492,9087,10710,12290,1472,1493,1540,1529,1595,1623,1580
36195,"Williams, Ray K.",non-elite,1439,2909,4370,5864,7364,8963,10597,12252,1470,1461,1494,1500,1599,1634,1655
36196,"Redman, George W",non-elite,1384,2741,4125,5559,7064,8624,10296,12187,1357,1384,1434,1505,1560,1672,1891
36197,"Townsend, Susan M",non-elite,1477,2960,4467,6022,7563,9145,10758,12296,1483,1507,1555,1541,1582,1613,1538
36198,"Phelan, Christina",non-elite,1419,2848,4269,5724,7255,8983,10710,12298,1429,1421,1455,1531,1728,1727,1588
36199,"Broughel, Nancy",non-elite,1474,2941,4437,5951,7464,9044,10685,12279,1467,1496,1514,1513,1580,1641,1594
36200,"Egan, Caitlin M.",non-elite,1635,3136,4588,6089,7573,9153,10716,12319,1501,1452,1501,1484,1580,1563,1603
36201,"Baker, Barry A",non-elite,1397,2845,4324,5822,7342,8957,10636,12275,1448,1479,1498,1520,1615,1679,1639
36202,"Bonvin, Patrick",non-elite,1293,2671,4122,5618,7111,8647,10319,12123,1378,1451,1496,1493,1536,1672,1804
36203,"Hart, Raeanne",non-elite,1408,2840,4280,5770,7283,8895,10588,12243,1432,1440,1490,1513,1612,1693,1655
36204,"Inuyama, Kanako",non-elite,1500,3001,4500,6024,7534,9107,10721,12280,1501,1499,1524,1510,1573,1614,1559
36205,"Sturtz, Dani",non-elite,1420,2849,4312,5826,7357,8914,10560,12241,1429,1463,1514,1531,1557,1646,1681
36206,"Rojo, Jose L. Sr.",non-elite,1274,2621,4027,5556,7083,8710,10459,12214,1347,1406,1529,1527,1627,1749,1755
36207,"Cubillos, Camilo A.",non-elite,1628,3107,4594,6094,7628,9219,10722,12277,1479,1487,1500,1534,1591,1503,1555
36208,"Aiken, Alex",non-elite,1417,2874,4344,5832,7320,8872,10494,12139,1457,1470,1488,1488,1552,1622,1645
36209,"Pulver, Steve",non-elite,1444,2904,4393,5887,7383,8954,10596,12250,1460,1489,1494,1496,1571,1642,1654
36210,"Smith, Steven",non-elite,1452,2883,4311,5758,7217,8768,10428,12177,1431,1428,1447,1459,1551,1660,1749
36211,"Moscato, Robert",non-elite,1282,2623,4010,5474,6974,8613,10435,12258,1341,1387,1464,1500,1639,1822,1823
36212,"Rodriguez-Choi, Jorge I",non-elite,1390,2814,4294,5868,7420,9068,10671,12257,1424,1480,1574,1552,1648,1603,1586
36213,"Johnson, Claire",non-elite,1420,2840,4284,5770,7289,8901,10631,12281,1420,1444,1486,1519,1612,1730,1650
36214,"Galicia, Ruben L. Sr.",non-elite,1208,2412,3636,4901,6182,7602,9269,11636,1204,1224,1265,1281,1420,1667,2367
36215,"Peter, David W",non-elite,1468,2962,4427,5908,7395,8942,10505,12091,1494,1465,1481,1487,1547,1563,1586
36216,"Goldenheim, Melissa S",non-elite,1422,2808,4224,5742,7306,8944,10624,12269,1386,1416,1518,1564,1638,1680,1645
36217,"Sundermann, Melissa",non-elite,1398,2807,4246,5748,7289,8941,10654,12285,1409,1439,1502,1541,1652,1713,1631
36218,"Hoffman, Risa",non-elite,1427,2887,4371,5902,7425,9006,10638,12300,1460,1484,1531,1523,1581,1632,1662
36219,"Witt, Cordelie E",non-elite,1340,2734,4261,5866,7410,9020,10657,12247,1394,1527,1605,1544,1610,1637,1590
36220,"Smith, Mark R",non-elite,1500,2981,4516,6070,7597,9164,10785,12315,1481,1535,1554,1527,1567,1621,1530
36221,"Dorland, Paul",non-elite,1380,2769,4172,5608,7074,8681,10434,12193,1389,1403,1436,1466,1607,1753,1759
36222,"Kasten, Brian",non-elite,1248,2502,3758,5236,6904,8460,10191,12139,1254,1256,1478,1668,1556,1731,1948
36223,"O'Grattan, Kevin M.",non-elite,1279,2571,3902,5367,6924,8602,10359,12204,1292,1331,1465,1557,1678,1757,1845
36224,"Csuy, Jeff",non-elite,1353,2773,4217,5703,7218,8926,10616,12286,1420,1444,1486,1515,1708,1690,1670
36225,"Johnson, Kailey A.",non-elite,1572,3147,4633,6167,7751,9327,10872,12337,1575,1486,1534,1584,1576,1545,1465
36226,"Brezenski, Lindsey",non-elite,1345,2683,4014,5413,6992,8771,10509,12247,1338,1331,1399,1579,1779,1738,1738
36227,"Hester, Juli",non-elite,1492,2950,4439,5936,7463,9025,10660,12262,1458,1489,1497,1527,1562,1635,1602
36228,"Wolff, Scott",non-elite,1388,2767,4160,5608,7098,8696,10343,12107,1379,1393,1448,1490,1598,1647,1764
36229,"Nguyen, Leann",non-elite,1478,2988,4514,6035,7572,9166,10758,12313,1510,1526,1521,1537,1594,1592,1555
36230,"Menendez, Jessica",non-elite,1440,2889,4367,5888,7412,9012,10665,12252,1449,1478,1521,1524,1600,1653,1587
36231,"Pricoli, Beth",non-elite,1425,2848,4305,5787,7296,8893,10584,12243,1423,1457,1482,1509,1597,1691,1659
36232,"Cheung, Tat Sin",non-elite,1384,2777,4211,5714,7215,8803,10501,12231,1393,1434,1503,1501,1588,1698,1730
36233,"Culbreath, Deanna",non-elite,1551,3061,4562,6090,7610,9175,10760,12303,1510,1501,1528,1520,1565,1585,1543
36234,"Pinyan, Maleah J",non-elite,1435,2880,4350,5812,7258,8740,10436,12187,1445,1470,1462,1446,1482,1696,1751
36235,"Chu, Avery",non-elite,1483,2954,4456,5994,7545,9122,10730,12306,1471,1502,1538,1551,1577,1608,1576
36236,"Handschy, Elizabeth",non-elite,1324,2674,4071,5598,7147,8730,10386,12194,1350,1397,1527,1549,1583,1656,1808
36237,"Mugnano, Kendra L",non-elite,1479,2945,4422,5921,7422,8976,10626,12273,1466,1477,1499,1501,1554,1650,1647
36238,"Perry, Natalie R",non-elite,1464,2917,4390,5879,7381,8974,10640,12241,1453,1473,1489,1502,1593,1666,1601
36239,"Haas, Rick",non-elite,1401,2788,4174,5586,7024,8586,10483,12218,1387,1386,1412,1438,1562,1897,1735
36240,"Zuehlke, Mike J",non-elite,1365,2708,4070,5550,7109,8805,10579,12264,1343,1362,1480,1559,1696,1774,1685
36241,"Gooden Burkard, Natalee A.",non-elite,1391,2826,4272,5744,7247,8876,10554,12240,1435,1446,1472,1503,1629,1678,1686
36242,"Noble, Rex E Jr.",non-elite,1448,2924,4404,5906,7550,9096,10693,12275,1476,1480,1502,1644,1546,1597,1582
36243,"Qiu, Xiaobin",non-elite,1359,2689,4008,5419,6872,8528,10306,12231,1330,1319,1411,1453,1656,1778,1925
36244,"Frazier, Matt",non-elite,1263,2544,3877,5417,6966,8647,10462,12303,1281,1333,1540,1549,1681,1815,1841
36245,"Gapinski, Diane C",non-elite,1431,2874,4337,5788,7239,8903,10728,12346,1443,1463,1451,1451,1664,1825,1618
36246,"Price-Dierksen, Bronwen L",non-elite,1473,2959,4455,5994,7522,9087,10690,12274,1486,1496,1539,1528,1565,1603,1584
36247,"Hallene, James N.",non-elite,1548,3069,4592,6132,7665,9235,10798,12323,1521,1523,1540,1533,1570,1563,1525
36248,"Shank, Kaitlyn R.",non-elite,1391,2772,4150,5565,7002,9349,10855,12341,1381,1378,1415,1437,2347,1506,1486
36249,"West, Kathy M",non-elite,1356,2727,4156,5701,7261,8940,10639,12261,1371,1429,1545,1560,1679,1699,1622
36250,"Blankenship, Jackie E",non-elite,1428,2839,4320,5909,7526,9132,10760,12327,1411,1481,1589,1617,1606,1628,1567
36251,"Smith, Cole",non-elite,1260,2559,3916,5335,6819,8466,10323,12144,1299,1357,1419,1484,1647,1857,1821
36252,"Newton, Tim F.",non-elite,1440,2888,4346,5844,7370,8982,10634,12270,1448,1458,1498,1526,1612,1652,1636
36253,"O'Hara, Norman",non-elite,1413,2767,4189,5705,7254,8918,10654,12281,1354,1422,1516,1549,1664,1736,1627
36254,"Gilkey, Donald D.",non-elite,1470,2944,4377,5831,7281,8840,10449,12177,1474,1433,1454,1450,1559,1609,1728
36255,"Krueger, David",non-elite,1387,2798,4241,5729,7235,8817,10485,12173,1411,1443,1488,1506,1582,1668,1688
36256,"Cruse, Melanie J",non-elite,1471,2956,4462,5987,7508,9093,10720,12304,1485,1506,1525,1521,1585,1627,1584
36257,"Joehr, Tobias",non-elite,1454,2921,4422,5910,7411,8970,10581,12264,1467,1501,1488,1501,1559,1611,1683
36258,"Newbold, Jamie",non-elite,1521,3004,4494,6009,7512,9064,10669,12275,1483,1490,1515,1503,1552,1605,1606
36259,"Rossettini, Katie",non-elite,1510,2950,4373,5801,7248,8829,10544,12264,1440,1423,1428,1447,1581,1715,1720
36260,"Macfarlane, Stephen Jr.",non-elite,1325,2592,3901,5232,6634,8130,9849,12309,1267,1309,1331,1402,1496,1719,2460
36261,"Supersaxo, Lothar",non-elite,1308,2676,4130,5637,7167,8746,10506,12192,1368,1454,1507,1530,1579,1760,1686
36262,"Barber, Adana",non-elite,1450,2897,4379,5948,7475,9048,10671,12286,1447,1482,1569,1527,1573,1623,1615
36263,"Kleczkowski, Brian",non-elite,1288,2588,3911,5345,6871,8539,10311,12184,1300,1323,1434,1526,1668,1772,1873
36264,"Bright Md, Adam S.",non-elite,1430,2875,4317,5783,7235,8754,10412,12187,1445,1442,1466,1452,1519,1658,1775
36265,"Kutlin, Andrei",non-elite,1405,2890,4367,5861,7376,8979,10623,12278,1485,1477,1494,1515,1603,1644,1655
36266,"Anderson, Lon",non-elite,1461,2962,4454,5978,7494,9055,10645,12285,1501,1492,1524,1516,1561,1590,1640
36267,"Joyce, Stacey",non-elite,1507,3023,4533,6072,7600,9181,10762,12304,1516,1510,1539,1528,1581,1581,1542
36268,"Moors, Nadine",non-elite,1310,2663,4100,5704,7312,8995,10661,12276,1353,1437,1604,1608,1683,1666,1615
36269,"Legault, Stephane S.",non-elite,1447,2945,4481,6083,7585,9152,10719,12281,1498,1536,1602,1502,1567,1567,1562
36270,"Hayes, Debbie S",non-elite,1480,2991,4496,6011,7513,9081,10699,12291,1511,1505,1515,1502,1568,1618,1592
36271,"D'Angelo, Ami",non-elite,1498,2960,4442,5933,7442,9030,10662,12270,1462,1482,1491,1509,1588,1632,1608
36272,"Murphy, Kerri B",non-elite,1496,2982,4451,5950,7456,9004,10621,12258,1486,1469,1499,1506,1548,1617,1637
36273,"Flaherty, Jennifer A",non-elite,1430,2920,4435,5951,7448,9016,10713,12289,1490,1515,1516,1497,1568,1697,1576
36274,"Rowe, Lisa M.",non-elite,1403,2843,4305,5799,7314,8918,10575,12210,1440,1462,1494,1515,1604,1657,1635
36275,"Cote, Denis",non-elite,1428,2838,4335,5821,7288,8914,10561,12233,1410,1497,1486,1467,1626,1647,1672
36276,"Moulton, Robert D",non-elite,1386,2752,4189,5625,7114,8690,10488,12207,1366,1437,1436,1489,1576,1798,1719
36277,"Thompson, Marie",non-elite,1472,3063,4535,5987,7451,8977,10583,12250,1591,1472,1452,1464,1526,1606,1667
36278,"Watanabe, Yoko",non-elite,1494,2993,4504,6040,7558,9126,10722,12283,1499,1511,1536,1518,1568,1596,1561
36279,"Reich, Lisa",non-elite,1477,2925,4370,5850,7343,8934,10568,12239,1448,1445,1480,1493,1591,1634,1671
36280,"Melara, Karen",non-elite,1459,2930,4420,5907,7414,9009,10667,12287,1471,1490,1487,1507,1595,1658,1620
36281,"Crawford, David D.",non-elite,1499,3004,4523,6063,7599,9153,10735,12319,1505,1519,1540,1536,1554,1582,1584
36282,"Cilli, Mark",non-elite,1385,2791,4198,5625,7076,8585,10259,12009,1406,1407,1427,1451,1509,1674,1750
36283,"McNulty, William B.",non-elite,1449,2904,4354,5829,7312,8870,10508,12202,1455,1450,1475,1483,1558,1638,1694
36284,"Hoover, Fred L.",non-elite,1493,2996,4501,6030,7582,9160,10742,12304,1503,1505,1529,1552,1578,1582,1562
36285,"Waterfield, Gregory S",non-elite,1290,2608,4027,5686,7283,8894,10531,12202,1318,1419,1659,1597,1611,1637,1671
36286,"Henderson, Ken G",non-elite,1360,2707,4087,5524,7041,8645,10526,12244,1347,1380,1437,1517,1604,1881,1718
36287,"Reinhardt, Michael W.",non-elite,1496,2988,4454,5948,7450,9019,10646,12280,1492,1466,1494,1502,1569,1627,1634
36288,"Carpo, Amanda",non-elite,1427,2886,4342,5849,7367,8960,10641,12265,1459,1456,1507,1518,1593,1681,1624
36289,"Fletcher, Sarah",non-elite,1529,3060,4567,6099,7633,9185,10764,12297,1531,1507,1532,1534,1552,1579,1533
36290,"Nguyen, Quang N",non-elite,1344,2668,3980,5315,6706,8235,9873,11645,1324,1312,1335,1391,1529,1638,1772
36291,"Moffitt, Pat",non-elite,1310,2612,3941,5450,7072,8811,10530,12267,1302,1329,1509,1622,1739,1719,1737
36292,"Bowers, Lidia S",non-elite,1437,2915,4399,5930,7579,9176,10784,12316,1478,1484,1531,1649,1597,1608,1532
36293,"Tyrrell, Heather L",non-elite,1461,2911,4400,5924,7460,9056,10675,12279,1450,1489,1524,1536,1596,1619,1604
36294,"Hill, Cynthia",non-elite,1396,2817,4288,5846,7425,9035,10688,12305,1421,1471,1558,1579,1610,1653,1617
36295,"Burkholder, Bryn",non-elite,1479,2978,4490,6028,7575,9151,10764,12326,1499,1512,1538,1547,1576,1613,1562
36296,"Mantell, Joanna",non-elite,1504,2993,4488,6011,7532,9080,10684,12293,1489,1495,1523,1521,1548,1604,1609
36297,"Leech, Katie A.",non-elite,1476,2958,4448,5950,7455,9004,10602,12277,1482,1490,1502,1505,1549,1598,1675
36298,"Trono, Kate L",non-elite,1340,2658,4027,5536,7074,8707,10475,12254,1318,1369,1509,1538,1633,1768,1779
36299,"Carron, Angela R",non-elite,1508,3062,4554,6058,7571,9102,10694,12310,1554,1492,1504,1513,1531,1592,1616
36300,"Daly, Patrick G",non-elite,1344,2711,4094,5529,6970,8628,10462,12257,1367,1383,1435,1441,1658,1834,1795
36301,"Mcfadzean, Robert",non-elite,1302,2654,4072,5604,7175,8832,10539,12253,1352,1418,1532,1571,1657,1707,1714
36302,"Rios, Cristian",non-elite,1228,2499,3872,5288,6801,8654,10552,12254,1271,1373,1416,1513,1853,1898,1702
36303,"Lahaie, Julie",non-elite,1477,2958,4436,5953,7483,9044,10654,12249,1481,1478,1517,1530,1561,1610,1595
36304,"Thumm, Dan J",non-elite,1568,3115,4634,6171,7707,9278,10876,12370,1547,1519,1537,1536,1571,1598,1494
36305,"Clock, Stephanie L.",non-elite,1568,3115,4634,6170,7706,9278,10876,12371,1547,1519,1536,1536,1572,1598,1495
36306,"Dolan, John F",non-elite,1475,2931,4384,5889,7379,8943,10568,12241,1456,1453,1505,1490,1564,1625,1673
36307,"White, Robert",non-elite,1331,2733,4164,5681,7289,8931,10607,12281,1402,1431,1517,1608,1642,1676,1674
36308,"Stankiewicz, Trisha R",non-elite,1488,2983,4479,5990,7506,9078,10696,12267,1495,1496,1511,1516,1572,1618,1571
36309,"Sobie, David",non-elite,1358,2711,4063,5513,7093,8773,10491,12235,1353,1352,1450,1580,1680,1718,1744
36310,"Wycherley, Nicole",non-elite,1526,3019,4525,6055,7597,9193,10796,12334,1493,1506,1530,1542,1596,1603,1538
36311,"Miller, Erin E.",non-elite,1474,2973,4480,5992,7509,9071,10699,12298,1499,1507,1512,1517,1562,1628,1599
36312,"Teng, Kun Hsiang",non-elite,1314,2692,4152,5692,7260,8918,10611,12290,1378,1460,1540,1568,1658,1693,1679
36313,"Baskin, Hana",non-elite,1387,2806,4255,5807,7380,9048,10721,12322,1419,1449,1552,1573,1668,1673,1601
36314,"Kells, Doug",non-elite,1226,2544,4033,5506,7111,8792,10476,12200,1318,1489,1473,1605,1681,1684,1724
36315,"Carrillo, Victor A.",non-elite,1322,2642,4088,5516,6982,8582,10343,12172,1320,1446,1428,1466,1600,1761,1829
36316,"Titera, April M.",non-elite,1525,3022,4515,6026,7553,9164,10767,12318,1497,1493,1511,1527,1611,1603,1551
36317,"Tapia Zaragoza, Oscar T.",non-elite,1354,2690,4049,5426,6929,8607,10402,12219,1336,1359,1377,1503,1678,1795,1817
36318,"Massey, Lauren",non-elite,1408,2833,4280,5778,7310,8954,10669,12291,1425,1447,1498,1532,1644,1715,1622
36319,"Colclough, Skye",non-elite,1669,3144,4625,6140,7617,9165,10743,12320,1475,1481,1515,1477,1548,1578,1577
36320,"Kralik, Peter",non-elite,1345,2711,4108,5581,7104,8765,10525,12229,1366,1397,1473,1523,1661,1760,1704
36321,"McCune, Robert",non-elite,1443,2883,4319,5775,7254,8837,10532,12258,1440,1436,1456,1479,1583,1695,1726
36322,"Gosselin, Michael L.",non-elite,1392,2783,4199,5632,7085,8657,10473,12281,1391,1416,1433,1453,1572,1816,1808
36323,"Vos, Sharon",non-elite,1288,2654,4089,5609,7207,8883,10551,12242,1366,1435,1520,1598,1676,1668,1691
36324,"Willis, Victoria M",non-elite,1415,2805,4240,5719,7233,8815,10489,12287,1390,1435,1479,1514,1582,1674,1798
36325,"Parker, Matthew K.",non-elite,1425,2845,4266,5711,7159,8712,10361,12115,1420,1421,1445,1448,1553,1649,1754
36326,"Surratt, Stephanie S.",non-elite,1421,2796,4199,5639,7133,8764,10467,12202,1375,1403,1440,1494,1631,1703,1735
36327,"Boissonneault, Yves",non-elite,1358,2708,4065,5460,6896,8524,10288,12324,1350,1357,1395,1436,1628,1764,2036
36328,"Segien, Steven R",non-elite,1551,3075,4601,6141,7689,9267,10819,12350,1524,1526,1540,1548,1578,1552,1531
36329,"Smith, Russell K.",non-elite,1398,2827,4291,5820,7370,8989,10607,12217,1429,1464,1529,1550,1619,1618,1610
36331,"Hancock, Angela",non-elite,1461,2920,4380,5849,7320,8853,10494,12226,1459,1460,1469,1471,1533,1641,1732
36332,"Fairweather, Erika L",non-elite,1468,2913,4366,5829,7303,8888,10643,12276,1445,1453,1463,1474,1585,1755,1633
36333,"Kerrigan, Martin W",non-elite,1292,2622,4039,5551,7062,8641,10392,12218,1330,1417,1512,1511,1579,1751,1826
36334,"Edwards, Dana K.",non-elite,1486,2953,4431,5943,7477,9068,10715,12314,1467,1478,1512,1534,1591,1647,1599
36335,"Hash, Erik",non-elite,1422,2885,4361,5847,7333,8865,10493,12275,1463,1476,1486,1486,1532,1628,1782
36336,"Smith, Matthew",non-elite,1248,2504,3769,5080,6549,8269,10220,12165,1256,1265,1311,1469,1720,1951,1945
36337,"Cannon, Tony",non-elite,1416,2845,4310,5806,7315,8914,10608,12274,1429,1465,1496,1509,1599,1694,1666
36338,"Xu, Yejun",non-elite,1421,2851,4307,5817,7355,8994,10671,12300,1430,1456,1510,1538,1639,1677,1629
36339,"Fenstermacher, Alexis D",non-elite,1438,2929,4470,6028,7566,9134,10740,12298,1491,1541,1558,1538,1568,1606,1558
36340,"Rivera, Issac",non-elite,1406,2802,4184,5586,7014,8634,10377,12274,1396,1382,1402,1428,1620,1743,1897
36341,"Thurman, Francie",non-elite,1448,2906,4435,5955,7481,9064,10680,12287,1458,1529,1520,1526,1583,1616,1607
36342,"Lilley, Amy M",non-elite,1475,2946,4430,5922,7435,8978,10590,12254,1471,1484,1492,1513,1543,1612,1664
36343,"Brabec, Rebecca N.",non-elite,1475,2972,4452,5978,7483,9083,10741,12356,1497,1480,1526,1505,1600,1658,1615
36344,"Sorenson, Wendy",non-elite,1500,3024,4565,6100,7622,9190,10789,12311,1524,1541,1535,1522,1568,1599,1522
36345,"Piepmeier, Christy",non-elite,1525,3036,4558,6073,7572,9145,10742,12306,1511,1522,1515,1499,1573,1597,1564
36346,"Harris, Tod R",non-elite,1376,2758,4174,5694,7216,8806,10482,12221,1382,1416,1520,1522,1590,1676,1739
36347,"Igloria, Regin",non-elite,1322,2654,4029,5452,6926,8565,10366,12218,1332,1375,1423,1474,1639,1801,1852
36348,"Golenia, Lasse",non-elite,1322,2630,3945,5317,6744,8271,10055,12067,1308,1315,1372,1427,1527,1784,2012
36349,"Aguirre-Jensen, Teena M.",non-elite,1461,2928,4417,5946,7466,9021,10647,12288,1467,1489,1529,1520,1555,1626,1641
36350,"Wang, Katharina",non-elite,1428,2853,4278,5776,7314,8935,10593,12293,1425,1425,1498,1538,1621,1658,1700
36351,"Derego, Paul J",non-elite,1407,2825,4272,5767,7294,8893,10595,12269,1418,1447,1495,1527,1599,1702,1674
36352,"Ramo, Fernanda",non-elite,1552,3094,4627,6146,7638,9177,10769,12321,1542,1533,1519,1492,1539,1592,1552
36353,"Rea, Pete R",non-elite,1489,3018,4507,6043,7570,9158,10729,12343,1529,1489,1536,1527,1588,1571,1614
36354,"Hamilton, John",non-elite,1391,2814,4257,5754,7263,8836,10509,12245,1423,1443,1497,1509,1573,1673,1736
36355,"Campbell, Stewart",non-elite,1467,2923,4401,5913,7433,9080,10718,12307,1456,1478,1512,1520,1647,1638,1589
36356,"Metcalfe, Julia",non-elite,1445,2883,4356,5907,7406,8991,10624,12287,1438,1473,1551,1499,1585,1633,1663
36357,"Wiese, Chris P",non-elite,1473,2962,4465,5993,7539,9126,10720,12307,1489,1503,1528,1546,1587,1594,1587
36358,"Thom, Graham R.",non-elite,1409,2855,4309,5798,7298,8875,10515,12231,1446,1454,1489,1500,1577,1640,1716
36359,"Greenblatt, Taryn L.",non-elite,1387,2781,4326,5844,7439,9054,10722,12325,1394,1545,1518,1595,1615,1668,1603
36360,"Welby, Bob",non-elite,1377,2843,4323,5830,7328,8987,10669,12280,1466,1480,1507,1498,1659,1682,1611
36361,"Bijansky, Devon",non-elite,1522,3024,4544,6064,7574,9150,10759,12326,1502,1520,1520,1510,1576,1609,1567
36362,"Beauduy, Camille E",non-elite,1458,2938,4454,5978,7510,9105,10778,12348,1480,1516,1524,1532,1595,1673,1570
36363,"Dimon, Kelli",non-elite,1509,3000,4486,5997,7498,9064,10684,12329,1491,1486,1511,1501,1566,1620,1645
36364,"Basa, Kristen",non-elite,1410,2855,4309,5808,7331,8922,10582,12277,1445,1454,1499,1523,1591,1660,1695
36365,"Hatathli, Thomas",non-elite,1472,2989,4505,6056,7582,9173,10797,12337,1517,1516,1551,1526,1591,1624,1540
36366,"Sonnenberg, Gabriella D.",non-elite,1432,2912,4448,5970,7506,9085,10694,12303,1480,1536,1522,1536,1579,1609,1609
36367,"Willard, Kelly",non-elite,1392,2770,4244,5790,7317,8962,10640,12274,1378,1474,1546,1527,1645,1678,1634
36368,"Ford, Barrett D.",non-elite,1384,2772,4191,5671,7255,8859,10581,12243,1388,1419,1480,1584,1604,1722,1662
36369,"Roach, Sara",non-elite,1525,3054,4568,6101,7616,9169,10751,12328,1529,1514,1533,1515,1553,1582,1577
36370,"Calhoun, Elizabeth",non-elite,1582,3069,4524,6021,7523,9094,10705,12292,1487,1455,1497,1502,1571,1611,1587
36371,"Huwer, Lynn M",non-elite,1485,2959,4449,5964,7485,9062,10701,12308,1474,1490,1515,1521,1577,1639,1607
36372,"Dyer, Shannon M",non-elite,1392,2795,4232,5826,7434,9043,10709,12328,1403,1437,1594,1608,1609,1666,1619
36373,"Flaggert, Alison",non-elite,1418,2826,4228,5662,7120,8754,10470,12178,1408,1402,1434,1458,1634,1716,1708
36374,"Sjogren, Niclas",non-elite,1291,2626,3988,5386,6799,8302,9937,12187,1335,1362,1398,1413,1503,1635,2250
36375,"Young, Tricia",non-elite,1438,2869,4313,5824,7371,8992,10659,12279,1431,1444,1511,1547,1621,1667,1620
36376,"Senkowski, Jeff P",non-elite,1408,2822,4251,5688,7137,8693,10440,12271,1414,1429,1437,1449,1556,1747,1831
36377,"Spriggs, Amber P",non-elite,1497,2964,4431,5929,7459,9067,10725,12321,1467,1467,1498,1530,1608,1658,1596
36378,"Bowen, Meredith T.",non-elite,1465,2898,4351,5834,7324,8924,10560,12263,1433,1453,1483,1490,1600,1636,1703
36379,"Mcgrath, Scott K",non-elite,1228,2535,4024,5560,7067,8765,10496,12285,1307,1489,1536,1507,1698,1731,1789
36380,"Parmigiani, Giovanni",non-elite,1467,2921,4381,5835,7299,8808,10399,12102,1454,1460,1454,1464,1509,1591,1703
36381,"Linscott, Michael",non-elite,1311,2661,4080,5574,7135,8801,10497,12237,1350,1419,1494,1561,1666,1696,1740
36382,"Corner, Maggie",non-elite,1442,2884,4329,5786,7255,8804,10569,12311,1442,1445,1457,1469,1549,1765,1742
36383,"Cheshire, Ellen",non-elite,1457,2909,4389,5859,7353,8907,10559,12235,1452,1480,1470,1494,1554,1652,1676
36384,"White, David C",non-elite,1376,2745,4146,5618,7166,8803,10533,12217,1369,1401,1472,1548,1637,1730,1684
36385,"Konopinski, Scott G",non-elite,1489,2982,4476,5968,7430,8919,10659,12246,1493,1494,1492,1462,1489,1740,1587
36386,"Roman, Mark",non-elite,1472,2948,4438,5944,7449,9036,10689,12304,1476,1490,1506,1505,1587,1653,1615
36387,"Medina, Ana M",non-elite,1535,3031,4536,6056,7577,9158,10799,12341,1496,1505,1520,1521,1581,1641,1542
36388,"Chu, Ling",non-elite,1465,2907,4383,5892,7407,9019,10692,12322,1442,1476,1509,1515,1612,1673,1630
36389,"Meyer, Caitie J",non-elite,1343,2695,4074,5606,7240,8973,10694,12314,1352,1379,1532,1634,1733,1721,1620
36390,"Casline, Jamie S",non-elite,1476,2920,4370,5832,7295,8864,10583,12264,1444,1450,1462,1463,1569,1719,1681
36391,"Benshoff, Dan",non-elite,1467,2947,4437,5915,7387,8904,10468,12177,1480,1490,1478,1472,1517,1564,1709
36392,"Purohit, Ravishekhar",non-elite,1524,3048,4569,6095,7613,9173,10758,12293,1524,1521,1526,1518,1560,1585,1535
36393,"Bauer, Nichole M.",non-elite,1436,2886,4344,5848,7361,8960,10626,12293,1450,1458,1504,1513,1599,1666,1667
36394,"Allen, Anthony M",non-elite,1436,2925,4378,5872,7387,8987,10665,12335,1489,1453,1494,1515,1600,1678,1670
36395,"Young-Halverson, Kellee M.",non-elite,1404,2859,4367,5922,7461,9075,10718,12321,1455,1508,1555,1539,1614,1643,1603
36396,"Sunami, Motoshi",non-elite,1341,2693,4072,5504,6969,8595,10344,12139,1352,1379,1432,1465,1626,1749,1795
36397,"Webber, Paul",non-elite,1318,2619,3939,5312,6773,8692,10467,12282,1301,1320,1373,1461,1919,1775,1815
36398,"Reilly, Meg",non-elite,1448,2896,4348,5947,7508,9077,10749,12312,1448,1452,1599,1561,1569,1672,1563
36399,"Austin, Kurt R.",non-elite,1339,2714,4139,5585,7038,8585,10326,12130,1375,1425,1446,1453,1547,1741,1804
36400,"Mcmackin, Ross",non-elite,1281,2564,3848,5170,6569,8118,9847,12112,1283,1284,1322,1399,1549,1729,2265
36401,"Anguiano, Jose Pedro P. Sr.",non-elite,1207,2409,3638,4902,6221,7716,9923,12284,1202,1229,1264,1319,1495,2207,2361
36402,"Soto, Victor M. Sr.",non-elite,1336,2586,3830,5129,6521,8037,9744,12190,1250,1244,1299,1392,1516,1707,2446
36403,"Argenio, Sharon",non-elite,1376,2774,4231,5742,7292,8985,10713,12333,1398,1457,1511,1550,1693,1728,1620
36404,"Gratkins, Steve L",non-elite,1263,2530,3825,5320,6911,8717,10479,12290,1267,1295,1495,1591,1806,1762,1811
36405,"Scott, Bobby",non-elite,1427,2901,4379,5901,7420,9053,10728,12325,1474,1478,1522,1519,1633,1675,1597
36406,"Black, Stacey K.",non-elite,1503,2996,4494,6015,7543,9120,10762,12314,1493,1498,1521,1528,1577,1642,1552
36408,"Rich, Larry",non-elite,1567,3120,4653,6128,7563,9130,10780,12341,1553,1533,1475,1435,1567,1650,1561
36409,"Zaccheo, Billy",non-elite,1389,2788,4201,5612,7080,8579,10201,12145,1399,1413,1411,1468,1499,1622,1944
36410,"Brown, Kevin L.",non-elite,1394,2793,4193,5679,7188,8800,10448,12218,1399,1400,1486,1509,1612,1648,1770
36411,"Ciocchetti, Massimo",non-elite,1430,2845,4270,5705,7313,9022,10651,12381,1415,1425,1435,1608,1709,1629,1730
36412,"Holden, Gretchen",non-elite,1405,2837,4302,5807,7370,9018,10695,12313,1432,1465,1505,1563,1648,1677,1618
36413,"Fisher, Tamra J",non-elite,1367,2748,4192,5704,7269,8909,10584,12304,1381,1444,1512,1565,1640,1675,1720
36414,"Elliott, Jessica L",non-elite,1550,3091,4620,6154,7693,9246,10832,12351,1541,1529,1534,1539,1553,1586,1519
36415,"Wuttke, Markus",non-elite,1362,2765,4203,5697,7206,8800,10489,12216,1403,1438,1494,1509,1594,1689,1727
36416,"Walsh, David",non-elite,1488,2948,4408,5911,7434,8997,10644,12263,1460,1460,1503,1523,1563,1647,1619
36417,"Lieblein, Andrea",non-elite,1472,2946,4416,5926,7446,9003,10635,12260,1474,1470,1510,1520,1557,1632,1625
36418,"Legierski, Samuel A",non-elite,1507,2969,4434,5945,7470,9038,10610,12260,1462,1465,1511,1525,1568,1572,1650
36419,"Domina, Christie",non-elite,1480,2977,4504,6005,7512,9071,10770,12349,1497,1527,1501,1507,1559,1699,1579
36420,"Heroux, Jean-Pascal",non-elite,1424,2848,4280,5746,7222,8802,10532,12272,1424,1432,1466,1476,1580,1730,1740
36421,"Ferron, Jean",non-elite,1424,2849,4281,5746,7222,8802,10532,12272,1425,1432,1465,1476,1580,1730,1740
36422,"Brinkman, Taylor F",non-elite,1289,2567,3834,5147,6541,8417,10237,12330,1278,1267,1313,1394,1876,1820,2093
36423,"Strickland, Laura",non-elite,1470,2900,4326,5817,7370,8982,10688,12315,1430,1426,1491,1553,1612,1706,1627
36424,"Doehler, Kirstie",non-elite,1435,2894,4377,5888,7463,9091,10720,12333,1459,1483,1511,1575,1628,1629,1613
36425,"Mitchell, Thomas J.",non-elite,1524,3033,4534,6047,7551,9107,10715,12308,1509,1501,1513,1504,1556,1608,1593
36426,"Gomes, Trevor C",non-elite,1319,2622,3938,5325,6789,8381,10237,12331,1303,1316,1387,1464,1592,1856,2094
36427,"Kiel, Chip",non-elite,1408,2842,4310,5796,7299,8899,10581,12271,1434,1468,1486,1503,1600,1682,1690
36428,"Awata, Toshimi",non-elite,1325,2743,4227,5727,7227,8905,10622,12318,1418,1484,1500,1500,1678,1717,1696
36429,"Decker, Roslynn D",non-elite,1397,2820,4311,5938,7561,9139,10722,12307,1423,1491,1627,1623,1578,1583,1585
36430,"Cashman, Conor",non-elite,1547,3026,4465,5897,7357,8867,10591,12251,1479,1439,1432,1460,1510,1724,1660
36431,"Houde, Christine A",non-elite,1557,3117,4689,6243,7749,9296,10857,12361,1560,1572,1554,1506,1547,1561,1504
36432,"Barfoot, Gary S",non-elite,1490,2998,4539,6090,7635,9224,10811,12370,1508,1541,1551,1545,1589,1587,1559
36433,"Olson, Angela",non-elite,1461,2917,4380,5869,7386,8980,10643,12279,1456,1463,1489,1517,1594,1663,1636
36434,"Lawton, Adam",non-elite,1326,2661,4018,5417,6847,8385,10245,12203,1335,1357,1399,1430,1538,1860,1958
36435,"Anderson, Tyler",non-elite,1186,2415,3729,5132,6603,8291,10211,12249,1229,1314,1403,1471,1688,1920,2038
36436,"Carlson, Debra J.",non-elite,1519,2988,4459,5956,7450,9020,10665,12293,1469,1471,1497,1494,1570,1645,1628
36437,"Stumbras, Jeffery J.",non-elite,1526,3020,4520,6034,7534,9076,10673,12267,1494,1500,1514,1500,1542,1597,1594
36438,"Campbell, Amy",non-elite,1292,2625,4114,5728,7329,8999,10721,12340,1333,1489,1614,1601,1670,1722,1619
36439,"Stegemann, Mara",non-elite,1406,2824,4260,5760,7292,8852,10749,12310,1418,1436,1500,1532,1560,1897,1561
36440,"Gautier, Jan",non-elite,1493,2970,4469,5985,7495,9109,10713,12309,1477,1499,1516,1510,1614,1604,1596
36441,"Bergeron, Andre",non-elite,1557,2923,4259,5625,7001,8611,10574,12227,1366,1336,1366,1376,1610,1963,1653
36442,"Wells, Rich A",non-elite,1478,2967,4461,5957,7453,9008,10650,12285,1489,1494,1496,1496,1555,1642,1635
36443,"Cardoze, Cristina",non-elite,1448,2921,4474,6005,7526,9120,10754,12345,1473,1553,1531,1521,1594,1634,1591
36444,"Leigh, Michael J",non-elite,1417,2840,4252,5677,7127,8683,10419,12178,1423,1412,1425,1450,1556,1736,1759
36445,"Saville, Angela",non-elite,1421,2830,4271,5760,7262,8841,10568,12290,1409,1441,1489,1502,1579,1727,1722
36446,"Loeb, Julia M.",non-elite,1387,2834,4289,5847,7442,9150,10836,12388,1447,1455,1558,1595,1708,1686,1552
36447,"Boucher, Jessica",non-elite,1419,2837,4317,5852,7392,8968,10603,12268,1418,1480,1535,1540,1576,1635,1665
36448,"Hickman, Warrick",non-elite,1299,2588,3917,5276,6784,8556,10438,12284,1289,1329,1359,1508,1772,1882,1846
36449,"Adair, Laurel M",non-elite,1424,2867,4329,5835,7414,9046,10723,12342,1443,1462,1506,1579,1632,1677,1619
36450,"Waynick, Tina M",non-elite,1552,3054,4533,6019,7510,9042,10612,12161,1502,1479,1486,1491,1532,1570,1549
36451,"Arensen, Kirsten",non-elite,1485,2947,4418,6008,7520,9118,10737,12331,1462,1471,1590,1512,1598,1619,1594
36452,"Cottrell, Bill",non-elite,1394,2819,4263,5786,7356,8966,10616,12280,1425,1444,1523,1570,1610,1650,1664
36453,"Feher, Todd",non-elite,1388,2801,4256,5764,7285,8871,10546,12257,1413,1455,1508,1521,1586,1675,1711
36454,"Van Marcke, Kristen E",non-elite,1513,3028,4533,6047,7565,9127,10755,12341,1515,1505,1514,1518,1562,1628,1586
36455,"Mello Cattaruzzi, Valeria",non-elite,1416,2828,4269,5741,7306,8935,10571,12277,1412,1441,1472,1565,1629,1636,1706
36456,"Clark, James",non-elite,1450,2930,4397,5895,7396,8982,10625,12295,1480,1467,1498,1501,1586,1643,1670
36457,"Lauer, Christina",non-elite,1346,2715,4112,5566,7089,8860,10675,12326,1369,1397,1454,1523,1771,1815,1651
36458,"Recinos, Pedro",non-elite,1286,2583,3926,5327,6830,8458,10313,12135,1297,1343,1401,1503,1628,1855,1822
36459,"Flynn, Susan E.",non-elite,1471,2962,4446,5942,7442,8989,10665,12285,1491,1484,1496,1500,1547,1676,1620
36460,"Dube, Alain",non-elite,1513,3035,4568,6113,7650,9229,10819,12364,1522,1533,1545,1537,1579,1590,1545
36461,"Johnson, Miranda D",non-elite,1498,2968,4464,5977,7482,9068,10685,12313,1470,1496,1513,1505,1586,1617,1628
36462,"Elizondo, Juan",non-elite,1434,2933,4424,5958,7452,9000,10626,12290,1499,1491,1534,1494,1548,1626,1664
36463,"Toussaert, Severine",non-elite,1438,2866,4380,5953,7496,9075,10693,12302,1428,1514,1573,1543,1579,1618,1609
36464,"Willsey, Nate",non-elite,1270,2545,3841,5253,6739,8706,10504,12279,1275,1296,1412,1486,1967,1798,1775
36465,"Jacob, Gregg A",non-elite,1322,2643,4000,5388,6790,8275,9980,12319,1321,1357,1388,1402,1485,1705,2339
36466,"Jones, Sarah",non-elite,1518,3036,4552,6069,7589,9154,10744,12332,1518,1516,1517,1520,1565,1590,1588
36467,"Marten, Scott A",non-elite,1418,2838,4269,5764,7236,8796,10500,12225,1420,1431,1495,1472,1560,1704,1725
36468,"Balderas, Rey",non-elite,1463,2912,4359,5830,7307,8912,10630,12317,1449,1447,1471,1477,1605,1718,1687
36469,"Van Der Mark, Brianna J",non-elite,1507,2993,4471,5968,7490,9064,10677,12269,1486,1478,1497,1522,1574,1613,1592
36470,"Manago, Sumitaka",non-elite,1606,3087,4548,6047,7583,9127,10740,12337,1481,1461,1499,1536,1544,1613,1597
36471,"Bowman, David L",non-elite,1270,2550,3902,5360,6917,8603,10425,12248,1280,1352,1458,1557,1686,1822,1823
36473,"Houston, Richard F",non-elite,1421,2874,4335,5846,7352,8943,10596,12270,1453,1461,1511,1506,1591,1653,1674
36474,"Yudelman, Errol",non-elite,1565,3026,4497,6060,7559,9169,10784,12335,1461,1471,1563,1499,1610,1615,1551
36475,"Taylor, Kristin J.",non-elite,1504,2988,4473,5969,7452,9022,10715,12317,1484,1485,1496,1483,1570,1693,1602
36476,"Fair, Katherine M.",non-elite,1355,2748,4157,5640,7154,8743,10506,12216,1393,1409,1483,1514,1589,1763,1710
36477,"Mcnulty, Ian",non-elite,1330,2696,4333,5989,7541,9204,10863,12411,1366,1637,1656,1552,1663,1659,1548
36478,"Roebal, Bruce A",non-elite,1414,2895,4435,5968,7535,9139,10773,12335,1481,1540,1533,1567,1604,1634,1562
36479,"Favre, Jennifer",non-elite,1441,2872,4313,5789,7299,8989,10647,12337,1431,1441,1476,1510,1690,1658,1690
36480,"Sanders, Rebecca",non-elite,1465,2972,4506,6063,7585,9167,10797,12338,1507,1534,1557,1522,1582,1630,1541
36481,"Kaufman, Samantha",non-elite,1441,2868,4317,5810,7312,8907,10588,12277,1427,1449,1493,1502,1595,1681,1689
36482,"Kennedy-Nasser, Alana",non-elite,1495,2935,4395,5894,7416,9027,10753,12350,1440,1460,1499,1522,1611,1726,1597
36483,"Turi, John",non-elite,1400,2808,4228,5678,7182,8801,10535,12302,1408,1420,1450,1504,1619,1734,1767
36484,"Cushman, Anne",non-elite,1361,2766,4225,5808,7395,9012,10663,12282,1405,1459,1583,1587,1617,1651,1619
36485,"Blinder, Yehuda",non-elite,1393,2811,4252,5798,7305,8933,10645,12301,1418,1441,1546,1507,1628,1712,1656
36486,"Detemple, Derek",non-elite,1343,2851,4337,5845,7359,9001,10735,12333,1508,1486,1508,1514,1642,1734,1598
36487,"Morse, Jennifer",non-elite,1456,2934,4428,5965,7519,9127,10763,12353,1478,1494,1537,1554,1608,1636,1590
36488,"Patzer, Hilary",non-elite,1439,2915,4382,5893,7412,9014,10706,12331,1476,1467,1511,1519,1602,1692,1625
36489,"Shen, Pi-Cheng",non-elite,1395,2845,4289,5882,7464,9086,10735,12321,1450,1444,1593,1582,1622,1649,1586
36490,"Quinn, Holli S",non-elite,1468,2962,4446,5931,7424,8985,10640,12275,1494,1484,1485,1493,1561,1655,1635
36491,"Mulligan, Brian Patrick",non-elite,1395,2768,4164,5605,7055,8596,10260,12102,1373,1396,1441,1450,1541,1664,1842
36492,"Jakits, Holly E.",non-elite,1405,2827,4299,5836,7403,9049,10708,12333,1422,1472,1537,1567,1646,1659,1625
36493,"Howe, Janet R.",non-elite,1467,2948,4439,5968,7504,9083,10705,12302,1481,1491,1529,1536,1579,1622,1597
36494,"Kader, Tina",non-elite,1449,2915,4416,6034,7552,9112,10699,12353,1466,1501,1618,1518,1560,1587,1654
36495,"Roehm, James",non-elite,1411,2829,4252,5736,7244,8837,10507,12237,1418,1423,1484,1508,1593,1670,1730
36496,"Ascah, Lauren J.",non-elite,1488,2961,4426,5909,7406,9002,10677,12344,1473,1465,1483,1497,1596,1675,1667
36497,"Lee, Alexander D",non-elite,1237,2508,3839,5252,6807,8543,10392,12267,1271,1331,1413,1555,1736,1849,1875
36498,"Lanigan, Joan E",non-elite,1413,2819,4280,5811,7319,8898,10548,12261,1406,1461,1531,1508,1579,1650,1713
36499,"Wegerdt, Paul A.",non-elite,1651,3256,4817,6356,7871,9391,10917,12393,1605,1561,1539,1515,1520,1526,1476
36500,"Alvarez, Jose A Sr.",non-elite,1402,2793,4217,5718,7286,8937,10668,12323,1391,1424,1501,1568,1651,1731,1655
36501,"Stauffer, Ellen F.",non-elite,1411,2818,4255,5766,7368,9036,10685,12351,1407,1437,1511,1602,1668,1649,1666
36502,"Mihalik, Chris",non-elite,1390,2803,4246,5798,7328,8966,10606,12314,1413,1443,1552,1530,1638,1640,1708
36503,"Wood, Michael G.",non-elite,1474,2974,4466,5972,7485,9035,10657,12319,1500,1492,1506,1513,1550,1622,1662
36504,"Cadman, Nicole",non-elite,1411,2843,4299,5798,7297,8927,10620,12297,1432,1456,1499,1499,1630,1693,1677
36505,"Fougner, Elizabeth Ashley",non-elite,1448,2922,4415,5917,7453,9034,10680,12332,1474,1493,1502,1536,1581,1646,1652
36506,"Danbe, Janna",non-elite,1412,2841,4337,5870,7380,8966,10596,12245,1429,1496,1533,1510,1586,1630,1649
36507,"Witthauer, Keith",non-elite,1275,2569,3930,5397,6930,8644,10418,12229,1294,1361,1467,1533,1714,1774,1811
36508,"Purcell, Matthew B",non-elite,1370,2722,4090,5514,7011,8640,10379,12190,1352,1368,1424,1497,1629,1739,1811
36509,"McDonough, Joanna",non-elite,1487,2976,4474,5991,7505,9076,10703,12350,1489,1498,1517,1514,1571,1627,1647
36510,"St-Pierre, Francois",non-elite,1308,2618,3961,5361,6919,8444,10296,12204,1310,1343,1400,1558,1525,1852,1908
36511,"Akey, Kelley J.",non-elite,1265,2573,3906,5370,6876,8483,10420,12303,1308,1333,1464,1506,1607,1937,1883
36512,"Ryan, Jennifer",non-elite,1486,2979,4478,5986,7498,9071,10696,12320,1493,1499,1508,1512,1573,1625,1624
36513,"Steppe, Emma R",non-elite,1447,2872,4305,5755,7252,8859,10582,12305,1425,1433,1450,1497,1607,1723,1723
36514,"Iaquinta, Maura K",non-elite,1465,2941,4430,6012,7683,9254,10841,12371,1476,1489,1582,1671,1571,1587,1530
36515,"Neundorfer, Kelly A",non-elite,1547,3080,4584,6109,7628,9196,10806,12372,1533,1504,1525,1519,1568,1610,1566
36516,"Miller, Lisa",non-elite,1522,3059,4601,6132,7649,9200,10784,12351,1537,1542,1531,1517,1551,1584,1567
36517,"Klein, Eric S.",non-elite,1457,2930,4411,5928,7439,9026,10656,12315,1473,1481,1517,1511,1587,1630,1659
36518,"Soper, Melissa A",non-elite,1407,2851,4352,5894,7441,9057,10722,12338,1444,1501,1542,1547,1616,1665,1616
36519,"Brand, Thomas R.",non-elite,1375,2736,4120,5564,7009,8524,10218,12274,1361,1384,1444,1445,1515,1694,2056
36520,"Homorody, Jason L.",non-elite,1302,2596,4008,5457,6899,8460,10207,12163,1294,1412,1449,1442,1561,1747,1956
36521,"Robertson, Amy C.",non-elite,1421,2878,4392,5923,7474,9107,10770,12333,1457,1514,1531,1551,1633,1663,1563
36522,"Boiano, Roberto",non-elite,1330,2821,4351,5910,7457,9042,10688,12307,1491,1530,1559,1547,1585,1646,1619
36523,"Slavich, Vanessa",non-elite,1444,2934,4432,6016,7525,9088,10726,12371,1490,1498,1584,1509,1563,1638,1645
36524,"Okker, Patricia",non-elite,1546,3068,4595,6128,7654,9234,10788,12335,1522,1527,1533,1526,1580,1554,1547
36525,"Sampas, Nick",non-elite,1453,2933,4448,5976,7509,9103,10729,12345,1480,1515,1528,1533,1594,1626,1616
36526,"Scoville, Trevor J",non-elite,1377,2785,4159,5547,6993,8680,10521,12334,1408,1374,1388,1446,1687,1841,1813
36527,"Shields, Keith D",non-elite,1433,2875,4358,5905,7446,9045,10709,12322,1442,1483,1547,1541,1599,1664,1613
36528,"Craven, Katya",non-elite,1458,2950,4424,5936,7473,9070,10735,12328,1492,1474,1512,1537,1597,1665,1593
36529,"Radcliffe, Sean",non-elite,1196,2499,3853,5279,6757,8539,10391,12211,1303,1354,1426,1478,1782,1852,1820
36530,"Kristjansdottir, Asdis",non-elite,1408,2854,4347,5901,7495,9102,10758,12336,1446,1493,1554,1594,1607,1656,1578
36531,"Stahl, Sara",non-elite,1536,3094,4581,6079,7586,9161,10758,12339,1558,1487,1498,1507,1575,1597,1581
36532,"Langkam, David",non-elite,1444,2890,4342,5808,7284,8902,10609,12286,1446,1452,1466,1476,1618,1707,1677
36533,"Rogers, Taylor P",non-elite,1493,2968,4429,5895,7362,8969,10681,12369,1475,1461,1466,1467,1607,1712,1688
36534,"Sapper, Julie E.",non-elite,1496,2968,4434,5935,7477,9070,10726,12340,1472,1466,1501,1542,1593,1656,1614
36535,"Pintar, Daniel",non-elite,1519,3030,4547,6073,7571,9112,10703,12307,1511,1517,1526,1498,1541,1591,1604
36536,"Levy, Liane C.",non-elite,1532,3093,4653,6214,7757,9328,10888,12391,1561,1560,1561,1543,1571,1560,1503
36537,"Tighe, Maggie",non-elite,1361,2799,4331,5867,7387,9060,10734,12338,1438,1532,1536,1520,1673,1674,1604
36538,"Chipkin, Laura R",non-elite,1455,2886,4349,5872,7405,9056,10730,12341,1431,1463,1523,1533,1651,1674,1611
36539,"Baroffio, Bryan",non-elite,1451,2938,4449,5991,7528,9140,10761,12342,1487,1511,1542,1537,1612,1621,1581
36540,"Hernandez-Pinzon, Ricardo",non-elite,1437,2818,4172,5613,7110,8764,10558,12310,1381,1354,1441,1497,1654,1794,1752
36541,"Smith, Katherine G",non-elite,1503,3022,4560,6117,7707,9296,10878,12372,1519,1538,1557,1590,1589,1582,1494
36542,"Orzechowski, Kelly",non-elite,1493,2981,4485,6002,7531,9114,10743,12359,1488,1504,1517,1529,1583,1629,1616
36543,"Tamberrino, Niccole M.",non-elite,1370,2816,4298,5816,7348,8942,10618,12300,1446,1482,1518,1532,1594,1676,1682
36544,"Van Hull, Kristen F.",non-elite,1519,3008,4498,6018,7543,9151,10788,12357,1489,1490,1520,1525,1608,1637,1569
36545,"Frey, Mary E.",non-elite,1512,3025,4544,6056,7556,9121,10735,12348,1513,1519,1512,1500,1565,1614,1613
36546,"Suvannavejh, Graig C",non-elite,1416,2826,4249,5719,7234,8878,10624,12323,1410,1423,1470,1515,1644,1746,1699
36547,"Sanchez, Margaret",non-elite,1489,3007,4545,6097,7621,9202,10800,12344,1518,1538,1552,1524,1581,1598,1544
36548,"Grosse, Amanda C.",non-elite,1391,2758,4128,5554,7021,8626,10362,12288,1367,1370,1426,1467,1605,1736,1926
36549,"Taylor, Andrea C.",non-elite,1464,2936,4467,6055,7642,9274,10892,12369,1472,1531,1588,1587,1632,1618,1477
36550,"Brooks, Adrienne P",non-elite,1479,2928,4413,5934,7459,9052,10697,12312,1449,1485,1521,1525,1593,1645,1615
36551,"Parliyan, Nisim",non-elite,1488,2974,4484,6030,7564,9132,10752,12328,1486,1510,1546,1534,1568,1620,1576
36552,"Ortiz, Jorge Sr.",non-elite,1340,2710,4141,5625,7134,8826,10543,12246,1370,1431,1484,1509,1692,1717,1703
36553,"Kowalski, Kurtis",non-elite,1435,2943,4453,5970,7475,9034,10673,12320,1508,1510,1517,1505,1559,1639,1647
36554,"O'Dell, Mike",non-elite,1434,2911,4399,5919,7415,9002,10684,12320,1477,1488,1520,1496,1587,1682,1636
36555,"Couture, Philippe",non-elite,1423,2926,4423,5930,7435,8984,10587,12266,1503,1497,1507,1505,1549,1603,1679
36556,"Tobias, Tara",non-elite,1559,3085,4592,6156,7692,9254,10783,12377,1526,1507,1564,1536,1562,1529,1594
36557,"Sedlock, Carly",non-elite,1416,2867,4334,5838,7348,8974,10666,12308,1451,1467,1504,1510,1626,1692,1642
36558,"Abazeed, Ghyath",non-elite,1485,2968,4433,5938,7549,9071,10686,12321,1483,1465,1505,1611,1522,1615,1635
36559,"Scheibel, Mark D",non-elite,1143,2312,3532,4930,6848,8684,10642,12327,1169,1220,1398,1918,1836,1958,1685
36560,"Posey, Dale L",non-elite,1507,3007,4500,5972,7449,9008,10650,12317,1500,1493,1472,1477,1559,1642,1667
36561,"Bane, Christie",non-elite,1513,3000,4485,6006,7529,9112,10773,12345,1487,1485,1521,1523,1583,1661,1572
36562,"Broussard, Buddy",non-elite,1469,2979,4496,6044,7577,9144,10746,12308,1510,1517,1548,1533,1567,1602,1562
36563,"Jackson, Kate",non-elite,1379,2782,4257,5809,7384,9016,10697,12321,1403,1475,1552,1575,1632,1681,1624
36564,"Arriagada, Veronica",non-elite,1514,3019,4523,6054,7577,9160,10771,12352,1505,1504,1531,1523,1583,1611,1581
36565,"Fox, Lee K",non-elite,1496,3030,4571,6113,7636,9191,10795,12358,1534,1541,1542,1523,1555,1604,1563
36566,"Restrepo, Shandyn",non-elite,1423,2848,4281,5775,7347,8967,10649,12288,1425,1433,1494,1572,1620,1682,1639
36567,"Muzyk, Grzegorz",non-elite,1263,2570,3906,5302,6767,8491,10496,12364,1307,1336,1396,1465,1724,2005,1868
36568,"Daniel, Jordan M.",non-elite,1268,2675,4392,5971,7610,9210,10843,12384,1407,1717,1579,1639,1600,1633,1541
36569,"Wolfe, Ralph",non-elite,1403,2757,4104,5509,7059,8743,10603,12328,1354,1347,1405,1550,1684,1860,1725
36570,"Bilotta, Heather",non-elite,1458,2862,4265,5707,7199,8878,10690,12323,1404,1403,1442,1492,1679,1812,1633
36571,"Spewak, Mark S",non-elite,1194,2372,3564,4768,5974,7414,10452,12260,1178,1192,1204,1206,1440,3038,1808
36572,"Foote, Eleanor H.",non-elite,1500,2987,4449,5935,7423,9039,10731,12361,1487,1462,1486,1488,1616,1692,1630
36573,"Belli, Christopher M.",non-elite,1440,2920,4417,5934,7465,9069,10714,12347,1480,1497,1517,1531,1604,1645,1633
36574,"Coon, Jennifer",non-elite,1455,2909,4384,5947,7528,9098,10719,12334,1454,1475,1563,1581,1570,1621,1615
36575,"Wieser, Martha",non-elite,1499,2993,4478,5973,7482,9113,10787,12348,1494,1485,1495,1509,1631,1674,1561
36576,"Johnson, Sasha K",non-elite,1481,2954,4438,5957,7473,9150,10780,12362,1473,1484,1519,1516,1677,1630,1582
36577,"Lockard, Candice L",non-elite,1463,2940,4430,5976,7518,9079,10712,12331,1477,1490,1546,1542,1561,1633,1619
36578,"Hanumantappa, Siddesha",non-elite,1300,2695,4150,5656,7154,8813,10590,12283,1395,1455,1506,1498,1659,1777,1693
36579,"Mercer, Daniel M",non-elite,1279,2551,3840,5226,7562,9084,10662,12383,1272,1289,1386,2336,1522,1578,1721
36580,"Sabado, Ferdinel",non-elite,1304,2629,4093,5621,7258,9019,10762,12365,1325,1464,1528,1637,1761,1743,1603
36581,"Barra, Patric",non-elite,1377,2768,4211,5700,7239,8926,10673,12347,1391,1443,1489,1539,1687,1747,1674
36582,"Sanborn, Kimberly",non-elite,1404,2802,4233,5715,7213,8800,10492,12268,1398,1431,1482,1498,1587,1692,1776
36583,"Lorinser, Peter T.",non-elite,1599,3091,4561,6059,7559,9133,10762,12373,1492,1470,1498,1500,1574,1629,1611
36584,"Keeny, Heather M",non-elite,1438,2860,4310,5808,7326,8927,10598,12331,1422,1450,1498,1518,1601,1671,1733
36585,"Toupin, Bailey M",non-elite,1455,2897,4371,5897,7450,9052,10697,12343,1442,1474,1526,1553,1602,1645,1646
36586,"Healy, Mary K",non-elite,1409,2854,4344,5888,7453,9103,10765,12369,1445,1490,1544,1565,1650,1662,1604
36587,"Bagley, Sean",non-elite,1462,2958,4467,5997,7510,9051,10651,12296,1496,1509,1530,1513,1541,1600,1645
36588,"Vicary, Bret P",non-elite,1400,2857,4376,5941,7483,9071,10732,12349,1457,1519,1565,1542,1588,1661,1617
36589,"Barrett, Maryn",non-elite,1438,2874,4370,5853,7406,9034,10716,12382,1436,1496,1483,1553,1628,1682,1666
36590,"Colas, Sandrine A.",non-elite,1486,2938,4453,6028,7562,9141,10760,12367,1452,1515,1575,1534,1579,1619,1607
36591,"Clark, Angie D.",non-elite,1440,2902,4372,5888,7415,9041,10743,12323,1462,1470,1516,1527,1626,1702,1580
36592,"Lapointe, Darcey A.",non-elite,1453,2935,4418,5926,7443,9045,10719,12353,1482,1483,1508,1517,1602,1674,1634
36593,"Spinneweber, Lana",non-elite,1520,3055,4562,6072,7575,9108,10676,12317,1535,1507,1510,1503,1533,1568,1641
36594,"Malone, Shanna N.",non-elite,1526,3046,4554,6074,7609,9170,10778,12364,1520,1508,1520,1535,1561,1608,1586
36595,"Kolberg, Courtney A",non-elite,1359,2732,4169,5734,7305,8940,10660,12325,1373,1437,1565,1571,1635,1720,1665
36596,"Binsfeld, Matthew",non-elite,1345,2718,4105,5556,7013,8617,10345,12164,1373,1387,1451,1457,1604,1728,1819
36597,"Jourdain, Roberto",non-elite,1466,2910,4347,5806,7272,8847,10571,12312,1444,1437,1459,1466,1575,1724,1741
36598,"Callaghan, Kristen",non-elite,1476,2919,4390,5937,7467,9082,10742,12378,1443,1471,1547,1530,1615,1660,1636
36599,"Toth, Robert P",non-elite,1457,2913,4372,5849,7338,8999,10593,12324,1456,1459,1477,1489,1661,1594,1731
36600,"Gambino, Crissy L.",non-elite,1432,2877,4337,5847,7382,8968,10614,12298,1445,1460,1510,1535,1586,1646,1684
36601,"Blaylock, Larry E.",non-elite,1237,2497,3851,5352,6948,8614,10504,12299,1260,1354,1501,1596,1666,1890,1795
36602,"Pittman, Eric M.",non-elite,1431,2856,4289,5756,7216,8750,10487,12269,1425,1433,1467,1460,1534,1737,1782
36603,"Chong, Andrew W.",non-elite,1326,2652,3988,5353,6779,8482,10250,12253,1326,1336,1365,1426,1703,1768,2003
36604,"Hardy, Bruce A",non-elite,1484,2935,4360,5809,7310,8944,10638,12323,1451,1425,1449,1501,1634,1694,1685
36605,"Chapman, Neville J.",non-elite,1467,3004,4529,6072,7591,9160,10794,12335,1537,1525,1543,1519,1569,1634,1541
36606,"Shooshan, Kimberly E",non-elite,1366,2767,4206,5693,7220,8885,10652,12356,1401,1439,1487,1527,1665,1767,1704
36607,"Rousseau, Billy",non-elite,1426,2829,4226,5695,7141,8693,10329,12254,1403,1397,1469,1446,1552,1636,1925
36608,"Crouse, Cassy",non-elite,1376,2766,4169,5630,7123,8798,10601,12340,1390,1403,1461,1493,1675,1803,1739
36609,"Gray, Robert W III",non-elite,1388,2756,4138,5543,6968,8553,10334,12282,1368,1382,1405,1425,1585,1781,1948
36610,"Dann, Jill N",non-elite,1441,2871,4299,5764,7243,8770,10495,12273,1430,1428,1465,1479,1527,1725,1778
36611,"Congdon, Keith A",non-elite,1329,2676,4049,5483,6975,8589,10346,12259,1347,1373,1434,1492,1614,1757,1913
36612,"Charvat, Jennifer L.",non-elite,1531,3019,4505,6016,7541,9113,10752,12351,1488,1486,1511,1525,1572,1639,1599
36613,"Xiao, Weiyao",non-elite,1321,2715,4150,5721,7207,8840,10554,12289,1394,1435,1571,1486,1633,1714,1735
36614,"Thompson, Lisa",non-elite,1477,2949,4426,5925,7414,8973,10620,12292,1472,1477,1499,1489,1559,1647,1672
36615,"Birkmann, Stefanie",non-elite,1503,3014,4518,6041,7543,9118,10748,12351,1511,1504,1523,1502,1575,1630,1603
36616,"Pratschke, Mairead",non-elite,1349,2775,4369,5944,7495,9092,10737,12351,1426,1594,1575,1551,1597,1645,1614
36617,"Sanchez Alcorlo, Alicia",non-elite,1509,3001,4502,6030,7559,9141,10768,12338,1492,1501,1528,1529,1582,1627,1570
36618,"Nyhan, Sean P",non-elite,1477,2950,4426,5926,7413,8973,10619,12287,1473,1476,1500,1487,1560,1646,1668
36619,"Reines, Matthew",non-elite,1395,2800,4224,5680,7158,8767,10489,12257,1405,1424,1456,1478,1609,1722,1768
36620,"Brady, Jennifer L",non-elite,1385,2764,4140,5583,7048,8628,10395,12247,1379,1376,1443,1465,1580,1767,1852
36621,"Gardner, Kassia L",non-elite,1538,3097,4643,6203,7741,9313,10891,12389,1559,1546,1560,1538,1572,1578,1498
36622,"Lynott, Brian",non-elite,1297,2608,3955,5353,6816,8649,10507,12280,1311,1347,1398,1463,1833,1858,1773
36623,"Davies, Donald W.",non-elite,1370,2815,4302,5805,7283,8882,10598,12319,1445,1487,1503,1478,1599,1716,1721
36624,"Verrastro, Michael",non-elite,1386,2800,4259,5812,7318,8943,10635,12347,1414,1459,1553,1506,1625,1692,1712
36625,"Nakayama, Caitlin B",non-elite,1511,3023,4535,6061,7591,9179,10790,12377,1512,1512,1526,1530,1588,1611,1587
36626,"McDonough, Andrew J.",non-elite,1617,3164,4700,6239,7749,9298,10869,12402,1547,1536,1539,1510,1549,1571,1533
36627,"Savazoni, Mariluci T.",non-elite,1409,2821,4248,5726,7233,8922,10705,12368,1412,1427,1478,1507,1689,1783,1663
36628,"Davis, Michelle",non-elite,1476,2965,4439,5949,7472,9073,10716,12340,1489,1474,1510,1523,1601,1643,1624
36629,"Moore, Catalina",non-elite,1428,2872,4400,5945,7481,9060,10688,12315,1444,1528,1545,1536,1579,1628,1627
36630,"Komanecky, Mark A",non-elite,1417,2854,4338,5886,7471,9094,10771,12358,1437,1484,1548,1585,1623,1677,1587
36631,"Volpe, Bruno",non-elite,1448,2900,4362,5846,7364,8993,10708,12335,1452,1462,1484,1518,1629,1715,1627
36632,"Zamudio, Daniel II",non-elite,1386,2810,4235,5689,7190,8791,10536,12302,1424,1425,1454,1501,1601,1745,1766
36633,"Ugarte, Ian J.",non-elite,1467,2931,4433,5949,7475,9060,10708,12328,1464,1502,1516,1526,1585,1648,1620
36634,"Hoffman, Steve",non-elite,1373,2741,4140,5659,7213,8858,10615,12325,1368,1399,1519,1554,1645,1757,1710
36635,"Brandao De Morais Cunha, Marcelo Sr.",non-elite,1502,3038,4605,6125,7663,9243,10840,12396,1536,1567,1520,1538,1580,1597,1556
36636,"Schultz, Alicia",non-elite,1384,2798,4250,5798,7352,9071,10761,12379,1414,1452,1548,1554,1719,1690,1618
36637,"Peleaux, Michael J",non-elite,1380,2762,4158,5626,7157,8818,10513,12286,1382,1396,1468,1531,1661,1695,1773
36638,"Jacklin, James",non-elite,1364,2731,4119,5546,7013,8587,10357,12323,1367,1388,1427,1467,1574,1770,1966
36639,"Achenbach, Janelle",non-elite,1493,2957,4484,6023,7587,9181,10826,12378,1464,1527,1539,1564,1594,1645,1552
36640,"Dumke, Haley L.",non-elite,1338,2730,4210,5814,7356,9030,10742,12389,1392,1480,1604,1542,1674,1712,1647
36641,"Quinn, Elissa",non-elite,1489,2990,4509,6047,7585,9198,10834,12385,1501,1519,1538,1538,1613,1636,1551
36642,"Laporte, Christopher",non-elite,1326,2651,3975,5320,6746,8376,10448,12319,1325,1324,1345,1426,1630,2072,1871
36643,"Arnold, Jamie",non-elite,1470,2917,4380,5870,7398,8981,10633,12337,1447,1463,1490,1528,1583,1652,1704
36644,"Moran, Carl P.",non-elite,1396,2795,4193,5625,7077,8719,10514,12291,1399,1398,1432,1452,1642,1795,1777
36645,"Depuy, Robert",non-elite,1483,2988,4476,6036,7663,9237,10845,12418,1505,1488,1560,1627,1574,1608,1573
36646,"Gordon, Michael",non-elite,1505,2985,4490,6041,7559,9145,10755,12331,1480,1505,1551,1518,1586,1610,1576
36647,"Cenci, Gricelda",non-elite,1564,3101,4645,6187,7727,9302,10906,12401,1537,1544,1542,1540,1575,1604,1495
36648,"Cunningham, Dennis E",non-elite,1372,2718,4118,5516,6923,8440,10151,12249,1346,1400,1398,1407,1517,1711,2098
36649,"Mcallister, Dayna",non-elite,1522,3035,4552,6082,7583,9136,10725,12325,1513,1517,1530,1501,1553,1589,1600
36650,"Huber, Patrick J",non-elite,1534,3052,4567,6126,7675,9270,10869,12411,1518,1515,1559,1549,1595,1599,1542
36651,"Coad, Sarah E.",non-elite,1444,2902,4403,5932,7471,9060,10707,12335,1458,1501,1529,1539,1589,1647,1628
36652,"Mobley, Erica S",non-elite,1460,2926,4431,5965,7531,9125,10768,12375,1466,1505,1534,1566,1594,1643,1607
36653,"Poppleton, Amanda M",non-elite,1461,2914,4393,5938,7541,9170,10838,12389,1453,1479,1545,1603,1629,1668,1551
36654,"Goff, Rhys D.",non-elite,1473,2943,4406,5870,7333,8911,10577,12315,1470,1463,1464,1463,1578,1666,1738
36655,"Helsel, Theresa",non-elite,1443,2911,4380,5869,7392,9004,10645,12370,1468,1469,1489,1523,1612,1641,1725
36656,"Figueroa, Jorge M. Sr.",non-elite,1415,2836,4315,5828,7353,8963,10685,12356,1421,1479,1513,1525,1610,1722,1671
36657,"Hamel, Luc",non-elite,1315,2637,3981,5405,6955,8564,10261,12255,1322,1344,1424,1550,1609,1697,1994
36658,"Hobbs, Brent P",non-elite,1399,2834,4268,5771,7295,8900,10584,12332,1435,1434,1503,1524,1605,1684,1748
36659,"Switzer, John",non-elite,1525,3045,4560,6109,7654,9288,10901,12404,1520,1515,1549,1545,1634,1613,1503
36660,"Feraco, Merissa",non-elite,1404,2841,4327,5830,7355,8976,10658,12348,1437,1486,1503,1525,1621,1682,1690
36661,"Lindberg, Sven Pontus",non-elite,1300,2624,3964,5400,6942,8618,10433,12233,1324,1340,1436,1542,1676,1815,1800
36662,"Gaudet, Brian A",non-elite,1519,3049,4575,6128,7670,9253,10849,12402,1530,1526,1553,1542,1583,1596,1553
36663,"Bush, Roger",non-elite,1507,3056,4567,6075,7618,9139,10769,12373,1549,1511,1508,1543,1521,1630,1604
36664,"Huddleston, Stephen J.",non-elite,1317,2674,4048,5465,6940,8613,10455,12277,1357,1374,1417,1475,1673,1842,1822
36665,"Even, Jean-Marie",non-elite,1420,2836,4276,5743,7228,8937,10645,12316,1416,1440,1467,1485,1709,1708,1671
36666,"Armentrout, Haley",non-elite,1479,2971,4449,5968,7437,8945,10540,12329,1492,1478,1519,1469,1508,1595,1789
36667,"Sorensen, Don",non-elite,1324,2649,3995,5341,6675,8161,9874,12062,1325,1346,1346,1334,1486,1713,2188
36668,"Wan, Martina",non-elite,1473,2965,4474,5985,7484,9060,10683,12335,1492,1509,1511,1499,1576,1623,1652
36669,"Cheang, Reuben",non-elite,1427,2865,4330,5793,7244,8855,10601,12307,1438,1465,1463,1451,1611,1746,1706
36670,"Grubb, Mark",non-elite,1396,2855,4289,5801,7285,8802,10435,12305,1459,1434,1512,1484,1517,1633,1870
36671,"Schleifer, Grant D.",non-elite,1432,2830,4325,6042,7686,9286,10920,12475,1398,1495,1717,1644,1600,1634,1555
36672,"Rider, Kristen E",non-elite,1475,2934,4380,5861,7386,9023,10742,12369,1459,1446,1481,1525,1637,1719,1627
36673,"Mihaylova, Biliana",non-elite,1363,2713,4091,5574,7107,8781,10625,12349,1350,1378,1483,1533,1674,1844,1724
36674,"Mattson, Meghan E.",non-elite,1495,2983,4468,5967,7477,9059,10695,12340,1488,1485,1499,1510,1582,1636,1645
36675,"Olson, Keith M",non-elite,1521,3059,4581,6133,7753,9318,10880,12395,1538,1522,1552,1620,1565,1562,1515
36676,"Reese, Mark D",non-elite,1399,2768,4160,5612,7090,8938,10609,12339,1369,1392,1452,1478,1848,1671,1730
36677,"Naruse, Sumi",non-elite,1505,3018,4547,6088,7593,9166,10789,12374,1513,1529,1541,1505,1573,1623,1585
36678,"Sidney, Bernadette",non-elite,1470,2969,4488,5995,7504,9098,10741,12362,1499,1519,1507,1509,1594,1643,1621
36679,"Jackam, Rob",non-elite,1437,2882,4336,5810,7272,8813,10392,12207,1445,1454,1474,1462,1541,1579,1815
36680,"Griffiths, Paul L.",non-elite,1218,2483,3822,5221,6708,8450,10346,12288,1265,1339,1399,1487,1742,1896,1942
36681,"Delaney, Jennifer",non-elite,1508,3022,4539,6064,7589,9150,10729,12344,1514,1517,1525,1525,1561,1579,1615
36682,"Gustat, Rachel L.",non-elite,1551,3125,4684,6230,7760,9306,10864,12400,1574,1559,1546,1530,1546,1558,1536
36683,"Laptev, Yuri",non-elite,1477,2909,4350,5827,7286,8903,10640,12322,1432,1441,1477,1459,1617,1737,1682
36684,"Coppens, Gunther",non-elite,1362,2741,4135,5597,7097,8773,10565,12346,1379,1394,1462,1500,1676,1792,1781
36685,"Santos, Myriam E.",non-elite,1548,3090,4653,6211,7764,9338,10897,12412,1542,1563,1558,1553,1574,1559,1515
36686,"Martinez, Jorge Sr.",non-elite,1296,2594,3907,5268,6663,8255,10240,12151,1298,1313,1361,1395,1592,1985,1911
36687,"Soverel, Nicholas O.",non-elite,1266,2566,3874,5255,6688,8251,10126,12166,1300,1308,1381,1433,1563,1875,2040
36688,"Kohnke, Soren",non-elite,1602,3177,4802,6393,7945,9486,10991,12434,1575,1625,1591,1552,1541,1505,1443
36689,"Seiler, Nicole A",non-elite,1522,3053,4585,6103,7648,9241,10849,12395,1531,1532,1518,1545,1593,1608,1546
36690,"Gonzalez Velazquez, Montserrat",non-elite,1457,2931,4464,6021,7531,9097,10768,12373,1474,1533,1557,1510,1566,1671,1605
36691,"Leftwich, Rachel A.",non-elite,1479,2958,4455,5953,7498,9162,10803,12405,1479,1497,1498,1545,1664,1641,1602
36692,"Huntley, Carey P",non-elite,1437,2870,4303,5765,7254,8813,10515,12304,1433,1433,1462,1489,1559,1702,1789
36693,"Thamkittikasem, Jeff",non-elite,1403,2842,4336,5829,7356,9051,10713,12375,1439,1494,1493,1527,1695,1662,1662
36694,"Tasovac, Zorana",non-elite,1450,2903,4386,5927,7489,9100,10732,12369,1453,1483,1541,1562,1611,1632,1637
36695,"Allan, Wendy",non-elite,1537,3067,4605,6136,7673,9224,10820,12361,1530,1538,1531,1537,1551,1596,1541
36696,"Wojcik, John F",non-elite,1459,2907,4380,5897,7414,9029,10707,12358,1448,1473,1517,1517,1615,1678,1651
36697,"Adamson, Lauren",non-elite,1420,2875,4339,5839,7396,9023,10705,12346,1455,1464,1500,1557,1627,1682,1641
36698,"Arens, Ryan",non-elite,1273,2572,3888,5250,6674,8257,9991,12373,1299,1316,1362,1424,1583,1734,2382
36699,"Thaxter, Keith J.",non-elite,1447,2930,4447,6026,7701,9287,10899,12401,1483,1517,1579,1675,1586,1612,1502
36700,"Akers, Chip",non-elite,1469,2947,4420,5904,7380,8864,10378,12185,1478,1473,1484,1476,1484,1514,1807
36701,"Young, Heather C.",non-elite,1403,2792,4184,5643,7151,8811,10602,12366,1389,1392,1459,1508,1660,1791,1764
36702,"Welch, Brian C",non-elite,1461,2935,4414,5934,7507,9091,10690,12280,1474,1479,1520,1573,1584,1599,1590
36703,"Williams, Elizabeth",non-elite,1446,2891,4348,5819,7313,8897,10622,12370,1445,1457,1471,1494,1584,1725,1748
36704,"Dallaire, John",non-elite,1475,2912,4360,5825,7346,8960,10632,12307,1437,1448,1465,1521,1614,1672,1675
36705,"Arbeit, Jeffrey S.",non-elite,1758,3382,4947,6453,7925,9432,10951,12447,1624,1565,1506,1472,1507,1519,1496
36706,"Creegan, Patrick G.",non-elite,1451,2927,4448,6019,7595,9203,10824,12423,1476,1521,1571,1576,1608,1621,1599
36707,"Martin, Julie",non-elite,1414,2842,4289,5764,7264,8874,10601,12317,1428,1447,1475,1500,1610,1727,1716
36708,"Stenulson, James E",non-elite,1566,3128,4693,6277,7815,9371,10949,12431,1562,1565,1584,1538,1556,1578,1482
36709,"Saracino, David P.",non-elite,1400,2814,4278,5783,7349,8971,10686,12367,1414,1464,1505,1566,1622,1715,1681
36710,"Jemison, Maeve A.",non-elite,1464,2956,4459,5968,7502,9112,10766,12377,1492,1503,1509,1534,1610,1654,1611
36711,"Estes, Christine D.",non-elite,1474,2953,4468,6002,7532,9107,10726,12343,1479,1515,1534,1530,1575,1619,1617
36712,"Williams, Lisa C.",non-elite,1474,2938,4397,5875,7388,9050,10739,12362,1464,1459,1478,1513,1662,1689,1623
36713,"Fischer, Thomas J. Jr.",non-elite,1298,2582,3884,5223,6635,8240,9978,12107,1284,1302,1339,1412,1605,1738,2129
36714,"Moore, Scott G.",non-elite,1505,2931,4359,5817,7300,8848,10464,12335,1426,1428,1458,1483,1548,1616,1871
36715,"Kirkby, Arron W.",non-elite,1428,2861,4300,5800,7337,8948,10672,12361,1433,1439,1500,1537,1611,1724,1689
36716,"Widdop, William W.",non-elite,1338,2708,4113,5576,7070,8704,10392,12204,1370,1405,1463,1494,1634,1688,1812
36717,"Fitzgerald, Antoine",non-elite,1208,2382,3567,4926,6512,8326,10222,12272,1174,1185,1359,1586,1814,1896,2050
36718,"Leippert, Yvonne",non-elite,1498,2999,4496,6034,7573,9170,10811,12397,1501,1497,1538,1539,1597,1641,1586
36719,"Ruby, Candice",non-elite,1519,3032,4548,6076,7694,9259,10853,12384,1513,1516,1528,1618,1565,1594,1531
36720,"Camargo, Ricardo C. Sr.",non-elite,1247,2530,3869,5275,6947,8564,10489,12377,1283,1339,1406,1672,1617,1925,1888
36721,"Christensen, Kaidree M",non-elite,1504,3009,4510,6035,7545,9139,10799,12371,1505,1501,1525,1510,1594,1660,1572
36722,"Jaskulke, Carmen R",non-elite,1479,2967,4478,6023,7584,9187,10820,12394,1488,1511,1545,1561,1603,1633,1574
36723,"Guay, Marie-Eve",non-elite,1505,3005,4513,6042,7561,9137,10750,12365,1500,1508,1529,1519,1576,1613,1615
36724,"Thompson, Kate E",non-elite,1540,3070,4641,6195,7745,9359,10988,12446,1530,1571,1554,1550,1614,1629,1458
36725,"Fell, Gillian L",non-elite,1523,3043,4560,6089,7622,9172,10777,12379,1520,1517,1529,1533,1550,1605,1602
36726,"Cohen, Catherine R.",non-elite,1505,3024,4528,6044,7568,9150,10752,12410,1519,1504,1516,1524,1582,1602,1658
36727,"Edge, Norma",non-elite,1435,2887,4378,5920,7486,9112,10749,12371,1452,1491,1542,1566,1626,1637,1622
36728,"Maruoka, Erin",non-elite,1556,3092,4634,6184,7713,9320,10924,12422,1536,1542,1550,1529,1607,1604,1498
36729,"Mooney, Tara",non-elite,1322,2638,3974,5409,7043,8744,10658,12373,1316,1336,1435,1634,1701,1914,1715
36730,"Malakhov, Peter",non-elite,1430,2849,4294,5763,7248,8794,10472,12246,1419,1445,1469,1485,1546,1678,1774
36731,"Laws, Lynnette K.",non-elite,1471,2964,4477,5997,7507,9126,10778,12350,1493,1513,1520,1510,1619,1652,1572
36732,"Cech, Timothy",non-elite,1447,2869,4318,5800,7325,8953,10611,12385,1422,1449,1482,1525,1628,1658,1774
36733,"Fraser, Mark",non-elite,1483,2957,4451,5991,7525,9131,10773,12368,1474,1494,1540,1534,1606,1642,1595
36734,"Hines, Heather M",non-elite,1452,2902,4396,5933,7474,9066,10731,12367,1450,1494,1537,1541,1592,1665,1636
36735,"Gillis, Annajoy",non-elite,1456,2923,4453,6012,7578,9179,10802,12370,1467,1530,1559,1566,1601,1623,1568
36736,"Flint, William",non-elite,1506,3041,4569,6120,7659,9227,10822,12407,1535,1528,1551,1539,1568,1595,1585
36737,"Petek, Bradley J.",non-elite,1269,2520,3778,5083,6451,8094,9813,12159,1251,1258,1305,1368,1643,1719,2346
36738,"King, Bradford A.",non-elite,1356,2712,4100,5623,7170,8810,10515,12380,1356,1388,1523,1547,1640,1705,1865
36739,"Leskis, Jen M",non-elite,1450,2885,4342,5860,7372,8967,10594,12288,1435,1457,1518,1512,1595,1627,1694
36740,"Li, Wai Tong",non-elite,1243,2506,3805,5177,6610,8531,10589,12300,1263,1299,1372,1433,1921,2058,1711
36741,"Wiener, Glen",non-elite,1474,2974,4479,6006,7574,9182,10828,12408,1500,1505,1527,1568,1608,1646,1580
36742,"Kesselring, Tim",non-elite,1350,2716,4099,5548,7184,8877,10595,12281,1366,1383,1449,1636,1693,1718,1686
36743,"Yoshida, Junichi",non-elite,1560,3092,4658,6216,7758,9316,10880,12404,1532,1566,1558,1542,1558,1564,1524
36744,"Hoey, Mark A",non-elite,1253,2519,3830,5222,6668,8270,10145,12202,1266,1311,1392,1446,1602,1875,2057
36745,"Dantas, Jorge",non-elite,1501,2895,4269,5662,7149,8837,10647,12326,1394,1374,1393,1487,1688,1810,1679
36746,"Hoffman, Jennifer",non-elite,1454,2991,4458,6025,7539,9077,10707,12335,1537,1467,1567,1514,1538,1630,1628
36747,"Morrissey, Brendan A.",non-elite,1651,3242,4781,6316,7857,9377,10921,12416,1591,1539,1535,1541,1520,1544,1495
36748,"Connolly, Daniel",non-elite,1712,3243,4707,6184,7660,9183,10802,12401,1531,1464,1477,1476,1523,1619,1599
36749,"Rogers, Tye",non-elite,1275,2654,4059,5543,7020,8647,10432,12253,1379,1405,1484,1477,1627,1785,1821
36750,"Roznowski, Ken G",non-elite,1494,2997,4495,6009,7527,9116,10747,12385,1503,1498,1514,1518,1589,1631,1638
36751,"Kostka, Mary M",non-elite,1462,2917,4385,5862,7358,8936,10600,12328,1455,1468,1477,1496,1578,1664,1728
36752,"Jackson, Edward R.",non-elite,1314,2638,3968,5338,6750,8499,10360,12199,1324,1330,1370,1412,1749,1861,1839
36753,"Lowe, Deirdre A",non-elite,1373,2734,4116,5581,7246,8960,10680,12363,1361,1382,1465,1665,1714,1720,1683
36754,"Brouwer, Andy",non-elite,1293,2550,3805,5118,6561,8334,10201,12258,1257,1255,1313,1443,1773,1867,2057
36755,"Boggess, John",non-elite,1433,2883,4347,5831,7332,8905,10588,12308,1450,1464,1484,1501,1573,1683,1720
36756,"Fleming, Bill",non-elite,1354,2706,4119,5559,7192,8814,10660,12314,1352,1413,1440,1633,1622,1846,1654
36757,"Tuttle, Jannine",non-elite,1519,3053,4616,6163,7716,9299,10899,12417,1534,1563,1547,1553,1583,1600,1518
36758,"Roberge, Marie-Noelle",non-elite,1499,3016,4562,6114,7643,9236,10820,12395,1517,1546,1552,1529,1593,1584,1575
36759,"Walsh, Michael T.",non-elite,1536,3031,4509,5995,7486,9035,10708,12339,1495,1478,1486,1491,1549,1673,1631
36760,"Marchewka, Kelli J.",non-elite,1451,2892,4364,5870,7407,9070,10785,12360,1441,1472,1506,1537,1663,1715,1575
36761,"Wilson, Neil R",non-elite,1434,2884,4335,5791,7315,8880,10596,12304,1450,1451,1456,1524,1565,1716,1708
36762,"Blumencranz, Jill",non-elite,1416,2833,4260,5740,7264,8917,10656,12342,1417,1427,1480,1524,1653,1739,1686
36763,"Thompson, Beverly A",non-elite,1384,2758,4169,5617,7098,8689,10524,12313,1374,1411,1448,1481,1591,1835,1789
36764,"Shan, He",non-elite,1455,2929,4422,5920,7399,8941,10557,12259,1474,1493,1498,1479,1542,1616,1702
36765,"Gennette, Steven A.",non-elite,1431,2898,4384,5940,7481,9107,10782,12405,1467,1486,1556,1541,1626,1675,1623
36766,"Surprenant, Albin",non-elite,1393,2781,4173,5631,7169,8823,10505,12292,1388,1392,1458,1538,1654,1682,1787
36767,"Ratzman, David",non-elite,1454,2906,4360,5935,7506,9112,10787,12385,1452,1454,1575,1571,1606,1675,1598
36768,"Hunziker, Eric",non-elite,1324,2684,4096,5602,7128,8803,10609,12322,1360,1412,1506,1526,1675,1806,1713
36769,"Fitterer, Gerry",non-elite,1443,2903,4364,5873,7368,8943,10617,12355,1460,1461,1509,1495,1575,1674,1738
36770,"O'Connor, Patrick",non-elite,1438,2870,4334,5862,7403,9060,10788,12393,1432,1464,1528,1541,1657,1728,1605
36771,"Spina, Jennifer",non-elite,1440,2883,4346,5852,7376,8993,10685,12346,1443,1463,1506,1524,1617,1692,1661
36772,"Quirk, Kelly T.",non-elite,1485,2987,4496,6021,7551,9122,10746,12394,1502,1509,1525,1530,1571,1624,1648
36773,"Weber, Michelle E",non-elite,1490,2941,4393,5901,7430,9033,10695,12375,1451,1452,1508,1529,1603,1662,1680
36774,"Perry, Antonia",non-elite,1502,3012,4542,6076,7627,9169,10773,12361,1510,1530,1534,1551,1542,1604,1588
36775,"Gingras, Marie-Eve",non-elite,1542,3053,4551,6062,7574,9142,10781,12400,1511,1498,1511,1512,1568,1639,1619
36777,"Nelson, Gregory L.",non-elite,1396,2796,4201,5657,7113,8718,10420,12160,1400,1405,1456,1456,1605,1702,1740
36778,"Karmacharya, Santosh",non-elite,1447,2843,4220,5661,7157,8742,10477,12293,1396,1377,1441,1496,1585,1735,1816
36779,"Parker, Monica S",non-elite,1558,3097,4620,6152,7681,9269,10906,12441,1539,1523,1532,1529,1588,1637,1535
36780,"Bolger, Brent",non-elite,1395,2804,4220,5672,7143,8735,10464,12315,1409,1416,1452,1471,1592,1729,1851
36781,"Culligan, Patrick J",non-elite,1453,2899,4372,5861,7374,8947,10601,12314,1446,1473,1489,1513,1573,1654,1713
36782,"Massey, Melissa",non-elite,1451,2893,4364,5880,7405,9029,10730,12395,1442,1471,1516,1525,1624,1701,1665
36783,"Mckinnon, Andrew",non-elite,1472,2982,4487,6006,7517,9075,10673,12325,1510,1505,1519,1511,1558,1598,1652
36784,"Rochester, Julie L",non-elite,1449,2926,4420,5942,7471,9062,10712,12349,1477,1494,1522,1529,1591,1650,1637
36785,"Powers, Jeffrey M.",non-elite,1434,2835,4226,5650,7095,8623,10338,12205,1401,1391,1424,1445,1528,1715,1867
36786,"Lander, Bruce S.",non-elite,1394,2820,4271,5762,7290,8942,10622,12346,1426,1451,1491,1528,1652,1680,1724
36787,"Allen, Susanna",non-elite,1537,3078,4588,6100,7613,9205,10860,12409,1541,1510,1512,1513,1592,1655,1549
36788,"Rothwell, Kelly",non-elite,1506,2985,4489,6027,7587,9213,10857,12461,1479,1504,1538,1560,1626,1644,1604
36789,"Canterbury, Laura S",non-elite,1440,2928,4441,5978,7513,9107,10743,12355,1488,1513,1537,1535,1594,1636,1612
36790,"Hall, Mckenzie D.",non-elite,1532,3061,4590,6112,7653,9228,10823,12433,1529,1529,1522,1541,1575,1595,1610
36791,"Gardner, Will",non-elite,1317,2625,3955,5380,6923,8640,10501,12301,1308,1330,1425,1543,1717,1861,1800
36792,"Tranie, Magali",non-elite,1501,2973,4450,5976,7501,9076,10681,12346,1472,1477,1526,1525,1575,1605,1665
36793,"Sudomir, Robert G.",non-elite,1352,2725,4122,5574,7058,8738,10543,12346,1373,1397,1452,1484,1680,1805,1803
36794,"Belcher, Elizabeth A",non-elite,1511,2983,4456,5980,7516,9060,10713,12376,1472,1473,1524,1536,1544,1653,1663
36795,"Moreau, Julie",non-elite,1321,2709,4235,5794,7367,9006,10712,12378,1388,1526,1559,1573,1639,1706,1666
36796,"Stewart, Simon V",non-elite,1498,2980,4479,6002,7556,9157,10779,12387,1482,1499,1523,1554,1601,1622,1608
36797,"Cyrulewski, Jaroslaw",non-elite,1325,2693,4195,5803,7401,9028,10746,12360,1368,1502,1608,1598,1627,1718,1614
36798,"Franklin, Chris",non-elite,1430,2841,4268,5746,7261,8875,10581,12323,1411,1427,1478,1515,1614,1706,1742
36799,"Dalton, Jackie",non-elite,1505,2983,4483,6000,7517,9088,10746,12364,1478,1500,1517,1517,1571,1658,1618
36800,"Leighton, Lindsey",non-elite,1389,2840,4369,5950,7514,9137,10775,12394,1451,1529,1581,1564,1623,1638,1619
36801,"Haugh, Deborah",non-elite,1489,2994,4484,6036,7573,9174,10820,12403,1505,1490,1552,1537,1601,1646,1583
36802,"Evans, Carlos J.",non-elite,1432,2897,4388,5911,7434,8966,10598,12334,1465,1491,1523,1523,1532,1632,1736
36803,"Reppen, Dave",non-elite,1454,2945,4470,6045,7633,9277,10919,12490,1491,1525,1575,1588,1644,1642,1571
36804,"Lopez, Elmer",non-elite,1304,2631,4044,5564,7133,8803,10565,12311,1327,1413,1520,1569,1670,1762,1746
36805,"Erhard Harrison, Daniela E.",non-elite,1431,2878,4375,5935,7534,9159,10775,12367,1447,1497,1560,1599,1625,1616,1592
36806,"Ferrari, Leon J",non-elite,1515,3018,4507,6028,7547,9094,10695,12331,1503,1489,1521,1519,1547,1601,1636
36807,"Sprague, Robert R.",non-elite,1484,2903,4341,5798,7237,8765,10467,12277,1419,1438,1457,1439,1528,1702,1810
36808,"Gaudreau, Robert W. Sr.",non-elite,1467,2851,4249,5710,7177,8805,10521,12330,1384,1398,1461,1467,1628,1716,1809
36809,"Aubin, Mike J",non-elite,1323,2617,3960,5385,7009,8764,10515,12342,1294,1343,1425,1624,1755,1751,1827
36810,"Luebbehusen, Michael T",non-elite,1420,2867,4341,5890,7432,9077,10724,12398,1447,1474,1549,1542,1645,1647,1674
36811,"Ishikawa, Yoshiki",non-elite,1383,2798,4241,5756,7276,8915,10609,12369,1415,1443,1515,1520,1639,1694,1760
36812,"Quimare, Arnulfo F.",non-elite,1403,2755,4138,5603,7122,8741,10446,12280,1352,1383,1465,1519,1619,1705,1834
36813,"Sambuchi, Daniel E",non-elite,1425,2849,4276,5812,7363,8989,10637,12341,1424,1427,1536,1551,1626,1648,1704
36814,"Wallman, Barry D.",non-elite,1473,2988,4516,6077,7658,9306,10962,12471,1515,1528,1561,1581,1648,1656,1509
36815,"Theriault, Jamie M",non-elite,1542,3055,4573,6093,7617,9168,10771,12384,1513,1518,1520,1524,1551,1603,1613
36816,"Raitor, John",non-elite,1310,2628,3944,5297,6795,8551,10409,12259,1318,1316,1353,1498,1756,1858,1850
36817,"Hibbs, Stephen",non-elite,1374,2730,4104,5495,6963,8633,10421,12274,1356,1374,1391,1468,1670,1788,1853
36818,"Dondelinger, Marianne",non-elite,1482,2988,4504,6049,7584,9184,10800,12395,1506,1516,1545,1535,1600,1616,1595
36819,"Gervais, Claudia",non-elite,1630,3256,4844,6412,7971,9490,10991,12465,1626,1588,1568,1559,1519,1501,1474
36820,"Gorman, Michele",non-elite,1556,3025,4530,6036,7567,9184,10815,12398,1469,1505,1506,1531,1617,1631,1583
36821,"Matsuda, Noreene",non-elite,1520,3035,4543,6079,7604,9203,10851,12415,1515,1508,1536,1525,1599,1648,1564
36822,"Gilbert, Scott K.",non-elite,1447,2912,4385,5878,7405,9012,10690,12341,1465,1473,1493,1527,1607,1678,1651
36823,"Warner, Chip",non-elite,1500,3099,4610,6132,7654,9296,10888,12438,1599,1511,1522,1522,1642,1592,1550
36824,"Auerbach, Mitch",non-elite,1414,2845,4277,5744,7239,8827,10562,12348,1431,1432,1467,1495,1588,1735,1786
36825,"Kreider, Kimberly S",non-elite,1472,2952,4426,5986,7529,9130,10736,12379,1480,1474,1560,1543,1601,1606,1643
36826,"Rolfing, Jennifer",non-elite,1536,3010,4519,6080,7601,9198,10834,12421,1474,1509,1561,1521,1597,1636,1587
36827,"Davey, Alison C.",non-elite,1437,2887,4377,5895,7412,9052,10705,12349,1450,1490,1518,1517,1640,1653,1644
36828,"Kahn, Brian J",non-elite,1475,2996,4530,6043,7513,9057,10648,12343,1521,1534,1513,1470,1544,1591,1695
36829,"Palmer, Nadine",non-elite,1369,2727,4076,5477,6894,8478,10214,12135,1358,1349,1401,1417,1584,1736,1921
36830,"Heusner, John P",non-elite,1226,2540,3886,5215,7053,8687,10636,12390,1314,1346,1329,1838,1634,1949,1754
36831,"Modjadidi, Karima",non-elite,1525,3039,4547,6075,7612,9178,10795,12414,1514,1508,1528,1537,1566,1617,1619
36832,"Treas, Bethany",non-elite,1422,2860,4311,5882,7420,9026,10701,12361,1438,1451,1571,1538,1606,1675,1660
36833,"Pritchett, William R.",non-elite,1344,2721,4107,5527,6975,8508,10239,12278,1377,1386,1420,1448,1533,1731,2039
36834,"Barrionuevo, Natalia",non-elite,1442,2920,4405,5927,7424,9025,10694,12393,1478,1485,1522,1497,1601,1669,1699
36835,"Mcwilliams, Terry",non-elite,1472,2937,4422,5943,7475,9082,10740,12385,1465,1485,1521,1532,1607,1658,1645
36836,"Fones, Liz",non-elite,1434,2882,4332,5803,7290,8879,10633,12365,1448,1450,1471,1487,1589,1754,1732
36837,"Lane, Jo-Anne",non-elite,1494,2979,4463,6005,7543,9139,10777,12379,1485,1484,1542,1538,1596,1638,1602
36838,"Kronenberg, Alaina L",non-elite,1425,2906,4437,5991,7536,9129,10766,12387,1481,1531,1554,1545,1593,1637,1621
36839,"Bosmann, Bill",non-elite,1513,3030,4569,6132,7688,9279,10863,12407,1517,1539,1563,1556,1591,1584,1544
36840,"Goodnight, Nancy",non-elite,1433,2885,4345,5841,7345,8961,10645,12328,1452,1460,1496,1504,1616,1684,1683
36841,"Shirakata, Tomomi",non-elite,1484,2979,4470,5983,7500,9092,10736,12372,1495,1491,1513,1517,1592,1644,1636
36842,"Tucker, Rebecca",non-elite,1371,2758,4172,5691,7308,9009,10725,12357,1387,1414,1519,1617,1701,1716,1632
36843,"Randolph, Bret",non-elite,1375,2774,4198,5948,7399,9018,10689,12375,1399,1424,1750,1451,1619,1671,1686
36844,"Fogel, Lori",non-elite,1487,2979,4480,6023,7559,9172,10807,12394,1492,1501,1543,1536,1613,1635,1587
36845,"Kunces, Laura J.",non-elite,1465,2885,4314,5787,7304,8929,10678,12391,1420,1429,1473,1517,1625,1749,1713
36846,"Flatow, Kirk",non-elite,1598,3164,4786,6366,7925,9472,11029,12483,1566,1622,1580,1559,1547,1557,1454
36847,"King, Bryan",non-elite,1495,2999,4538,6074,7595,9200,10796,12371,1504,1539,1536,1521,1605,1596,1575
36848,"Ross, Kathryn",non-elite,1334,2717,4201,5740,7330,8964,10715,12355,1383,1484,1539,1590,1634,1751,1640
36849,"Fawzi, Tarik",non-elite,1299,2628,4020,5554,7165,8845,10672,12397,1329,1392,1534,1611,1680,1827,1725
36850,"Evans, Linda",non-elite,1561,3102,4625,6154,7658,9190,10740,12307,1541,1523,1529,1504,1532,1550,1567
36851,"Togawa, Michinari",non-elite,1336,2638,3985,5394,6809,8475,10442,12317,1302,1347,1409,1415,1666,1967,1875
36852,"Bartosik, Chris",non-elite,1514,3014,4515,6037,7564,9149,10798,12420,1500,1501,1522,1527,1585,1649,1622
36853,"Voba, Lan",non-elite,1453,2947,4446,5960,7477,9079,10829,12399,1494,1499,1514,1517,1602,1750,1570
36854,"Sheridan, Rob",non-elite,1499,3012,4522,6047,7582,9185,10838,12438,1513,1510,1525,1535,1603,1653,1600
36855,"Pisha, Nicolette L",non-elite,1395,2833,4342,5879,7418,9025,10660,12352,1438,1509,1537,1539,1607,1635,1692
36856,"Neeley, Nicholas",non-elite,1630,3089,4540,5995,7499,9096,10884,12431,1459,1451,1455,1504,1597,1788,1547
36857,"Siegwart, Leslie",non-elite,1567,3087,4581,6161,7640,9148,10756,12384,1520,1494,1580,1479,1508,1608,1628
36858,"Tousignant, Karma L",non-elite,1460,2910,4383,5881,7564,9128,10835,12469,1450,1473,1498,1683,1564,1707,1634
36859,"Francoeur, Julie",non-elite,1490,2985,4477,6024,7603,9259,10905,12429,1495,1492,1547,1579,1656,1646,1524
36860,"Cavalliere, Lionel",non-elite,1529,3063,4622,6179,7721,9314,10902,12446,1534,1559,1557,1542,1593,1588,1544
36861,"Dong, Baochun",non-elite,1528,3048,4528,6035,7565,9142,10857,12436,1520,1480,1507,1530,1577,1715,1579
36862,"Monks, Mary S",non-elite,1480,2928,4397,5883,7396,9001,10721,12362,1448,1469,1486,1513,1605,1720,1641
36863,"Bonilla Soto, Jonathan M Sr.",non-elite,1307,2540,3777,5079,6480,8107,10163,12307,1233,1237,1302,1401,1627,2056,2144
36864,"Snyder, Jillian",non-elite,1526,3055,4571,6082,7576,9125,10775,12406,1529,1516,1511,1494,1549,1650,1631
36865,"Allen, Jeffrey T.",non-elite,1353,2732,4131,5594,7123,8788,10615,12341,1379,1399,1463,1529,1665,1827,1726
36866,"Czech, Christopher D.",non-elite,1190,2403,3677,5095,6751,8624,10528,12350,1213,1274,1418,1656,1873,1904,1822
36867,"Beladi, Farzad",non-elite,1440,2873,4304,5783,7255,8834,10562,12336,1433,1431,1479,1472,1579,1728,1774
36868,"Arnett, Daniel C",non-elite,1506,2984,4489,6027,7586,9213,10856,12461,1478,1505,1538,1559,1627,1643,1605
36869,"Larson, Robyn",non-elite,1516,3020,4494,5989,7477,9039,10677,12351,1504,1474,1495,1488,1562,1638,1674
36870,"Guest, Martin",non-elite,1481,2960,4444,5945,7447,8998,10656,12346,1479,1484,1501,1502,1551,1658,1690
36871,"Santonastaso, Lauren M",non-elite,1516,3033,4557,6103,7646,9242,10881,12435,1517,1524,1546,1543,1596,1639,1554
36872,"Lutz, Jennifer",non-elite,1443,2973,4528,6111,7669,9284,10898,12426,1530,1555,1583,1558,1615,1614,1528
36873,"Bruneau, Gwendoline",non-elite,1519,2980,4460,5974,7467,9059,10736,12393,1461,1480,1514,1493,1592,1677,1657
36874,"Cranston, Krista A.",non-elite,1409,2864,4383,6021,7628,9273,10965,12448,1455,1519,1638,1607,1645,1692,1483
36875,"Mishra, Kate",non-elite,1517,3020,4516,6065,7618,9237,10899,12444,1503,1496,1549,1553,1619,1662,1545
36876,"Baker, Kevin",non-elite,1432,2880,4374,5914,7479,9122,10802,12415,1448,1494,1540,1565,1643,1680,1613
36877,"Finn, Danny",non-elite,1387,2795,4230,5705,7211,8820,10563,12338,1408,1435,1475,1506,1609,1743,1775
36878,"Loy, Amy",non-elite,1482,2938,4417,5947,7508,9154,10815,12418,1456,1479,1530,1561,1646,1661,1603
36879,"Mousaw, Tara",non-elite,1307,2706,4296,5963,7619,9231,10821,12420,1399,1590,1667,1656,1612,1590,1599
36880,"Wright, Frank G",non-elite,1510,3022,4526,6080,7596,9244,10934,12488,1512,1504,1554,1516,1648,1690,1554
36881,"Soeder, Kevin M.",non-elite,1517,3019,4519,6050,7613,9232,10886,12483,1502,1500,1531,1563,1619,1654,1597
36882,"Keough, Clarke R.",non-elite,1363,2712,4084,5547,7092,8789,10591,12411,1349,1372,1463,1545,1697,1802,1820
36883,"Martens, Dennis",non-elite,1571,3050,4568,6045,7509,9037,10675,12373,1479,1518,1477,1464,1528,1638,1698
36884,"Cox, Jessamyn N",non-elite,1460,2925,4411,5953,7488,9075,10712,12382,1465,1486,1542,1535,1587,1637,1670
36885,"Nicholson, Craig",non-elite,1343,2683,4033,5473,7022,8649,10477,12310,1340,1350,1440,1549,1627,1828,1833
36886,"Lopez Tillard, Constancia M. II",non-elite,1460,2904,4377,5914,7436,9010,10643,12384,1444,1473,1537,1522,1574,1633,1741
36887,"Clifford, Emmet R",non-elite,1297,2634,4079,5545,7084,8758,10565,12371,1337,1445,1466,1539,1674,1807,1806
36888,"Moore, Rachel A.",non-elite,1442,2886,4335,5828,7400,9043,10721,12404,1444,1449,1493,1572,1643,1678,1683
36889,"Morris, Thomas M",non-elite,1487,2909,4334,5780,7231,8823,10538,12316,1422,1425,1446,1451,1592,1715,1778
36890,"Domejko, Katarzyna",non-elite,1351,2771,4259,5784,7320,8948,10696,12380,1420,1488,1525,1536,1628,1748,1684
36891,"Dwyer, Bradie Ann",non-elite,1367,2768,4237,5756,7307,8964,10708,12400,1401,1469,1519,1551,1657,1744,1692
36892,"Clark, Joseph",non-elite,1377,2782,4244,5754,7338,8949,10689,12382,1405,1462,1510,1584,1611,1740,1693
36893,"Doyon, Simon",non-elite,1359,2692,4031,5389,6735,8232,10069,12323,1333,1339,1358,1346,1497,1837,2254
36894,"Bartlett, Jordan M.",non-elite,1412,2754,4149,5650,7172,8832,10552,12400,1342,1395,1501,1522,1660,1720,1848
36895,"Gardner, Rachel B",non-elite,1523,3061,4608,6165,7715,9300,10891,12432,1538,1547,1557,1550,1585,1591,1541
36896,"Ludwig, Abby E",non-elite,1396,2802,4237,5755,7376,9068,10731,12355,1406,1435,1518,1621,1692,1663,1624
36897,"Waite, Shauna N.",non-elite,1477,2963,4458,5980,7504,9110,10743,12366,1486,1495,1522,1524,1606,1633,1623
36898,"Reinders, Carrie M",non-elite,1380,2807,4305,5871,7470,9125,10779,12408,1427,1498,1566,1599,1655,1654,1629
36899,"Ryan, Charles E.",non-elite,1362,2754,4136,5596,7090,8697,10525,12339,1392,1382,1460,1494,1607,1828,1814
36900,"Raines, Joanna",non-elite,1463,2943,4441,6115,7619,9176,10794,12448,1480,1498,1674,1504,1557,1618,1654
36901,"Birger-Christensen, Jonas Brandt",non-elite,1335,2677,4140,5572,7202,8791,10466,12299,1342,1463,1432,1630,1589,1675,1833
36902,"Benarroch, Gabriela",non-elite,1495,2964,4453,5953,7452,9044,10701,12368,1469,1489,1500,1499,1592,1657,1667
36903,"Gledhill, Scott",non-elite,1433,2907,4406,5913,7436,9018,10706,12371,1474,1499,1507,1523,1582,1688,1665
36904,"Nanfelt, Scott B.",non-elite,1500,3021,4529,6051,7570,9151,10780,12402,1521,1508,1522,1519,1581,1629,1622
36905,"Mclean, Marlena J",non-elite,1540,3081,4635,6191,7739,9321,10912,12453,1541,1554,1556,1548,1582,1591,1541
36906,"Boucher, Nicole A",non-elite,1411,2843,4302,5832,7353,9021,10755,12393,1432,1459,1530,1521,1668,1734,1638
36907,"Parr, Jonathan B.",non-elite,1574,3065,4552,6065,7571,9182,10798,12399,1491,1487,1513,1506,1611,1616,1601
36908,"Braaten, Jeffrey",non-elite,1497,2985,4446,5932,7418,8961,10644,12350,1488,1461,1486,1486,1543,1683,1706
36909,"Brewer, Rosemary W.",non-elite,1459,2922,4431,5992,7493,9152,10806,12442,1463,1509,1561,1501,1659,1654,1636
36910,"Yaiser, Brooke D",non-elite,1418,2867,4330,5804,7309,8891,10638,12377,1449,1463,1474,1505,1582,1747,1739
36911,"Rinehart, Suzanne M",non-elite,1532,3073,4607,6156,7699,9288,10896,12453,1541,1534,1549,1543,1589,1608,1557
36912,"Schultz, Kelly O",non-elite,1416,2860,4319,5839,7353,8971,10677,12359,1444,1459,1520,1514,1618,1706,1682
36913,"Driggs, Craig",non-elite,1460,2935,4419,5954,7509,9095,10743,12393,1475,1484,1535,1555,1586,1648,1650
36914,"Mcnabb, Jennifer",non-elite,1389,2858,4311,5822,7377,9043,10768,12404,1469,1453,1511,1555,1666,1725,1636
36915,"Bayer, Andrea",non-elite,1388,2787,4195,5697,7277,8914,10615,12359,1399,1408,1502,1580,1637,1701,1744
36916,"Widberg, Andrea M.",non-elite,1334,2663,4041,5472,6981,8658,10482,12277,1329,1378,1431,1509,1677,1824,1795
36917,"Robinson, Michael J",non-elite,1324,2638,3966,5338,6793,8425,10439,12340,1314,1328,1372,1455,1632,2014,1901
36918,"Eisler, Edward A.",non-elite,1534,3050,4577,6113,7631,9193,10791,12389,1516,1527,1536,1518,1562,1598,1598
36919,"Lillie, Michael W.",non-elite,1496,2890,4300,5727,7183,8796,10552,12387,1394,1410,1427,1456,1613,1756,1835
36920,"Hernandez Fuentes, Carlos Sr.",non-elite,1388,2810,4257,5774,7492,9080,10692,12345,1422,1447,1517,1718,1588,1612,1653
36921,"Larios, Edgar",non-elite,1483,2915,4364,5845,7344,8936,10563,12403,1432,1449,1481,1499,1592,1627,1840
36922,"Takakusaki, Yuko",non-elite,1485,2969,4487,6038,7585,9189,10802,12413,1484,1518,1551,1547,1604,1613,1611
36923,"Lee-Callaghan, Heather",non-elite,1491,2968,4460,5980,7502,9118,10769,12430,1477,1492,1520,1522,1616,1651,1661
36924,"Blake, John P.",non-elite,1603,3076,4455,5916,7411,9036,10753,12414,1473,1379,1461,1495,1625,1717,1661
36925,"Mcpartland, Keri",non-elite,1401,2841,4314,5834,7425,9054,10767,12406,1440,1473,1520,1591,1629,1713,1639
36926,"Gard, John",non-elite,1332,2676,4012,5380,6766,8287,10181,12270,1344,1336,1368,1386,1521,1894,2089
36927,"Duval, Rachelle",non-elite,1520,3032,4553,6100,7666,9263,10854,12439,1512,1521,1547,1566,1597,1591,1585
36928,"Skopec, Christine L.",non-elite,1498,3001,4512,6079,7664,9283,10928,12469,1503,1511,1567,1585,1619,1645,1541
36929,"Constantino, David",non-elite,1164,2456,3889,5407,7008,8737,10537,12337,1292,1433,1518,1601,1729,1800,1800
36930,"Hill, Sarah J",non-elite,1439,2901,4372,5884,7453,9101,10733,12384,1462,1471,1512,1569,1648,1632,1651
36931,"Mulhall, Brian",non-elite,1437,2867,4326,5859,7401,9083,10774,12440,1430,1459,1533,1542,1682,1691,1666
36932,"Lesko, Jennifer N",non-elite,1553,3052,4555,6095,7618,9194,10842,12432,1499,1503,1540,1523,1576,1648,1590
36933,"Kausner, Janel C.",non-elite,1579,3144,4687,6217,7743,9326,10904,12427,1565,1543,1530,1526,1583,1578,1523
36934,"Phenix, Lindsay E.",non-elite,1392,2835,4305,5820,7358,8995,10714,12368,1443,1470,1515,1538,1637,1719,1654
36935,"Swingle, David N",non-elite,1591,3120,4597,6127,7640,9213,10839,12416,1529,1477,1530,1513,1573,1626,1577
36936,"Bowman, Mary C.",non-elite,1566,3118,4669,6238,7788,9361,10938,12459,1552,1551,1569,1550,1573,1577,1521
36937,"Riffle, Emily",non-elite,1486,2956,4441,5950,7466,9069,10745,12395,1470,1485,1509,1516,1603,1676,1650
36938,"Caummisar, June M",non-elite,1531,3055,4582,6123,7658,9234,10849,12418,1524,1527,1541,1535,1576,1615,1569
36939,"Mills, Robert A",non-elite,1243,2506,3833,5274,6812,8589,10427,12194,1263,1327,1441,1538,1777,1838,1767
36940,"Presswood, Melody",non-elite,1437,2908,4392,5926,7483,9108,10788,12427,1471,1484,1534,1557,1625,1680,1639
36941,"Kennedy, Jessica H.",non-elite,1284,2608,3993,5449,7014,8717,10525,12347,1324,1385,1456,1565,1703,1808,1822
36942,"Malkiewicz, Kevin",non-elite,1252,2545,3879,5260,6668,8269,10154,12229,1293,1334,1381,1408,1601,1885,2075
36943,"Richard, Claude",non-elite,1318,2655,4076,5625,7138,8806,10485,12285,1337,1421,1549,1513,1668,1679,1800
36944,"Picorelli, Maribel",non-elite,1533,3066,4617,6179,7716,9295,10893,12432,1533,1551,1562,1537,1579,1598,1539
36945,"Wang, Tina",non-elite,1527,3064,4563,6078,7590,9176,10794,12404,1537,1499,1515,1512,1586,1618,1610
36946,"Piazza, Justin",non-elite,1307,2609,3931,5330,6894,8650,10429,12301,1302,1322,1399,1564,1756,1779,1872
36947,"Chiu, Jessica S",non-elite,1497,3002,4510,6055,7601,9198,10826,12440,1505,1508,1545,1546,1597,1628,1614
36948,"Stewart, Anna",non-elite,1553,3047,4536,6037,7544,9103,10751,12362,1494,1489,1501,1507,1559,1648,1611
36949,"Clewell, Renee M",non-elite,1517,3024,4526,6064,7596,9185,10819,12419,1507,1502,1538,1532,1589,1634,1600
36950,"Nightengale, Andrea L",non-elite,1423,2885,4395,5935,7491,9100,10742,12415,1462,1510,1540,1556,1609,1642,1673
36951,"Schneider, Danielle",non-elite,1485,2982,4553,6125,7659,9247,10875,12460,1497,1571,1572,1534,1588,1628,1585
36952,"Smith, Kimberly A",non-elite,1408,2840,4289,5798,7323,9034,10725,12391,1432,1449,1509,1525,1711,1691,1666
36953,"Rankin, Chris",non-elite,1476,2962,4427,5961,7443,9025,10684,12378,1486,1465,1534,1482,1582,1659,1694
36954,"Stone, Tom",non-elite,1533,3082,4606,6146,7684,9274,10883,12461,1549,1524,1540,1538,1590,1609,1578
36955,"Dekornfeld, Tom",non-elite,1407,2911,4421,5985,7577,9194,10890,12442,1504,1510,1564,1592,1617,1696,1552
36956,"McGill, Jennifer A.",non-elite,1512,3058,4651,6266,7854,9454,11009,12465,1546,1593,1615,1588,1600,1555,1456
36957,"Wiest, Ellery",non-elite,1474,2946,4428,5969,7501,9141,10809,12420,1472,1482,1541,1532,1640,1668,1611
36958,"Keith, Gary",non-elite,1272,2584,3927,5322,6867,8540,10345,12228,1312,1343,1395,1545,1673,1805,1883
36959,"Fukaura, Shigeko",non-elite,1395,2811,4263,5878,7564,9171,10864,12460,1416,1452,1615,1686,1607,1693,1596
36960,"Schurr, Travis",non-elite,1430,2873,4293,5734,7203,8816,10629,12454,1443,1420,1441,1469,1613,1813,1825
36961,"Irvine, Heather",non-elite,1509,2980,4443,5899,7414,9066,10764,12405,1471,1463,1456,1515,1652,1698,1641
36962,"Wendt, Cindy M.",non-elite,1387,2759,4130,5628,7180,8880,10635,12379,1372,1371,1498,1552,1700,1755,1744
36963,"Jocelyn, Amanda M",non-elite,1581,3160,4758,6352,7911,9438,10975,12494,1579,1598,1594,1559,1527,1537,1519
36964,"Hyali, Sophia",non-elite,1379,2802,4233,5732,7259,8915,10658,12393,1423,1431,1499,1527,1656,1743,1735
36965,"Westhead, Jeff",non-elite,1444,2870,4294,5794,7286,8887,10602,12417,1426,1424,1500,1492,1601,1715,1815
36966,"Schermerhorn, Heidi J.",non-elite,1479,2984,4497,6055,7590,9168,10814,12424,1505,1513,1558,1535,1578,1646,1610
36967,"Pippig, Uta",non-elite,1411,2886,4372,5880,7396,9036,10770,12409,1475,1486,1508,1516,1640,1734,1639
36968,"Claiborn, Kathryn C",non-elite,1400,2765,4147,5551,7077,8745,10595,12406,1365,1382,1404,1526,1668,1850,1811
36969,"Ingvason, Ingvi",non-elite,1339,2698,4091,5577,7143,8848,10770,12453,1359,1393,1486,1566,1705,1922,1683
36970,"Delaney, John",non-elite,1463,2973,4503,6067,7620,9211,10847,12448,1510,1530,1564,1553,1591,1636,1601
36971,"Kompanowski, Amanda",non-elite,1336,2665,4080,5625,7143,8805,10577,12349,1329,1415,1545,1518,1662,1772,1772
36972,"Harris, Harry",non-elite,1491,2966,4452,5974,7495,9114,10744,12427,1475,1486,1522,1521,1619,1630,1683
36973,"Melin, Lance S.",non-elite,1464,2961,4453,5940,7451,9038,10698,12376,1497,1492,1487,1511,1587,1660,1678
36974,"Turner, Louise A",non-elite,1339,2746,4227,5766,7338,9002,10694,12370,1407,1481,1539,1572,1664,1692,1676
36975,"Nolan, Joe",non-elite,1446,2941,4435,5968,7484,9093,10736,12416,1495,1494,1533,1516,1609,1643,1680
36976,"Karkoska, Kristine A",non-elite,1546,3062,4558,6090,7630,9227,10856,12435,1516,1496,1532,1540,1597,1629,1579
36977,"Long, Stephen",non-elite,1396,2810,4235,5675,7145,8722,10459,12245,1414,1425,1440,1470,1577,1737,1786
36978,"Taylor, Simon T",non-elite,1429,2845,4273,5722,7167,8727,10413,12340,1416,1428,1449,1445,1560,1686,1927
36979,"Nitchals, Kimberly N",non-elite,1554,3094,4634,6175,7716,9277,10875,12450,1540,1540,1541,1541,1561,1598,1575
36980,"Lydon, Steve",non-elite,1452,2900,4351,5803,7254,8792,10473,12259,1448,1451,1452,1451,1538,1681,1786
36981,"Dudycz, Barbara",non-elite,1488,2994,4506,6045,7584,9201,10848,12404,1506,1512,1539,1539,1617,1647,1556
36982,"Wang, Chi-Hsiang",non-elite,1397,2812,4238,5719,7228,8843,10618,12366,1415,1426,1481,1509,1615,1775,1748
36983,"Salman, Paola",non-elite,1449,2930,4422,5921,7439,9027,10665,12351,1481,1492,1499,1518,1588,1638,1686
36984,"Harris, Kelly W",non-elite,1547,3061,4579,6109,7625,9180,10780,12396,1514,1518,1530,1516,1555,1600,1616
36985,"Gilliam, Scott",non-elite,1333,2679,4046,5456,6913,8509,10266,12231,1346,1367,1410,1457,1596,1757,1965
36986,"Dodd, Kristen",non-elite,1505,3026,4532,6057,7594,9197,10819,12432,1521,1506,1525,1537,1603,1622,1613
36987,"Kauffmann, Hayley",non-elite,1486,2937,4424,5938,7480,9081,10760,12395,1451,1487,1514,1542,1601,1679,1635
36988,"Goodwin, Lance M",non-elite,1355,2688,4009,5353,6758,8489,10386,12432,1333,1321,1344,1405,1731,1897,2046
36989,"Hensley, Edward",non-elite,1349,2702,4116,5669,7279,8947,10632,12367,1353,1414,1553,1610,1668,1685,1735
36990,"Lunn, Mary",non-elite,1513,2970,4426,5910,7391,8978,10734,12416,1457,1456,1484,1481,1587,1756,1682
36991,"Wells, Paul J",non-elite,1435,2865,4338,5856,7374,9035,10769,12370,1430,1473,1518,1518,1661,1734,1601
36992,"Leazier, Christopher J.",non-elite,1378,2763,4152,5585,7037,8673,10460,12305,1385,1389,1433,1452,1636,1787,1845
36993,"Revington, Andrew F.",non-elite,1416,2777,4194,5673,7196,8682,10552,12347,1361,1417,1479,1523,1486,1870,1795
36994,"Rupe, Katie M",non-elite,1490,2895,4348,5883,7417,9072,10773,12414,1405,1453,1535,1534,1655,1701,1641
36995,"Mamzic, Curtis E",non-elite,1492,2993,4515,6031,7541,9118,10735,12427,1501,1522,1516,1510,1577,1617,1692
36996,"Hardy, Austin",non-elite,1360,2732,4120,5648,7105,8661,10439,12265,1372,1388,1528,1457,1556,1778,1826
36997,"Mcneilly, Dannielle",non-elite,1431,2894,4350,5843,7338,8893,10524,12357,1463,1456,1493,1495,1555,1631,1833
36998,"Smith-James, Anna",non-elite,1538,3081,4647,6247,7823,9426,11011,12508,1543,1566,1600,1576,1603,1585,1497
36999,"Weisman, Jill",non-elite,1399,2880,4333,5796,7292,8913,10714,12419,1481,1453,1463,1496,1621,1801,1705
37000,"Ray, Maria",non-elite,1422,2867,4306,5822,7397,9033,10714,12423,1445,1439,1516,1575,1636,1681,1709
37001,"Scott, Steve",non-elite,1453,2922,4417,5941,7476,9077,10744,12395,1469,1495,1524,1535,1601,1667,1651
37002,"Autotte, Sylvain",non-elite,1395,2798,4222,5685,7145,8748,10439,12258,1403,1424,1463,1460,1603,1691,1819
37003,"Grady, Kyle",non-elite,1283,2588,3934,5382,6965,8580,10377,12356,1305,1346,1448,1583,1615,1797,1979
37004,"Story, Todd",non-elite,1424,2843,4252,5684,7120,8724,10560,12328,1419,1409,1432,1436,1604,1836,1768
37005,"Bornatici, Edoardo",non-elite,1398,2852,4357,5910,7468,9102,10796,12431,1454,1505,1553,1558,1634,1694,1635
37006,"Demos, Christopher",non-elite,1501,2972,4465,5978,7506,9112,10789,12427,1471,1493,1513,1528,1606,1677,1638
37007,"Nasuti, Massimo",non-elite,1395,2899,4436,6030,7623,9310,10972,12471,1504,1537,1594,1593,1687,1662,1499
37008,"Clark, Kristin M.",non-elite,1410,2853,4317,5848,7426,9054,10758,12394,1443,1464,1531,1578,1628,1704,1636
37009,"Ricker, Cathy",non-elite,1441,2874,4342,5835,7363,8992,10707,12384,1433,1468,1493,1528,1629,1715,1677
37010,"Darwin, Charles R",non-elite,1427,2846,4254,5713,7243,8875,10563,12331,1419,1408,1459,1530,1632,1688,1768
37011,"Torgersen, Eric",non-elite,1437,2883,4323,5823,7441,9049,10778,12411,1446,1440,1500,1618,1608,1729,1633
37012,"Haws Brewer, Leann",non-elite,1567,3144,4707,6263,7799,9365,10950,12453,1577,1563,1556,1536,1566,1585,1503
37013,"Rangan, Venkat",non-elite,1533,3040,4560,6086,7603,9142,10735,12377,1507,1520,1526,1517,1539,1593,1642
37014,"Lentner, Earl A III",non-elite,1470,2928,4416,5969,7517,9132,10814,12414,1458,1488,1553,1548,1615,1682,1600
37015,"Verticchio, Michele",non-elite,1443,2888,4371,5894,7403,8999,10739,12449,1445,1483,1523,1509,1596,1740,1710
37016,"Kabrtova, Jana",non-elite,1436,2878,4339,5835,7355,8974,10675,12367,1442,1461,1496,1520,1619,1701,1692
37017,"Wang, Dan-Bing",non-elite,1499,2981,4470,5979,7465,9065,10658,12348,1482,1489,1509,1486,1600,1593,1690
37018,"Christie, Gordon",non-elite,1357,2718,4085,5467,6857,8393,10375,12384,1361,1367,1382,1390,1536,1982,2009
37019,"Quesenberry, Cheri",non-elite,1533,3059,4600,6159,7708,9308,10924,12534,1526,1541,1559,1549,1600,1616,1610
37020,"Owczarek, Laura",non-elite,1482,2960,4445,5986,7529,9111,10779,12422,1478,1485,1541,1543,1582,1668,1643
37021,"Lasker, Sara",non-elite,1329,2661,4000,5433,7016,8759,10649,12349,1332,1339,1433,1583,1743,1890,1700
37022,"Dumont, Bill",non-elite,1425,2882,4315,5770,7241,8782,10500,12323,1457,1433,1455,1471,1541,1718,1823
37023,"Corrado, Megan E",non-elite,1494,2976,4473,6009,7546,9192,10857,12457,1482,1497,1536,1537,1646,1665,1600
37024,"Thompson, Tricia R.",non-elite,1505,3001,4501,6047,7577,9176,10839,12450,1496,1500,1546,1530,1599,1663,1611
37025,"Pressi, Rafael",non-elite,1419,2850,4296,5803,7321,8932,10619,12350,1431,1446,1507,1518,1611,1687,1731
37026,"Blochowiak, Casey",non-elite,1545,3104,4661,6213,7732,9280,10859,12438,1559,1557,1552,1519,1548,1579,1579
37027,"Hyland, Dianna",non-elite,1480,2965,4464,5999,7534,9131,10763,12405,1485,1499,1535,1535,1597,1632,1642
37028,"Gunn, Steve W.",non-elite,1463,2912,4408,5889,7383,8968,10649,12388,1449,1496,1481,1494,1585,1681,1739
37029,"Sotelo, Rachel",non-elite,1604,3181,4750,6319,7871,9444,11001,12491,1577,1569,1569,1552,1573,1557,1490
37030,"Bass, Bill",non-elite,1385,2774,4193,5619,7083,8692,10384,12371,1389,1419,1426,1464,1609,1692,1987
37031,"Sorber, Trisha",non-elite,1486,2914,4316,5775,7238,8834,10526,12340,1428,1402,1459,1463,1596,1692,1814
37032,"Beardslee, Jordan B.",non-elite,1563,2959,4432,5964,7477,9116,10784,12407,1396,1473,1532,1513,1639,1668,1623
37033,"Belanger, Gidget",non-elite,1525,3043,4570,6096,7612,9185,10795,12404,1518,1527,1526,1516,1573,1610,1609
37034,"Dandenault, Jenny",non-elite,1474,2959,4439,5956,7486,9098,10804,12459,1485,1480,1517,1530,1612,1706,1655
37035,"Difonzo, Dan",non-elite,1477,3008,4533,6096,7667,9270,10895,12479,1531,1525,1563,1571,1603,1625,1584
37036,"Humphrey, Eva L",non-elite,1370,2787,4294,5855,7371,9093,10894,12482,1417,1507,1561,1516,1722,1801,1588
37037,"Jacobs, Amanda",non-elite,1521,2972,4465,6000,7537,9154,10844,12437,1451,1493,1535,1537,1617,1690,1593
37038,"Warncke, Rich",non-elite,1435,2874,4322,5790,7268,8840,10564,12302,1439,1448,1468,1478,1572,1724,1738
37039,"Sustento, Joseph S",non-elite,1455,2910,4380,5892,7412,9013,10699,12358,1455,1470,1512,1520,1601,1686,1659
37040,"Schmidt, Natalie",non-elite,1511,3028,4554,6084,7617,9201,10816,12415,1517,1526,1530,1533,1584,1615,1599
37041,"Combs, Kendall L",non-elite,1545,3065,4561,6072,7540,9087,10776,12451,1520,1496,1511,1468,1547,1689,1675
37042,"Schmidt, Ulrich (Rick)",non-elite,1524,3038,4552,6108,7671,9270,10881,12459,1514,1514,1556,1563,1599,1611,1578
37043,"LaVigne, Annie W.",non-elite,1458,2911,4394,5871,7394,9010,10678,12391,1453,1483,1477,1523,1616,1668,1713
37044,"Flynn, Zachary H",non-elite,1385,2795,4204,5685,7172,8787,10531,12391,1410,1409,1481,1487,1615,1744,1860
37045,"Yung, Betty",non-elite,1496,3006,4527,6054,7592,9179,10835,12436,1510,1521,1527,1538,1587,1656,1601
37046,"Oliva, Benjamin M.",non-elite,1413,2771,4173,5542,7083,8778,10595,12372,1358,1402,1369,1541,1695,1817,1777
37047,"Votek, Taylor N",non-elite,1357,2730,4167,5709,7286,9079,10796,12446,1373,1437,1542,1577,1793,1717,1650
37048,"Nessi, Marco",non-elite,1295,2619,3985,5414,6891,8549,10290,12243,1324,1366,1429,1477,1658,1741,1953
37049,"Turner, Jeff",non-elite,1227,2453,3687,5037,6759,8525,10378,12256,1226,1234,1350,1722,1766,1853,1878
37050,"Volz, Dwight D.",non-elite,1513,2961,4449,5974,7490,9081,10743,12396,1448,1488,1525,1516,1591,1662,1653
37051,"Dube, Mireille",non-elite,1512,3043,4561,6099,7628,9204,10803,12418,1531,1518,1538,1529,1576,1599,1615
37052,"Shea, Maureen",non-elite,1563,3115,4661,6214,7775,9367,10962,12494,1552,1546,1553,1561,1592,1595,1532
37053,"Olsen, Ian",non-elite,1440,2866,4319,5841,7387,9009,10732,12396,1426,1453,1522,1546,1622,1723,1664
37054,"Eggleston, Keith",non-elite,1530,3064,4592,6127,7713,9301,10910,12497,1534,1528,1535,1586,1588,1609,1587
37055,"Read-Brown, Ken",non-elite,1579,3173,4788,6358,7914,9452,11008,12498,1594,1615,1570,1556,1538,1556,1490
37056,"Fischer, Melissa",non-elite,1430,2906,4484,6070,7629,9231,10856,12452,1476,1578,1586,1559,1602,1625,1596
37057,"Barter, Angela",non-elite,1555,3096,4613,6141,7692,9298,10918,12451,1541,1517,1528,1551,1606,1620,1533
37058,"Heasman, John C",non-elite,1273,2569,4004,5549,7134,8809,10653,12393,1296,1435,1545,1585,1675,1844,1740
37059,"Ludl, Kristin",non-elite,1551,3087,4646,6219,7767,9334,10926,12503,1536,1559,1573,1548,1567,1592,1577
37060,"Laverick, John",non-elite,1465,2959,4450,5937,7424,8939,10700,12450,1494,1491,1487,1487,1515,1761,1750
37061,"Greene, Jennie C.",non-elite,1587,3164,4715,6269,7814,9384,10944,12472,1577,1551,1554,1545,1570,1560,1528
37062,"Dykes, Daniel W.",non-elite,1283,2576,3904,5289,6750,8354,10059,12223,1293,1328,1385,1461,1604,1705,2164
37063,"Pamoukdjian, Jeannine G.",non-elite,1558,3097,4640,6175,7697,9272,10871,12421,1539,1543,1535,1522,1575,1599,1550
37064,"Robertson, Wallace Y",non-elite,1521,3020,4515,6036,7554,9141,10764,12401,1499,1495,1521,1518,1587,1623,1637
37065,"Grant, Marian I.",non-elite,1529,3037,4566,6109,7644,9220,10838,12430,1508,1529,1543,1535,1576,1618,1592
37066,"Richter, Kelli",non-elite,1414,2846,4287,5795,7328,8971,10679,12421,1432,1441,1508,1533,1643,1708,1742
37067,"Reitz, Julie A",non-elite,1422,2860,4267,5724,7234,8919,10648,12457,1438,1407,1457,1510,1685,1729,1809
37068,"Westphal, Michael",non-elite,1440,2908,4375,5861,7368,8941,10652,12288,1468,1467,1486,1507,1573,1711,1636
37069,"Westphal, Rolf",non-elite,1441,2909,4375,5861,7369,8942,10653,12289,1468,1466,1486,1508,1573,1711,1636
37070,"Geiger, Davon T",non-elite,1285,2553,3850,5333,7038,8793,10581,12401,1268,1297,1483,1705,1755,1788,1820
37071,"Smith, Martin T.",non-elite,1513,2967,4453,6000,7536,9150,10770,12401,1454,1486,1547,1536,1614,1620,1631
37072,"Tucker, Ashley J.",non-elite,1664,3072,4481,5922,7435,9016,10709,12437,1408,1409,1441,1513,1581,1693,1728
37073,"Scott, Rebecca",non-elite,1519,3063,4625,6169,7707,9323,10908,12459,1544,1562,1544,1538,1616,1585,1551
37074,"Stokes, Brooke",non-elite,1367,2750,4187,5699,7282,8981,10754,12456,1383,1437,1512,1583,1699,1773,1702
37075,"Foster, Chase",non-elite,1493,2968,4419,5980,7551,9142,10732,12439,1475,1451,1561,1571,1591,1590,1707
37076,"Houk, Anna K",non-elite,1442,2916,4422,6008,7551,9157,10852,12458,1474,1506,1586,1543,1606,1695,1606
37077,"Farley, Megan",non-elite,1515,3015,4513,6017,7521,9095,10753,12416,1500,1498,1504,1504,1574,1658,1663
37078,"Facey, Jerry",non-elite,1483,2957,4433,5918,7402,8977,10641,12352,1474,1476,1485,1484,1575,1664,1711
37079,"Shilliday, Don D",non-elite,1305,2665,4019,5438,6945,8704,10638,12393,1360,1354,1419,1507,1759,1934,1755
37080,"Gilbert, Sharlet L.",non-elite,1502,2953,4471,6005,7552,9155,10822,12456,1451,1518,1534,1547,1603,1667,1634
37081,"Sunshine, Cheryl",non-elite,1505,2996,4514,6048,7572,9180,10822,12434,1491,1518,1534,1524,1608,1642,1612
37082,"Bowe, Wendy",non-elite,1445,2912,4413,5954,7492,9099,10773,12420,1467,1501,1541,1538,1607,1674,1647
37083,"Tinger, Mariah F",non-elite,1564,3134,4686,6278,7858,9464,11086,12540,1570,1552,1592,1580,1606,1622,1454
37084,"Smith, Izumi H.",non-elite,1426,2881,4363,5875,7407,9025,10719,12397,1455,1482,1512,1532,1618,1694,1678
37086,"Wood, Jonathan",non-elite,1283,2587,3908,5314,6760,8590,10611,12419,1304,1321,1406,1446,1830,2021,1808
37087,"Wolanski, Jeanine G",non-elite,1535,3067,4580,6120,7644,9235,10872,12452,1532,1513,1540,1524,1591,1637,1580
37088,"Bustamante, Sarah",non-elite,1479,2983,4466,5982,7521,9122,10833,12435,1504,1483,1516,1539,1601,1711,1602
37089,"Campbell, Derek G.",non-elite,1189,2388,3654,4961,6458,8090,9724,12259,1199,1266,1307,1497,1632,1634,2535
37090,"Trang, Vu",non-elite,1459,2919,4404,5958,7535,9132,10836,12466,1460,1485,1554,1577,1597,1704,1630
37091,"Eliason, David A",non-elite,1507,3012,4477,5997,7542,9098,10767,12427,1505,1465,1520,1545,1556,1669,1660
37092,"Taylor, Keith C.",non-elite,1246,2483,3725,5006,6471,8040,10610,12418,1237,1242,1281,1465,1569,2570,1808
37093,"Unrath, Melissa A",non-elite,1538,3036,4528,6060,7582,9213,10840,12455,1498,1492,1532,1522,1631,1627,1615
37094,"Ponce-Ramirez, Carlos A.",non-elite,1523,2978,4442,5931,7432,9048,10763,12427,1455,1464,1489,1501,1616,1715,1664
37095,"Navas Masip, Josep",non-elite,1307,2604,3925,5286,6744,8503,10431,12433,1297,1321,1361,1458,1759,1928,2002
37096,"Martin, Kristin E.",non-elite,1519,3008,4498,6014,7476,8988,10599,12318,1489,1490,1516,1462,1512,1611,1719
37097,"Dowse, George",non-elite,1382,2755,4170,5609,7092,8948,10647,12353,1373,1415,1439,1483,1856,1699,1706
37098,"Rotz, Mark B",non-elite,1537,3060,4553,6087,7611,9198,10866,12483,1523,1493,1534,1524,1587,1668,1617
37099,"Neumann, Ole",non-elite,1251,2546,4008,5459,6973,8529,10278,12088,1295,1462,1451,1514,1556,1749,1810
37100,"Mcgeough, Sarah L",non-elite,1536,3078,4634,6239,7808,9411,10981,12490,1542,1556,1605,1569,1603,1570,1509
37101,"Zhang, Guangya",non-elite,1370,2771,4241,5798,7337,9000,10735,12439,1401,1470,1557,1539,1663,1735,1704
37102,"Kennedy, Allison S",non-elite,1481,2931,4425,5986,7505,9183,10845,12455,1450,1494,1561,1519,1678,1662,1610
37103,"Cahoy, Whitney",non-elite,1453,2906,4374,5865,7401,9050,10809,12459,1453,1468,1491,1536,1649,1759,1650
37104,"Snyder, Justin",non-elite,1249,2545,3913,5438,6998,8767,10642,12415,1296,1368,1525,1560,1769,1875,1773
37105,"Bedolla, Abel",non-elite,1275,2536,3800,5098,6424,8137,10600,12239,1261,1264,1298,1326,1713,2463,1639
37106,"Osterlind, Meghan S.",non-elite,1646,3214,4760,6309,7839,9401,11001,12525,1568,1546,1549,1530,1562,1600,1524
37107,"Hodson, Mark A.",non-elite,1480,2962,4477,5997,7510,9132,10833,12487,1482,1515,1520,1513,1622,1701,1654
37108,"Nimon, Dianne",non-elite,1419,2869,4355,5883,7421,9034,10753,12424,1450,1486,1528,1538,1613,1719,1671
37109,"Ronnlund, Leif",non-elite,1469,2964,4479,5998,7522,9128,10796,12443,1495,1515,1519,1524,1606,1668,1647
37110,"Reh, Brian",non-elite,1526,3048,4558,6089,7621,9220,10858,12453,1522,1510,1531,1532,1599,1638,1595
37111,"Elder, Neil",non-elite,1408,2842,4347,5875,7425,9049,10729,12394,1434,1505,1528,1550,1624,1680,1665
37112,"Ohm, Laurel",non-elite,1401,2806,4217,5678,7195,8865,10682,12428,1405,1411,1461,1517,1670,1817,1746
37113,"Hesketh, Robert P",non-elite,1445,2908,4381,5923,7490,9134,10797,12452,1463,1473,1542,1567,1644,1663,1655
37114,"Fitzgerald, Janine M",non-elite,1429,2865,4318,5802,7325,8955,10688,12379,1436,1453,1484,1523,1630,1733,1691
37115,"Jing, Wei",non-elite,1361,2722,4109,5544,7041,8714,10525,12315,1361,1387,1435,1497,1673,1811,1790
37116,"Rizzo, Mike A.",non-elite,1334,2676,4028,5418,6990,8758,10657,12392,1342,1352,1390,1572,1768,1899,1735
37117,"Triplett, Jacqueline S",non-elite,1502,3032,4562,6084,7580,9176,10832,12438,1530,1530,1522,1496,1596,1656,1606
37118,"George, Barry",non-elite,1525,3020,4518,6063,7604,9192,10808,12428,1495,1498,1545,1541,1588,1616,1620
37119,"Abbott, Angela",non-elite,1506,3009,4525,6056,7574,9151,10775,12407,1503,1516,1531,1518,1577,1624,1632
37120,"MacDonald, Andy",non-elite,1376,2783,4141,5551,6970,8491,10207,12283,1407,1358,1410,1419,1521,1716,2076
37121,"Olsen, Karen",non-elite,1393,2765,4185,5706,7295,8994,10741,12441,1372,1420,1521,1589,1699,1747,1700
37122,"Madrid Andrade, Diego Sr.",non-elite,1378,2719,4121,5664,7253,8943,10694,12458,1341,1402,1543,1589,1690,1751,1764
37123,"Sloan, Kristen",non-elite,1594,3047,4516,6009,7518,9136,10789,12424,1453,1469,1493,1509,1618,1653,1635
37124,"Coffey, Taylor S",non-elite,1418,2810,4250,5769,7397,8992,10668,12368,1392,1440,1519,1628,1595,1676,1700
37125,"Wilton, Ben",non-elite,1365,2719,4068,5500,6977,8646,10442,12331,1354,1349,1432,1477,1669,1796,1889
37126,"Diaz Pavon, Eduardo Sr.",non-elite,1211,2460,3754,5191,6715,8375,10362,12325,1249,1294,1437,1524,1660,1987,1963
37127,"Carl, Lindsay E",non-elite,1654,3252,4786,6305,7841,9429,10990,12469,1598,1534,1519,1536,1588,1561,1479
37128,"Jessee, Anamarie",non-elite,1484,2932,4392,5859,7339,8943,10635,12365,1448,1460,1467,1480,1604,1692,1730
37129,"Hammond, Natalie",non-elite,1482,2972,4452,5951,7463,9050,10741,12427,1490,1480,1499,1512,1587,1691,1686
37130,"Many, Danielle",non-elite,1448,2927,4409,5996,7548,9199,10850,12460,1479,1482,1587,1552,1651,1651,1610
37131,"Adams, Christi Beth",non-elite,1504,3032,4575,6123,7672,9264,10879,12464,1528,1543,1548,1549,1592,1615,1585
37132,"Albertson, Ted",non-elite,1549,3059,4598,6107,7597,9159,10766,12408,1510,1539,1509,1490,1562,1607,1642
37133,"Shumaker, Therese M",non-elite,1538,3052,4546,6040,7519,9040,10721,12438,1514,1494,1494,1479,1521,1681,1717
37134,"Gutierrez, Pablo Sr.",non-elite,1365,2767,4191,5650,7208,9018,10874,12514,1402,1424,1459,1558,1810,1856,1640
37135,"Beechener, Faye",non-elite,1423,2826,4254,5761,7302,8958,10680,12383,1403,1428,1507,1541,1656,1722,1703
37136,"Raphael, Michael J",non-elite,1446,2921,4431,5962,7468,9078,10785,12448,1475,1510,1531,1506,1610,1707,1663
37137,"Beaudreau, Mike",non-elite,1229,2474,3756,5068,6399,7928,9831,12108,1245,1282,1312,1331,1529,1903,2277
37138,"Webb, Rebecca",non-elite,1427,2924,4436,5959,7475,9030,10701,12419,1497,1512,1523,1516,1555,1671,1718
37139,"Lane, Clifford W. Sr.",non-elite,1253,2502,3787,5167,6689,8439,10336,12281,1249,1285,1380,1522,1750,1897,1945
37140,"Thorpe, Andrea S",non-elite,1492,2966,4447,5989,7506,9109,10784,12438,1474,1481,1542,1517,1603,1675,1654
37141,"Mcwilliams, Brian S",non-elite,1538,3068,4656,6291,7882,9473,11071,12543,1530,1588,1635,1591,1591,1598,1472
37142,"Pizem, Jane R",non-elite,1490,3012,4513,6018,7571,9162,10821,12445,1522,1501,1505,1553,1591,1659,1624
37143,"Cameron, Ian M",non-elite,1326,2709,4139,5615,7131,8831,10610,12413,1383,1430,1476,1516,1700,1779,1803
37144,"Nelson, Jessalyn M.",non-elite,1474,2981,4506,6058,7638,9264,10894,12487,1507,1525,1552,1580,1626,1630,1593
37145,"Shireman, Justin J",non-elite,1339,2689,4060,5525,7024,8631,10428,12293,1350,1371,1465,1499,1607,1797,1865
37146,"Ramsay, Emily J.",non-elite,1407,2869,4385,5940,7525,9154,10812,12437,1462,1516,1555,1585,1629,1658,1625
37147,"Curry, Lisa A.",non-elite,1394,2802,4235,5716,7235,8800,10656,12385,1408,1433,1481,1519,1565,1856,1729
37148,"Bradley, Sara",non-elite,1570,3117,4651,6192,7714,9349,10935,12476,1547,1534,1541,1522,1635,1586,1541
37149,"Komatsuzaki, Noriko",non-elite,1522,3061,4602,6139,7663,9237,10870,12453,1539,1541,1537,1524,1574,1633,1583
37150,"Chesman, Jessica J",non-elite,1456,2924,4414,5941,7476,9060,10709,12358,1468,1490,1527,1535,1584,1649,1649
37151,"Koenig, Ingrid",non-elite,1502,2978,4485,6023,7578,9228,10887,12467,1476,1507,1538,1555,1650,1659,1580
37152,"Schwass, Richard D",non-elite,1334,2699,4127,5651,7197,8838,10543,12305,1365,1428,1524,1546,1641,1705,1762
37153,"Reinhardt, Jonna L.",non-elite,1276,2567,3956,5483,7116,8857,10673,12472,1291,1389,1527,1633,1741,1816,1799
37155,"Sartin, Dave L Sr.",non-elite,1419,2877,4343,5831,7350,9029,10765,12407,1458,1466,1488,1519,1679,1736,1642
37156,"Smith, Ann M",non-elite,1402,2841,4369,5911,7452,9083,10778,12430,1439,1528,1542,1541,1631,1695,1652
37157,"Delgado-Granados, Javier M",non-elite,1357,2751,4180,5669,7235,8903,10681,12419,1394,1429,1489,1566,1668,1778,1738
37158,"Smith, Donna Hayashi",non-elite,1526,3055,4581,6114,7646,9247,10916,12490,1529,1526,1533,1532,1601,1669,1574
37159,"Hanig, Allison",non-elite,1450,2897,4360,5870,7387,9007,10798,12430,1447,1463,1510,1517,1620,1791,1632
37160,"Creedon, Adam",non-elite,1595,3044,4516,6010,7535,9109,10804,12493,1449,1472,1494,1525,1574,1695,1689
37161,"Hapka, Mark",non-elite,1428,2813,4222,5668,7134,8711,10549,12382,1385,1409,1446,1466,1577,1838,1833
37162,"Patterson, Heather J.",non-elite,1469,2945,4448,5979,7526,9174,10807,12468,1476,1503,1531,1547,1648,1633,1661
37163,"Barrett, Britty B.",non-elite,1415,2832,4353,5890,7430,9037,10704,12407,1417,1521,1537,1540,1607,1667,1703
37164,"Jurgens, James A",non-elite,1458,2927,4403,5896,7401,8976,10657,12399,1469,1476,1493,1505,1575,1681,1742
37165,"Seigford, Matthew H.",non-elite,1435,2814,4165,5603,7095,8747,10459,12380,1379,1351,1438,1492,1652,1712,1921
37166,"Eichelberger, Reid D.",non-elite,1529,2973,4373,5839,7349,9060,10768,12424,1444,1400,1466,1510,1711,1708,1656
37167,"Golden, Rob",non-elite,1312,2764,4258,5800,7332,9004,10738,12453,1452,1494,1542,1532,1672,1734,1715
37168,"Fontaine, Yann",non-elite,1427,2780,4096,5438,6858,8468,10229,12221,1353,1316,1342,1420,1610,1761,1992
37169,"Pierce, Racheal",non-elite,1518,3013,4483,5977,7490,9137,10815,12432,1495,1470,1494,1513,1647,1678,1617
37170,"Buckler, Alison M",non-elite,1443,2911,4381,5864,7354,8911,10698,12461,1468,1470,1483,1490,1557,1787,1763
37171,"Bugala, Amy L.",non-elite,1354,2741,4171,5672,7243,8984,10758,12453,1387,1430,1501,1571,1741,1774,1695
37172,"Klein, Robert M",non-elite,1494,2983,4485,5978,7488,9062,10704,12388,1489,1502,1493,1510,1574,1642,1684
37173,"Adamczyk, Michael G.",non-elite,1449,2886,4309,5720,7139,8732,10660,12418,1437,1423,1411,1419,1593,1928,1758
37174,"Malenab, Christopher",non-elite,1307,2685,4142,5641,7194,8792,10618,12469,1378,1457,1499,1553,1598,1826,1851
37175,"Jimenez Nava, Claudia Valeria",non-elite,1443,2901,4414,6012,7639,9277,10949,12529,1458,1513,1598,1627,1638,1672,1580
37176,"Loop, Thomas",non-elite,1410,2796,4193,5618,7068,8703,10510,12345,1386,1397,1425,1450,1635,1807,1835
37177,"Draut, Jason",non-elite,1376,2732,4136,5557,6995,8578,10271,12277,1356,1404,1421,1438,1583,1693,2006
37178,"Ferguson, Katie",non-elite,1547,3082,4615,6169,7706,9265,10869,12449,1535,1533,1554,1537,1559,1604,1580
37179,"Lane, Sarah C",non-elite,1466,2952,4430,5962,7502,9121,10795,12435,1486,1478,1532,1540,1619,1674,1640
37180,"Carrens, Cleve",non-elite,1406,2838,4307,5862,7392,9024,10724,12425,1432,1469,1555,1530,1632,1700,1701
37181,"Collins, Guy",non-elite,1368,2741,4136,5635,7253,8979,10716,12409,1373,1395,1499,1618,1726,1737,1693
37182,"Curet, Stephen B",non-elite,1516,3022,4549,6107,7658,9260,10891,12508,1506,1527,1558,1551,1602,1631,1617
37183,"Rubek, Birgitte",non-elite,1462,2933,4405,5873,7357,8977,10682,12388,1471,1472,1468,1484,1620,1705,1706
37184,"Franco, Luis",non-elite,1379,2747,4103,5496,6959,8480,10314,12369,1368,1356,1393,1463,1521,1834,2055
37185,"Ranta, David E",non-elite,1426,2903,4389,5877,7361,8924,10610,12329,1477,1486,1488,1484,1563,1686,1719
37186,"Benson, Stephen G.",non-elite,1426,2845,4265,5707,7149,8664,10481,12335,1419,1420,1442,1442,1515,1817,1854
37187,"Mccarthy, Frank C",non-elite,1502,3029,4566,6115,7668,9256,10865,12469,1527,1537,1549,1553,1588,1609,1604
37188,"Trachy, Jacques",non-elite,1474,2926,4410,5929,7451,9024,10709,12403,1452,1484,1519,1522,1573,1685,1694
37189,"Clark, Carol A.",non-elite,1447,2923,4420,5938,7436,9044,10736,12408,1476,1497,1518,1498,1608,1692,1672
37190,"Keats, Edwina M.",non-elite,1569,3133,4699,6285,7826,9409,10965,12483,1564,1566,1586,1541,1583,1556,1518
37191,"Sianturi, Muara R.",non-elite,1337,2684,4028,5401,6817,8388,10126,12420,1347,1344,1373,1416,1571,1738,2294
37192,"Cammall, Arcelia",non-elite,1471,2931,4396,5902,7420,9046,10735,12400,1460,1465,1506,1518,1626,1689,1665
37193,"Althaus, Stefan",non-elite,1541,3016,4499,6002,7518,9172,10874,12512,1475,1483,1503,1516,1654,1702,1638
37194,"Hultquist, James T.",non-elite,1548,3069,4591,6132,7665,9234,10838,12460,1521,1522,1541,1533,1569,1604,1622
37195,"Capek, Erika M",non-elite,1490,2983,4502,6050,7616,9242,10887,12472,1493,1519,1548,1566,1626,1645,1585
37196,"Place, Morgan K.",non-elite,1499,3028,4538,6087,7627,9233,10870,12477,1529,1510,1549,1540,1606,1637,1607
37197,"Corbett, Hollie",non-elite,1377,2773,4205,5692,7230,8975,10771,12472,1396,1432,1487,1538,1745,1796,1701
37198,"Jensen, Rasmus B.",non-elite,1473,2976,4478,6007,7523,9093,10701,12460,1503,1502,1529,1516,1570,1608,1759
37199,"Sims, Jay",non-elite,1316,2650,3992,5363,6763,8279,10291,12473,1334,1342,1371,1400,1516,2012,2182
37200,"Tanner, Pamela",non-elite,1432,2891,4370,5903,7458,9113,10822,12477,1459,1479,1533,1555,1655,1709,1655
37201,"Cruel, Elise",non-elite,1496,2960,4422,5888,7365,8968,10732,12433,1464,1462,1466,1477,1603,1764,1701
37202,"Martin, Robert S",non-elite,1430,2844,4277,5788,7345,8976,10674,12414,1414,1433,1511,1557,1631,1698,1740
37203,"Mcintosh, Tad",non-elite,1369,2781,4265,5794,7290,8870,10490,12323,1412,1484,1529,1496,1580,1620,1833
37204,"Price, Jill",non-elite,1488,2973,4475,5990,7516,9113,10777,12416,1485,1502,1515,1526,1597,1664,1639
37205,"Glowacki, Rick",non-elite,1467,2937,4374,5857,7340,8947,10668,12425,1470,1437,1483,1483,1607,1721,1757
37206,"Dennier, Ana C",non-elite,1445,2898,4372,5873,7408,8987,10620,12381,1453,1474,1501,1535,1579,1633,1761
37207,"Wolfe, Matt",non-elite,1458,2906,4352,5856,7366,9013,10757,12432,1448,1446,1504,1510,1647,1744,1675
37208,"Benes, Amy E",non-elite,1409,2840,4265,5691,7110,8679,10423,12278,1431,1425,1426,1419,1569,1744,1855
37209,"Taylor, David A.",non-elite,1326,2646,4053,5545,7052,8754,10524,12350,1320,1407,1492,1507,1702,1770,1826
37210,"Anderson, David N",non-elite,1437,2904,4485,5971,7458,9033,10739,12413,1467,1581,1486,1487,1575,1706,1674
37211,"Sieler, Ryan A",non-elite,1434,2858,4296,5734,7222,8910,10699,12416,1424,1438,1438,1488,1688,1789,1717
37212,"Diaz, Lisette",non-elite,1472,2980,4490,6030,7562,9180,10820,12448,1508,1510,1540,1532,1618,1640,1628
37213,"Wilson, Lauri",non-elite,1558,3098,4609,6127,7648,9214,10814,12423,1540,1511,1518,1521,1566,1600,1609
37214,"Castilloux, Claude",non-elite,1519,3043,4584,6103,7621,9192,10791,12455,1524,1541,1519,1518,1571,1599,1664
37215,"Huelskamp, Avi N.",non-elite,1568,3127,4664,6224,7790,9393,10967,12479,1559,1537,1560,1566,1603,1574,1512
37216,"Burke, Thomas G. Sr.",non-elite,1271,2591,4143,5722,7244,8958,10567,12364,1320,1552,1579,1522,1714,1609,1797
37217,"Gardner, Carolyn D.",non-elite,1422,2909,4509,5962,7591,9089,10835,12471,1487,1600,1453,1629,1498,1746,1636
37218,"Peatross, Scott",non-elite,1451,2908,4416,5971,7488,9084,10715,12401,1457,1508,1555,1517,1596,1631,1686
37219,"Mccoy, Claudia",non-elite,1428,2881,4348,5859,7436,9082,10790,12463,1453,1467,1511,1577,1646,1708,1673
37220,"Ely, David M",non-elite,1285,2561,3882,5292,6829,8644,10504,12360,1276,1321,1410,1537,1815,1860,1856
37221,"Moore, Omar L",non-elite,1186,2389,3669,5049,6483,8346,10397,12348,1203,1280,1380,1434,1863,2051,1951
37222,"Gusman, Stacey L.",non-elite,1489,2956,4438,5964,7491,9156,10815,12465,1467,1482,1526,1527,1665,1659,1650
37223,"Collins, Willie",non-elite,1524,3056,4569,6114,7658,9227,10842,12441,1532,1513,1545,1544,1569,1615,1599
37224,"Caruso, Alison H",non-elite,1460,2910,4383,5880,7565,9128,10851,12469,1450,1473,1497,1685,1563,1723,1618
37225,"Morrissey, Paul",non-elite,1507,2953,4419,5922,7427,9031,10757,12446,1446,1466,1503,1505,1604,1726,1689
37226,"Hill, Ken",non-elite,1307,2627,3988,5477,7092,8800,10643,12406,1320,1361,1489,1615,1708,1843,1763
37227,"Jao, Henry",non-elite,1518,3057,4571,6112,7648,9231,10860,12453,1539,1514,1541,1536,1583,1629,1593
37228,"De Wet, Charl J",non-elite,1466,2959,4471,6034,7610,9189,10910,12510,1493,1512,1563,1576,1579,1721,1600
37229,"Economos, Jim",non-elite,1452,2899,4325,5780,7247,8777,10549,12411,1447,1426,1455,1467,1530,1772,1862
37230,"Polanco, Claudia",non-elite,1454,2951,4476,6010,7548,9147,10794,12404,1497,1525,1534,1538,1599,1647,1610
37231,"Gutekunst, Meghan",non-elite,1377,2736,4113,5522,7062,8748,10557,12371,1359,1377,1409,1540,1686,1809,1814
37232,"Uustalu, Ilari",non-elite,1434,2885,4341,5831,7333,8903,10564,12397,1451,1456,1490,1502,1570,1661,1833
37233,"Ross, Jeffrey P",non-elite,1440,2886,4346,5826,7302,8854,10557,12353,1446,1460,1480,1476,1552,1703,1796
37234,"Ramsay, Gerald D III",non-elite,1269,2540,3891,5469,7093,8696,10722,12504,1271,1351,1578,1624,1603,2026,1782
37235,"Duecker, David R",non-elite,1475,2987,4495,6025,7603,9251,10911,12491,1512,1508,1530,1578,1648,1660,1580
37236,"Williams, David B",non-elite,1402,2795,4195,5627,7066,8648,10525,12444,1393,1400,1432,1439,1582,1877,1919
37237,"De Almeida, Jose Ricardo",non-elite,1555,3016,4455,5923,7517,9217,10885,12479,1461,1439,1468,1594,1700,1668,1594
37238,"Chiavetta, Judi",non-elite,1464,2950,4426,5934,7462,9065,10743,12429,1486,1476,1508,1528,1603,1678,1686
37239,"Kast, Phillip",non-elite,1396,2788,4186,5620,7090,8721,10597,12425,1392,1398,1434,1470,1631,1876,1828
37240,"Batzel, Matt",non-elite,1475,2987,4495,6026,7603,9251,10913,12498,1512,1508,1531,1577,1648,1662,1585
37241,"Zink, Jill N",non-elite,1533,3030,4526,6047,7574,9167,10809,12468,1497,1496,1521,1527,1593,1642,1659
37242,"Colwell, Mark",non-elite,1256,2518,3825,5281,6793,8498,10405,12395,1262,1307,1456,1512,1705,1907,1990
37243,"Kearns, Kathryn A.",non-elite,1508,3004,4493,6017,7559,9156,10823,12434,1496,1489,1524,1542,1597,1667,1611
37244,"Walters, Steve",non-elite,1312,2682,4090,5558,7069,8734,10598,12398,1370,1408,1468,1511,1665,1864,1800
37245,"Fischer, Gale D.",non-elite,1388,2818,4217,5626,7042,8570,10402,12325,1430,1399,1409,1416,1528,1832,1923
37246,"Cates, Kryssy C",non-elite,1420,2866,4377,5942,7516,9122,10810,12445,1446,1511,1565,1574,1606,1688,1635
37247,"Colicelli, Zahava",non-elite,1482,2985,4492,6025,7576,9202,10837,12461,1503,1507,1533,1551,1626,1635,1624
37248,"Powell, Grant",non-elite,1491,2955,4461,6021,7566,9187,10851,12462,1464,1506,1560,1545,1621,1664,1611
37249,"Nisevich Bede, Pamela M.",non-elite,1366,2714,4076,5628,7282,8891,10728,12440,1348,1362,1552,1654,1609,1837,1712
37250,"Hoff, Wendy M",non-elite,1461,2940,4457,6007,7569,9197,10869,12467,1479,1517,1550,1562,1628,1672,1598
37251,"Greer, Michelle",non-elite,1529,3030,4540,6058,7554,9109,10755,12407,1501,1510,1518,1496,1555,1646,1652
37252,"Quinlan, Melissa",non-elite,1570,3097,4604,6114,7625,9159,10789,12413,1527,1507,1510,1511,1534,1630,1624
37253,"Mjohagen, Sven",non-elite,1451,2929,4458,6143,7697,9319,11019,12547,1478,1529,1685,1554,1622,1700,1528
37254,"Owens, Jay",non-elite,1516,3051,4584,6139,7676,9255,10855,12458,1535,1533,1555,1537,1579,1600,1603
37255,"Douglass, Trisha",non-elite,1509,3017,4526,6051,7581,9182,10833,12463,1508,1509,1525,1530,1601,1651,1630
37256,"Stearns, Jennifer",non-elite,1530,3064,4615,6175,7737,9341,10939,12504,1534,1551,1560,1562,1604,1598,1565
37257,"Martin, Bill T Sr.",non-elite,1396,2777,4188,5694,7224,8855,10596,12373,1381,1411,1506,1530,1631,1741,1777
37258,"Rawat, Jitendra",non-elite,1445,2882,4360,5837,7333,8940,10695,12405,1437,1478,1477,1496,1607,1755,1710
37259,"Josephson, Glen J.",non-elite,1432,2870,4303,5769,7268,8870,10543,12363,1438,1433,1466,1499,1602,1673,1820
37260,"Gibbons, Melanie C",non-elite,1577,3119,4659,6190,7761,9343,10930,12493,1542,1540,1531,1571,1582,1587,1563
37261,"Bates, Renee",non-elite,1485,2989,4513,6081,7647,9251,10860,12475,1504,1524,1568,1566,1604,1609,1615
37262,"Pincus, Dave",non-elite,1412,2824,4268,5771,7291,8925,10691,12461,1412,1444,1503,1520,1634,1766,1770
37263,"Pillion, John E",non-elite,1475,3007,4550,6088,7633,9247,10887,12476,1532,1543,1538,1545,1614,1640,1589
37264,"Kalogeropoulos, Nicole T.",non-elite,1472,2978,4525,6164,7727,9357,10982,12473,1506,1547,1639,1563,1630,1625,1491
37265,"Reynolds, Gregory",non-elite,1281,2567,3882,5415,7018,8730,10518,12383,1286,1315,1533,1603,1712,1788,1865
37266,"Espinosa, Julian F",non-elite,1524,3023,4512,6034,7577,9191,10855,12468,1499,1489,1522,1543,1614,1664,1613
37267,"Berman, Art",non-elite,1481,2979,4513,6043,7592,9186,10814,12435,1498,1534,1530,1549,1594,1628,1621
37268,"Phillips, Katherine",non-elite,1305,2687,4248,5796,7492,9309,10927,12503,1382,1561,1548,1696,1817,1618,1576
37269,"Trostel, Michael P.",non-elite,1520,3041,4603,6157,7665,9237,10862,12482,1521,1562,1554,1508,1572,1625,1620
37270,"Mordis, Barry D.",non-elite,1330,2722,4105,5521,6969,8522,10252,12303,1392,1383,1416,1448,1553,1730,2051
37271,"Lewis, Jim",non-elite,1559,3117,4639,6167,7687,9256,10877,12448,1558,1522,1528,1520,1569,1621,1571
37272,"Llinas, Chris",non-elite,1363,2730,4164,5654,7177,8806,10564,12413,1367,1434,1490,1523,1629,1758,1849
37273,"Lewis, Becca",non-elite,1559,3117,4640,6167,7687,9256,10881,12466,1558,1523,1527,1520,1569,1625,1585
37274,"Solis, Carrie A.",non-elite,1445,2906,4379,5894,7466,9140,10890,12484,1461,1473,1515,1572,1674,1750,1594
37275,"Johnson, Janelle M",non-elite,1509,3016,4537,6089,7651,9265,10907,12496,1507,1521,1552,1562,1614,1642,1589
37276,"Minacs, John G",non-elite,1424,2905,4356,5860,7416,9064,10778,12524,1481,1451,1504,1556,1648,1714,1746
37277,"Sasaki, Yoshiaki",non-elite,1525,3082,4663,6235,7797,9410,11032,12521,1557,1581,1572,1562,1613,1622,1489
37278,"Cortes, Marcela",non-elite,1520,3032,4540,6050,7557,9122,10807,12455,1512,1508,1510,1507,1565,1685,1648
37279,"Marchand, Genevieve",non-elite,1445,2929,4436,5974,7522,9180,10848,12462,1484,1507,1538,1548,1658,1668,1614
37280,"Ventriglia, Jennifer",non-elite,1464,2899,4380,5895,7432,9051,10753,12450,1435,1481,1515,1537,1619,1702,1697
37281,"Mathie, Dorothy",non-elite,1278,2577,4033,5560,7375,9059,10717,12463,1299,1456,1527,1815,1684,1658,1746
37282,"Palto, Wendy",non-elite,1513,3087,4663,6228,7760,9332,10957,12524,1574,1576,1565,1532,1572,1625,1567
37283,"Wong, Elizabeth M.",non-elite,1363,2727,4116,5579,7277,8949,10736,12414,1364,1389,1463,1698,1672,1787,1678
37284,"Novy, Kelli C",non-elite,1568,3128,4682,6242,7802,9393,10951,12520,1560,1554,1560,1560,1591,1558,1569
37285,"Gibson, Lacey S.",non-elite,1483,2972,4471,5998,7525,9095,10742,12429,1489,1499,1527,1527,1570,1647,1687
37286,"Semkiw, Luiz S. Sr.",non-elite,1330,2639,3961,5306,6697,8278,10392,12307,1309,1322,1345,1391,1581,2114,1915
37287,"Anderson, Maureen M.",non-elite,1537,3079,4620,6171,7728,9345,10996,12521,1542,1541,1551,1557,1617,1651,1525
37288,"Yu, Chunman",non-elite,1388,2784,4191,5680,7210,8852,10550,12347,1396,1407,1489,1530,1642,1698,1797
37289,"Harris, Julie C",non-elite,1395,2790,4165,5567,7000,8593,10399,12305,1395,1375,1402,1433,1593,1806,1906
37290,"King, Eric K",non-elite,1448,2915,4433,6033,7619,9291,10947,12465,1467,1518,1600,1586,1672,1656,1518
37291,"Booth, Krista",non-elite,1431,2865,4315,5826,7377,9017,10771,12444,1434,1450,1511,1551,1640,1754,1673
37292,"Lee Ting Sang, Marianne",non-elite,1405,2866,4353,5877,7455,9071,10763,12468,1461,1487,1524,1578,1616,1692,1705
37293,"Hallett, Mary L.",non-elite,1346,2761,4224,5778,7366,9072,10838,12475,1415,1463,1554,1588,1706,1766,1637
37294,"Cook, Jerry P.",non-elite,1406,2823,4351,5883,7454,9146,10849,12477,1417,1528,1532,1571,1692,1703,1628
37295,"Cote, Jean-Marc",non-elite,1375,2763,4165,5627,7160,8762,10536,12400,1388,1402,1462,1533,1602,1774,1864
37296,"Kim, Roberta E",non-elite,1488,2942,4424,5958,7523,9122,10790,12490,1454,1482,1534,1565,1599,1668,1700
37297,"Diaz, Jessica",non-elite,1514,3022,4549,6112,7678,9310,10927,12466,1508,1527,1563,1566,1632,1617,1539
37298,"Hexsel, Debra D",non-elite,1488,3008,4532,6096,7645,9236,10860,12465,1520,1524,1564,1549,1591,1624,1605
37299,"De Pinto, Louise",non-elite,1449,2897,4396,5948,7510,9128,10791,12446,1448,1499,1552,1562,1618,1663,1655
37300,"Mccoach, Meg",non-elite,1395,2812,4279,5771,7269,8972,10734,12487,1417,1467,1492,1498,1703,1762,1753
37301,"Moorefield, Amanda K.",non-elite,1436,2878,4320,5779,7276,8912,10685,12419,1442,1442,1459,1497,1636,1773,1734
37302,"Sutton, Maria Mia",non-elite,1532,3005,4395,5774,7454,9093,10784,12454,1473,1390,1379,1680,1639,1691,1670
37303,"Nemoto, David",non-elite,1410,2900,4385,5940,7458,9063,10733,12418,1490,1485,1555,1518,1605,1670,1685
37304,"Gordon, Stuart",non-elite,1527,3062,4605,6183,7717,9340,10929,12479,1535,1543,1578,1534,1623,1589,1550
37305,"Potts, Amanda A",non-elite,1484,2937,4410,5907,7422,9044,10754,12453,1453,1473,1497,1515,1622,1710,1699
37306,"Lindquist, Beth",non-elite,1464,2927,4433,5978,7501,9154,10828,12434,1463,1506,1545,1523,1653,1674,1606
37307,"Estrada, Zeus",non-elite,1483,2983,4496,6036,7585,9232,10929,12519,1500,1513,1540,1549,1647,1697,1590
37308,"Flournoy, Thomas H.",non-elite,1470,2936,4400,5881,7372,8950,10654,12344,1466,1464,1481,1491,1578,1704,1690
37309,"Krenz, Gary",non-elite,1483,2953,4431,5974,7507,9102,10735,12403,1470,1478,1543,1533,1595,1633,1668
37310,"Martino, Jeffrey",non-elite,1360,2733,4152,5650,7189,8827,10551,12365,1373,1419,1498,1539,1638,1724,1814
37311,"Charles, Kristy B",non-elite,1403,2806,4231,5681,7160,8838,10636,12431,1403,1425,1450,1479,1678,1798,1795
37312,"Di Re, Amanda",non-elite,1444,2893,4349,5834,7364,8987,10696,12369,1449,1456,1485,1530,1623,1709,1673
37313,"Morgan, Peter J.",non-elite,1397,2828,4293,5829,7392,9066,10752,12460,1431,1465,1536,1563,1674,1686,1708
37314,"Yarbor, Lee Ann",non-elite,1413,2860,4326,5836,7397,9155,10840,12477,1447,1466,1510,1561,1758,1685,1637
37315,"Yip, Fung Ming Fion",non-elite,1480,2964,4545,6147,7715,9329,10977,12555,1484,1581,1602,1568,1614,1648,1578
37316,"Donegan, Siobhan",non-elite,1521,3047,4572,6114,7650,9243,10894,12490,1526,1525,1542,1536,1593,1651,1596
37317,"Cross, Mark K.",non-elite,1549,3082,4611,6133,7654,9224,10835,12443,1533,1529,1522,1521,1570,1611,1608
37318,"Schmauk, David W Jr.",non-elite,1312,2660,4033,5561,7180,8937,10711,12437,1348,1373,1528,1619,1757,1774,1726
37319,"Venable, David A",non-elite,1481,2972,4514,6144,7778,9364,10978,12512,1491,1542,1630,1634,1586,1614,1534
37320,"Currie, Jason M",non-elite,1470,2924,4390,5884,7383,8940,10663,12415,1454,1466,1494,1499,1557,1723,1752
37321,"Lin, Peter",non-elite,1290,2584,3858,5326,6738,8376,10152,12176,1294,1274,1468,1412,1638,1776,2024
37322,"Ellis, Cindy",non-elite,1482,2945,4417,5913,7415,8979,10653,12435,1463,1472,1496,1502,1564,1674,1782
37323,"Wilmoth, Heather S.",non-elite,1311,2652,4053,5542,7172,8869,10635,12421,1341,1401,1489,1630,1697,1766,1786
37324,"Manikas, Vasilli",non-elite,1664,3206,4744,6276,7793,9341,10911,12467,1542,1538,1532,1517,1548,1570,1556
37325,"Durham, John C",non-elite,1532,3080,4610,6153,7690,9269,10879,12478,1548,1530,1543,1537,1579,1610,1599
37326,"Flood, Elizabeth",non-elite,1469,2951,4450,5974,7485,9057,10706,12403,1482,1499,1524,1511,1572,1649,1697
37327,"Roepstorf, Peter",non-elite,1410,2836,4307,5818,7371,9032,10758,12454,1426,1471,1511,1553,1661,1726,1696
37328,"Marques, Glauber C.",non-elite,1415,2848,4307,5786,7305,8882,10556,12415,1433,1459,1479,1519,1577,1674,1859
37329,"Katzenback, Ashley",non-elite,1370,2799,4282,5914,7456,9098,10751,12478,1429,1483,1632,1542,1642,1653,1727
37330,"Tassone, Dave A.",non-elite,1278,2562,3863,5216,6803,8700,10556,12471,1284,1301,1353,1587,1897,1856,1915
37331,"Flowers, Robert M",non-elite,1437,2891,4347,5825,7320,8907,10614,12372,1454,1456,1478,1495,1587,1707,1758
37332,"Smith, Yvonne",non-elite,1414,2815,4215,5657,7156,8764,10491,12370,1401,1400,1442,1499,1608,1727,1879
37333,"Youth, Tom",non-elite,1490,2990,4522,6066,7577,9177,10829,12467,1500,1532,1544,1511,1600,1652,1638
37334,"Grinvalds, Paul",non-elite,1545,3078,4576,6088,7604,9181,10836,12467,1533,1498,1512,1516,1577,1655,1631
37335,"Colbin, David I",non-elite,1364,2759,4197,5683,7212,8832,10687,12376,1395,1438,1486,1529,1620,1855,1689
37336,"Jensen, Roger",non-elite,1581,3176,4780,6364,7887,9451,11010,12531,1595,1604,1584,1523,1564,1559,1521
37337,"Cornelius, Adam",non-elite,1286,2570,3868,5214,6686,8383,10202,12231,1284,1298,1346,1472,1697,1819,2029
37339,"Fogh, Morten",non-elite,1469,2945,4448,5975,7502,9127,10807,12458,1476,1503,1527,1527,1625,1680,1651
37340,"Shurtleff, Bruce",non-elite,1421,2847,4301,5879,7422,9056,10784,12443,1426,1454,1578,1543,1634,1728,1659
37341,"Mills, Molly",non-elite,1460,2931,4418,5970,7485,9148,10860,12490,1471,1487,1552,1515,1663,1712,1630
37342,"Pan, Jing Feng",non-elite,1243,2521,3890,5331,6884,8678,10704,12471,1278,1369,1441,1553,1794,2026,1767
37343,"Blastow, Jennifer",non-elite,1525,3035,4571,6112,7653,9251,10916,12494,1510,1536,1541,1541,1598,1665,1578
37344,"Lecours, Steven J",non-elite,1404,2812,4233,5724,7258,8884,10610,12428,1408,1421,1491,1534,1626,1726,1818
37345,"Carson, Giselle",non-elite,1564,3110,4646,6228,7826,9343,10974,12519,1546,1536,1582,1598,1517,1631,1545
37346,"Perun, Diane",non-elite,1465,2908,4355,5826,7320,8959,10738,12410,1443,1447,1471,1494,1639,1779,1672
37347,"Binder, Sandra",non-elite,1474,2983,4530,6204,7761,9389,10985,12517,1509,1547,1674,1557,1628,1596,1532
37348,"Gutierrez, Baltazar",non-elite,1392,2827,4281,5758,7267,8916,10635,12356,1435,1454,1477,1509,1649,1719,1721
37349,"Meyer, Maureen A",non-elite,1489,2928,4433,5958,7480,9051,10749,12431,1439,1505,1525,1522,1571,1698,1682
37350,"Hage, Robijn",non-elite,1308,2633,3979,5410,6929,8618,10891,12499,1325,1346,1431,1519,1689,2273,1608
37351,"Paulson-Smith, Katie",non-elite,1452,2896,4382,5890,7425,9067,10773,12488,1444,1486,1508,1535,1642,1706,1715
37352,"Ren, Bing",non-elite,1442,2884,4354,5838,7374,9001,10708,12400,1442,1470,1484,1536,1627,1707,1692
37353,"Dehnashi, Zarah",non-elite,1475,2973,4536,6076,7626,9244,10883,12492,1498,1563,1540,1550,1618,1639,1609
37354,"Darrenkamp, Bonnie",non-elite,1479,2929,4387,5878,7421,9025,10735,12426,1450,1458,1491,1543,1604,1710,1691
37355,"Butler, Alexander R.",non-elite,1405,2811,4264,5763,7352,8978,10640,12355,1406,1453,1499,1589,1626,1662,1715
37356,"Welch, Susan",non-elite,1527,3066,4606,6137,7679,9270,10882,12480,1539,1540,1531,1542,1591,1612,1598
37357,"Holway, Haley E",non-elite,1420,2862,4328,5839,7328,8874,10538,12366,1442,1466,1511,1489,1546,1664,1828
37358,"Midei, Allison",non-elite,1405,2812,4261,5819,7382,9027,10694,12417,1407,1449,1558,1563,1645,1667,1723
37359,"Popovici, Marius",non-elite,1497,2970,4436,5917,7411,9009,10698,12423,1473,1466,1481,1494,1598,1689,1725
37360,"Stevens, Sarah C",non-elite,1478,2975,4501,6058,7606,9209,10863,12496,1497,1526,1557,1548,1603,1654,1633
37361,"Schnaufer, Todd",non-elite,1491,2963,4440,5964,7512,9125,10815,12514,1472,1477,1524,1548,1613,1690,1699
37362,"Herbert, Kevin",non-elite,1425,2839,4272,5734,7229,8829,10550,12378,1414,1433,1462,1495,1600,1721,1828
37363,"Fannon, Alicia",non-elite,1485,2918,4378,5854,7384,8973,10680,12415,1433,1460,1476,1530,1589,1707,1735
37364,"Novotni, Duane",non-elite,1480,2974,4511,6087,7616,9315,10929,12504,1494,1537,1576,1529,1699,1614,1575
37365,"Morin, Catherine",non-elite,1345,2769,4279,5882,7471,9090,10754,12526,1424,1510,1603,1589,1619,1664,1772
37366,"Larson, Jeff S",non-elite,1294,2617,3957,5366,6869,8644,10570,12561,1323,1340,1409,1503,1775,1926,1991
37367,"Hieb, John",non-elite,1493,2975,4455,5938,7415,8942,10564,12360,1482,1480,1483,1477,1527,1622,1796
37368,"Schneider, Erin R.",non-elite,1540,3037,4542,6086,7614,9197,10848,12505,1497,1505,1544,1528,1583,1651,1657
37369,"Witter, Jessica G.",non-elite,1407,2880,4373,5907,7485,9143,10831,12474,1473,1493,1534,1578,1658,1688,1643
37370,"Ortiz, Stacy L",non-elite,1513,2998,4512,6022,7554,9137,10781,12447,1485,1514,1510,1532,1583,1644,1666
37371,"Ruiz, Gilberto",non-elite,1369,2796,4277,5828,7428,9091,10802,12466,1427,1481,1551,1600,1663,1711,1664
37372,"Ahlgren, Scott",non-elite,1365,2773,4187,5645,7100,8667,10351,12303,1408,1414,1458,1455,1567,1684,1952
37373,"Mcrae, Robert A",non-elite,1378,2772,4185,5641,7153,8785,10497,12292,1394,1413,1456,1512,1632,1712,1795
37374,"Grollman, Michael D",non-elite,1332,2731,4206,5750,7303,8924,10684,12440,1399,1475,1544,1553,1621,1760,1756
37375,"Witham, Leslie N",non-elite,1492,2990,4501,6033,7591,9275,10956,12520,1498,1511,1532,1558,1684,1681,1564
37376,"McKillop, Seamus A.",non-elite,1428,2858,4304,5785,7313,8977,10815,12439,1430,1446,1481,1528,1664,1838,1624
37377,"Zern, Abigail",non-elite,1453,2903,4364,5843,7349,8905,10749,12494,1450,1461,1479,1506,1556,1844,1745
37378,"Dunn, Carrie",non-elite,1511,3019,4538,6071,7616,9222,10873,12485,1508,1519,1533,1545,1606,1651,1612
37379,"Martinez, Rose M.",non-elite,1502,2964,4422,5924,7444,9071,10773,12463,1462,1458,1502,1520,1627,1702,1690
37380,"Hsiao-Lan, Chou",non-elite,1451,2926,4414,5964,7518,9141,10826,12470,1475,1488,1550,1554,1623,1685,1644
37381,"Betancourt, Rafael D.",non-elite,1531,3019,4480,5979,7484,9091,10810,12522,1488,1461,1499,1505,1607,1719,1712
37382,"Resnick, Nicole",non-elite,1423,2875,4381,5938,7507,9146,10823,12490,1452,1506,1557,1569,1639,1677,1667
37383,"Johnson, Kerry",non-elite,1554,3112,4659,6211,7746,9337,10943,12511,1558,1547,1552,1535,1591,1606,1568
37384,"Iida, Tomoko",non-elite,1524,3054,4586,6117,7664,9246,10888,12481,1530,1532,1531,1547,1582,1642,1593
37385,"Schaefer, Erin C.",non-elite,1510,3016,4537,6113,7654,9278,10931,12502,1506,1521,1576,1541,1624,1653,1571
37386,"Hyland, Eileen",non-elite,1419,2873,4367,5961,7517,9282,11014,12530,1454,1494,1594,1556,1765,1732,1516
37387,"Gratzer, Daniel J.",non-elite,1603,3097,4571,6041,7494,9031,10714,12444,1494,1474,1470,1453,1537,1683,1730
37388,"Scherkoske, Greg",non-elite,1447,2911,4400,5904,7416,9017,10709,12448,1464,1489,1504,1512,1601,1692,1739
37389,"Mosesso, Kara",non-elite,1447,2931,4431,5999,7549,9114,10783,12472,1484,1500,1568,1550,1565,1669,1689
37390,"Shreve, Erin",non-elite,1487,3002,4534,6065,7608,9216,10877,12492,1515,1532,1531,1543,1608,1661,1615
37391,"Pope, Mary A",non-elite,1500,3009,4523,6064,7610,9188,10859,12480,1509,1514,1541,1546,1578,1671,1621
37392,"Van Esch, Steven A.",non-elite,1436,2858,4309,5783,7272,8814,10546,12448,1422,1451,1474,1489,1542,1732,1902
37393,"Moralee, Gary",non-elite,1458,2961,4446,5965,7484,9098,10739,12452,1503,1485,1519,1519,1614,1641,1713
37394,"Berke, Stuart",non-elite,1452,2942,4444,5980,7525,9134,10843,12491,1490,1502,1536,1545,1609,1709,1648
37395,"Lee, Taylor S.",non-elite,1613,3164,4688,6208,7724,9329,10953,12540,1551,1524,1520,1516,1605,1624,1587
37396,"Donahue, Hilary",non-elite,1571,3151,4721,6280,7827,9414,10988,12546,1580,1570,1559,1547,1587,1574,1558
37397,"Brown, Patrick O",non-elite,1533,3059,4561,6093,7627,9204,10862,12520,1526,1502,1532,1534,1577,1658,1658
37398,"Mesa Gutierrez, Mario Sr.",non-elite,1435,2864,4331,5857,7390,9039,10779,12435,1429,1467,1526,1533,1649,1740,1656
37399,"Barkimer, Jessica L",non-elite,1441,2920,4426,5961,7500,9123,10796,12465,1479,1506,1535,1539,1623,1673,1669
37400,"Barreneche Rios, Hernan",non-elite,1435,2865,4331,5854,7390,9029,10780,12438,1430,1466,1523,1536,1639,1751,1658
37401,"West, Kathleen",non-elite,1435,2873,4328,5793,7297,8919,10643,12418,1438,1455,1465,1504,1622,1724,1775
37402,"Ferreira, Eduardo D.",non-elite,1659,3144,4618,6119,7643,9246,10890,12499,1485,1474,1501,1524,1603,1644,1609
37403,"Fotouhi, Farsad",non-elite,1402,2801,4225,5713,7231,8871,10668,12407,1399,1424,1488,1518,1640,1797,1739
37404,"Moran, Michael J.",non-elite,1610,3154,4682,6206,7723,9275,10870,12476,1544,1528,1524,1517,1552,1595,1606
37405,"Jenkins, Gregory J.",non-elite,1399,2807,4236,5724,7299,9028,10755,12472,1408,1429,1488,1575,1729,1727,1717
37406,"Weiler, Meghan",non-elite,1501,3001,4493,5975,7463,9015,10815,12427,1500,1492,1482,1488,1552,1800,1612
37407,"Kennedy, Ale",non-elite,1334,2706,4190,5708,7277,8979,10739,12443,1372,1484,1518,1569,1702,1760,1704
37408,"Heffner, Rusty",non-elite,1340,2662,4032,5469,7007,8733,10620,12461,1322,1370,1437,1538,1726,1887,1841
37409,"Kwon, Tae O.",non-elite,1435,2827,4307,5839,7395,9049,10782,12434,1392,1480,1532,1556,1654,1733,1652
37410,"Chin, Jessica",non-elite,1372,2723,4067,5549,7666,9190,10782,12505,1351,1344,1482,2117,1524,1592,1723
37411,"Winterburn, Todd",non-elite,1405,2877,4368,5920,7515,9124,10834,12480,1472,1491,1552,1595,1609,1710,1646
37412,"Drozda, Corrylee",non-elite,1448,2921,4399,5883,7406,9045,10828,12520,1473,1478,1484,1523,1639,1783,1692
37413,"Oss, Christopher D.",non-elite,1317,2631,4087,5666,7368,8927,10706,12476,1314,1456,1579,1702,1559,1779,1770
37414,"Karapelou, Danielle M",non-elite,1541,3035,4542,6052,7572,9164,10836,12485,1494,1507,1510,1520,1592,1672,1649
37415,"Perry, Julia A.",non-elite,1537,3048,4558,6095,7641,9252,10886,12481,1511,1510,1537,1546,1611,1634,1595
37416,"Keifer, Cara",non-elite,1525,3080,4642,6242,7847,9444,11038,12568,1555,1562,1600,1605,1597,1594,1530
37417,"Garrett, Craig",non-elite,1457,2907,4361,5827,7334,8969,10687,12408,1450,1454,1466,1507,1635,1718,1721
37418,"Kaufman, Andrea",non-elite,1583,3121,4673,6230,7779,9342,10941,12518,1538,1552,1557,1549,1563,1599,1577
37419,"Merino, Mariana",non-elite,1517,3038,4558,6110,7646,9239,10857,12475,1521,1520,1552,1536,1593,1618,1618
37420,"Forbes, James E",non-elite,1520,3049,4569,6103,7643,9240,10863,12477,1529,1520,1534,1540,1597,1623,1614
37421,"Connell, Joy C.",non-elite,1452,2921,4431,5963,7521,9168,10862,12492,1469,1510,1532,1558,1647,1694,1630
37422,"Gervais, Charles K",non-elite,1344,2703,4088,5526,6990,8583,10274,12169,1359,1385,1438,1464,1593,1691,1895
37423,"Wieckert, Steve",non-elite,1506,2995,4571,6114,7647,9241,10903,12508,1489,1576,1543,1533,1594,1662,1605
37424,"Kuzma, Cindy",non-elite,1548,3091,4626,6178,7717,9372,10981,12537,1543,1535,1552,1539,1655,1609,1556
37425,"Diaz, Amy",non-elite,1499,3000,4508,6077,7648,9279,10893,12506,1501,1508,1569,1571,1631,1614,1613
37426,"Legge, Tim",non-elite,1416,2837,4273,5731,7222,8907,10663,12447,1421,1436,1458,1491,1685,1756,1784
37427,"Riggins, Camille",non-elite,1476,2935,4426,5935,7475,9070,10739,12450,1459,1491,1509,1540,1595,1669,1711
37428,"Shenk, Bekah",non-elite,1393,2830,4322,5885,7471,9092,10794,12483,1437,1492,1563,1586,1621,1702,1689
37429,"Walsh, Adam C.",non-elite,1561,3067,4562,6071,7575,9182,10818,12466,1506,1495,1509,1504,1607,1636,1648
37430,"Latshaw, Melissa",non-elite,1462,2941,4485,6075,7623,9239,10927,12528,1479,1544,1590,1548,1616,1688,1601
37431,"Gendrich, Jennifer",non-elite,1470,2963,4489,6025,7559,9173,10847,12485,1493,1526,1536,1534,1614,1674,1638
37432,"Alemblaseril, Charan",non-elite,1451,2873,4293,5722,7130,8713,10474,12338,1422,1420,1429,1408,1583,1761,1864
37433,"Pearson, Ashley",non-elite,1386,2812,4259,5861,7357,8989,10622,12443,1426,1447,1602,1496,1632,1633,1821
37434,"Ruster, Jackie",non-elite,1564,3102,4659,6203,7745,9335,10938,12532,1538,1557,1544,1542,1590,1603,1594
37435,"Ponce, Guillermo A",non-elite,1427,2855,4322,5831,7360,9002,10720,12444,1428,1467,1509,1529,1642,1718,1724
37436,"Tahai, Mina",non-elite,1376,2836,4359,5987,7643,9287,10926,12528,1460,1523,1628,1656,1644,1639,1602
37437,"Kohn, Oanh",non-elite,1577,3122,4662,6210,7704,9262,10890,12498,1545,1540,1548,1494,1558,1628,1608
37438,"Nemeth, Amy R",non-elite,1527,3043,4545,6076,7594,9153,10798,12458,1516,1502,1531,1518,1559,1645,1660
37439,"Smith, Douglas A",non-elite,1353,2722,4102,5500,6923,8452,10199,12153,1369,1380,1398,1423,1529,1747,1954
37440,"Carlton, Larry",non-elite,1551,3083,4623,6196,7755,9365,10972,12499,1532,1540,1573,1559,1610,1607,1527
37441,"Sitzer, Josh",non-elite,1442,2872,4341,5839,7374,9012,10717,12458,1430,1469,1498,1535,1638,1705,1741
37442,"Oles, Chris",non-elite,1276,2538,3834,5160,6528,8102,9802,12029,1262,1296,1326,1368,1574,1700,2227
37443,"Kiefaber, Drew E",non-elite,1502,2995,4459,5943,7505,9066,10678,12421,1493,1464,1484,1562,1561,1612,1743
37444,"Hallgren, Johan O",non-elite,1453,2941,4409,5886,7376,8971,10742,12459,1488,1468,1477,1490,1595,1771,1717
37445,"Campbell, Glen",non-elite,1429,2842,4246,5675,7091,8566,10362,12401,1413,1404,1429,1416,1475,1796,2039
37446,"Hoziel, Eric",non-elite,1475,2947,4432,5949,7470,9060,10697,12361,1472,1485,1517,1521,1590,1637,1664
37447,"Fox, Sarah E.",non-elite,1436,2879,4315,5794,7244,8822,10745,12528,1443,1436,1479,1450,1578,1923,1783
37448,"Ross, Ronald L. Jr.",non-elite,1374,2759,4142,5800,7586,9203,10863,12498,1385,1383,1658,1786,1617,1660,1635
37449,"Krasney, Sara J",non-elite,1443,2883,4359,5852,7366,8963,10736,12436,1440,1476,1493,1514,1597,1773,1700
37450,"Liu, Lora",non-elite,1554,3124,4682,6256,7825,9423,10999,12511,1570,1558,1574,1569,1598,1576,1512
37451,"Kriston, Mark E",non-elite,1505,2969,4442,5923,7414,9029,10728,12430,1464,1473,1481,1491,1615,1699,1702
37452,"Harley, Steven W.",non-elite,1452,2960,4483,6041,7562,9174,10822,12491,1508,1523,1558,1521,1612,1648,1669
37453,"Abecassis, David",non-elite,1452,2905,4358,5857,7403,9051,10761,12471,1453,1453,1499,1546,1648,1710,1710
37454,"Winter, Andrew J",non-elite,1388,2791,4219,5709,7198,8817,10525,12382,1403,1428,1490,1489,1619,1708,1857
37455,"Velloso, Leticia A.",non-elite,1382,2876,4456,6080,7679,9366,11038,12563,1494,1580,1624,1599,1687,1672,1525
37456,"James, Pat",non-elite,1334,2646,3969,5359,6890,8609,10526,12423,1312,1323,1390,1531,1719,1917,1897
37457,"Yoo, Boggun",non-elite,1471,2994,4474,6034,7625,9187,10907,12545,1523,1480,1560,1591,1562,1720,1638
37458,"Dasalla, Michael",non-elite,1428,2826,4215,5650,7110,8693,10461,12374,1398,1389,1435,1460,1583,1768,1913
37459,"Madigan, Patrick J",non-elite,1255,2526,3801,5181,6838,8573,10550,12432,1271,1275,1380,1657,1735,1977,1882
37460,"Taylor, Jeffrey",non-elite,1534,3115,4677,6223,7777,9376,10975,12544,1581,1562,1546,1554,1599,1599,1569
37461,"Johnson, Darryl C.",non-elite,1397,2809,4235,5783,7306,8953,10742,12459,1412,1426,1548,1523,1647,1789,1717
37462,"Mouton, Troy M",non-elite,1381,2783,4208,5743,7287,8920,10734,12508,1402,1425,1535,1544,1633,1814,1774
37463,"Irwin, Khip J",non-elite,1369,2803,4382,5892,7622,9229,10843,12516,1434,1579,1510,1730,1607,1614,1673
37464,"Mc Mahon, Wendy",non-elite,1399,2881,4425,6005,7581,9219,10895,12494,1482,1544,1580,1576,1638,1676,1599
37465,"Myers, Roberta",non-elite,1451,2929,4432,5984,7539,9154,10814,12484,1478,1503,1552,1555,1615,1660,1670
37466,"Argentine, Meredith K.",non-elite,1532,3118,4693,6275,7833,9420,11033,12562,1586,1575,1582,1558,1587,1613,1529
37467,"Izgarjan, Robert",non-elite,1405,2839,4299,5798,7329,8937,10604,12402,1434,1460,1499,1531,1608,1667,1798
37468,"Neal, Jillian",non-elite,1600,3161,4702,6248,7776,9350,10954,12532,1561,1541,1546,1528,1574,1604,1578
37469,"Hern, Britt",non-elite,1404,2843,4272,5713,7169,8760,10484,12425,1439,1429,1441,1456,1591,1724,1941
37470,"Neal, Fred",non-elite,1472,2912,4313,5754,7302,9062,10764,12401,1440,1401,1441,1548,1760,1702,1637
37471,"Paine, Rick",non-elite,1485,2969,4511,6040,7552,9123,10740,12413,1484,1542,1529,1512,1571,1617,1673
37472,"Hodgson, Gabrielle M.",non-elite,1472,2938,4440,5975,7526,9160,10836,12480,1466,1502,1535,1551,1634,1676,1644
37473,"Fry, Evan J.",non-elite,1303,2710,4152,5628,7142,8713,10649,12494,1407,1442,1476,1514,1571,1936,1845
37474,"Connelly, Patrick",non-elite,1488,2986,4493,6021,7557,9148,10789,12441,1498,1507,1528,1536,1591,1641,1652
37475,"Kozhushnyan, Anton I.",non-elite,1647,3107,4545,5995,7474,9057,10733,12437,1460,1438,1450,1479,1583,1676,1704
37476,"Kemper, Ray",non-elite,1460,2971,4432,5926,7470,9087,10774,12470,1511,1461,1494,1544,1617,1687,1696
37477,"Maggs, Amanda R.",non-elite,1443,2895,4344,5828,7308,8877,10544,12418,1452,1449,1484,1480,1569,1667,1874
37478,"Mckeon, Michael P.",non-elite,1369,2824,4344,5875,7497,9148,10825,12510,1455,1520,1531,1622,1651,1677,1685
37479,"Hese, Franciscus H",non-elite,1464,2942,4413,5907,7425,8991,10652,12387,1478,1471,1494,1518,1566,1661,1735
37480,"Diamond, Cassandra M.",non-elite,1464,2911,4360,5924,7536,9130,10861,12514,1447,1449,1564,1612,1594,1731,1653
37481,"Furnier, Jessica",non-elite,1454,2909,4377,5863,7382,9076,10804,12505,1455,1468,1486,1519,1694,1728,1701
37482,"Minorik, Darci L",non-elite,1572,3170,4722,6271,7807,9379,10926,12543,1598,1552,1549,1536,1572,1547,1617
37483,"Lawson, Mike J.",non-elite,1271,2584,3980,5478,7102,8860,10690,12467,1313,1396,1498,1624,1758,1830,1777
37484,"Priddle, Steven A.",non-elite,1452,2913,4378,5868,7372,8994,10728,12490,1461,1465,1490,1504,1622,1734,1762
37485,"Fennell, George J.",non-elite,1523,3045,4591,6151,7714,9313,10913,12518,1522,1546,1560,1563,1599,1600,1605
37486,"Nunes, Pedro M F. Sr.",non-elite,1283,2685,4133,5646,7253,8955,10701,12436,1402,1448,1513,1607,1702,1746,1735
37487,"Pedlow, Halli A",non-elite,1438,2897,4378,5898,7441,9089,10815,12494,1459,1481,1520,1543,1648,1726,1679
37488,"Wilder, Bobby",non-elite,1263,2629,4033,5481,6963,8695,10524,12428,1366,1404,1448,1482,1732,1829,1904
37489,"George, Karin L",non-elite,1455,2914,4392,5929,7500,9160,10854,12496,1459,1478,1537,1571,1660,1694,1642
37490,"Kim, Steve",non-elite,1541,3071,4607,6154,7704,9292,10929,12535,1530,1536,1547,1550,1588,1637,1606
37491,"Le Blanc, Daniel M",non-elite,1491,2981,4488,6002,7526,9091,10770,12467,1490,1507,1514,1524,1565,1679,1697
37492,"Durisin Barbera, Patricia",non-elite,1477,2963,4441,5961,7491,9139,10857,12498,1486,1478,1520,1530,1648,1718,1641
37493,"Hoyt, Aimee B.",non-elite,1585,3140,4714,6284,7830,9411,11002,12538,1555,1574,1570,1546,1581,1591,1536
37494,"Painting, John",non-elite,1424,2833,4220,5638,7127,8673,10420,12358,1409,1387,1418,1489,1546,1747,1938
37495,"Drennan, Tristine B",non-elite,1559,3117,4666,6224,7777,9354,10944,12544,1558,1549,1558,1553,1577,1590,1600
37496,"Greco, Matt",non-elite,1232,2453,3675,4985,6355,7961,9984,12294,1221,1222,1310,1370,1606,2023,2310
37497,"Sanchez, Rocio",non-elite,1346,2738,4206,5728,7294,9007,10838,12557,1392,1468,1522,1566,1713,1831,1719
37498,"Beale, Shannon F",non-elite,1378,2764,4158,5573,7038,8762,10516,12409,1386,1394,1415,1465,1724,1754,1893
37499,"Diblasi, Michael",non-elite,1316,2618,3907,5224,6723,8376,10205,12375,1302,1289,1317,1499,1653,1829,2170
37500,"Sakalauskas, Herbie J",non-elite,1265,2575,3922,5534,7257,9003,10803,12495,1310,1347,1612,1723,1746,1800,1692
37501,"Loman, Blaire H.",non-elite,1516,3025,4532,6060,7594,9171,10851,12508,1509,1507,1528,1534,1577,1680,1657
37502,"Yonemura, Mio",non-elite,1541,3054,4561,6074,7578,9145,10784,12438,1513,1507,1513,1504,1567,1639,1654
37503,"Temme, Zarina",non-elite,1569,3047,4546,6072,7649,9283,10920,12492,1478,1499,1526,1577,1634,1637,1572
37504,"Barclay, Adrienne",non-elite,1485,2937,4416,5962,7512,9160,10800,12513,1452,1479,1546,1550,1648,1640,1713
37505,"Smithson, Peter",non-elite,1318,2642,3962,5328,6807,8478,10384,12302,1324,1320,1366,1479,1671,1906,1918
37506,"Banwait, Ranjit",non-elite,1319,2622,3977,5531,7081,8821,10646,12436,1303,1355,1554,1550,1740,1825,1790
37507,"Bryant, Jennifer",non-elite,1535,3083,4631,6202,7755,9342,10965,12509,1548,1548,1571,1553,1587,1623,1544
37508,"Butler, Pamela H.",non-elite,1481,2983,4495,6091,7664,9281,10945,12518,1502,1512,1596,1573,1617,1664,1573
37509,"Hebert, Jacqueline",non-elite,1409,2834,4318,5829,7351,9017,10720,12448,1425,1484,1511,1522,1666,1703,1728
37510,"Gwozdz, Arthur",non-elite,1545,3064,4564,6073,7588,9138,10799,12465,1519,1500,1509,1515,1550,1661,1666
37511,"Hara, Katsuhiko",non-elite,1603,3099,4598,6083,7616,9237,10894,12538,1496,1499,1485,1533,1621,1657,1644
37512,"Stickle, Rhonda C",non-elite,1240,2593,4013,5549,7176,9004,10818,12492,1353,1420,1536,1627,1828,1814,1674
37513,"Glenn, Laura B",non-elite,1525,3005,4511,6032,7578,9179,10853,12477,1480,1506,1521,1546,1601,1674,1624
37514,"Schalk, Jean",non-elite,1510,3042,4566,6117,7697,9348,11006,12559,1532,1524,1551,1580,1651,1658,1553
37515,"Hite, Kirsten",non-elite,1510,3042,4567,6117,7697,9349,11007,12560,1532,1525,1550,1580,1652,1658,1553
37516,"Tecce, Lauren",non-elite,1539,3052,4576,6110,7627,9214,10856,12520,1513,1524,1534,1517,1587,1642,1664
37517,"Cyr, Jean-Martin",non-elite,1312,2623,3966,5388,6851,8781,10670,12419,1311,1343,1422,1463,1930,1889,1749
37518,"Mckeone, Joseph",non-elite,1373,2781,4191,5634,7097,8753,10549,12403,1408,1410,1443,1463,1656,1796,1854
37519,"Vording, Shawn",non-elite,1292,2620,4053,5632,7202,8882,10690,12502,1328,1433,1579,1570,1680,1808,1812
37520,"Camean, Laurel L.",non-elite,1392,2816,4322,5919,7572,9231,10895,12521,1424,1506,1597,1653,1659,1664,1626
37521,"Daempfle, Rudy",non-elite,1467,2949,4445,5999,7554,9188,10920,12531,1482,1496,1554,1555,1634,1732,1611
37522,"Kasperik, James",non-elite,1492,2901,4331,5801,7311,8970,10662,12436,1409,1430,1470,1510,1659,1692,1774
37523,"Galenski, Lauren",non-elite,1523,3008,4500,6035,7564,9172,10894,12501,1485,1492,1535,1529,1608,1722,1607
37524,"Will, David",non-elite,1286,2605,3984,5437,6959,8670,10587,12489,1319,1379,1453,1522,1711,1917,1902
37525,"Bruns, Emily",non-elite,1490,2990,4517,6064,7608,9232,10919,12492,1500,1527,1547,1544,1624,1687,1573
37526,"Rubin, Daniel I",non-elite,1535,3061,4567,6094,7604,9192,10866,12508,1526,1506,1527,1510,1588,1674,1642
37527,"Kufahl, Ken",non-elite,1449,2912,4360,5831,7304,8874,10780,12457,1463,1448,1471,1473,1570,1906,1677
37528,"Hancock, Keith R",non-elite,1426,2826,4229,5651,7101,8691,10455,12402,1400,1403,1422,1450,1590,1764,1947
37529,"Montoya, Lorena P.",non-elite,1392,2819,4281,5777,7338,9070,10775,12445,1427,1462,1496,1561,1732,1705,1670
37530,"Smith, Stephanie M.",non-elite,1474,2970,4479,6020,7598,9240,10886,12517,1496,1509,1541,1578,1642,1646,1631
37531,"Tiney, Nicholas",non-elite,1434,2796,4231,5678,7235,8939,10665,12580,1362,1435,1447,1557,1704,1726,1915
37532,"Coughlan, Kim",non-elite,1494,3002,4505,6030,7553,9174,10850,12455,1508,1503,1525,1523,1621,1676,1605
37533,"Lucie, Jennifer R",non-elite,1499,2996,4559,6106,7692,9297,10942,12538,1497,1563,1547,1586,1605,1645,1596
37534,"Marshall, Lisa A",non-elite,1505,3021,4548,6086,7618,9216,10857,12494,1516,1527,1538,1532,1598,1641,1637
37535,"Murphy, Danielle",non-elite,1494,3002,4505,6030,7526,9089,10765,12464,1508,1503,1525,1496,1563,1676,1699
37536,"Greene, Michael P.",non-elite,1515,3039,4594,6156,7714,9310,10936,12517,1524,1555,1562,1558,1596,1626,1581
37537,"Lara, Uriel",non-elite,1224,2462,3721,5047,6428,7950,9984,12432,1238,1259,1326,1381,1522,2034,2448
37538,"Gutierrez, Nancy",non-elite,1501,3007,4514,6075,7690,9430,11075,12550,1506,1507,1561,1615,1740,1645,1475
37539,"Castillo, Cristina",non-elite,1490,2967,4458,6000,7550,9162,10823,12480,1477,1491,1542,1550,1612,1661,1657
37540,"Finley, Cora L",non-elite,1533,3046,4528,6022,7530,9180,10871,12500,1513,1482,1494,1508,1650,1691,1629
37541,"Henry, Anna",non-elite,1512,3039,4585,6164,7723,9335,10966,12556,1527,1546,1579,1559,1612,1631,1590
37542,"Mu, Bin",non-elite,1573,3077,4556,6062,7554,9114,10792,12509,1504,1479,1506,1492,1560,1678,1717
37543,"Welch, Jill",non-elite,1390,2854,4364,5936,7515,9164,10866,12508,1464,1510,1572,1579,1649,1702,1642
37544,"Holcombe, Bobby C. Jr.",non-elite,1403,2863,4327,5820,7361,8954,10660,12437,1460,1464,1493,1541,1593,1706,1777
37545,"Gresh, Ashley K.",non-elite,1393,2802,4233,5768,7346,9029,10789,12452,1409,1431,1535,1578,1683,1760,1663
37546,"Finn, Charles",non-elite,1341,2725,4166,5794,7422,9141,10838,12515,1384,1441,1628,1628,1719,1697,1677
37547,"Searles, Mark",non-elite,1694,3260,4764,6254,7725,9249,10893,12487,1566,1504,1490,1471,1524,1644,1594
37548,"Lacrosse, Elizabeth L",non-elite,1511,3023,4526,6078,7629,9223,10853,12510,1512,1503,1552,1551,1594,1630,1657
37549,"Tomkinson, Robert J.",non-elite,1444,2907,4401,5967,7516,9194,10907,12507,1463,1494,1566,1549,1678,1713,1600
37550,"Martineau, Alain",non-elite,1516,3138,4598,6126,7684,9267,10898,12532,1622,1460,1528,1558,1583,1631,1634
37551,"Moore, David",non-elite,1470,2947,4431,5938,7433,8998,10668,12409,1477,1484,1507,1495,1565,1670,1741
37552,"Brundage, Chelsea D.",non-elite,1470,2968,4533,6104,7666,9289,10973,12566,1498,1565,1571,1562,1623,1684,1593
37553,"Connors, Ted",non-elite,1392,2757,4157,5797,7446,8999,10656,12447,1365,1400,1640,1649,1553,1657,1791
37554,"Woytowicz, Katie",non-elite,1536,3066,4602,6154,7699,9326,10963,12535,1530,1536,1552,1545,1627,1637,1572
37555,"Krzeczowski, Scott",non-elite,1297,2603,3949,5329,6852,8543,10575,12525,1306,1346,1380,1523,1691,2032,1950
37556,"Freeman, Susan",non-elite,1584,3140,4682,6250,7791,9376,10981,12546,1556,1542,1568,1541,1585,1605,1565
37557,"Lagowski, Michelle M.",non-elite,1566,3044,4515,6053,7602,9206,10880,12522,1478,1471,1538,1549,1604,1674,1642
37558,"Peters, Thomas W",non-elite,1397,2838,4364,5906,7483,9110,10827,12468,1441,1526,1542,1577,1627,1717,1641
37559,"Clapp, Christopher C.",non-elite,1465,2932,4437,5940,7471,9036,10780,12411,1467,1505,1503,1531,1565,1744,1631
37560,"Cooper, Cori",non-elite,1513,3008,4524,6063,7588,9173,10818,12472,1495,1516,1539,1525,1585,1645,1654
37561,"Harkins, Jennifer",non-elite,1533,3064,4589,6137,7678,9261,10916,12514,1531,1525,1548,1541,1583,1655,1598
37562,"Carlson, Tausha R",non-elite,1530,3064,4613,6180,7746,9345,10963,12556,1534,1549,1567,1566,1599,1618,1593
37563,"Cameron, Iain",non-elite,1635,3129,4572,6073,7575,9148,10818,12483,1494,1443,1501,1502,1573,1670,1665
37564,"Combopiano, Frank",non-elite,1446,2898,4359,5887,7435,9087,10814,12508,1452,1461,1528,1548,1652,1727,1694
37565,"Citarella, Joanna",non-elite,1510,3025,4531,6055,7586,9180,10848,12515,1515,1506,1524,1531,1594,1668,1667
37566,"Stackhouse, Brendan",non-elite,1209,2437,3699,5038,6576,8080,9651,12516,1228,1262,1339,1538,1504,1571,2865
37567,"Busby, Jamie A",non-elite,1482,2998,4532,6125,7643,9213,10817,12517,1516,1534,1593,1518,1570,1604,1700
37568,"Mccue, Maggie",non-elite,1432,2888,4338,5799,7357,9187,10889,12546,1456,1450,1461,1558,1830,1702,1657
37569,"Barnett, Jeffrey G.",non-elite,1501,3012,4533,6068,7595,9203,10847,12515,1511,1521,1535,1527,1608,1644,1668
37570,"Lund, David",non-elite,1439,2878,4333,5813,7295,8874,10652,12451,1439,1455,1480,1482,1579,1778,1799
37571,"Bradbury, Jeff",non-elite,1397,2835,4297,5797,7347,8940,10657,12409,1438,1462,1500,1550,1593,1717,1752
37572,"Miller, Jon",non-elite,1433,2915,4397,5875,7433,9082,10785,12510,1482,1482,1478,1558,1649,1703,1725
37573,"Lindsay, Sarah",non-elite,1448,2861,4269,5740,7230,8857,10618,12401,1413,1408,1471,1490,1627,1761,1783
37574,"Nakanishi, Matthew M",non-elite,1529,3063,4572,6104,7624,9221,10884,12521,1534,1509,1532,1520,1597,1663,1637
37575,"Tyan, Ashley",non-elite,1459,2937,4411,5922,7472,9085,10780,12495,1478,1474,1511,1550,1613,1695,1715
37576,"Regan, Shannon",non-elite,1547,3076,4612,6158,7695,9303,10942,12534,1529,1536,1546,1537,1608,1639,1592
37577,"Cryan, Brendan J.",non-elite,1594,3107,4637,6177,7700,9263,10949,12537,1513,1530,1540,1523,1563,1686,1588
37578,"Czekanski, Ashley J",non-elite,1504,3308,4846,6362,7857,9407,10970,12574,1804,1538,1516,1495,1550,1563,1604
37579,"Moracci, Stephanie E",non-elite,1335,2750,4285,5905,7458,9137,10842,12528,1415,1535,1620,1553,1679,1705,1686
37580,"Feole, Carole",non-elite,1511,3049,4602,6164,7724,9326,10944,12542,1538,1553,1562,1560,1602,1618,1598
37581,"Becker, Russell W.",non-elite,1360,2706,4042,5453,6949,8624,10401,12329,1346,1336,1411,1496,1675,1777,1928
37582,"Mcgourty, Bernard J",non-elite,1558,3168,4723,6298,7849,9429,11051,12571,1610,1555,1575,1551,1580,1622,1520
37583,"Kosina, Bill",non-elite,1500,2996,4508,6036,7568,9158,10807,12500,1496,1512,1528,1532,1590,1649,1693
37584,"Gilbert, Melanie",non-elite,1429,2867,4362,5924,7503,9190,10901,12513,1438,1495,1562,1579,1687,1711,1612
37585,"Cook, Oliver M.",non-elite,1404,2810,4248,5744,7257,8880,10656,12431,1406,1438,1496,1513,1623,1776,1775
37586,"Grant, Carly F",non-elite,1508,2987,4467,5975,7482,9024,10623,12487,1479,1480,1508,1507,1542,1599,1864
37587,"Kobayashi, Shigeya",non-elite,1475,2952,4444,5950,7470,9092,10813,12540,1477,1492,1506,1520,1622,1721,1727
37588,"Brown, Tracie",non-elite,1555,3097,4622,6149,7664,9207,10828,12512,1542,1525,1527,1515,1543,1621,1684
37589,"Cooper, Letitia",non-elite,1431,2927,4476,6032,7595,9281,10933,12535,1496,1549,1556,1563,1686,1652,1602
37590,"Morgan, Cary",non-elite,1361,2708,4054,5493,6864,8288,9779,12308,1347,1346,1439,1371,1424,1491,2529
37591,"Horlacher, Heidi M",non-elite,1531,3053,4569,6113,7657,9289,10946,12544,1522,1516,1544,1544,1632,1657,1598
37592,"Feenstra, Brian",non-elite,1378,2739,4106,5510,6950,8550,10464,12360,1361,1367,1404,1440,1600,1914,1896
37593,"Marsh, Aryn A.",non-elite,1570,3105,4652,6204,7713,9286,10908,12504,1535,1547,1552,1509,1573,1622,1596
37594,"Izard, Diana",non-elite,1539,3108,4615,6107,7621,9191,10839,12502,1569,1507,1492,1514,1570,1648,1663
37595,"Foley, Kimberley",non-elite,1413,2820,4257,5798,7415,9114,10835,12566,1407,1437,1541,1617,1699,1721,1731
37596,"Rodriguez, Derek A",non-elite,1336,2761,4302,5917,7459,9095,10772,12489,1425,1541,1615,1542,1636,1677,1717
37597,"Signori, Daniel",non-elite,1532,3055,4563,6091,7620,9283,10952,12547,1523,1508,1528,1529,1663,1669,1595
37598,"Yang, Lulu",non-elite,1550,3039,4512,6007,7561,9279,10914,12520,1489,1473,1495,1554,1718,1635,1606
37599,"Simpkin, Claire",non-elite,1494,2979,4487,6092,7663,9315,10973,12557,1485,1508,1605,1571,1652,1658,1584
37600,"George, Drew",non-elite,1412,2809,4261,5735,7258,8998,10731,12459,1397,1452,1474,1523,1740,1733,1728
37601,"Hernandez, Lupita",non-elite,1584,3160,4729,6306,7877,9466,11055,12578,1576,1569,1577,1571,1589,1589,1523
37602,"Chui, Anthony",non-elite,1450,2898,4300,5716,7147,8713,10449,12377,1448,1402,1416,1431,1566,1736,1928
37603,"Phillips, John",non-elite,1387,2799,4221,5688,7195,8835,10608,12437,1412,1422,1467,1507,1640,1773,1829
37604,"Wagner, Lauren",non-elite,1483,2954,4437,5947,7441,9003,10717,12467,1471,1483,1510,1494,1562,1714,1750
37606,"Cohen, Wayne S.",non-elite,1421,2859,4310,5830,7427,9076,10831,12530,1438,1451,1520,1597,1649,1755,1699
37607,"Perevalova, Olya",non-elite,1420,2859,4310,5829,7427,9076,10831,12529,1439,1451,1519,1598,1649,1755,1698
37608,"Garcia, Matthew",non-elite,1203,2431,3756,5249,6927,8564,10460,12394,1228,1325,1493,1678,1637,1896,1934
37609,"Horvath, Dave F.",non-elite,1436,2896,4414,5945,7504,9141,10898,12530,1460,1518,1531,1559,1637,1757,1632
37610,"Nelson, Jody K.",non-elite,1514,3043,4573,6115,7636,9227,10873,12512,1529,1530,1542,1521,1591,1646,1639
37611,"Gilbert, Ashley E.",non-elite,1360,2782,4306,5904,7451,9068,10757,12466,1422,1524,1598,1547,1617,1689,1709
37612,"Pellegrini, Maureen",non-elite,1508,3018,4514,6038,7573,9168,10848,12523,1510,1496,1524,1535,1595,1680,1675
37613,"Austin-Thieme, Stephanie M.",non-elite,1557,3076,4571,6065,7583,9167,10840,12505,1519,1495,1494,1518,1584,1673,1665
37614,"Williams, Kristine",non-elite,1577,3132,4676,6235,7777,9352,10959,12550,1555,1544,1559,1542,1575,1607,1591
37615,"Macmillan, Alasdair",non-elite,1286,2572,3923,5426,6984,8654,10498,12364,1286,1351,1503,1558,1670,1844,1866
37616,"Hettinger, Drew",non-elite,1290,2610,3997,5479,7020,8736,10652,12452,1320,1387,1482,1541,1716,1916,1800
37617,"Kelley, Debbie A",non-elite,1532,3095,4663,6189,7714,9290,10922,12529,1563,1568,1526,1525,1576,1632,1607
37618,"Mullet, Jesse",non-elite,1494,2968,4450,5924,7411,8929,10569,12437,1474,1482,1474,1487,1518,1640,1868
37619,"Holt, Scot C",non-elite,1428,2899,4407,5958,7515,9130,10804,12501,1471,1508,1551,1557,1615,1674,1697
37620,"Daniel, Victoria L.",non-elite,1488,2969,4466,5994,7539,9178,10882,12527,1481,1497,1528,1545,1639,1704,1645
37621,"Shin, Richard D",non-elite,1619,3190,4752,6354,7897,9506,11088,12600,1571,1562,1602,1543,1609,1582,1512
37622,"Kilpatrick, John M",non-elite,1434,2884,4337,5848,7387,9008,10707,12419,1450,1453,1511,1539,1621,1699,1712
37623,"Rorrer, Bernadette N.",non-elite,1330,2701,4137,5632,7156,8821,10614,12498,1371,1436,1495,1524,1665,1793,1884
37624,"Lewandowski, Jordan",non-elite,1288,2578,3886,5308,6921,8604,10441,12445,1290,1308,1422,1613,1683,1837,2004
37625,"Shorter, Larry",non-elite,1297,2633,3983,5380,6806,8344,10107,12143,1336,1350,1397,1426,1538,1763,2036
37626,"Lee, Joann",non-elite,1495,3006,4572,6153,7691,9347,10974,12581,1511,1566,1581,1538,1656,1627,1607
37627,"Werts, Kelly",non-elite,1498,3032,4558,6086,7604,9187,10833,12516,1534,1526,1528,1518,1583,1646,1683
37628,"Wilschetz, Timothy",non-elite,1457,2876,4303,5783,7288,8873,10609,12459,1419,1427,1480,1505,1585,1736,1850
37629,"Burke, Ted F.",non-elite,1671,3194,4711,6243,7764,9332,10931,12542,1523,1517,1532,1521,1568,1599,1611
37630,"Reynolds, Anthony",non-elite,1409,2937,4523,6071,7588,9195,10842,12494,1528,1586,1548,1517,1607,1647,1652
37631,"Garber, Tami L",non-elite,1439,2902,4394,5908,7435,9052,10760,12494,1463,1492,1514,1527,1617,1708,1734
37632,"Hansen, Preben",non-elite,1481,2966,4449,5971,7457,9037,10732,12452,1485,1483,1522,1486,1580,1695,1720
37633,"Schubring, Nancy J.",non-elite,1412,2858,4299,5773,7252,8798,10549,12507,1446,1441,1474,1479,1546,1751,1958
37634,"Mackay, Cole",non-elite,1496,3036,4582,6139,7714,9283,10904,12521,1540,1546,1557,1575,1569,1621,1617
37635,"Frazier, Talaya A",non-elite,1439,2871,4379,5926,7471,9100,10781,12465,1432,1508,1547,1545,1629,1681,1684
37636,"Duffy, Ryan F.",non-elite,1292,2598,3999,5448,6970,8638,10531,12441,1306,1401,1449,1522,1668,1893,1910
37637,"Bradley, Pat",non-elite,1458,2916,4401,5924,7462,9077,10759,12458,1458,1485,1523,1538,1615,1682,1699
37638,"Desormeaux, Karine",non-elite,1549,3110,4666,6237,7803,9409,11028,12595,1561,1556,1571,1566,1606,1619,1567
37639,"Derosby, Carolyn",non-elite,1564,3136,4698,6237,7769,9347,10953,12535,1572,1562,1539,1532,1578,1606,1582
37640,"Gardent, Ben",non-elite,1345,2791,4310,5894,7465,9088,10867,12533,1446,1519,1584,1571,1623,1779,1666
37641,"Hecht, Jessie",non-elite,1554,3083,4596,6108,7633,9220,10876,12499,1529,1513,1512,1525,1587,1656,1623
37642,"Schultz, Travis E.",non-elite,1140,2285,3547,4953,6566,8458,10320,12377,1145,1262,1406,1613,1892,1862,2057
37643,"Becker, Terzah",non-elite,1572,3153,4731,6304,7875,9446,11030,12565,1581,1578,1573,1571,1571,1584,1535
37644,"Mauger, David",non-elite,1522,3031,4572,6100,7636,9217,10860,12504,1509,1541,1528,1536,1581,1643,1644
37645,"Claar, Brian",non-elite,1496,2988,4463,5967,7471,9023,10713,12484,1492,1475,1504,1504,1552,1690,1771
37646,"Kinghorn, Jonathan C.",non-elite,1434,2879,4341,5896,7407,8992,10624,12483,1445,1462,1555,1511,1585,1632,1859
37647,"Wheeler, Eric",non-elite,1335,2702,4123,5594,7111,8747,10523,12434,1367,1421,1471,1517,1636,1776,1911
37648,"Orris, Kristin M",non-elite,1471,2947,4456,6007,7582,9215,10893,12559,1476,1509,1551,1575,1633,1678,1666
37649,"Smart, Mary",non-elite,1551,3071,4603,6133,7673,9280,10981,12574,1520,1532,1530,1540,1607,1701,1593
37650,"Wild, Chelsea T.",non-elite,1449,2970,4537,6116,7688,9307,10937,12528,1521,1567,1579,1572,1619,1630,1591
37651,"Cosio, Dawn A",non-elite,1576,3129,4688,6235,7758,9332,10940,12530,1553,1559,1547,1523,1574,1608,1590
37652,"Tesfamariam, Keleta",non-elite,1526,2997,4464,5998,7532,9090,10756,12407,1471,1467,1534,1534,1558,1666,1651
37653,"Reinhart, Jordana M",non-elite,1557,3085,4597,6133,7670,9268,10911,12525,1528,1512,1536,1537,1598,1643,1614
37654,"Adelman, Juli",non-elite,1455,2924,4412,5958,7497,9168,10841,12495,1469,1488,1546,1539,1671,1673,1654
37655,"Barmack, Moik M.",non-elite,1356,2774,4241,5789,7364,8988,10743,12468,1418,1467,1548,1575,1624,1755,1725
37656,"Kabay, Kristin",non-elite,1476,2975,4491,6029,7575,9186,10878,12559,1499,1516,1538,1546,1611,1692,1681
37657,"Molfino, Jeffrey S.",non-elite,1327,2667,4055,5535,7114,8850,10686,12490,1340,1388,1480,1579,1736,1836,1804
37658,"Watling, Robert",non-elite,1299,2577,3873,5236,6653,8259,10179,12269,1278,1296,1363,1417,1606,1920,2090
37659,"Friedman, Rachel",non-elite,1471,2953,4468,6011,7540,9114,10774,12477,1482,1515,1543,1529,1574,1660,1703
37660,"O'Connor, Jennifer M",non-elite,1464,2940,4482,6026,7577,9194,10879,12529,1476,1542,1544,1551,1617,1685,1650
37662,"Klestinski, Jennifer",non-elite,1523,3053,4589,6142,7699,9334,10987,12552,1530,1536,1553,1557,1635,1653,1565
37663,"Nicholson, Krista D.",non-elite,1423,2876,4369,5887,7452,9086,10925,12528,1453,1493,1518,1565,1634,1839,1603
37664,"Pearson, James",non-elite,1467,3014,4573,6163,7771,9405,11047,12582,1547,1559,1590,1608,1634,1642,1535
37665,"Wander, Rachel",non-elite,1449,2926,4431,6008,7579,9216,10917,12534,1477,1505,1577,1571,1637,1701,1617
37666,"Billingsley, Allison C",non-elite,1488,2954,4447,5974,7527,9140,10850,12489,1466,1493,1527,1553,1613,1710,1639
37667,"Piazza, Micaela F.",non-elite,1476,2983,4515,6086,7663,9280,10929,12557,1507,1532,1571,1577,1617,1649,1628
37668,"Smith, Alison M.",non-elite,1554,3151,4750,6334,7888,9487,11047,12592,1597,1599,1584,1554,1599,1560,1545
37669,"Mcgowan, Steven J",non-elite,1445,2830,4212,5594,6981,8482,10298,12333,1385,1382,1382,1387,1501,1816,2035
37670,"Richardson, Patricia A",non-elite,1554,3151,4750,6334,7888,9487,11047,12592,1597,1599,1584,1554,1599,1560,1545
37671,"Lopez Morton, Cristina",non-elite,1461,2957,4521,6140,7707,9299,10934,12552,1496,1564,1619,1567,1592,1635,1618
37672,"Shulepov, Oleg",non-elite,1448,2908,4378,5853,7340,8932,10617,12405,1460,1470,1475,1487,1592,1685,1788
37673,"Holbik, Edward J.",non-elite,1442,2897,4362,5864,7394,8982,10649,12407,1455,1465,1502,1530,1588,1667,1758
37674,"Hernandez, Alyssa A.",non-elite,1484,2937,4401,5925,7460,9055,10738,12491,1453,1464,1524,1535,1595,1683,1753
37675,"Scholten, Jesse K",non-elite,1362,2792,4215,5699,7241,8891,10679,12469,1430,1423,1484,1542,1650,1788,1790
37676,"Contursi, Miranda",non-elite,1443,2921,4385,5890,7461,9116,10828,12522,1478,1464,1505,1571,1655,1712,1694
37677,"Williams, Kimberly A.",non-elite,1498,2970,4501,6056,7603,9200,10857,12509,1472,1531,1555,1547,1597,1657,1652
37678,"Gage, Katherine",non-elite,1521,3010,4517,6050,7603,9223,10910,12526,1489,1507,1533,1553,1620,1687,1616
37679,"Serraiocco, Nicole",non-elite,1512,3015,4587,6160,7751,9391,11000,12569,1503,1572,1573,1591,1640,1609,1569
37680,"Ponce De Leon, Maricruz",non-elite,1450,2852,4302,5843,7408,9127,10980,12569,1402,1450,1541,1565,1719,1853,1589
37681,"Lew, Russell",non-elite,1497,3007,4516,6026,7543,9199,10879,12496,1510,1509,1510,1517,1656,1680,1617
37682,"Richter, Carola",non-elite,1541,3068,4610,6205,7770,9369,10994,12580,1527,1542,1595,1565,1599,1625,1586
37683,"Wutkiewicz, Rusty",non-elite,1292,2588,3907,5278,6708,8199,10169,12322,1296,1319,1371,1430,1491,1970,2153
37684,"Flynn, Jackie J",non-elite,1390,2771,4161,5591,7136,8760,10581,12442,1381,1390,1430,1545,1624,1821,1861
37685,"Staab, Jennifer A.",non-elite,1492,3006,4542,6105,7658,9262,10902,12531,1514,1536,1563,1553,1604,1640,1629
37686,"Ansell, Jennifer R.",non-elite,1380,2803,4293,5882,7472,9107,10804,12506,1423,1490,1589,1590,1635,1697,1702
37687,"Gookin, Patrick M",non-elite,1445,2924,4415,5949,7500,9113,10833,12501,1479,1491,1534,1551,1613,1720,1668
37688,"Mcmanus, Kim A",non-elite,1517,3031,4560,6106,7661,9298,10961,12572,1514,1529,1546,1555,1637,1663,1611
37689,"Zwink, Cathy M",non-elite,1483,2951,4421,5927,7437,9033,10726,12454,1468,1470,1506,1510,1596,1693,1728
37690,"Turrill, Nicole",non-elite,1584,3152,4696,6253,7803,9390,10995,12563,1568,1544,1557,1550,1587,1605,1568
37691,"Gebow, Gael S",non-elite,1566,3120,4674,6251,7848,9459,11074,12592,1554,1554,1577,1597,1611,1615,1518
37692,"Clark, Elaine M",non-elite,1587,3167,4725,6315,7885,9484,11105,12619,1580,1558,1590,1570,1599,1621,1514
37693,"Chan, John M.",non-elite,1568,3128,4646,6206,7739,9339,10964,12551,1560,1518,1560,1533,1600,1625,1587
37694,"Sackles, Paul E",non-elite,1404,2828,4281,5793,7342,8967,10676,12429,1424,1453,1512,1549,1625,1709,1753
37695,"Schreder, Michael J",non-elite,1432,2895,4355,5847,7359,8938,10564,12353,1463,1460,1492,1512,1579,1626,1789
37696,"Sagui, Jane",non-elite,1407,2831,4326,5901,7464,9096,10777,12482,1424,1495,1575,1563,1632,1681,1705
37697,"Zurlo, Mark",non-elite,1635,3135,4638,6151,7666,9225,10854,12502,1500,1503,1513,1515,1559,1629,1648
37698,"Wirtanen, David",non-elite,1442,2894,4377,5930,7523,9180,10867,12511,1452,1483,1553,1593,1657,1687,1644
37699,"Caponnetto, Filippo",non-elite,1400,2812,4259,5791,7299,8943,10653,12414,1412,1447,1532,1508,1644,1710,1761
37700,"Fontes, Brigitte R.",non-elite,1399,2815,4256,5717,7179,8742,10477,12400,1416,1441,1461,1462,1563,1735,1923
37701,"Riley, Troy A.",non-elite,1335,2668,4018,5416,6902,8578,10607,12541,1333,1350,1398,1486,1676,2029,1934
37702,"Wilson, Alexander",non-elite,1490,2839,4225,5699,7289,9029,10784,12535,1349,1386,1474,1590,1740,1755,1751
37703,"Kersch, Cymon",non-elite,1378,2750,4164,5680,7241,8921,10682,12478,1372,1414,1516,1561,1680,1761,1796
37704,"Gibson, Stacey M",non-elite,1455,2927,4428,5960,7519,9160,10839,12513,1472,1501,1532,1559,1641,1679,1674
37705,"Reitmeyer, Mike",non-elite,1341,2708,4110,5554,7325,9086,10849,12588,1367,1402,1444,1771,1761,1763,1739
37706,"Williams, Michele D",non-elite,1481,2925,4381,5873,7388,9004,10709,12426,1444,1456,1492,1515,1616,1705,1717
37707,"Calsin Tejedor, Luis A",non-elite,1492,2967,4468,5986,7523,9155,10821,12506,1475,1501,1518,1537,1632,1666,1685
37708,"Stocard, Xavier",non-elite,1456,2906,4379,5878,7403,8989,10751,12526,1450,1473,1499,1525,1586,1762,1775
37709,"Govey, Paige A",non-elite,1495,2980,4452,5965,7559,9140,10761,12499,1485,1472,1513,1594,1581,1621,1738
37710,"Wenman, Nicole J",non-elite,1403,2824,4269,5804,7367,9037,10750,12471,1421,1445,1535,1563,1670,1713,1721
37711,"Thiel, Michael",non-elite,1432,2895,4367,5860,7347,8954,10687,12419,1463,1472,1493,1487,1607,1733,1732
37712,"Rivera Garcia, Jose Enrique Sr.",non-elite,1210,2467,3760,5176,6713,8532,10450,12322,1257,1293,1416,1537,1819,1918,1872
37713,"Gobrogge, Scott P",non-elite,1459,2879,4311,5776,7288,9002,10752,12495,1420,1432,1465,1512,1714,1750,1743
37714,"Schlink, Mallory M",non-elite,1443,2907,4415,5986,7575,9250,10913,12583,1464,1508,1571,1589,1675,1663,1670
37715,"Robbins, Patricia L.",non-elite,1560,3119,4680,6247,7810,9386,10986,12566,1559,1561,1567,1563,1576,1600,1580
37716,"Orazio, Andy J",non-elite,1376,2759,4132,5529,6921,8393,10100,12319,1383,1373,1397,1392,1472,1707,2219
37717,"Hughes, Bettina",non-elite,1402,2800,4219,5659,7158,8809,10579,12491,1398,1419,1440,1499,1651,1770,1912
37718,"Mabie, Calvin R",non-elite,1251,2624,4255,5821,7385,8984,10747,12512,1373,1631,1566,1564,1599,1763,1765
37719,"Cheng, Yifan",non-elite,1390,2920,4348,5838,7345,9090,10820,12506,1530,1428,1490,1507,1745,1730,1686
37720,"Gilman, Marybeth S",non-elite,1435,2932,4444,5984,7583,9218,10889,12542,1497,1512,1540,1599,1635,1671,1653
37721,"Zhu, Ling",non-elite,1515,2980,4461,5952,7459,9015,10667,12518,1465,1481,1491,1507,1556,1652,1851
37722,"Abrahamsen, Niels Boel",non-elite,1305,2617,3959,5395,6928,8704,10609,12497,1312,1342,1436,1533,1776,1905,1888
37723,"Polovitz, Alyssa",non-elite,1471,2938,4469,6014,7538,9144,10833,12545,1467,1531,1545,1524,1606,1689,1712
37724,"Peterson, Rebecca M.",non-elite,1464,2923,4440,5984,7556,9184,10879,12531,1459,1517,1544,1572,1628,1695,1652
37725,"Duarte, Danielle",non-elite,1413,2821,4214,5741,7239,8763,10388,12454,1408,1393,1527,1498,1524,1625,2066
37726,"Chediak, Carlos",non-elite,1530,3069,4629,6203,7753,9348,10967,12567,1539,1560,1574,1550,1595,1619,1600
37727,"Guter, Austin",non-elite,1338,2702,4082,5507,6955,8546,10276,12463,1364,1380,1425,1448,1591,1730,2187
37728,"Conneely, Sarah",non-elite,1601,3158,4722,6293,7849,9403,10967,12564,1557,1564,1571,1556,1554,1564,1597
37729,"Marek, Ron J.",non-elite,1353,2697,4065,5525,6965,8690,10621,12551,1344,1368,1460,1440,1725,1931,1930
37730,"Hammonds, Amy",non-elite,1509,3035,4584,6116,7638,9231,10872,12516,1526,1549,1532,1522,1593,1641,1644
37731,"Olmsted, Sophie",non-elite,1542,3085,4651,6214,7754,9384,11003,12565,1543,1566,1563,1540,1630,1619,1562
37732,"Wood, Jodie C.",non-elite,1428,2884,4350,5876,7430,9040,10712,12446,1456,1466,1526,1554,1610,1672,1734
37733,"Goodall, Betsy",non-elite,1452,2927,4422,5934,7468,9110,10856,12532,1475,1495,1512,1534,1642,1746,1676
37734,"Korze Hinojosa, David A. Sr.",non-elite,1307,2676,4110,5654,7242,8889,10651,12408,1369,1434,1544,1588,1647,1762,1757
37735,"Schrauwen, Peter",non-elite,1543,3015,4502,6006,7568,9139,10798,12507,1472,1487,1504,1562,1571,1659,1709
37736,"Fischer, Melissa L",non-elite,1486,2972,4463,6044,7608,9227,10845,12527,1486,1491,1581,1564,1619,1618,1682
37737,"Herr, Dana E",non-elite,1471,2944,4433,5958,7493,9127,10826,12522,1473,1489,1525,1535,1634,1699,1696
37738,"Shugart, Rob C",non-elite,1428,2890,4413,5936,7476,9128,10843,12494,1462,1523,1523,1540,1652,1715,1651
37739,"Congelli, Tammy",non-elite,1535,3044,4590,6149,7721,9357,10984,12567,1509,1546,1559,1572,1636,1627,1583
37740,"Cuaya, Miguel Sr.",non-elite,1242,2520,3854,5326,7359,9398,11134,12607,1278,1334,1472,2033,2039,1736,1473
37741,"Baumgartner, Cecil J",non-elite,1601,3163,4755,6361,7906,9481,11094,12588,1562,1592,1606,1545,1575,1613,1494
37742,"Becker, Jennifer A",non-elite,1560,3107,4648,6198,7723,9301,10929,12580,1547,1541,1550,1525,1578,1628,1651
37743,"Verdick, Dan",non-elite,1279,2613,4090,5608,7168,8887,10672,12520,1334,1477,1518,1560,1719,1785,1848
37744,"Thimme, Ellen J",non-elite,1532,3034,4525,6039,7653,9294,10932,12579,1502,1491,1514,1614,1641,1638,1647
37745,"Stych, Kathryn",non-elite,1430,2907,4414,6023,7559,9171,10868,12534,1477,1507,1609,1536,1612,1697,1666
37746,"Peters, Annie",non-elite,1370,2767,4183,5667,7197,8896,10722,12537,1397,1416,1484,1530,1699,1826,1815
37747,"Cleary, Meghan C.",non-elite,1422,2793,4206,5692,7226,8907,10805,12525,1371,1413,1486,1534,1681,1898,1720
37748,"Fernandes Da Silva, Antonio Horacio",non-elite,1493,2912,4352,5818,7313,8881,10565,12422,1419,1440,1466,1495,1568,1684,1857
37749,"Wimer, Diana L",non-elite,1564,3168,4756,6337,7880,9461,11044,12595,1604,1588,1581,1543,1581,1583,1551
37750,"Moghrabi, Albert",non-elite,1519,3032,4564,6124,7696,9331,11020,12597,1513,1532,1560,1572,1635,1689,1577
37751,"Mangold, Glenn",non-elite,1518,3010,4499,6039,7536,9132,10799,12463,1492,1489,1540,1497,1596,1667,1664
37752,"Patrick, Matthew",non-elite,1277,2573,3937,5314,6728,8427,10039,12454,1296,1364,1377,1414,1699,1612,2415
37753,"Stanley, Laura",non-elite,1556,3115,4632,6199,7765,9362,10987,12586,1559,1517,1567,1566,1597,1625,1599
37754,"Stradley, Matthew S.",non-elite,1464,2847,4312,5865,7491,9204,10886,12558,1383,1465,1553,1626,1713,1682,1672
37755,"Anderson, Sarah",non-elite,1552,3082,4620,6193,7756,9398,11033,12593,1530,1538,1573,1563,1642,1635,1560
37756,"Slagboom, Lindsay",non-elite,1552,3083,4620,6193,7756,9398,11033,12593,1531,1537,1573,1563,1642,1635,1560
37757,"Magnus, Stephanie K",non-elite,1470,2928,4395,5893,7456,9127,10806,12496,1458,1467,1498,1563,1671,1679,1690
37758,"Williamson, Amber V",non-elite,1555,3121,4688,6261,7834,9418,10960,12527,1566,1567,1573,1573,1584,1542,1567
37759,"Hughes, June",non-elite,1534,3081,4632,6203,7746,9386,11060,12577,1547,1551,1571,1543,1640,1674,1517
37760,"Logan, Amber M.",non-elite,1440,2913,4428,5982,7541,9164,10850,12561,1473,1515,1554,1559,1623,1686,1711
37761,"Clay, Emily",non-elite,1420,2877,4374,5892,7425,9038,10816,12519,1457,1497,1518,1533,1613,1778,1703
37762,"Brock, Michele R",non-elite,1513,3034,4580,6135,7767,9385,11040,12587,1521,1546,1555,1632,1618,1655,1547
37764,"Dubetsky, Paul A",non-elite,1349,2703,4139,5827,7426,9130,10857,12502,1354,1436,1688,1599,1704,1727,1645
37765,"Harrington, Kacie F.",non-elite,1501,3001,4500,6017,7539,9176,10868,12555,1500,1499,1517,1522,1637,1692,1687
37766,"Bennett, Elizabeth",non-elite,1432,2922,4408,5944,7502,9105,10804,12521,1490,1486,1536,1558,1603,1699,1717
37767,"Lipizzi, Erica",non-elite,1395,2787,4210,5765,7310,9129,10810,12555,1392,1423,1555,1545,1819,1681,1745
37768,"Koch, Michael B.",non-elite,1438,2860,4305,5786,7278,8837,10503,12427,1422,1445,1481,1492,1559,1666,1924
37769,"Logan, Brent A",non-elite,1457,2928,4392,5873,7353,8929,10592,12509,1471,1464,1481,1480,1576,1663,1917
37770,"Smith, Benjiman A.",non-elite,1283,2533,3786,5246,6849,8731,10541,12458,1250,1253,1460,1603,1882,1810,1917
37771,"Bonasso, Laurie R",non-elite,1442,2900,4384,5947,7498,9137,10824,12525,1458,1484,1563,1551,1639,1687,1701
37772,"Riethmiller, Fred R",non-elite,1490,2862,5142,6542,8026,9527,11093,12629,1372,2280,1400,1484,1501,1566,1536
37773,"Stockwell, Julie",non-elite,1504,3020,4546,6085,7639,9248,10880,12530,1516,1526,1539,1554,1609,1632,1650
37774,"Kimball, Stephen C.",non-elite,1355,2766,4222,5711,7227,8869,10640,12436,1411,1456,1489,1516,1642,1771,1796
37775,"Uminski, Bogdan",non-elite,1406,2807,4263,5722,7342,9167,10898,12547,1401,1456,1459,1620,1825,1731,1649
37776,"Bowser, John H",non-elite,1380,2748,4170,5652,7257,8993,10843,12542,1368,1422,1482,1605,1736,1850,1699
37777,"Takai, Kaori",non-elite,1575,3144,4701,6257,7817,9413,11021,12584,1569,1557,1556,1560,1596,1608,1563
37778,"Coram, Peter",non-elite,1314,2659,4065,5553,7108,8721,10467,12390,1345,1406,1488,1555,1613,1746,1923
37779,"O'Donoghue, Fran P",non-elite,1556,3115,4629,6157,7691,9281,10915,12558,1559,1514,1528,1534,1590,1634,1643
37780,"Traxler, Lee",non-elite,1535,3095,4639,6203,7760,9349,10983,12583,1560,1544,1564,1557,1589,1634,1600
37781,"Nelson, Steven C.",non-elite,1388,2782,4172,5592,7028,8587,10425,12543,1394,1390,1420,1436,1559,1838,2118
37782,"Coude, Mary-Jil",non-elite,1562,3114,4676,6258,7812,9396,10989,12545,1552,1562,1582,1554,1584,1593,1556
37783,"Mcaleese, Kevin S",non-elite,1431,2890,4367,5904,7521,9211,10939,12590,1459,1477,1537,1617,1690,1728,1651
37784,"Navarro, Antonio",non-elite,1461,2948,4428,5935,7452,9026,10746,12537,1487,1480,1507,1517,1574,1720,1791
37785,"Reynolds, Melissa",non-elite,1525,3010,4501,6021,7547,9123,10784,12530,1485,1491,1520,1526,1576,1661,1746
37786,"Chambers, Katie",non-elite,1329,2723,4175,5756,7329,8982,10644,12441,1394,1452,1581,1573,1653,1662,1797
37787,"Shaver, Kristen",non-elite,1463,2929,4430,5965,7509,9136,10920,12568,1466,1501,1535,1544,1627,1784,1648
37788,"Watts, Nicole J",non-elite,1541,3067,4561,6064,7575,9158,10837,12545,1526,1494,1503,1511,1583,1679,1708
37789,"Stevens, Mary F.",non-elite,1463,2947,4493,6115,7694,9299,10916,12615,1484,1546,1622,1579,1605,1617,1699
37790,"Lewullis, Kimberly J",non-elite,1541,3067,4561,6064,7575,9158,10836,12544,1526,1494,1503,1511,1583,1678,1708
37791,"Hjartardottir, Anna",non-elite,1594,3158,4716,6291,7867,9478,11056,12597,1564,1558,1575,1576,1611,1578,1541
37792,"Harsh, Berenice",non-elite,1343,2707,4137,5682,7264,8978,10766,12501,1364,1430,1545,1582,1714,1788,1735
37793,"Mcclung, Chris",non-elite,1178,2324,3478,4641,5819,7088,8809,11966,1146,1154,1163,1178,1269,1721,3157
37794,"Zucconi, Rebecca",non-elite,1500,2997,4542,6097,7642,9279,10939,12558,1497,1545,1555,1545,1637,1660,1619
37795,"Weber, Jeffrey V.",non-elite,1410,2811,4215,5662,7165,8918,10748,12503,1401,1404,1447,1503,1753,1830,1755
37796,"Molloy, Amy",non-elite,1508,3017,4517,6039,7573,9133,10789,12518,1509,1500,1522,1534,1560,1656,1729
37797,"Noack, Katy",non-elite,1446,2906,4354,5842,7355,8965,10703,12525,1460,1448,1488,1513,1610,1738,1822
37798,"Hess, Andrew J",non-elite,1454,2914,4380,5878,7405,9041,10799,12527,1460,1466,1498,1527,1636,1758,1728
37799,"Caldwell, Christine A",non-elite,1483,3000,4538,6102,7670,9299,10953,12570,1517,1538,1564,1568,1629,1654,1617
37800,"Watts, Megan",non-elite,1411,2844,4259,5746,7323,9009,10737,12539,1433,1415,1487,1577,1686,1728,1802
37801,"Sorensen, Gregory L.",non-elite,1548,3100,4643,6193,7742,9349,10993,12576,1552,1543,1550,1549,1607,1644,1583
37802,"Phillips, Laura S.",non-elite,1433,2887,4365,5899,7448,9087,10796,12509,1454,1478,1534,1549,1639,1709,1713
37803,"Natanowicz, Ivonne",non-elite,1512,3018,4513,6042,7577,9162,10843,12550,1506,1495,1529,1535,1585,1681,1707
37804,"Feeney, Joseph F. Jr.",non-elite,1552,3098,4632,6185,7741,9337,10990,12585,1546,1534,1553,1556,1596,1653,1595
37805,"Huener Henney, Kristen J.",non-elite,1561,3039,4528,6055,7574,9276,10994,12580,1478,1489,1527,1519,1702,1718,1586
37806,"Cupo, Marie L.",non-elite,1416,2852,4306,5802,7363,9068,10922,12593,1436,1454,1496,1561,1705,1854,1671
37807,"Wong, Ping Yee",non-elite,1449,2927,4475,6079,7685,9330,10999,12580,1478,1548,1604,1606,1645,1669,1581
37808,"Heit, Tabitha S",non-elite,1363,2761,4214,5729,7295,8951,10738,12525,1398,1453,1515,1566,1656,1787,1787
37809,"Aranda, Michael",non-elite,1489,2968,4481,6055,7633,9301,10972,12564,1479,1513,1574,1578,1668,1671,1592
37810,"Isaksson, Mats",non-elite,1663,3285,4776,6293,7785,9356,10951,12561,1622,1491,1517,1492,1571,1595,1610
37811,"Biggerstaff, Toni",non-elite,1507,2998,4518,6076,7608,9211,10883,12539,1491,1520,1558,1532,1603,1672,1656
37812,"Marty, Michael",non-elite,1432,2908,4411,5961,7545,9200,10911,12534,1476,1503,1550,1584,1655,1711,1623
37813,"Mesa, Fernando",non-elite,1530,3043,4563,6087,7612,9184,10820,12498,1513,1520,1524,1525,1572,1636,1678
37814,"Hintz, Michelle",non-elite,1555,3114,4701,6279,7842,9413,11014,12584,1559,1587,1578,1563,1571,1601,1570
37815,"Kearney, Mary K.",non-elite,1416,2853,4314,5791,7321,8969,10703,12510,1437,1461,1477,1530,1648,1734,1807
37816,"Krett, Adam",non-elite,1296,2598,3975,5458,7023,8786,10438,12281,1302,1377,1483,1565,1763,1652,1843
37817,"Mitcham, Erin",non-elite,1508,2998,4519,6076,7609,9212,10883,12539,1490,1521,1557,1533,1603,1671,1656
37818,"Winter, Carol D",non-elite,1489,2983,4511,6073,7661,9293,10930,12542,1494,1528,1562,1588,1632,1637,1612
37819,"Stephan, Kristi",non-elite,1555,3114,4701,6279,7841,9412,11014,12584,1559,1587,1578,1562,1571,1602,1570
37820,"Jones, Lauren N.",non-elite,1429,2840,4285,5783,7358,9070,10807,12531,1411,1445,1498,1575,1712,1737,1724
37821,"Sato, Harue",non-elite,1458,2928,4425,5958,7512,9175,10871,12536,1470,1497,1533,1554,1663,1696,1665
37822,"Marozzi, Christopher",non-elite,1423,2856,4326,5841,7377,9009,10750,12512,1433,1470,1515,1536,1632,1741,1762
37823,"Mazzanti, Gaetano",non-elite,1465,2967,4498,6004,7512,9100,10787,12490,1502,1531,1506,1508,1588,1687,1703
37824,"Ogle, Cat",non-elite,1480,2941,4454,6020,7626,9255,10942,12581,1461,1513,1566,1606,1629,1687,1639
37825,"Sawyer, Alyssa",non-elite,1530,2999,4505,6092,7675,9305,10952,12568,1469,1506,1587,1583,1630,1647,1616
37826,"Mailhot-Gamelin, Annie",non-elite,1501,2976,4461,5972,7496,9131,10766,12506,1475,1485,1511,1524,1635,1635,1740
37827,"Stevenson, Marie C",non-elite,1572,3124,4658,6197,7753,9370,11000,12585,1552,1534,1539,1556,1617,1630,1585
37828,"Lai, Vicente V",non-elite,1313,2617,3926,5284,6762,8485,10401,12439,1304,1309,1358,1478,1723,1916,2038
37829,"Williams, Mark A.",non-elite,1426,2887,4347,5814,7288,8890,10585,12415,1461,1460,1467,1474,1602,1695,1830
37830,"Jones, Douglas",non-elite,1488,3062,4566,6070,7594,9451,11060,12612,1574,1504,1504,1524,1857,1609,1552
37831,"Bibeau, Mike",non-elite,1555,3093,4621,6145,7687,9254,10877,12521,1538,1528,1524,1542,1567,1623,1644
37832,"Flaherty, Matthew R.",non-elite,1496,2935,4412,5875,7356,9007,10800,12549,1439,1477,1463,1481,1651,1793,1749
37833,"Jones, Madalyn",non-elite,1258,2605,3907,5283,6899,8695,10530,12444,1347,1302,1376,1616,1796,1835,1914
37834,"Castano Sepulveda, Wilmar",non-elite,1436,2920,4430,5994,7553,9184,10902,12583,1484,1510,1564,1559,1631,1718,1681
37835,"Silver, Donna",non-elite,1497,3003,4512,6047,7598,9192,10832,12500,1506,1509,1535,1551,1594,1640,1668
37836,"Elliott, Brooke",non-elite,1531,3130,4739,6361,7946,9566,11178,12668,1599,1609,1622,1585,1620,1612,1490
37837,"Dunkin, Carl",non-elite,1403,2827,4261,5733,7240,8859,10621,12441,1424,1434,1472,1507,1619,1762,1820
37838,"Boll, Julie",non-elite,1456,2937,4470,6077,7652,9291,10960,12586,1481,1533,1607,1575,1639,1669,1626
37839,"Spencer, Jonathan T.",non-elite,1372,2748,4134,5580,7089,8844,10704,12535,1376,1386,1446,1509,1755,1860,1831
37840,"Bils, Tony",non-elite,1481,2965,4456,5953,7457,9049,10876,12520,1484,1491,1497,1504,1592,1827,1644
37841,"Griffith, Douglas",non-elite,1413,2848,4304,5794,7320,8902,10670,12545,1435,1456,1490,1526,1582,1768,1875
37842,"Alden, Cheryl C.",non-elite,1531,3071,4611,6171,7721,9318,10961,12593,1540,1540,1560,1550,1597,1643,1632
37843,"Allan, Bill",non-elite,1562,3103,4646,6209,7781,9396,11051,12591,1541,1543,1563,1572,1615,1655,1540
37844,"Gadrow, John J.",non-elite,1682,3259,4766,6314,7890,9491,11096,12630,1577,1507,1548,1576,1601,1605,1534
37845,"Ogata, Daisuke",non-elite,1402,2875,4336,5844,7358,8968,10763,12485,1473,1461,1508,1514,1610,1795,1722
37846,"Helseth, Peter",non-elite,1342,2713,4124,5619,7139,8802,10655,12478,1371,1411,1495,1520,1663,1853,1823
37847,"Houston, Mike",non-elite,1258,2525,3813,5169,6535,8057,10224,12530,1267,1288,1356,1366,1522,2167,2306
37848,"Simmons, Susan M",non-elite,1494,2967,4433,5899,7382,9206,10818,12534,1473,1466,1466,1483,1824,1612,1716
37849,"Fong, Rachelle K.",non-elite,1508,2982,4474,5971,7676,9249,10905,12552,1474,1492,1497,1705,1573,1656,1647
37850,"Shaw, Lauren",non-elite,1375,2767,4230,5854,7419,8952,10601,12503,1392,1463,1624,1565,1533,1649,1902
37851,"Calderon, Ramiro H.",non-elite,1424,2894,4572,6069,7645,9256,10929,12571,1470,1678,1497,1576,1611,1673,1642
37852,"Schoettle, Anthony",non-elite,1422,2876,4319,5817,7334,8941,10650,12470,1454,1443,1498,1517,1607,1709,1820
37853,"Dorn, David",non-elite,1559,3109,4650,6226,7791,9381,10993,12584,1550,1541,1576,1565,1590,1612,1591
37854,"Sozio, Lara",non-elite,1516,3038,4581,6134,7685,9288,10939,12566,1522,1543,1553,1551,1603,1651,1627
37855,"Smith, Nathan D.",non-elite,1192,2363,3553,4797,6195,7951,9976,12342,1171,1190,1244,1398,1756,2025,2366
37856,"Comeau, Harold",non-elite,1476,2936,4401,5914,7444,9102,10808,12522,1460,1465,1513,1530,1658,1706,1714
37857,"Vanderklipp, Mark L",non-elite,1526,3028,4552,6081,7684,9311,10977,12601,1502,1524,1529,1603,1627,1666,1624
37858,"Grahmann, Shelley A",non-elite,1484,2982,4516,6053,7564,9134,10855,12523,1498,1534,1537,1511,1570,1721,1668
37859,"Gutierrez, Joaquin A",non-elite,1530,3076,4619,6213,7787,9401,11034,12604,1546,1543,1594,1574,1614,1633,1570
37860,"Schenkelberg, Doug",non-elite,1392,2806,4342,5890,7436,9080,10782,12552,1414,1536,1548,1546,1644,1702,1770
37861,"Noble, Cristina A",non-elite,1482,2954,4533,6072,7630,9250,10932,12599,1472,1579,1539,1558,1620,1682,1667
37862,"Foresta, Zachary",non-elite,1274,2545,4028,5556,7085,8724,10413,12417,1271,1483,1528,1529,1639,1689,2004
37863,"Colella, Enia",non-elite,1511,3038,4609,6179,7748,9349,10991,12579,1527,1571,1570,1569,1601,1642,1588
37864,"Strout, Kassandra E",non-elite,1529,3061,4601,6176,7724,9325,10978,12599,1532,1540,1575,1548,1601,1653,1621
37865,"Sinclair, Mark",non-elite,1388,2794,4271,5778,7364,9079,10803,12517,1406,1477,1507,1586,1715,1724,1714
37866,"Johnson, Erin M.",non-elite,1483,3017,4608,6222,7780,9442,11024,12600,1534,1591,1614,1558,1662,1582,1576
37867,"Barnhart, Gregory S",non-elite,1626,3167,4700,6236,7761,9326,10938,12570,1541,1533,1536,1525,1565,1612,1632
37868,"Jock, Norah G.",non-elite,1500,2974,4469,5986,7535,9169,10886,12554,1474,1495,1517,1549,1634,1717,1668
37869,"Vincent, Christine",non-elite,1477,2914,4355,5824,7311,8937,10710,12455,1437,1441,1469,1487,1626,1773,1745
37870,"Rullo, Joe",non-elite,1386,2779,4186,5627,7118,8766,10617,12471,1393,1407,1441,1491,1648,1851,1854
37871,"Newcomer, Walter W",non-elite,1411,2825,4349,5867,7503,9146,10876,12566,1414,1524,1518,1636,1643,1730,1690
37872,"Lyon, Karl",non-elite,1419,2863,4365,5911,7462,9131,10867,12535,1444,1502,1546,1551,1669,1736,1668
37873,"Boggs, Blair H.",non-elite,1436,2876,4279,5713,7188,8792,10578,12461,1440,1403,1434,1475,1604,1786,1883
37874,"McCoy, Matthew R.",non-elite,1291,2525,3787,5175,6568,8131,10479,12501,1234,1262,1388,1393,1563,2348,2022
37875,"Bowe, Maria",non-elite,1468,2925,4408,5977,7488,9159,10827,12534,1457,1483,1569,1511,1671,1668,1707
37876,"Sanchez, Anna L",non-elite,1541,3098,4669,6246,7814,9440,11039,12594,1557,1571,1577,1568,1626,1599,1555
37877,"Coers, Abby",non-elite,1479,2969,4466,5994,7565,9192,10950,12582,1490,1497,1528,1571,1627,1758,1632
37878,"Miller, Stephanie",non-elite,1485,2981,4553,6125,7658,9247,10875,12475,1496,1572,1572,1533,1589,1628,1600
37879,"Wilson, Mary Pat",non-elite,1514,3026,4545,6088,7626,9236,10894,12553,1512,1519,1543,1538,1610,1658,1659
37880,"Hicks, Deb",non-elite,1505,3017,4546,6096,7633,9262,10930,12542,1512,1529,1550,1537,1629,1668,1612
37881,"Papaioannou, Georgios",non-elite,1559,3083,4580,6090,7619,9206,10874,12532,1524,1497,1510,1529,1587,1668,1658
37882,"Lechtenberg, Sandy",non-elite,1537,3039,4568,6112,7637,9218,10920,12566,1502,1529,1544,1525,1581,1702,1646
37883,"Engel, Stephen",non-elite,1219,2403,3654,5016,6430,8024,10407,12534,1184,1251,1362,1414,1594,2383,2127
37884,"Hollenberg, James P",non-elite,1416,2871,4368,5888,7414,9029,10860,12547,1455,1497,1520,1526,1615,1831,1687
37885,"Wilden, Eric",non-elite,1418,2839,4277,5783,7352,9055,10833,12569,1421,1438,1506,1569,1703,1778,1736
37886,"Sumsion Kearney, Anna J",non-elite,1492,2983,4477,6007,7557,9181,10859,12562,1491,1494,1530,1550,1624,1678,1703
37887,"Tyler, Amanda L",non-elite,1363,2791,4316,5917,7533,9190,10912,12562,1428,1525,1601,1616,1657,1722,1650
37888,"Santos, Paulo E",non-elite,1397,2785,4210,5689,7180,8751,10521,12436,1388,1425,1479,1491,1571,1770,1915
37889,"O'Brien, Shawn P.",non-elite,1404,2805,4206,5641,7073,8610,10504,12518,1401,1401,1435,1432,1537,1894,2014
37890,"Stefano, Maria S",non-elite,1563,3122,4670,6224,7764,9355,10961,12546,1559,1548,1554,1540,1591,1606,1585
37891,"Sekely, Angela",non-elite,1476,2943,4435,5942,7454,9046,10784,12552,1467,1492,1507,1512,1592,1738,1768
37892,"Page, Scott",non-elite,1392,2812,4264,5782,7313,8989,10791,12523,1420,1452,1518,1531,1676,1802,1732
37893,"Andrews, Howard W",non-elite,1462,2940,4476,6026,7565,9188,10887,12552,1478,1536,1550,1539,1623,1699,1665
37894,"Vanatta, Micah R",non-elite,1441,2864,4493,5944,7421,9002,10816,12537,1423,1629,1451,1477,1581,1814,1721
37895,"Ma, Vincent",non-elite,1450,2946,4512,6209,7767,9497,11137,12649,1496,1566,1697,1558,1730,1640,1512
37896,"Eggers, Thomas Sr.",non-elite,1641,3299,4964,6600,8181,9697,11203,12688,1658,1665,1636,1581,1516,1506,1485
37897,"Schwarm, Sherry M",non-elite,1547,3091,4629,6173,7725,9321,10966,12586,1544,1538,1544,1552,1596,1645,1620
37898,"Noll, Martin",non-elite,1501,3053,4563,6086,7607,9146,10799,12497,1552,1510,1523,1521,1539,1653,1698
37899,"Duffield, John",non-elite,1426,2894,4393,5890,7392,9002,10759,12498,1468,1499,1497,1502,1610,1757,1739
37900,"Blake, Richard S. III",non-elite,1625,3210,4736,6262,7779,9360,10997,12622,1585,1526,1526,1517,1581,1637,1625
37901,"Mah, Harvey",non-elite,1403,2933,4527,6224,7778,9386,11022,12612,1530,1594,1697,1554,1608,1636,1590
37902,"Watson, Alexander",non-elite,1405,2831,4251,5768,7498,9244,10946,12598,1426,1420,1517,1730,1746,1702,1652
37903,"Mason, Kevin J",non-elite,1422,2839,4260,5720,7225,8869,10656,12478,1417,1421,1460,1505,1644,1787,1822
37904,"Moody, David D",non-elite,1310,2630,4017,5532,7103,8836,10668,12413,1320,1387,1515,1571,1733,1832,1745
37905,"Romero, Jose M",non-elite,1490,2988,4473,5953,7437,8969,10566,12528,1498,1485,1480,1484,1532,1597,1962
37906,"Cortez, Andrew",non-elite,1398,2813,4203,5620,7052,8621,10626,12469,1415,1390,1417,1432,1569,2005,1843
37908,"Akiguchi, Taeko",non-elite,1580,3148,4727,6329,7901,9506,11090,12611,1568,1579,1602,1572,1605,1584,1521
37909,"Knoble, Jeanna L",non-elite,1460,2935,4412,5930,7483,9103,10811,12548,1475,1477,1518,1553,1620,1708,1737
37910,"Cody, Emily",non-elite,1456,2932,4420,5927,7463,9070,10818,12551,1476,1488,1507,1536,1607,1748,1733
37911,"Kennedy, Jessica",non-elite,1431,2905,4606,6174,7752,9401,11037,12612,1474,1701,1568,1578,1649,1636,1575
37912,"Bernstein, Ethan",non-elite,1455,2829,4220,5667,7158,8757,10494,12448,1374,1391,1447,1491,1599,1737,1954
37913,"Darlington, Eileen G",non-elite,1490,2951,4480,6025,7568,9224,10932,12559,1461,1529,1545,1543,1656,1708,1627
37914,"Lazewski, Alison M.",non-elite,1515,2994,4498,6025,7559,9164,10807,12486,1479,1504,1527,1534,1605,1643,1679
37915,"Stevens, Sara E.",non-elite,1725,3352,4928,6514,8089,9650,11202,12669,1627,1576,1586,1575,1561,1552,1467
37916,"Pande, Janette R.",non-elite,1547,3080,4583,6111,7631,9203,10847,12523,1533,1503,1528,1520,1572,1644,1676
37917,"Wainwright, David J.",non-elite,1430,2888,4352,5877,7469,9234,10914,12552,1458,1464,1525,1592,1765,1680,1638
37918,"Doyle, Linda E",non-elite,1462,2927,4428,5942,7479,9109,10847,12520,1465,1501,1514,1537,1630,1738,1673
37919,"MacMahon, Brian E.",non-elite,1522,3043,4641,6256,7846,9456,11071,12624,1521,1598,1615,1590,1610,1615,1553
37920,"Chalk, Guy E Jr.",non-elite,1430,2891,4372,5907,7446,9097,11031,12605,1461,1481,1535,1539,1651,1934,1574
37921,"Schwarz, Kristin E.",non-elite,1510,3033,4571,6104,7688,9323,11015,12621,1523,1538,1533,1584,1635,1692,1606
37922,"Waters, April D",non-elite,1523,3050,4695,6239,7779,9353,10955,12623,1527,1645,1544,1540,1574,1602,1668
37923,"Merino, Keila L",non-elite,1396,2787,4199,5814,7449,9253,10978,12573,1391,1412,1615,1635,1804,1725,1595
37924,"Siska, Rory J. Jr.",non-elite,1367,2759,4184,5681,7223,8924,10745,12531,1392,1425,1497,1542,1701,1821,1786
37925,"Slattery, Lauren E.",non-elite,1406,2812,4266,5824,7447,9126,10811,12534,1406,1454,1558,1623,1679,1685,1723
37926,"Mills, Kameron D",non-elite,1202,2389,3597,4882,6356,8023,10039,12259,1187,1208,1285,1474,1667,2016,2220
37927,"Slater, Mark",non-elite,1413,2842,4307,5827,7363,9001,10760,12525,1429,1465,1520,1536,1638,1759,1765
37928,"Trombley, Nicole",non-elite,1506,3002,4507,6036,7578,9163,10834,12547,1496,1505,1529,1542,1585,1671,1713
37929,"Chak, Andrew",non-elite,1373,2775,4225,5671,7138,8763,10681,12393,1402,1450,1446,1467,1625,1918,1712
37930,"Gomez, Janelle R",non-elite,1485,2956,4461,6017,7574,9192,10882,12563,1471,1505,1556,1557,1618,1690,1681
37931,"Mearn, Christopher K.",non-elite,1508,2941,4363,5813,7253,8780,10671,12526,1433,1422,1450,1440,1527,1891,1855
37932,"Yip, Christopher M",non-elite,1408,2802,4222,5695,7272,8960,10849,12500,1394,1420,1473,1577,1688,1889,1651
37933,"Ells, Jennifer P",non-elite,1511,3031,4545,6102,7694,9312,10987,12567,1520,1514,1557,1592,1618,1675,1580
37934,"Rodis, Sarah",non-elite,1565,3140,4775,6325,7865,9517,11103,12649,1575,1635,1550,1540,1652,1586,1546
37935,"Carder, Carla",non-elite,1505,3082,4593,6111,7630,9226,10857,12568,1577,1511,1518,1519,1596,1631,1711
37936,"Taylor, Julia",non-elite,1508,3030,4573,6120,7675,9258,10943,12594,1522,1543,1547,1555,1583,1685,1651
37937,"O'Connell, Kimberli",non-elite,1371,2689,4051,5464,6912,8761,10626,12520,1318,1362,1413,1448,1849,1865,1894
37938,"Owens, Paula J.",non-elite,1438,2951,4474,6030,7603,9263,10957,12572,1513,1523,1556,1573,1660,1694,1615
37939,"Mihalcin, Jennifer",non-elite,1539,3061,4605,6174,7747,9348,10983,12580,1522,1544,1569,1573,1601,1635,1597
37940,"Lanfer, Stefan",non-elite,1298,2687,4125,5573,7051,8678,10542,12457,1389,1438,1448,1478,1627,1864,1915
37941,"O'Connor, Michelle Y.",non-elite,1372,2778,4331,5945,7440,9061,10827,12670,1406,1553,1614,1495,1621,1766,1843
37942,"Hernandez, Renne",non-elite,1296,2571,3900,5356,6811,9016,11038,12553,1275,1329,1456,1455,2205,2022,1515
37943,"Brandes, Dee",non-elite,1565,3138,4712,6299,7877,9501,11108,12637,1573,1574,1587,1578,1624,1607,1529
37944,"Kramer, Jason",non-elite,1402,2810,4182,5571,7041,8680,10575,12493,1408,1372,1389,1470,1639,1895,1918
37945,"Khinast-Sittenthaler, Christina",non-elite,1469,2992,4516,6071,7624,9292,10965,12584,1523,1524,1555,1553,1668,1673,1619
37946,"Vantzelfde, Nicholas J.",non-elite,1515,3039,4552,6075,7640,9246,10935,12559,1524,1513,1523,1565,1606,1689,1624
37947,"Sacoman, David",non-elite,1511,2969,4401,5840,7278,8806,10485,12427,1458,1432,1439,1438,1528,1679,1942
37948,"Rayen, Kelly E",non-elite,1456,2922,4420,6015,7634,9233,10997,12594,1466,1498,1595,1619,1599,1764,1597
37949,"Williams, Douglas",non-elite,1451,2946,4388,5872,7363,8976,10685,12439,1495,1442,1484,1491,1613,1709,1754
37950,"Jacobson, Gwen R",non-elite,1584,3153,4716,6285,7820,9408,11050,12633,1569,1563,1569,1535,1588,1642,1583
37951,"Clare, Bob",non-elite,1399,2822,4230,5693,7121,8853,10715,12535,1423,1408,1463,1428,1732,1862,1820
37952,"Cook, Yumiko I",non-elite,1562,3110,4655,6224,7767,9366,11008,12585,1548,1545,1569,1543,1599,1642,1577
37953,"McDermott, Courtney M.",non-elite,1507,2975,4455,5973,7512,9159,10891,12608,1468,1480,1518,1539,1647,1732,1717
37954,"Stromberg, Stefan",non-elite,1398,2773,4161,5606,7100,8799,10680,12515,1375,1388,1445,1494,1699,1881,1835
37955,"Schweizer, Chris",non-elite,1417,2851,4343,5889,7479,9119,10827,12549,1434,1492,1546,1590,1640,1708,1722
37956,"Koning, Katie",non-elite,1499,3019,4568,6136,7697,9307,10972,12605,1520,1549,1568,1561,1610,1665,1633
37957,"Larry, Debbie",non-elite,1529,3048,4559,6096,7722,9293,10949,12578,1519,1511,1537,1626,1571,1656,1629
37958,"Mcgovern, Matt",non-elite,1465,2965,4454,6138,7669,9264,10885,12572,1500,1489,1684,1531,1595,1621,1687
37959,"Caminiti, Alexandra",non-elite,1440,2899,4399,5941,7578,9265,10987,12607,1459,1500,1542,1637,1687,1722,1620
37960,"Francois, Patrick",non-elite,1664,3153,4561,5941,7336,8889,10669,12479,1489,1408,1380,1395,1553,1780,1810
37961,"Kerbs, Michael",non-elite,1521,3107,4708,6287,7854,9446,11029,12601,1586,1601,1579,1567,1592,1583,1572
37962,"Knapp, Christopher A.",non-elite,1480,2962,4466,5992,7519,9082,10765,12510,1482,1504,1526,1527,1563,1683,1745
37963,"Cabrera, Lisa",non-elite,1503,2986,4474,5998,7559,9183,10912,12574,1483,1488,1524,1561,1624,1729,1662
37964,"Dewitt, Nicole M.",non-elite,1441,2909,4449,6067,7655,9285,10933,12602,1468,1540,1618,1588,1630,1648,1669
37965,"Dutkiewicz, Marek",non-elite,1548,3119,4699,6274,7824,9398,11032,12648,1571,1580,1575,1550,1574,1634,1616
37966,"Larsen, Teresa",non-elite,1487,2973,4482,5987,7492,9060,10686,12475,1486,1509,1505,1505,1568,1626,1789
37967,"Schaaf, John P",non-elite,1470,2970,4488,5995,7496,9086,10777,12516,1500,1518,1507,1501,1590,1691,1739
37968,"Rasmussen, Jennifer K.",non-elite,1443,2904,4387,5881,7453,9123,10813,12551,1461,1483,1494,1572,1670,1690,1738
37969,"Manson, Sonya",non-elite,1409,2841,4258,5733,7240,8875,10630,12512,1432,1417,1475,1507,1635,1755,1882
37970,"Leong, Michelle",non-elite,1522,3045,4553,6098,7637,9256,10944,12595,1523,1508,1545,1539,1619,1688,1651
37971,"Naughton, Cheryl L.",non-elite,1475,2948,4464,6032,7611,9289,10979,12599,1473,1516,1568,1579,1678,1690,1620
37972,"Keyes, Jennifer",non-elite,1519,3006,4505,5999,7527,9130,10855,12568,1487,1499,1494,1528,1603,1725,1713
37973,"Dampier, Angela B",non-elite,1475,2948,4464,6032,7611,9289,10979,12599,1473,1516,1568,1579,1678,1690,1620
37974,"Tennison, Gary A.",non-elite,1451,2907,4357,5842,7354,8938,10684,12482,1456,1450,1485,1512,1584,1746,1798
37975,"Bunker, Meghan",non-elite,1513,3033,4583,6173,7766,9405,11080,12636,1520,1550,1590,1593,1639,1675,1556
37976,"Donovan, Doran",non-elite,1410,2833,4270,5856,7496,9165,10854,12491,1423,1437,1586,1640,1669,1689,1637
37977,"Siddell, Steven M",non-elite,1358,2679,4030,5510,7134,8873,10801,12568,1321,1351,1480,1624,1739,1928,1767
37978,"Johnson, Maverick",non-elite,1534,3030,4528,6041,7553,9117,10875,12614,1496,1498,1513,1512,1564,1758,1739
37979,"London, Christi",non-elite,1372,2763,4195,5683,7242,9027,10806,12565,1391,1432,1488,1559,1785,1779,1759
37980,"Mano, Nanami",non-elite,1502,2946,4426,5974,7509,9165,10896,12574,1444,1480,1548,1535,1656,1731,1678
37981,"Lancaster, Christopher",non-elite,1433,2873,4306,5754,7190,8855,10716,12504,1440,1433,1448,1436,1665,1861,1788
37982,"Dilling, Debbie",non-elite,1386,2795,4231,5733,7286,8941,10700,12502,1409,1436,1502,1553,1655,1759,1802
37983,"Bill, Brian P",non-elite,1434,2873,4306,5754,7257,8929,10716,12504,1439,1433,1448,1503,1672,1787,1788
37984,"Chhun-Dugger, Sokha",non-elite,1570,3146,4696,6288,7811,9429,11059,12603,1576,1550,1592,1523,1618,1630,1544
37985,"Weber, Amanda",non-elite,1408,2792,4221,5726,7275,8937,10814,12588,1384,1429,1505,1549,1662,1877,1774
37986,"Block, Jennifer A.",non-elite,1592,3059,4535,6058,7608,9226,10883,12590,1467,1476,1523,1550,1618,1657,1707
37987,"Harris, Sharon L.",non-elite,1503,3013,4536,6099,7672,9286,10985,12600,1510,1523,1563,1573,1614,1699,1615
37988,"Barker, Suzanne L",non-elite,1540,3068,4637,6196,7741,9357,11037,12619,1528,1569,1559,1545,1616,1680,1582
37989,"Anthony, Michele R",non-elite,1448,2933,4441,5970,7498,9121,10853,12550,1485,1508,1529,1528,1623,1732,1697
37990,"West, Julie",non-elite,1472,2935,4395,5876,7416,9038,10840,12559,1463,1460,1481,1540,1622,1802,1719
37991,"Moran, Leslie M",non-elite,1494,2999,4509,6050,7600,9230,10918,12586,1505,1510,1541,1550,1630,1688,1668
37992,"Jacobs, David",non-elite,1546,3108,4682,6272,7844,9466,11159,12652,1562,1574,1590,1572,1622,1693,1493
37993,"Guy, Philippe",non-elite,1475,2955,4483,6065,7618,9276,10963,12620,1480,1528,1582,1553,1658,1687,1657
37994,"Woeltz, Colby C.",non-elite,1498,2986,4507,5992,7480,9049,10710,12515,1488,1521,1485,1488,1569,1661,1805
37995,"Gary, Ashley",non-elite,1522,3040,4561,6112,7663,9248,10900,12573,1518,1521,1551,1551,1585,1652,1673
37996,"Blanchard, Todd",non-elite,1246,2500,3778,5068,6467,8132,10102,12308,1254,1278,1290,1399,1665,1970,2206
37997,"Bennett, Kimberly A.",non-elite,1472,2948,4439,5954,7561,9129,10955,12642,1476,1491,1515,1607,1568,1826,1687
37998,"Schramm, Dan",non-elite,1341,2682,4048,5457,6951,8609,10441,12367,1341,1366,1409,1494,1658,1832,1926
37999,"Wilken, Paul G",non-elite,1423,2853,4268,5728,7233,8976,10795,12597,1430,1415,1460,1505,1743,1819,1802
38000,"Walker, Luke J",non-elite,1368,2810,4230,5764,7262,9003,10812,12525,1442,1420,1534,1498,1741,1809,1713
38001,"Trettevik, Randy",non-elite,1479,2957,4420,5888,7361,8899,10560,12446,1478,1463,1468,1473,1538,1661,1886
38002,"Miller, Joyce",non-elite,1455,2926,4443,6000,7575,9211,10895,12594,1471,1517,1557,1575,1636,1684,1699
38003,"Grayson, Harrison W.",non-elite,1509,3021,4544,6068,7613,9185,10805,12462,1512,1523,1524,1545,1572,1620,1657
38004,"Hu, Fang L",non-elite,1445,2904,4388,5933,7496,9138,10867,12571,1459,1484,1545,1563,1642,1729,1704
38005,"Hamel, Marc S",non-elite,1308,2574,3914,5412,6934,8736,10599,12550,1266,1340,1498,1522,1802,1863,1951
38006,"Holcomb, Rebecca",non-elite,1453,2895,4375,5911,7472,9119,10841,12575,1442,1480,1536,1561,1647,1722,1734
38007,"Abrahams, Maisha",non-elite,1459,2929,4418,5934,7479,9150,10880,12561,1470,1489,1516,1545,1671,1730,1681
38008,"Reyna Medina, Maria Ines",non-elite,1506,2981,4482,6026,7576,9213,10917,12577,1475,1501,1544,1550,1637,1704,1660
38009,"Lafond, Denis",non-elite,1567,3102,4658,6220,7780,9414,11042,12637,1535,1556,1562,1560,1634,1628,1595
38010,"Dudaryk, Kathleen M",non-elite,1487,2961,4444,5965,7509,9143,10846,12559,1474,1483,1521,1544,1634,1703,1713
38011,"Osornio Ponce, Karina Margarita M. Sr.",non-elite,1335,2718,4191,5738,7319,9013,10827,12538,1383,1473,1547,1581,1694,1814,1711
38012,"Ranti, Richard",non-elite,1453,2914,4368,5880,7410,9009,10712,12474,1461,1454,1512,1530,1599,1703,1762
38013,"O'Keefe, Wendy",non-elite,1489,2971,4481,6077,7697,9321,11011,12613,1482,1510,1596,1620,1624,1690,1602
38014,"Donatelli, Joe",non-elite,1384,2837,4305,5837,7411,9052,10796,12535,1453,1468,1532,1574,1641,1744,1739
38015,"Knoll, Haley",non-elite,1558,2993,4475,5985,7504,9147,10860,12584,1435,1482,1510,1519,1643,1713,1724
38016,"Schwartz, Rebecca",non-elite,1519,3048,4590,6164,7733,9364,11016,12632,1529,1542,1574,1569,1631,1652,1616
38017,"Ahuja, Vishal",non-elite,1324,2643,4000,5539,7222,8967,10770,12505,1319,1357,1539,1683,1745,1803,1735
38018,"Isais Seanez, Hector Enrique",non-elite,1404,2811,4237,5684,7235,8892,10679,12545,1407,1426,1447,1551,1657,1787,1866
38019,"Hummer, Matt S",non-elite,1368,2770,4223,5720,7283,8920,10705,12574,1402,1453,1497,1563,1637,1785,1869
38020,"Dolan, Robert T",non-elite,1477,2999,4530,6079,7624,9233,10889,12579,1522,1531,1549,1545,1609,1656,1690
38021,"Kinel, Jesse",non-elite,1686,3286,4861,6473,8024,9573,11150,12671,1600,1575,1612,1551,1549,1577,1521
38022,"Turner, Kevin A",non-elite,1549,3080,4613,6171,7735,9364,11021,12614,1531,1533,1558,1564,1629,1657,1593
38023,"Carcel Cortell, Jose Carlos",non-elite,1304,2649,4049,5532,7081,8819,10899,12599,1345,1400,1483,1549,1738,2080,1700
38024,"Smith, Becky",non-elite,1405,2922,4485,6009,7780,9384,11019,12610,1517,1563,1524,1771,1604,1635,1591
38025,"Romulus, Tatjana",non-elite,1458,2919,4417,5946,7507,9156,10839,12596,1461,1498,1529,1561,1649,1683,1757
38026,"Martin, Amanda L",non-elite,1561,3130,4690,6233,7787,9383,11005,12603,1569,1560,1543,1554,1596,1622,1598
38027,"Cork, Chelsy",non-elite,1457,2958,4476,6025,7611,9238,10924,12578,1501,1518,1549,1586,1627,1686,1654
38028,"Long, Aaron",non-elite,1273,2554,3882,5334,7024,8826,10729,12506,1281,1328,1452,1690,1802,1903,1777
38029,"Sohlberg, Cathy",non-elite,1521,2997,4472,5976,7489,9075,10826,12615,1476,1475,1504,1513,1586,1751,1789
38030,"Hanifan, Karee A",non-elite,1409,2825,4298,5815,7369,9037,10803,12550,1416,1473,1517,1554,1668,1766,1747
38031,"Weiss, Joseph",non-elite,1506,3009,4519,6084,7643,9268,10934,12600,1503,1510,1565,1559,1625,1666,1666
38032,"Peterson, Alonzo W Jr.",non-elite,1453,2927,4431,5992,7557,9192,10853,12558,1474,1504,1561,1565,1635,1661,1705
38033,"Stone, Lisa",non-elite,1493,2985,4508,6065,7626,9284,10939,12591,1492,1523,1557,1561,1658,1655,1652
38034,"Verreault, Luc",non-elite,1438,2871,4363,5818,7321,8917,10604,12423,1433,1492,1455,1503,1596,1687,1819
38035,"Johnston, Kathleen",non-elite,1522,3041,4581,6142,7706,9320,10966,12593,1519,1540,1561,1564,1614,1646,1627
38036,"Graves, Alexandra",non-elite,1573,3103,4631,6189,7748,9370,11019,12613,1530,1528,1558,1559,1622,1649,1594
38037,"Lee, Joyce J",non-elite,1544,3123,4682,6262,7839,9484,11128,12626,1579,1559,1580,1577,1645,1644,1498
38038,"Cotton, Andrew",non-elite,1467,2921,4370,5874,7389,9002,10730,12483,1454,1449,1504,1515,1613,1728,1753
38039,"Brennan, Thomas M",non-elite,1468,2915,4393,5922,7451,9098,10829,12620,1447,1478,1529,1529,1647,1731,1791
38040,"Escalante, Frida",non-elite,1395,2875,4360,5927,7498,9168,10896,12586,1480,1485,1567,1571,1670,1728,1690
38041,"Steele, John A.",non-elite,1555,3090,4642,6288,7824,9435,11043,12630,1535,1552,1646,1536,1611,1608,1587
38042,"Hankinson, Jenny O.",non-elite,1437,2914,4437,6014,7572,9203,10896,12560,1477,1523,1577,1558,1631,1693,1664
38043,"Oliver, Ron W",non-elite,1480,3012,4478,5959,7474,9050,10729,12535,1532,1466,1481,1515,1576,1679,1806
38044,"Neville, Mark M.",non-elite,1388,2869,4433,6047,7673,9361,11073,12669,1481,1564,1614,1626,1688,1712,1596
38045,"Shea, Mary Kate",non-elite,1519,3080,4627,6212,7761,9394,11054,12623,1561,1547,1585,1549,1633,1660,1569
38046,"Bruins, Kristy A",non-elite,1451,2907,4384,5907,7488,9197,10937,12617,1456,1477,1523,1581,1709,1740,1680
38047,"Tan, Swee Tiong",non-elite,1178,2356,3637,4986,6475,8428,10515,12579,1178,1281,1349,1489,1953,2087,2064
38048,"Agrillo, Nancy",non-elite,1407,2840,4357,5888,7406,9015,10786,12548,1433,1517,1531,1518,1609,1771,1762
38049,"Schriber, David P.",non-elite,1393,2805,4244,5729,7329,9067,10855,12571,1412,1439,1485,1600,1738,1788,1716
38050,"Wenter, Bryan",non-elite,1324,2626,3945,5309,6722,8311,10697,12606,1302,1319,1364,1413,1589,2386,1909
38051,"Winter, Matt",non-elite,1336,2716,4163,5711,7319,9035,10826,12584,1380,1447,1548,1608,1716,1791,1758
38052,"Kopke, Tanya L",non-elite,1556,3110,4671,6239,7804,9422,11069,12651,1554,1561,1568,1565,1618,1647,1582
38053,"Parkinson, Amy T",non-elite,1552,3065,4584,6142,7701,9328,10997,12627,1513,1519,1558,1559,1627,1669,1630
38054,"De Sousa, Paulo Roberto",non-elite,1415,2860,4334,5843,7377,9050,10801,12540,1445,1474,1509,1534,1673,1751,1739
38055,"Borror, Kaitlin R.",non-elite,1370,2781,4269,5817,7398,9078,10812,12551,1411,1488,1548,1581,1680,1734,1739
38056,"Vallercamp, Ronald A",non-elite,1514,3026,4559,6110,7667,9302,10953,12578,1512,1533,1551,1557,1635,1651,1625
38057,"Luhning, Rand C",non-elite,1570,3167,4712,6278,7834,9421,11065,12634,1597,1545,1566,1556,1587,1644,1569
38058,"Ambler, Marcy A",non-elite,1564,3142,4719,6288,7862,9484,11151,12678,1578,1577,1569,1574,1622,1667,1527
38059,"Hineline, Maria A.",non-elite,1513,3012,4561,6127,7697,9372,11017,12634,1499,1549,1566,1570,1675,1645,1617
38060,"Fron, Tarah",non-elite,1499,3008,4524,6072,7617,9251,10935,12612,1509,1516,1548,1545,1634,1684,1677
38061,"Slater, Adrienne",non-elite,1545,3059,4570,6095,7615,9263,10960,12612,1514,1511,1525,1520,1648,1697,1652
38062,"Simmons, Randy G.",non-elite,1491,3003,4513,6055,7653,9289,10969,12623,1512,1510,1542,1598,1636,1680,1654
38063,"Dunham, Liza",non-elite,1628,3255,4857,6462,8054,9665,11211,12664,1627,1602,1605,1592,1611,1546,1453
38064,"Vasel, Melissa K",non-elite,1438,2909,4406,5978,7573,9232,10932,12596,1471,1497,1572,1595,1659,1700,1664
38065,"Rochon, Lucie",non-elite,1340,2722,4185,5725,7322,9018,10813,12542,1382,1463,1540,1597,1696,1795,1729
38066,"Luxford, Rosalind M.",non-elite,1424,2881,4386,5936,7485,9124,10856,12596,1457,1505,1550,1549,1639,1732,1740
38067,"Dawson, Robin M",non-elite,1384,2774,4177,5654,7204,8899,10712,12510,1390,1403,1477,1550,1695,1813,1798
38069,"Wittersheim, Corey R",non-elite,1403,2821,4269,5775,7286,8885,10540,12475,1418,1448,1506,1511,1599,1655,1935
38070,"Jackson, Christopher T.",non-elite,1248,2513,3801,5167,6653,8344,10462,12575,1265,1288,1366,1486,1691,2118,2113
38071,"Barrett, Michael L",non-elite,1438,2870,4291,5779,7287,8912,10758,12556,1432,1421,1488,1508,1625,1846,1798
38072,"Schaal, Dan",non-elite,1293,2611,3934,5264,6603,7996,9836,12479,1318,1323,1330,1339,1393,1840,2643
38073,"Trottier, Isabelle",non-elite,1584,3172,4746,6330,7898,9517,11122,12647,1588,1574,1584,1568,1619,1605,1525
38074,"Tuccillo, Peter W.",non-elite,1465,2952,4459,6013,7551,9194,10934,12577,1487,1507,1554,1538,1643,1740,1643
38075,"Hernandez Garcia, Alberto",non-elite,1439,2899,4357,5899,7364,8923,10799,12628,1460,1458,1542,1465,1559,1876,1829
38076,"Kishimoto, Yasushi",non-elite,1457,2937,4443,5970,7524,9147,10858,12557,1480,1506,1527,1554,1623,1711,1699
38077,"Liscomb, Mary A.",non-elite,1501,3010,4524,6081,7660,9309,10973,12601,1509,1514,1557,1579,1649,1664,1628
38078,"Vanisky, Tracy",non-elite,1526,2998,4534,6082,7608,9240,10933,12589,1472,1536,1548,1526,1632,1693,1656
38079,"Lawler, Timothy",non-elite,1458,2915,4397,5915,7456,9111,10887,12564,1457,1482,1518,1541,1655,1776,1677
38080,"Leguizamo, Claudia L.",non-elite,1344,2724,4191,5774,7411,9146,10903,12605,1380,1467,1583,1637,1735,1757,1702
38081,"Kitajima, Yoshino",non-elite,1549,3088,4647,6217,7803,9418,11044,12617,1539,1559,1570,1586,1615,1626,1573
38082,"Cullinane, Michael J",non-elite,1454,2894,4352,5930,7562,9290,11021,12628,1440,1458,1578,1632,1728,1731,1607
38083,"Rozen, Eyal",non-elite,1429,2850,4296,5756,7267,8907,10649,12471,1421,1446,1460,1511,1640,1742,1822
38084,"Mills, Kevin W",non-elite,1202,2396,3733,5404,7100,8834,10926,12724,1194,1337,1671,1696,1734,2092,1798
38085,"Spencer, Ashley B.",non-elite,1428,2858,4303,5860,7453,9155,10917,12647,1430,1445,1557,1593,1702,1762,1730
38086,"Richard, Jamie L.",non-elite,1455,2931,4422,5939,7461,9055,10838,12615,1476,1491,1517,1522,1594,1783,1777
38087,"Valencia, Alex",non-elite,1487,2965,4446,5952,7564,9206,10945,12624,1478,1481,1506,1612,1642,1739,1679
38088,"Lomelino, Michele",non-elite,1487,2964,4446,5952,7564,9206,10945,12624,1477,1482,1506,1612,1642,1739,1679
38089,"Barclay, Kevin D",non-elite,1390,2798,4261,5813,7348,8996,10725,12518,1408,1463,1552,1535,1648,1729,1793
38090,"Jackson, Kara M",non-elite,1462,2946,4441,5949,7574,9223,10899,12593,1484,1495,1508,1625,1649,1676,1694
38091,"Burch, Elizabeth J.",non-elite,1471,2939,4443,6012,7572,9233,10930,12598,1468,1504,1569,1560,1661,1697,1668
38092,"Thibodeau, Julie",non-elite,1517,3057,4603,6157,7725,9353,11029,12643,1540,1546,1554,1568,1628,1676,1614
38093,"Agueros Gomez, Luis Miguel Sr.",non-elite,1427,2876,4354,5891,7515,9164,10890,12608,1449,1478,1537,1624,1649,1726,1718
38094,"Tonk, Chris A",non-elite,1373,2757,4161,5751,7347,9017,10826,12569,1384,1404,1590,1596,1670,1809,1743
38095,"Dummer, Sheryl S.",non-elite,1529,3057,4613,6180,7715,9332,10983,12596,1528,1556,1567,1535,1617,1651,1613
38096,"Gardner, Jo Ellen",non-elite,1491,2971,4475,6054,7639,9289,10973,12597,1480,1504,1579,1585,1650,1684,1624
38097,"Shadle, Christina",non-elite,1509,3006,4528,6068,7613,9251,10948,12620,1497,1522,1540,1545,1638,1697,1672
38098,"Andersen, Lee K",non-elite,1540,3102,4661,6227,7791,9359,11003,12644,1562,1559,1566,1564,1568,1644,1641
38099,"Surilov, Lena",non-elite,1584,3136,4689,6232,7757,9366,11012,12594,1552,1553,1543,1525,1609,1646,1582
38100,"Dean, Andrew",non-elite,1473,2961,4439,5954,7459,9047,10698,12543,1488,1478,1515,1505,1588,1651,1845
38101,"Gast, Jackie",non-elite,1382,2795,4277,5922,7566,9239,11011,12651,1413,1482,1645,1644,1673,1772,1640
38102,"Kelley, Rosemary C",non-elite,1389,2863,4352,5917,7494,9129,10940,12596,1474,1489,1565,1577,1635,1811,1656
38103,"Casey, Kenneth L",non-elite,1421,2839,4270,5734,7202,8776,10406,12472,1418,1431,1464,1468,1574,1630,2066
38104,"Adam, Natalie",non-elite,1471,2977,4530,6142,7697,9316,11043,12638,1506,1553,1612,1555,1619,1727,1595
38105,"De La Rosa, Rogelio Sr.",non-elite,1398,2835,4305,5867,7436,9139,10922,12602,1437,1470,1562,1569,1703,1783,1680
38106,"Jaffke, Erin L.",non-elite,1372,2791,4247,5792,7372,9049,10798,12601,1419,1456,1545,1580,1677,1749,1803
38107,"Carbonara, Patricia A.",non-elite,1466,2934,4445,6010,7609,9286,10940,12601,1468,1511,1565,1599,1677,1654,1661
38108,"Ultican, Tina H",non-elite,1536,3079,4619,6171,7728,9345,10995,12624,1543,1540,1552,1557,1617,1650,1629
38109,"Nestor, Kathleen",non-elite,1420,2830,4295,5853,7433,9174,10899,12601,1410,1465,1558,1580,1741,1725,1702
38110,"Willford, Alan",non-elite,1284,2556,3847,5242,6927,8719,10544,12567,1272,1291,1395,1685,1792,1825,2023
38111,"Swanson, Eileen",non-elite,1472,2953,4459,6006,7554,9202,10936,12585,1481,1506,1547,1548,1648,1734,1649
38112,"Ward, Terence B.",non-elite,1525,3012,4496,6026,7587,9194,10890,12621,1487,1484,1530,1561,1607,1696,1731
38113,"Fuller, Jane B.",non-elite,1564,3135,4712,6283,7830,9428,11059,12641,1571,1577,1571,1547,1598,1631,1582
38114,"Kruse, Lauren M",non-elite,1441,2895,4425,5952,7558,9163,10865,12568,1454,1530,1527,1606,1605,1702,1703
38115,"Crawford, Liza M.",non-elite,1509,3047,4555,6097,7653,9300,11027,12627,1538,1508,1542,1556,1647,1727,1600
38116,"Klausner, Daniel H",non-elite,1541,3107,4670,6258,7814,9396,11025,12635,1566,1563,1588,1556,1582,1629,1610
38117,"Firmin, Ashley",non-elite,1492,2961,4420,5922,7424,9066,10806,12601,1469,1459,1502,1502,1642,1740,1795
38118,"Koch, Melanie",non-elite,1381,2792,4286,5849,7412,9068,10819,12582,1411,1494,1563,1563,1656,1751,1763
38119,"Hall, Brooke",non-elite,1467,2946,4429,5993,7550,9175,10904,12578,1479,1483,1564,1557,1625,1729,1674
38120,"Bunner, Jennifer",non-elite,1518,3019,4514,6073,7645,9253,10941,12634,1501,1495,1559,1572,1608,1688,1693
38121,"Laurent, Denise",non-elite,1545,3090,4653,6206,7756,9368,11001,12630,1545,1563,1553,1550,1612,1633,1629
38122,"Titus, Bethany N",non-elite,1507,3027,4541,6068,7601,9218,10896,12616,1520,1514,1527,1533,1617,1678,1720
38123,"Fowler, Matthew",non-elite,1746,3414,5002,6576,8029,9560,11125,12670,1668,1588,1574,1453,1531,1565,1545
38124,"Winslow, Kathleen L",non-elite,1566,3098,4642,6216,7793,9437,11087,12638,1532,1544,1574,1577,1644,1650,1551
38125,"Speer, Laura",non-elite,1609,3184,4762,6319,7868,9485,11086,12664,1575,1578,1557,1549,1617,1601,1578
38126,"Kopach, Stephen J.",non-elite,1443,2919,4397,5883,7412,9062,10834,12567,1476,1478,1486,1529,1650,1772,1733
38127,"Pugliese, Jacci",non-elite,1483,2940,4402,5881,7418,9120,10861,12580,1457,1462,1479,1537,1702,1741,1719
38128,"Robbins, Addie M",non-elite,1488,2983,4532,6104,7676,9312,10960,12607,1495,1549,1572,1572,1636,1648,1647
38129,"Stringer, Teresa A",non-elite,1486,2968,4461,5973,7514,9111,10826,12555,1482,1493,1512,1541,1597,1715,1729
38130,"Fahey, Patrick",non-elite,1462,2906,4360,5899,7453,9112,10837,12576,1444,1454,1539,1554,1659,1725,1739
38131,"Schoonmaker, James P",non-elite,1484,3001,4521,6077,7638,9263,10919,12574,1517,1520,1556,1561,1625,1656,1655
38132,"Stotts, Randall",non-elite,1427,2866,4325,5894,7473,9147,10916,12602,1439,1459,1569,1579,1674,1769,1686
38133,"Hyte, Emily",non-elite,1422,2913,4472,6054,7640,9258,10944,12605,1491,1559,1582,1586,1618,1686,1661
38134,"Arriaga, Yesenia",non-elite,1419,2850,4272,5787,7313,8952,10803,12509,1431,1422,1515,1526,1639,1851,1706
38135,"Hofmann, Elke A",non-elite,1415,2864,4351,5909,7471,9113,10887,12612,1449,1487,1558,1562,1642,1774,1725
38136,"Homan, Colm A.",non-elite,1591,3133,4678,6230,7794,9389,11042,12651,1542,1545,1552,1564,1595,1653,1609
38137,"Leppert, William P",non-elite,1455,2937,4440,6008,7579,9247,10946,12582,1482,1503,1568,1571,1668,1699,1636
38138,"Glahn, Brooks L.",non-elite,1556,2973,4329,5697,7154,8999,10855,12612,1417,1356,1368,1457,1845,1856,1757
38139,"Vickers, Sarah",non-elite,1478,2971,4456,5957,7516,9236,10925,12633,1493,1485,1501,1559,1720,1689,1708
38140,"Kutner, Robin",non-elite,1495,2970,4489,6063,7644,9325,11014,12611,1475,1519,1574,1581,1681,1689,1597
38141,"Solis-Cohen, Emily",non-elite,1464,2992,4557,6139,7706,9340,11028,12653,1528,1565,1582,1567,1634,1688,1625
38142,"Chen, Angela",non-elite,1435,2864,4335,5953,7507,9141,10857,12611,1429,1471,1618,1554,1634,1716,1754
38143,"Pulkkinen, Karen R",non-elite,1287,2625,4061,5736,7436,9234,11085,12692,1338,1436,1675,1700,1798,1851,1607
38144,"Schlaudecker, Elizabeth P",non-elite,1535,3039,4537,6066,7625,9255,10948,12626,1504,1498,1529,1559,1630,1693,1678
38145,"Kelly, Jim M.",non-elite,1575,3138,4720,6342,7915,9481,11073,12640,1563,1582,1622,1573,1566,1592,1567
38146,"Saadus, Julie G.",non-elite,1538,3064,4588,6138,7691,9338,11031,12629,1526,1524,1550,1553,1647,1693,1598
38147,"Lazorik, Nicki",non-elite,1434,2918,4443,6017,7579,9223,10950,12653,1484,1525,1574,1562,1644,1727,1703
38148,"Campbell, Tom P",non-elite,1549,3106,4671,6256,7831,9439,11072,12672,1557,1565,1585,1575,1608,1633,1600
38149,"Galer, Stacy",non-elite,1554,3104,4640,6195,7752,9376,11030,12642,1550,1536,1555,1557,1624,1654,1612
38150,"Zahn, James A",non-elite,1455,2937,4412,5943,7453,9066,10808,12536,1482,1475,1531,1510,1613,1742,1728
38151,"Kiyomi, Mita",non-elite,1393,2846,4335,5892,7487,9253,10975,12659,1453,1489,1557,1595,1766,1722,1684
38152,"Alban, Brianna M",non-elite,1418,2851,4298,5784,7353,9027,10819,12628,1433,1447,1486,1569,1674,1792,1809
38153,"Stangl, Karen E.",non-elite,1533,3053,4579,6120,7665,9271,10992,12606,1520,1526,1541,1545,1606,1721,1614
38154,"Roberge, Julie-Alexandra",non-elite,1506,3003,4504,6067,7627,9236,10934,12571,1497,1501,1563,1560,1609,1698,1637
38155,"Vallee, Marie-Andree",non-elite,1456,2911,4493,6111,7656,9316,10995,12625,1455,1582,1618,1545,1660,1679,1630
38156,"Duncan, David A Sr.",non-elite,1501,3033,4560,6117,7703,9334,11004,12662,1532,1527,1557,1586,1631,1670,1658
38157,"Asher, Jason",non-elite,1420,2840,4358,5844,7394,9047,10816,12614,1420,1518,1486,1550,1653,1769,1798
38158,"Buckley, Stacy",non-elite,1550,2994,4462,5966,7497,9111,10931,12627,1444,1468,1504,1531,1614,1820,1696
38159,"Carlson, Kara M",non-elite,1454,2935,4431,5968,7520,9200,10880,12607,1481,1496,1537,1552,1680,1680,1727
38160,"Ten, Cheng",non-elite,1560,3114,4679,6259,7822,9453,11107,12667,1554,1565,1580,1563,1631,1654,1560
38161,"Karpen, Sandy",non-elite,1563,3148,4660,6170,7666,9213,10805,12527,1585,1512,1510,1496,1547,1592,1722
38162,"Snyder, Sharon",non-elite,1452,2898,4363,5869,7402,9045,10777,12573,1446,1465,1506,1533,1643,1732,1796
38163,"Voeks, Ashley M",non-elite,1477,2963,4462,6018,7557,9193,10906,12609,1486,1499,1556,1539,1636,1713,1703
38164,"Rodin, Curtis W",non-elite,1370,2806,4415,6101,7727,9351,11004,12657,1436,1609,1686,1626,1624,1653,1653
38165,"Ketchmark, Tony",non-elite,1551,3103,4726,6361,7922,9466,11001,12582,1552,1623,1635,1561,1544,1535,1581
38166,"Lazich, Robert S",non-elite,1435,2857,4269,5716,7164,8818,10617,12486,1422,1412,1447,1448,1654,1799,1869
38167,"Johnson, Robert",non-elite,1442,2831,4219,5639,7053,8573,10263,12395,1389,1388,1420,1414,1520,1690,2132
38168,"Murphy, Shannon",non-elite,1441,2890,4358,5897,7425,9033,10779,12620,1449,1468,1539,1528,1608,1746,1841
38169,"Kalinyak, Joseph",non-elite,1473,2937,4418,5919,7414,8967,10565,12614,1464,1481,1501,1495,1553,1598,2049
38170,"Mclellan, Michelle",non-elite,1532,3032,4547,6185,7753,9373,11040,12677,1500,1515,1638,1568,1620,1667,1637
38171,"Hayami, Naoko",non-elite,1475,2986,4544,6126,7703,9370,11044,12647,1511,1558,1582,1577,1667,1674,1603
38172,"Roy, Sylvain",non-elite,1399,2812,4240,5736,7359,9169,10978,12649,1413,1428,1496,1623,1810,1809,1671
38173,"Laflamme, Sandra D.",non-elite,1577,3082,4586,6153,7741,9431,11102,12659,1505,1504,1567,1588,1690,1671,1557
38174,"Tremblay, Guy",non-elite,1482,2974,4475,6044,7616,9230,10928,12597,1492,1501,1569,1572,1614,1698,1669
38175,"Post, Albert J",non-elite,1508,2999,4501,6039,7559,9160,10840,12561,1491,1502,1538,1520,1601,1680,1721
38176,"Emoff, Ray",non-elite,1398,2791,4271,5908,7561,9246,10891,12609,1393,1480,1637,1653,1685,1645,1718
38177,"Drew, Kelsey N.",non-elite,1359,2761,4197,5699,7238,8954,10828,12623,1402,1436,1502,1539,1716,1874,1795
38178,"Rutledge, Mark",non-elite,1549,3138,4743,6329,7900,9514,11117,12666,1589,1605,1586,1571,1614,1603,1549
38179,"Wirth-Cauchon, Alex",non-elite,1513,3093,4667,6263,7848,9485,11097,12622,1580,1574,1596,1585,1637,1612,1525
38180,"Masson, Gilles",non-elite,1482,2975,4475,6045,7617,9230,10928,12597,1493,1500,1570,1572,1613,1698,1669
38181,"Mchugh, Jenna M.",non-elite,1445,2908,4392,5938,7507,9157,10898,12582,1463,1484,1546,1569,1650,1741,1684
38182,"Sementelli, Richard",non-elite,1429,2890,4390,5942,7536,9210,10945,12612,1461,1500,1552,1594,1674,1735,1667
38183,"Hansen, Jacob S.",non-elite,1270,2570,3910,5396,7510,9221,10916,12597,1300,1340,1486,2114,1711,1695,1681
38184,"Lombardi, John",non-elite,1565,3125,4668,6220,7768,9375,11055,12670,1560,1543,1552,1548,1607,1680,1615
38185,"Kirkpatrick, Daniel J",non-elite,1297,2597,3910,5265,6654,8220,10323,12430,1300,1313,1355,1389,1566,2103,2107
38186,"Bay, Clark",non-elite,1312,2628,4001,5555,7171,8872,10700,12561,1316,1373,1554,1616,1701,1828,1861
38187,"Heeger, Peter",non-elite,1436,2911,4456,6023,7629,9267,10965,12625,1475,1545,1567,1606,1638,1698,1660
38188,"Bartlett, Jeff",non-elite,1502,2979,4455,5992,7533,9153,10875,12579,1477,1476,1537,1541,1620,1722,1704
38189,"Walstra, Richard J.",non-elite,1395,2854,4355,5921,7482,9122,10829,12564,1459,1501,1566,1561,1640,1707,1735
38190,"Rogers, Tracie J",non-elite,1442,2892,4369,5958,7618,9378,11061,12684,1450,1477,1589,1660,1760,1683,1623
38191,"Keiler, Mitch A",non-elite,1419,2921,4439,6042,7638,9284,10999,12660,1502,1518,1603,1596,1646,1715,1661
38192,"Dillon-Chi, Annemarie C",non-elite,1565,3100,4647,6232,7819,9442,11084,12677,1535,1547,1585,1587,1623,1642,1593
38193,"O'Higgins, Brian",non-elite,1266,2514,3745,5012,6297,7629,9239,11928,1248,1231,1267,1285,1332,1610,2689
38194,"Steyskal, Jimmy",non-elite,1531,3026,4526,6057,7603,9212,10876,12582,1495,1500,1531,1546,1609,1664,1706
38195,"Cook, Bruce S.",non-elite,1652,3263,4825,6388,7937,9569,11144,12677,1611,1562,1563,1549,1632,1575,1533
38196,"Mora, Robert A.",non-elite,1459,2914,4396,5904,7422,9084,10834,12637,1455,1482,1508,1518,1662,1750,1803
38197,"Tabbal, Luai",non-elite,1422,2872,4332,5825,7368,9046,10808,12598,1450,1460,1493,1543,1678,1762,1790
38198,"Lingyun, Huang",non-elite,1420,2907,4466,6106,7740,9412,11111,12705,1487,1559,1640,1634,1672,1699,1594
38199,"Di Iulio, Tara F",non-elite,1515,3014,4567,6105,7663,9284,10924,12568,1499,1553,1538,1558,1621,1640,1644
38200,"Stokes, Annie",non-elite,1565,3120,4670,6238,7803,9413,11060,12636,1555,1550,1568,1565,1610,1647,1576
38201,"Gordon, Jenna N.",non-elite,1453,2923,4451,6021,7617,9233,10892,12618,1470,1528,1570,1596,1616,1659,1726
38202,"Perzyk, Karen",non-elite,1489,3016,4552,6095,7664,9295,10967,12641,1527,1536,1543,1569,1631,1672,1674
38203,"Arsenault, Natalie",non-elite,1506,3005,4470,5952,7451,9128,10832,12662,1499,1465,1482,1499,1677,1704,1830
38204,"Hernandez Cid, Eric Javier Sr.",non-elite,1288,2593,3927,5409,6916,8741,10839,12611,1305,1334,1482,1507,1825,2098,1772
38205,"Gibson, Lindsay",non-elite,1491,2981,4476,6016,7551,9150,10824,12614,1490,1495,1540,1535,1599,1674,1790
38206,"Esposito, Stacey",non-elite,1551,3128,4715,6330,7918,9544,11162,12711,1577,1587,1615,1588,1626,1618,1549
38207,"Hendrickson, Victoria L.",non-elite,1446,2901,4450,5968,7510,9162,10892,12597,1455,1549,1518,1542,1652,1730,1705
38208,"Murray, Sebastian",non-elite,1506,3022,4533,6085,7626,9246,10938,12616,1516,1511,1552,1541,1620,1692,1678
38209,"Heinrich, Lynley",non-elite,1558,3100,4645,6236,7837,9445,11062,12663,1542,1545,1591,1601,1608,1617,1601
38210,"Woelflein, Peter H.",non-elite,1428,2893,4360,5857,7409,9058,10832,12601,1465,1467,1497,1552,1649,1774,1769
38211,"Roberts, Amanda",non-elite,1483,3008,4575,6195,7815,9428,11060,12673,1525,1567,1620,1620,1613,1632,1613
38212,"Labree, Sherry",non-elite,1607,3175,4697,6240,7778,9374,11003,12622,1568,1522,1543,1538,1596,1629,1619
38213,"Hosatte-Ducassy, Caroline",non-elite,1519,3053,4566,6149,7683,9288,10959,12649,1534,1513,1583,1534,1605,1671,1690
38214,"Kvilhaug, Joseph F",non-elite,1451,2924,4388,5892,7405,9034,10806,12556,1473,1464,1504,1513,1629,1772,1750
38215,"Mitchell, Ronnie",non-elite,1428,2846,4356,5910,7454,9171,10851,12545,1418,1510,1554,1544,1717,1680,1694
38216,"Piette, Brian D",non-elite,1141,2324,3600,4996,6610,8496,10462,12537,1183,1276,1396,1614,1886,1966,2075
38217,"Bichard, Melanie J",non-elite,1477,2951,4457,6002,7547,9175,10872,12582,1474,1506,1545,1545,1628,1697,1710
38218,"Hammond, Eric",non-elite,1254,2534,3851,5253,6746,8451,10323,12269,1280,1317,1402,1493,1705,1872,1946
38219,"Teclemicael, Habteab",non-elite,1595,3161,4719,6309,7871,9472,11132,12680,1566,1558,1590,1562,1601,1660,1548
38220,"Marrack, Sally A",non-elite,1520,3067,4592,6141,7678,9299,10995,12633,1547,1525,1549,1537,1621,1696,1638
38221,"Pahl, Eric G",non-elite,1404,2806,4208,5659,7134,8734,10546,12439,1402,1402,1451,1475,1600,1812,1893
38222,"Fleming, Tina C",non-elite,1571,3125,4655,6195,7735,9319,10963,12637,1554,1530,1540,1540,1584,1644,1674
38223,"Dake, Timothy W.",non-elite,1356,2690,4024,5392,6832,8417,10435,12481,1334,1334,1368,1440,1585,2018,2046
38224,"Collier, Jeff",non-elite,1397,2802,4200,5630,7168,8866,10653,12541,1405,1398,1430,1538,1698,1787,1888
38225,"Castle, Michael",non-elite,1428,2842,4263,5735,7235,8867,10743,12590,1414,1421,1472,1500,1632,1876,1847
38226,"Iacobacci-Miller, Heather",non-elite,1470,2945,4454,5995,7551,9191,10912,12613,1475,1509,1541,1556,1640,1721,1701
38227,"Marchese, Elaine",non-elite,1430,2913,4436,6061,7701,9394,11075,12669,1483,1523,1625,1640,1693,1681,1594
38228,"Owallah, Omondi",non-elite,1357,2723,4103,5536,7025,8584,10179,12531,1366,1380,1433,1489,1559,1595,2352
38229,"Decoste, Keith",non-elite,1401,2794,4196,5658,7209,8926,10693,12552,1393,1402,1462,1551,1717,1767,1859
38230,"Wun, Michelle",non-elite,1568,3144,4726,6306,7873,9479,11069,12627,1576,1582,1580,1567,1606,1590,1558
38231,"Arsrairas, Muantawan",non-elite,1520,3037,4559,6095,7629,9209,10880,12597,1517,1522,1536,1534,1580,1671,1717
38232,"Partner, Jordan M.",non-elite,1449,2894,4353,5844,7380,9059,10874,12644,1445,1459,1491,1536,1679,1815,1770
38233,"Joo, Kathy",non-elite,1718,3305,4874,6406,7924,9517,11112,12660,1587,1569,1532,1518,1593,1595,1548
38234,"Jorgensen, Margaret K",non-elite,1427,2841,4338,5831,7368,9075,10891,12606,1414,1497,1493,1537,1707,1816,1715
38235,"Gram, Chresten J",non-elite,1452,2924,4399,5940,7528,9162,10846,12548,1472,1475,1541,1588,1634,1684,1702
38236,"Hoffman, Sara L.",non-elite,1471,2966,4489,6038,7607,9277,11004,12666,1495,1523,1549,1569,1670,1727,1662
38237,"Fitzpatrick, Katie",non-elite,1523,3021,4516,6061,7631,9252,10935,12628,1498,1495,1545,1570,1621,1683,1693
38238,"Ennes, Rodrigo C Sr.",non-elite,1392,2779,4175,5681,7240,8955,10780,12523,1387,1396,1506,1559,1715,1825,1743
38239,"Kirchner, Katie",non-elite,1526,3055,4580,6114,7646,9247,10916,12620,1529,1525,1534,1532,1601,1669,1704
38240,"Loots, Gerrit",non-elite,1368,2811,4312,5878,7467,9231,10980,12656,1443,1501,1566,1589,1764,1749,1676
38241,"Bamford, Paula C.",non-elite,1481,3017,4544,6100,7651,9297,10982,12613,1536,1527,1556,1551,1646,1685,1631
38242,"Craft Ahrens, Amy",non-elite,1508,3048,4593,6159,7723,9336,10993,12627,1540,1545,1566,1564,1613,1657,1634
38243,"Szarzynski, Robin",non-elite,1449,2915,4412,5956,7529,9178,10868,12622,1466,1497,1544,1573,1649,1690,1754
38244,"Price, Russell Z.",non-elite,1213,2451,3697,5018,6391,7929,9950,12295,1238,1246,1321,1373,1538,2021,2345
38245,"Coutts, Cheryl",non-elite,1544,3070,4599,6166,7723,9359,11036,12650,1526,1529,1567,1557,1636,1677,1614
38246,"Clause, Rob",non-elite,1344,2685,4080,5594,7177,8904,10717,12559,1341,1395,1514,1583,1727,1813,1842
38247,"Borden, Cheryl A.",non-elite,1517,3016,4524,6058,7588,9225,10942,12628,1499,1508,1534,1530,1637,1717,1686
38248,"Krahn, Danae",non-elite,1463,2943,4428,5945,7468,9116,10967,12692,1480,1485,1517,1523,1648,1851,1725
38249,"Digiovanni, Christine I.",non-elite,1578,3126,4676,6264,7835,9451,11080,12665,1548,1550,1588,1571,1616,1629,1585
38250,"Clements, Joanne S",non-elite,1449,2941,4507,6156,7740,9377,11027,12677,1492,1566,1649,1584,1637,1650,1650
38251,"Burns, John L Jr.",non-elite,1366,2767,4211,5727,7268,8914,10685,12517,1401,1444,1516,1541,1646,1771,1832
38252,"Desrochers, Annie",non-elite,1552,3100,4650,6220,7787,9385,10998,12637,1548,1550,1570,1567,1598,1613,1639
38253,"Fortner, Eric C",non-elite,1484,2964,4447,5932,7419,8981,10634,12495,1480,1483,1485,1487,1562,1653,1861
38254,"Keaveney, Erin",non-elite,1406,2813,4246,5712,7268,9063,10918,12607,1407,1433,1466,1556,1795,1855,1689
38255,"Rice, Glenn",non-elite,1515,3045,4593,6164,7714,9337,11024,12646,1530,1548,1571,1550,1623,1687,1622
38256,"Parlato, Susan P.",non-elite,1501,2991,4490,6029,7577,9187,10935,12608,1490,1499,1539,1548,1610,1748,1673
38257,"Wreggit, Tammy",non-elite,1439,2924,4509,6049,7608,9237,10934,12629,1485,1585,1540,1559,1629,1697,1695
38258,"Thomas, Edward A.",non-elite,1442,2911,4393,5908,7452,9039,10773,12537,1469,1482,1515,1544,1587,1734,1764
38259,"Given, Jeffrey B.",non-elite,1384,2767,4167,5658,7199,8985,10832,12589,1383,1400,1491,1541,1786,1847,1757
38260,"Trudeau, Bart",non-elite,1499,2982,4458,5965,7507,9074,10670,12474,1483,1476,1507,1542,1567,1596,1804
38261,"Robinson, Kevin D",non-elite,1482,2958,4459,5979,7504,9081,10760,12551,1476,1501,1520,1525,1577,1679,1791
38262,"Leppke, Allison M",non-elite,1531,3128,4710,6307,7893,9476,11066,12652,1597,1582,1597,1586,1583,1590,1586
38263,"Nicoll, Steven",non-elite,1365,2705,4066,5553,7088,8802,10667,12561,1340,1361,1487,1535,1714,1865,1894
38264,"Cohen, Molly R",non-elite,1417,2909,4505,6122,7714,9321,10985,12630,1492,1596,1617,1592,1607,1664,1645
38265,"Donlon, Jeffrey",non-elite,1269,2555,3878,5435,6898,8613,10458,12487,1286,1323,1557,1463,1715,1845,2029
38266,"Till, Leanne C",non-elite,1526,3081,4650,6235,7816,9436,11086,12673,1555,1569,1585,1581,1620,1650,1587
38267,"Forrest, Sidney",non-elite,1412,2845,4339,5951,7551,9166,10868,12585,1433,1494,1612,1600,1615,1702,1717
38268,"McCormick, Andy",non-elite,1286,2629,4055,5571,7164,8856,10728,12574,1343,1426,1516,1593,1692,1872,1846
38269,"Saiers, Erika",non-elite,1526,3040,4589,6172,7751,9384,11014,12655,1514,1549,1583,1579,1633,1630,1641
38270,"Barz, Wynde",non-elite,1530,3055,4621,6161,7715,9365,11053,12652,1525,1566,1540,1554,1650,1688,1599
38271,"Wragg, Matthew H.",non-elite,1506,2996,4423,5820,7257,8786,10724,12566,1490,1427,1397,1437,1529,1938,1842
38272,"McCann, Libby C.",non-elite,1413,2835,4332,5901,7462,9087,10782,12564,1422,1497,1569,1561,1625,1695,1782
38273,"Ofner, Carmen L",non-elite,1571,3068,4575,6134,7658,9272,10927,12619,1497,1507,1559,1524,1614,1655,1692
38274,"Legg, Erik J",non-elite,1439,2921,4434,5977,7527,9181,10919,12623,1482,1513,1543,1550,1654,1738,1704
38275,"Salisbury, Jj",non-elite,1458,2966,4481,6052,7631,9275,10989,12642,1508,1515,1571,1579,1644,1714,1653
38276,"Stormont, Leah D",non-elite,1472,2997,4522,6058,7593,9206,10881,12631,1525,1525,1536,1535,1613,1675,1750
38277,"Myers, Dane C.",non-elite,1408,2845,4310,5808,7317,8919,10696,12508,1437,1465,1498,1509,1602,1777,1812
38278,"Haran, Terry",non-elite,1477,2991,4494,6051,7611,9303,10966,12655,1514,1503,1557,1560,1692,1663,1689
38279,"Villedieu, Karen M",non-elite,1501,2955,4402,5881,7377,9037,10757,12504,1454,1447,1479,1496,1660,1720,1747
38280,"Buchanan, Glenn S.",non-elite,1570,3195,4793,6360,7914,9535,11142,12687,1625,1598,1567,1554,1621,1607,1545
38281,"Dirks, Jeff S",non-elite,1533,3064,4610,6184,7745,9387,11057,12652,1531,1546,1574,1561,1642,1670,1595
38282,"Decrane, Bridget",non-elite,1484,2991,4500,6015,7529,9108,10811,12567,1507,1509,1515,1514,1579,1703,1756
38283,"Jeter, Bonita R.",non-elite,1404,2863,4375,5958,7521,9186,10903,12618,1459,1512,1583,1563,1665,1717,1715
38284,"Kuehl, James M",non-elite,1359,2719,4119,5618,7197,8922,10739,12589,1360,1400,1499,1579,1725,1817,1850
38285,"Chapiro, Alan",non-elite,1448,2935,4416,5898,7383,9014,10811,12578,1487,1481,1482,1485,1631,1797,1767
38286,"Savage, Alissa",non-elite,1458,2950,4455,5944,7445,9203,10919,12650,1492,1505,1489,1501,1758,1716,1731
38287,"Gillen, Caitlin",non-elite,1384,2783,4218,5749,7440,9153,10916,12631,1399,1435,1531,1691,1713,1763,1715
38288,"Hains, Trevor",non-elite,1415,2825,4243,5701,7163,8712,10380,12440,1410,1418,1458,1462,1549,1668,2060
38289,"Pinto, William J.",non-elite,1519,3050,4585,6129,7678,9356,10999,12640,1531,1535,1544,1549,1678,1643,1641
38290,"Lee, Jong Hoon",non-elite,1430,2843,4318,5891,7534,9238,11011,12684,1413,1475,1573,1643,1704,1773,1673
38291,"Thompson, Spencer G.",non-elite,1480,2964,4416,5879,7365,9039,10650,12491,1484,1452,1463,1486,1674,1611,1841
38292,"Wilson, Robert W.",non-elite,1561,3115,4652,6203,7735,9312,10907,12557,1554,1537,1551,1532,1577,1595,1650
38293,"Wilson, Grant",non-elite,1456,2929,4408,5924,7448,9042,10838,12599,1473,1479,1516,1524,1594,1796,1761
38294,"Wang, Bing",non-elite,1468,2978,4513,6091,7663,9314,11013,12662,1510,1535,1578,1572,1651,1699,1649
38295,"Degrass, Katherine",non-elite,1436,2869,4368,5945,7547,9256,10992,12685,1433,1499,1577,1602,1709,1736,1693
38296,"Tasic, Sladjana",non-elite,1559,3108,4648,6218,7773,9399,11062,12675,1549,1540,1570,1555,1626,1663,1613
38297,"Cadol, Beth",non-elite,1576,3153,4740,6326,7907,9550,11164,12718,1577,1587,1586,1581,1643,1614,1554
38298,"Graillot, Isabelle",non-elite,1525,3082,4678,6279,7831,9456,11082,12678,1557,1596,1601,1552,1625,1626,1596
38299,"Szczawinski, Victoria S",non-elite,1394,2814,4256,5755,7315,9022,10952,12666,1420,1442,1499,1560,1707,1930,1714
38300,"Watts, Jeff",non-elite,1293,2611,4011,5538,7247,9084,10811,12642,1318,1400,1527,1709,1837,1727,1831
38301,"Reboulet, Timothy",non-elite,1310,2622,3969,5370,6933,8608,10552,12496,1312,1347,1401,1563,1675,1944,1944
38302,"Stamnes, Angela C",non-elite,1566,3127,4687,6260,7839,9452,11078,12693,1561,1560,1573,1579,1613,1626,1615
38303,"Harris, Randall",non-elite,1447,2887,4336,5794,7281,8819,10565,12463,1440,1449,1458,1487,1538,1746,1898
38304,"Murray, Kevin P.",non-elite,1252,2742,4405,6152,7461,8986,11013,12547,1490,1663,1747,1309,1525,2027,1534
38305,"Agichtein, Eugene",non-elite,1283,2573,3935,5268,6647,8170,10311,12559,1290,1362,1333,1379,1523,2141,2248
38306,"Altman, Lisa",non-elite,1345,2731,4217,5749,7297,8976,10763,12555,1386,1486,1532,1548,1679,1787,1792
38307,"Karnazes, Dean",non-elite,1460,3068,4654,6286,7891,9487,11057,12739,1608,1586,1632,1605,1596,1570,1682
38308,"Turim, Juliano",non-elite,1568,3041,4464,5913,7418,9053,10909,12637,1473,1423,1449,1505,1635,1856,1728
38309,"Henderson, Pam S",non-elite,1551,3127,4695,6276,7847,9458,11087,12678,1576,1568,1581,1571,1611,1629,1591
38310,"Gerrard, Allison G.",non-elite,1468,2959,4513,6101,7664,9278,10976,12655,1491,1554,1588,1563,1614,1698,1679
38311,"Griffin, Sarah M",non-elite,1563,3115,4651,6174,7708,9278,10920,12640,1552,1536,1523,1534,1570,1642,1720
38312,"Oliva, Kristin",non-elite,1522,3038,4588,6180,7795,9448,11135,12719,1516,1550,1592,1615,1653,1687,1584
38313,"Kroot, Jason",non-elite,1378,2745,4177,5735,7315,9054,10962,12617,1367,1432,1558,1580,1739,1908,1655
38314,"Cuomo, Kevin",non-elite,1500,3018,4550,6076,7597,9188,10905,12596,1518,1532,1526,1521,1591,1717,1691
38315,"Strauch, Joachim",non-elite,1532,3066,4624,6201,7755,9356,10997,12669,1534,1558,1577,1554,1601,1641,1672
38316,"Howland, Zhanar",non-elite,1567,3135,4722,6315,7889,9506,11148,12686,1568,1587,1593,1574,1617,1642,1538
38317,"Moran, Ali M.",non-elite,1374,2812,4333,5933,7562,9264,10991,12671,1438,1521,1600,1629,1702,1727,1680
38318,"Hennigan, Matthew",non-elite,1395,2817,4265,5742,7267,8922,10730,12574,1422,1448,1477,1525,1655,1808,1844
38319,"Henschel, Melissa J.",non-elite,1482,2956,4433,5957,7528,9100,10873,12583,1474,1477,1524,1571,1572,1773,1710
38320,"Gomez Tenorio, Paola",non-elite,1401,2816,4250,5855,7405,9098,10820,12568,1415,1434,1605,1550,1693,1722,1748
38321,"Burkard, Anita",non-elite,1531,3031,4569,6188,7776,9406,11063,12669,1500,1538,1619,1588,1630,1657,1606
38322,"Harris, Bradley E",non-elite,1274,2573,3910,5457,7095,8805,10677,12651,1299,1337,1547,1638,1710,1872,1974
38323,"Walsh, Patricia",non-elite,1344,2772,4260,5846,7607,9245,10963,12648,1428,1488,1586,1761,1638,1718,1685
38324,"Magann, Gregory J.",non-elite,1423,2860,4335,5892,7468,9141,10897,12639,1437,1475,1557,1576,1673,1756,1742
38325,"Stone, Keith",non-elite,1465,2935,4409,5894,7400,9015,10719,12614,1470,1474,1485,1506,1615,1704,1895
38326,"Benitez, Cecilia",non-elite,1547,3091,4701,6264,7821,9435,11066,12686,1544,1610,1563,1557,1614,1631,1620
38327,"Laltoo, Lindsay J",non-elite,1428,2877,4338,5848,7552,9209,11008,12682,1449,1461,1510,1704,1657,1799,1674
38328,"Luna, Jennifer",non-elite,1494,2986,4493,6019,7566,9205,10925,12613,1492,1507,1526,1547,1639,1720,1688
38329,"Nemethy, Wanda S",non-elite,1424,2883,4361,5910,7459,9117,10847,12576,1459,1478,1549,1549,1658,1730,1729
38330,"Macdonald, Anne",non-elite,1472,2927,4405,5907,7460,9106,10824,12582,1455,1478,1502,1553,1646,1718,1758
38331,"Micros, Deanna",non-elite,1414,2876,4376,5889,7475,9165,10905,12620,1462,1500,1513,1586,1690,1740,1715
38332,"Gowda, Jayaprakash N.",non-elite,1524,3017,4531,6074,7596,9166,10845,12593,1493,1514,1543,1522,1570,1679,1748
38333,"Denecke, Gwen",non-elite,1515,3028,4575,6160,7749,9400,11037,12670,1513,1547,1585,1589,1651,1637,1633
38334,"Dermody, Kerry M",non-elite,1460,2925,4411,6046,7663,9323,11018,12670,1465,1486,1635,1617,1660,1695,1652
38335,"Armbruster, Veronica",non-elite,1499,3066,4641,6225,7788,9407,11056,12664,1567,1575,1584,1563,1619,1649,1608
38336,"Cobb, Jennifer A",non-elite,1507,2984,4476,5989,7509,9108,10790,12542,1477,1492,1513,1520,1599,1682,1752
38337,"Gortsema, Steve",non-elite,1442,2905,4382,5913,7444,9037,10810,12619,1463,1477,1531,1531,1593,1773,1809
38338,"Goldstein, Mitch P",non-elite,1494,2979,4452,5953,7476,9112,10838,12606,1485,1473,1501,1523,1636,1726,1768
38339,"Bonner, Caroline A",non-elite,1525,3072,4627,6212,7808,9413,11064,12674,1547,1555,1585,1596,1605,1651,1610
38340,"Natalizio, Erin L",non-elite,1566,3124,4689,6248,7802,9399,11059,12692,1558,1565,1559,1554,1597,1660,1633
38341,"Santora, Jim",non-elite,1396,2802,4244,5780,7352,9018,10755,12524,1406,1442,1536,1572,1666,1737,1769
38342,"Shemyakin, Alexander",non-elite,1418,2819,4241,5703,7164,8814,10659,12518,1401,1422,1462,1461,1650,1845,1859
38343,"Rayburn, Garth",non-elite,1505,3005,4492,6027,7559,9145,10773,12555,1500,1487,1535,1532,1586,1628,1782
38344,"Pendergrass, Malissa A",non-elite,1495,2989,4503,6070,7626,9291,10969,12698,1494,1514,1567,1556,1665,1678,1729
38345,"Flynn, Susan",non-elite,1446,2893,4382,5928,7643,9249,11025,12669,1447,1489,1546,1715,1606,1776,1644
38346,"Winther, Katie R",non-elite,1490,2956,4473,6022,7581,9192,10896,12624,1466,1517,1549,1559,1611,1704,1728
38347,"Capuzzo, Jennifer",non-elite,1653,3253,4817,6390,7936,9509,11117,12694,1600,1564,1573,1546,1573,1608,1577
38348,"Fennema, Anne L",non-elite,1507,3090,4692,6323,7913,9547,11182,12724,1583,1602,1631,1590,1634,1635,1542
38349,"Solorzano De La Parra, Adriana",non-elite,1534,3031,4562,6115,7668,9289,10958,12595,1497,1531,1553,1553,1621,1669,1637
38350,"Pontell, Sarah",non-elite,1480,2997,4549,6130,7719,9357,11064,12681,1517,1552,1581,1589,1638,1707,1617
38351,"Reader, Mark",non-elite,1480,2964,4443,5950,7467,9090,10814,12544,1484,1479,1507,1517,1623,1724,1730
38352,"Heyer, Sharon",non-elite,1474,2959,4466,6021,7553,9137,10816,12550,1485,1507,1555,1532,1584,1679,1734
38353,"Rancourt, Annabelle",non-elite,1393,2810,4305,5856,7458,9168,10863,12610,1417,1495,1551,1602,1710,1695,1747
38354,"Hoover, Sarah E",non-elite,1492,2992,4501,6030,7582,9197,10910,12640,1500,1509,1529,1552,1615,1713,1730
38355,"Stuart, Peter F",non-elite,1318,2659,4025,5398,6817,8317,10008,12407,1341,1366,1373,1419,1500,1691,2399
38356,"Lariviere, John",non-elite,1692,3257,4763,6253,7724,9249,10914,12631,1565,1506,1490,1471,1525,1665,1717
38357,"Vara, Jose",non-elite,1446,2915,4421,5996,7568,9216,10972,12609,1469,1506,1575,1572,1648,1756,1637
38358,"Parkhurst, Janet K",non-elite,1516,3026,4547,6104,7661,9308,10997,12664,1510,1521,1557,1557,1647,1689,1667
38359,"Van Natta, Mary Jo A",non-elite,1520,3016,4518,6048,7580,9192,10898,12615,1496,1502,1530,1532,1612,1706,1717
38360,"Hatzenbuehler, Lindsay",non-elite,1490,2982,4482,5993,7525,9136,10878,12616,1492,1500,1511,1532,1611,1742,1738
38361,"Dyer, Shawn B",non-elite,1355,2660,3962,5317,6980,8696,10535,12591,1305,1302,1355,1663,1716,1839,2056
38362,"Hansen, Kristina M.",non-elite,1567,3144,4707,6263,7799,9365,10954,12647,1577,1563,1556,1536,1566,1589,1693
38363,"Vachon, Marilyn",non-elite,1530,3040,4570,6117,7653,9254,10972,12656,1510,1530,1547,1536,1601,1718,1684
38364,"Sloan, Samantha W.",non-elite,1446,2890,4390,5932,7541,9289,11013,12673,1444,1500,1542,1609,1748,1724,1660
38365,"Walton, Brenda",non-elite,1584,3151,4688,6226,7755,9348,11009,12634,1567,1537,1538,1529,1593,1661,1625
38366,"Bauernfeind, Christopher",non-elite,1370,2773,4229,5762,7458,9081,10828,12546,1403,1456,1533,1696,1623,1747,1718
38367,"Rumer, Michael L.",non-elite,1434,2947,4426,5934,7464,9075,10871,12613,1513,1479,1508,1530,1611,1796,1742
38368,"Singh, Swaran",non-elite,1620,3201,4774,6342,7905,9503,11123,12709,1581,1573,1568,1563,1598,1620,1586
38369,"Ibanez, Carmen G.",non-elite,1519,3029,4562,6100,7627,9211,10874,12649,1510,1533,1538,1527,1584,1663,1775
38370,"Roorda, Anna N.",non-elite,1562,3099,4629,6176,7714,9358,10999,12658,1537,1530,1547,1538,1644,1641,1659
38371,"Burmeister, Herman C. III",non-elite,1487,2973,4441,5931,7434,9026,10713,12547,1486,1468,1490,1503,1592,1687,1834
38372,"Turner, Jonathan E.",non-elite,1574,3088,4619,6180,7754,9362,11018,12669,1514,1531,1561,1574,1608,1656,1651
38373,"Coro, Miryam E.",non-elite,1487,3029,4581,6188,7805,9475,11136,12707,1542,1552,1607,1617,1670,1661,1571
38374,"Le, Vanessa T.",non-elite,1469,2980,4535,6131,7728,9376,11059,12675,1511,1555,1596,1597,1648,1683,1616
38375,"Price, Jeff",non-elite,1296,2588,3900,5284,6770,8517,10671,12570,1292,1312,1384,1486,1747,2154,1899
38376,"Garriepy, Denis",non-elite,1399,2806,4232,5714,7259,8889,10751,12622,1407,1426,1482,1545,1630,1862,1871
38377,"Hoerr, Kara A",non-elite,1495,2999,4511,6052,7617,9250,10955,12645,1504,1512,1541,1565,1633,1705,1690
38378,"Young-Chan, Rosemarie",non-elite,1562,3102,4648,6214,7772,9400,11058,12680,1540,1546,1566,1558,1628,1658,1622
38379,"Ellis, Amy",non-elite,1515,2998,4503,6050,7617,9249,10931,12632,1483,1505,1547,1567,1632,1682,1701
38380,"Burrell, Matt",non-elite,1225,2441,3689,5092,6873,8467,10301,12570,1216,1248,1403,1781,1594,1834,2269
38381,"Roper, Steven",non-elite,1483,2915,4374,5889,7480,9118,10866,12628,1432,1459,1515,1591,1638,1748,1762
38382,"Malone, Christopher",non-elite,1311,2632,4000,5427,7100,8843,10641,12622,1321,1368,1427,1673,1743,1798,1981
38383,"Villard, Tina",non-elite,1536,3103,4674,6253,7812,9448,11072,12668,1567,1571,1579,1559,1636,1624,1596
38384,"Tagge, Bryan",non-elite,1413,2887,4398,5956,7527,9179,10879,12593,1474,1511,1558,1571,1652,1700,1714
38385,"Coyne, Carmel E.",non-elite,1530,3055,4601,6155,7701,9308,10983,12685,1525,1546,1554,1546,1607,1675,1702
38386,"Nichols, Colette T",non-elite,1519,3020,4520,6021,7529,9117,10821,12601,1501,1500,1501,1508,1588,1704,1780
38387,"Sanchez Gil, Cecilia L",non-elite,1513,3014,4509,6039,7587,9238,10904,12628,1501,1495,1530,1548,1651,1666,1724
38388,"Donsbach, Jamie S",non-elite,1507,2990,4480,5993,7498,9161,10909,12643,1483,1490,1513,1505,1663,1748,1734
38389,"Leatherman, Renee N",non-elite,1604,3193,4786,6366,7939,9549,11148,12706,1589,1593,1580,1573,1610,1599,1558
38390,"Kolehmainen, Jussi",non-elite,1398,2810,4236,5764,7380,9092,10915,12680,1412,1426,1528,1616,1712,1823,1765
38391,"Muellner, Douglas J.",non-elite,1499,2950,4416,5920,7491,9154,10911,12685,1451,1466,1504,1571,1663,1757,1774
38392,"Jaquez, Livis",non-elite,1516,3049,4589,6119,7642,9241,10903,12584,1533,1540,1530,1523,1599,1662,1681
38393,"Parmele, James",non-elite,1566,3139,4779,6358,7922,9547,11164,12728,1573,1640,1579,1564,1625,1617,1564
38394,"Sepulveda, Joe",non-elite,1427,2874,4357,5902,7446,9110,10812,12552,1447,1483,1545,1544,1664,1702,1740
38395,"Engel, Torsten",non-elite,1480,2990,4525,6096,7665,9294,10976,12635,1510,1535,1571,1569,1629,1682,1659
38396,"Vidinha, Rich J",non-elite,1317,2669,4018,5446,6920,8692,10565,12588,1352,1349,1428,1474,1772,1873,2023
38397,"Mcclean, Jennifer",non-elite,1521,2996,4480,5980,7538,9147,10877,12621,1475,1484,1500,1558,1609,1730,1744
38398,"Lipcsei, Violeta",non-elite,1540,3099,4651,6229,7811,9453,11121,12690,1559,1552,1578,1582,1642,1668,1569
38399,"Kujawski, Kevin",non-elite,1329,2743,4180,5709,7269,8958,10694,12571,1414,1437,1529,1560,1689,1736,1877
38400,"Will, Lindsey K",non-elite,1419,2901,4476,6047,7634,9303,11032,12657,1482,1575,1571,1587,1669,1729,1625
38401,"Machado, Tori K.",non-elite,1616,3210,4799,6392,7986,9589,11178,12747,1594,1589,1593,1594,1603,1589,1569
38402,"Walding, Jenna",non-elite,1425,2887,4395,5949,7505,9236,10975,12694,1462,1508,1554,1556,1731,1739,1719
38403,"Mcgowan, Pamela R",non-elite,1560,3136,4709,6284,7870,9516,11168,12717,1576,1573,1575,1586,1646,1652,1549
38404,"Lake, John W",non-elite,1444,2884,4331,5810,7342,9006,10763,12578,1440,1447,1479,1532,1664,1757,1815
38405,"Martin-Kelly, Dana",non-elite,1444,2922,4478,6174,7728,9351,11035,12690,1478,1556,1696,1554,1623,1684,1655
38406,"Pina, Tony",non-elite,1492,3012,4560,6138,7721,9360,11029,12670,1520,1548,1578,1583,1639,1669,1641
38407,"Conner, Yolanda C",non-elite,1563,3098,4616,6157,7695,9312,11008,12666,1535,1518,1541,1538,1617,1696,1658
38408,"Curto, Stefania",non-elite,1442,2898,4409,6007,7580,9245,10943,12655,1456,1511,1598,1573,1665,1698,1712
38409,"Hull, Jamie",non-elite,1346,2719,4041,5399,6938,8516,10248,12248,1373,1322,1358,1539,1578,1732,2000
38410,"Land, Julie K.",non-elite,1597,3116,4631,6165,7712,9327,11003,12644,1519,1515,1534,1547,1615,1676,1641
38411,"Arrowsmith, Jennifer",non-elite,1561,3115,4656,6182,7703,9296,10964,12656,1554,1541,1526,1521,1593,1668,1692
38412,"Vazzana, Tony",non-elite,1512,3016,4516,6091,7627,9221,10886,12634,1504,1500,1575,1536,1594,1665,1748
38413,"Wu, Di",non-elite,1335,2690,4176,5705,7352,9093,10939,12627,1355,1486,1529,1647,1741,1846,1688
38414,"Crittenden, Keith W",non-elite,1449,2934,4339,5791,7270,8841,10747,12549,1485,1405,1452,1479,1571,1906,1802
38415,"Crawford, Sarah L",non-elite,1463,2948,4471,6054,7627,9280,10984,12673,1485,1523,1583,1573,1653,1704,1689
38416,"Nixon, Sarah",non-elite,1640,3259,4876,6500,8066,9641,11213,12740,1619,1617,1624,1566,1575,1572,1527
38417,"Byers, Rebecca",non-elite,1529,3056,4613,6180,7715,9332,11047,12662,1527,1557,1567,1535,1617,1715,1615
38418,"Ater, Neal",non-elite,1556,3089,4596,6112,7622,9185,10808,12562,1533,1507,1516,1510,1563,1623,1754
38419,"Russell, Richard",non-elite,1288,2574,3870,5260,6856,8497,10430,12523,1286,1296,1390,1596,1641,1933,2093
38420,"Zermeno, Alejandra",non-elite,1428,2843,4249,5688,7169,8787,10729,12574,1415,1406,1439,1481,1618,1942,1845
38421,"An, Richard",non-elite,1557,3091,4618,6173,7724,9379,11040,12682,1534,1527,1555,1551,1655,1661,1642
38422,"James, Megan",non-elite,1478,2955,4444,5940,7446,8993,10593,12652,1477,1489,1496,1506,1547,1600,2059
38423,"Ruof, Caitlin A.",non-elite,1623,3251,4850,6450,8016,9603,11207,12748,1628,1599,1600,1566,1587,1604,1541
38424,"Sanders, Lee Anna M.",non-elite,1406,2807,4245,5819,7388,9033,10784,12566,1401,1438,1574,1569,1645,1751,1782
38425,"Lohr, Marty",non-elite,1417,2852,4291,5762,7262,8881,10639,12537,1435,1439,1471,1500,1619,1758,1898
38426,"Pickett, Paul M.",non-elite,1507,3027,4569,6164,7757,9419,11089,12704,1520,1542,1595,1593,1662,1670,1615
38427,"Hill, Victoria",non-elite,1600,3204,4810,6389,7982,9574,11162,12726,1604,1606,1579,1593,1592,1588,1564
38428,"Nordan, Nicolette",non-elite,1449,2925,4419,5958,7517,9186,10919,12622,1476,1494,1539,1559,1669,1733,1703
38429,"Huber, Casey",non-elite,1450,2888,4337,5833,7368,9283,11057,12691,1438,1449,1496,1535,1915,1774,1634
38430,"Berenger, Bonnie",non-elite,1609,3211,4782,6352,7905,9500,11081,12685,1602,1571,1570,1553,1595,1581,1604
38431,"Sanderson, Ashley R.",non-elite,1408,2822,4296,5835,7387,9069,10813,12556,1414,1474,1539,1552,1682,1744,1743
38432,"Schaffer, Daniel",non-elite,1385,2732,4162,5666,7215,8891,10728,12589,1347,1430,1504,1549,1676,1837,1861
38433,"Fyrwald, Jon E.",non-elite,1548,3069,4592,6132,7666,9247,10945,12650,1521,1523,1540,1534,1581,1698,1705
38434,"Regnier, Mary W.",non-elite,1549,3084,4632,6179,7724,9318,10988,12666,1535,1548,1547,1545,1594,1670,1678
38435,"O'Malley, Michael R",non-elite,1298,2626,3986,5396,6844,8430,10336,12639,1328,1360,1410,1448,1586,1906,2303
38436,"Kahn, Emily I",non-elite,1357,2794,4295,6113,7738,9380,11071,12715,1437,1501,1818,1625,1642,1691,1644
38437,"Richard, Brittany L",non-elite,1430,2872,4350,5907,7587,9160,10876,12660,1442,1478,1557,1680,1573,1716,1784
38438,"Herbolsheimer, John A",non-elite,1481,3023,4675,6245,7850,9501,11096,12694,1542,1652,1570,1605,1651,1595,1598
38439,"Lynch, Alethea",non-elite,1506,3036,4612,6174,7729,9346,11032,12666,1530,1576,1562,1555,1617,1686,1634
38440,"Ruthenbeck, Anne C",non-elite,1597,3163,4724,6274,7796,9398,11061,12702,1566,1561,1550,1522,1602,1663,1641
38441,"Yee, Pey Ling",non-elite,1523,3050,4573,6119,7683,9324,11000,12685,1527,1523,1546,1564,1641,1676,1685
38442,"Mazzitti-Stellini, Theresa M.",non-elite,1539,3017,4498,6017,7579,9237,10960,12655,1478,1481,1519,1562,1658,1723,1695
38443,"Garvey, Eileen M.",non-elite,1566,3120,4683,6264,7833,9433,11110,12726,1554,1563,1581,1569,1600,1677,1616
38444,"Post, Jill C",non-elite,1525,3021,4534,6078,7638,9292,11024,12679,1496,1513,1544,1560,1654,1732,1655
38445,"Hazlett, Lisa M",non-elite,1491,2976,4560,6096,7672,9289,10970,12653,1485,1584,1536,1576,1617,1681,1683
38446,"Hannapel, Nora C.",non-elite,1441,2849,4265,5785,7357,8979,10789,12680,1408,1416,1520,1572,1622,1810,1891
38447,"Finkle, Joshua B.",non-elite,1215,2435,3682,4934,6256,7820,9858,12480,1220,1247,1252,1322,1564,2038,2622
38448,"Coffey, Ruth",non-elite,1566,3108,4641,6176,7712,9298,10928,12609,1542,1533,1535,1536,1586,1630,1681
38449,"Pearsall, Jennifer L.",non-elite,1481,2971,4451,5943,7467,9118,10917,12681,1490,1480,1492,1524,1651,1799,1764
38450,"Dufour, Melanie",non-elite,1554,3092,4628,6189,7761,9378,11030,12675,1538,1536,1561,1572,1617,1652,1645
38451,"Nelsen, Brooke E",non-elite,1508,3019,4547,6120,7717,9379,11070,12711,1511,1528,1573,1597,1662,1691,1641
38452,"Brozowski, Derek T.",non-elite,1650,3207,4703,6170,7666,9264,10920,12633,1557,1496,1467,1496,1598,1656,1713
38453,"Baldwin, Jeana L.",non-elite,1497,3002,4530,6103,7686,9322,11028,12669,1505,1528,1573,1583,1636,1706,1641
38454,"Schwalbach, Caitlin B",non-elite,1444,2929,4471,6057,7682,9299,10970,12675,1485,1542,1586,1625,1617,1671,1705
38455,"Leong, Penny M",non-elite,1591,3184,4774,6367,7935,9552,11188,12726,1593,1590,1593,1568,1617,1636,1538
38456,"Bradley, Clive",non-elite,1552,3075,4640,6201,7762,9395,11058,12698,1523,1565,1561,1561,1633,1663,1640
38457,"Howard, Jill S.",non-elite,1485,2993,4516,6099,7685,9374,11080,12721,1508,1523,1583,1586,1689,1706,1641
38458,"Briggs, William J.",non-elite,1292,2587,3884,5244,6857,8612,10495,12452,1295,1297,1360,1613,1755,1883,1957
38459,"Mueller, Juergen",non-elite,1448,2918,4407,5962,7559,9229,10964,12650,1470,1489,1555,1597,1670,1735,1686
38460,"Fudge, Teresa",non-elite,1588,3165,4728,6315,7900,9517,11140,12707,1577,1563,1587,1585,1617,1623,1567
38461,"Mosaddeghi, Mahmood",non-elite,1497,3013,4540,6103,7655,9282,10959,12670,1516,1527,1563,1552,1627,1677,1711
38462,"Pedrotti, Kevin",non-elite,1315,2659,4053,5561,7124,8820,10625,12556,1344,1394,1508,1563,1696,1805,1931
38463,"Wadsworth, Patrick",non-elite,1343,2722,4172,5728,7287,8930,10714,12589,1379,1450,1556,1559,1643,1784,1875
38464,"Gelinas, Chiara L.",non-elite,1563,3138,4732,6347,7921,9511,11141,12725,1575,1594,1615,1574,1590,1630,1584
38465,"Prus, Paul J",non-elite,1490,2948,4416,5920,7462,9154,10899,12651,1458,1468,1504,1542,1692,1745,1752
38466,"Dixon, Karen L",non-elite,1600,3180,4742,6308,7878,9465,11090,12699,1580,1562,1566,1570,1587,1625,1609
38467,"Esposito, Alessandro",non-elite,1590,3114,4636,6215,7831,9449,11050,12644,1524,1522,1579,1616,1618,1601,1594
38468,"Faust, Leann",non-elite,1561,3088,4643,6227,7812,9428,11059,12695,1527,1555,1584,1585,1616,1631,1636
38469,"Blankenship, Mary Brittain",non-elite,1502,2998,4528,6074,7637,9276,10969,12671,1496,1530,1546,1563,1639,1693,1702
38470,"Simon, Brian D",non-elite,1363,2718,4090,5485,6917,8616,10567,12589,1355,1372,1395,1432,1699,1951,2022
38471,"Mata, Jaime",non-elite,1288,2600,3984,5541,7158,8904,10709,12592,1312,1384,1557,1617,1746,1805,1883
38472,"Looney, Meghan E.",non-elite,1365,2751,4182,5784,7375,9105,10895,12668,1386,1431,1602,1591,1730,1790,1773
38473,"Porter, John W.",non-elite,1470,2961,4477,5983,7485,9049,10757,12590,1491,1516,1506,1502,1564,1708,1833
38474,"Mailloux, Caroline",non-elite,1485,2984,4501,6048,7645,9385,11146,12710,1499,1517,1547,1597,1740,1761,1564
38475,"Pound, Christine C.",non-elite,1543,3030,4536,6095,7664,9281,10983,12669,1487,1506,1559,1569,1617,1702,1686
38476,"Egan, Emily K",non-elite,1434,2888,4380,5887,7419,9046,10825,12627,1454,1492,1507,1532,1627,1779,1802
38477,"Kehoe, Keather",non-elite,1514,3008,4524,6084,7656,9302,10999,12661,1494,1516,1560,1572,1646,1697,1662
38478,"Bullard, Kelly",non-elite,1581,3166,4766,6356,7944,9567,11161,12719,1585,1600,1590,1588,1623,1594,1558
38479,"Henn, Brian",non-elite,1606,3081,4609,6161,7709,9326,10999,12652,1475,1528,1552,1548,1617,1673,1653
38480,"Keller, Carrie",non-elite,1541,3034,4523,6056,7599,9213,10890,12607,1493,1489,1533,1543,1614,1677,1717
38481,"Gonzalez Nieto, Ma. Elena",non-elite,1446,2910,4401,5915,7456,9096,10826,12614,1464,1491,1514,1541,1640,1730,1788
38482,"Flemming, Todd",non-elite,1496,3027,4568,6162,7764,9411,11079,12699,1531,1541,1594,1602,1647,1668,1620
38483,"Pickering, Christina E",non-elite,1487,2966,4454,5959,7491,9130,10838,12628,1479,1488,1505,1532,1639,1708,1790
38484,"Shannon, Vicky S",non-elite,1509,3056,4659,6261,7850,9455,11104,12720,1547,1603,1602,1589,1605,1649,1616
38485,"Sakalauskas, Gintaras",non-elite,1671,3278,4802,6342,7892,9487,11114,12727,1607,1524,1540,1550,1595,1627,1613
38486,"Gosset, Raphael G.",non-elite,1331,2711,4186,5789,7437,9155,10924,12652,1380,1475,1603,1648,1718,1769,1728
38487,"Trott, Alicia C",non-elite,1508,3044,4638,6253,7848,9486,11135,12736,1536,1594,1615,1595,1638,1649,1601
38488,"Muething, Kelly A.",non-elite,1477,2972,4466,5997,7560,9208,10945,12702,1495,1494,1531,1563,1648,1737,1757
38489,"Nelson, Ashley",non-elite,1543,3081,4631,6205,7779,9401,11063,12695,1538,1550,1574,1574,1622,1662,1632
38490,"Esch, Daniel M",non-elite,1493,2999,4504,6034,7578,9205,10892,12617,1506,1505,1530,1544,1627,1687,1725
38491,"Hughes, Edward J III",non-elite,1511,3011,4549,6102,7675,9311,10968,12649,1500,1538,1553,1573,1636,1657,1681
38492,"Squarey, Kyna J.",non-elite,1463,2984,4613,6278,7858,9507,11126,12726,1521,1629,1665,1580,1649,1619,1600
38493,"Harbaugh, Jeffrey L.",non-elite,1480,2979,4469,6258,7838,9503,11187,12728,1499,1490,1789,1580,1665,1684,1541
38494,"Dumas, Tim",non-elite,1462,3052,4568,6118,7637,9170,10821,12597,1590,1516,1550,1519,1533,1651,1776
38495,"White, Monica R.",non-elite,1573,3148,4707,6260,7816,9424,11077,12675,1575,1559,1553,1556,1608,1653,1598
38496,"Weisbard, Emily R",non-elite,1480,2969,4469,5990,7505,9154,10872,12658,1489,1500,1521,1515,1649,1718,1786
38497,"Dutcher, Jennifer",non-elite,1490,2974,4452,5951,7480,9097,10799,12682,1484,1478,1499,1529,1617,1702,1883
38498,"Price, Chanelle H",non-elite,1537,3057,4586,6197,7795,9431,11118,12719,1520,1529,1611,1598,1636,1687,1601
38499,"Clark, Walker D.",non-elite,1480,2980,4486,6037,7618,9314,11045,12674,1500,1506,1551,1581,1696,1731,1629
38500,"Unger, Meredith",non-elite,1376,2753,4131,5691,7220,9060,10925,12646,1377,1378,1560,1529,1840,1865,1721
38501,"Mccouch, Hannah",non-elite,1548,3086,4630,6177,7716,9382,11089,12719,1538,1544,1547,1539,1666,1707,1630
38502,"Clark, Dana",non-elite,1480,2980,4486,6038,7618,9314,11045,12674,1500,1506,1552,1580,1696,1731,1629
38503,"Goughan, Meghan A.",non-elite,1593,3162,4738,6310,7877,9484,11102,12709,1569,1576,1572,1567,1607,1618,1607
38504,"Staples, Jamie",non-elite,1407,2791,4231,5741,7302,9048,10831,12637,1384,1440,1510,1561,1746,1783,1806
38505,"Scheibe, Mary",non-elite,1579,3170,4756,6374,7968,9607,11215,12752,1591,1586,1618,1594,1639,1608,1537
38506,"Lindahl, Kelly",non-elite,1565,3120,4669,6238,7803,9412,11059,12636,1555,1549,1569,1565,1609,1647,1577
38507,"O'Connell, Kay C.",non-elite,1566,3106,4655,6220,7773,9404,11071,12683,1540,1549,1565,1553,1631,1667,1612
38508,"Arias Resco, Jorge Sr.",non-elite,1358,2726,4119,5573,7105,8799,10666,12562,1368,1393,1454,1532,1694,1867,1896
38509,"Portella De Almeida, Fernanda",non-elite,1614,3184,4717,6291,7859,9476,11084,12697,1570,1533,1574,1568,1617,1608,1613
38510,"Watson, Julie",non-elite,1479,2971,4478,6040,7624,9267,10993,12691,1492,1507,1562,1584,1643,1726,1698
38511,"Jansen, Meaghan",non-elite,1500,3009,4531,6140,7745,9422,11108,12718,1509,1522,1609,1605,1677,1686,1610
38512,"Ratliff, Liz",non-elite,1548,3039,4533,6073,7642,9277,10971,12670,1491,1494,1540,1569,1635,1694,1699
38513,"Keller, Danielle",non-elite,1395,2814,4248,5767,7289,8999,10821,12567,1419,1434,1519,1522,1710,1822,1746
38514,"Hernandez, Eileen S",non-elite,1524,3084,4608,6153,7714,9351,11046,12701,1560,1524,1545,1561,1637,1695,1655
38515,"Moore, Dianne",non-elite,1503,2993,4505,6060,7614,9265,10967,12665,1490,1512,1555,1554,1651,1702,1698
38516,"Mimoza, Rushiti",non-elite,1413,2873,4380,5925,7502,9191,10934,12660,1460,1507,1545,1577,1689,1743,1726
38517,"Loda, Gianfranco",non-elite,1433,2895,4412,5959,7510,9136,10816,12564,1462,1517,1547,1551,1626,1680,1748
38518,"Su, Sandy",non-elite,1520,3013,4549,6099,7660,9303,11000,12675,1493,1536,1550,1561,1643,1697,1675
38519,"Buckley, Kelly A.",non-elite,1572,3148,4713,6286,7855,9478,11097,12713,1576,1565,1573,1569,1623,1619,1616
38520,"Schmitt, Jennifer",non-elite,1560,3090,4604,6125,7699,9329,11005,12683,1530,1514,1521,1574,1630,1676,1678
38521,"Daniher, Dave",non-elite,1566,3113,4678,6248,7820,9439,11069,12689,1547,1565,1570,1572,1619,1630,1620
38522,"Walsh, Sheryl L",non-elite,1572,3131,4691,6286,7862,9472,11118,12697,1559,1560,1595,1576,1610,1646,1579
38523,"Wall, Susan A",non-elite,1549,3150,4801,6393,7965,9612,11237,12741,1601,1651,1592,1572,1647,1625,1504
38524,"Fitzgerald, Erin K",non-elite,1396,2842,4325,5845,7457,9154,10878,12690,1446,1483,1520,1612,1697,1724,1812
38525,"Lees, Dan M",non-elite,1289,2580,3917,5344,6810,8424,10490,12332,1291,1337,1427,1466,1614,2066,1842
38526,"Woodworth, Bradley D.",non-elite,1504,2929,4331,5739,7212,8765,10711,12605,1425,1402,1408,1473,1553,1946,1894
38527,"Eide, Angela",non-elite,1438,2960,4491,6056,7628,9290,11017,12697,1522,1531,1565,1572,1662,1727,1680
38528,"Womelsduff, Gary",non-elite,1460,2982,4539,6143,7740,9402,11079,12701,1522,1557,1604,1597,1662,1677,1622
38529,"Buntenbach, Kate",non-elite,1421,2867,4381,5918,7503,9097,10837,12692,1446,1514,1537,1585,1594,1740,1855
38530,"Richardson, Brent",non-elite,1432,2866,4349,5825,7300,8951,10729,12573,1434,1483,1476,1475,1651,1778,1844
38531,"Rogers, Julie D.",non-elite,1438,2877,4378,6130,7726,9394,11071,12716,1439,1501,1752,1596,1668,1677,1645
38532,"Schnaitmann, Ingo O",non-elite,1441,2906,4424,5966,7569,9246,10995,12679,1465,1518,1542,1603,1677,1749,1684
38533,"Taylor, John III",non-elite,1459,2924,4438,5947,7451,9064,10798,12602,1465,1514,1509,1504,1613,1734,1804
38534,"Vega, Liz",non-elite,1541,3207,4916,6519,8044,9679,11275,12774,1666,1709,1603,1525,1635,1596,1499
38535,"Floyd, Susan B.",non-elite,1537,3085,4620,6178,7749,9368,11026,12682,1548,1535,1558,1571,1619,1658,1656
38536,"Johnson, Christa",non-elite,1588,3200,4802,6392,7991,9632,11247,12767,1612,1602,1590,1599,1641,1615,1520
38537,"Holbrook, Gregg",non-elite,1426,2857,4325,5862,7398,9159,10955,12647,1431,1468,1537,1536,1761,1796,1692
38538,"Fewer, Tina",non-elite,1563,3150,4724,6322,7913,9511,11114,12711,1587,1574,1598,1591,1598,1603,1597
38539,"Jimenez, Miguel",non-elite,1309,2609,3934,5331,6813,8409,10210,12243,1300,1325,1397,1482,1596,1801,2033
38540,"Carney, Dave",non-elite,1482,2967,4570,6280,7887,9470,11137,12741,1485,1603,1710,1607,1583,1667,1604
38541,"Picard, Michel",non-elite,1464,2972,4496,6060,7648,9302,10996,12690,1508,1524,1564,1588,1654,1694,1694
38542,"Sirimoglu, Kent",non-elite,1720,3351,4900,6428,7948,9546,11165,12727,1631,1549,1528,1520,1598,1619,1562
38543,"Viafara, Francisco",non-elite,1479,2984,4480,6000,7570,9191,10826,12675,1505,1496,1520,1570,1621,1635,1849
38544,"Kammerdiner, Alla",non-elite,1464,2905,4380,5931,7493,9171,10979,12679,1441,1475,1551,1562,1678,1808,1700
38545,"Michalowski, Laura",non-elite,1475,2969,4460,5977,7494,9074,10817,12661,1494,1491,1517,1517,1580,1743,1844
38546,"Klein, Anne E",non-elite,1498,2997,4506,6041,7579,9212,10947,12639,1499,1509,1535,1538,1633,1735,1692
38547,"Sherman, Eden S.",non-elite,1487,3007,4534,6103,7686,9353,11036,12728,1520,1527,1569,1583,1667,1683,1692
38548,"Gibson, Nancie",non-elite,1581,3158,4738,6319,7877,9510,11187,12742,1577,1580,1581,1558,1633,1677,1555
38549,"Mattis, Kathryn",non-elite,1580,3158,4738,6319,7876,9511,11187,12742,1578,1580,1581,1557,1635,1676,1555
38550,"Fisher, Wendy A",non-elite,1500,3030,4601,6228,7809,9385,11054,12732,1530,1571,1627,1581,1576,1669,1678
38551,"Rioux, Serge Sr.",non-elite,1472,2984,4544,6131,7692,9319,11017,12675,1512,1560,1587,1561,1627,1698,1658
38552,"Paggioli, John E",non-elite,1487,2932,4375,5922,7498,9173,11013,12714,1445,1443,1547,1576,1675,1840,1701
38553,"Handyside, Leslie",non-elite,1548,3122,4713,6313,7904,9521,11148,12756,1574,1591,1600,1591,1617,1627,1608
38554,"Rogalia, Kelly L",non-elite,1426,2833,4253,5723,7240,8861,10651,12582,1407,1420,1470,1517,1621,1790,1931
38555,"Aquino, Celeste A",non-elite,1505,2980,4506,6073,7652,9313,11011,12661,1475,1526,1567,1579,1661,1698,1650
38556,"Portiansky, Masha",non-elite,1407,2850,4327,5863,7387,8970,10798,12662,1443,1477,1536,1524,1583,1828,1864
38557,"Flaherty, Joseph E.",non-elite,1381,2746,4130,5620,7286,9036,10889,12718,1365,1384,1490,1666,1750,1853,1829
38558,"Zeh, Carl",non-elite,1251,2535,3873,5377,6985,8935,10726,12566,1284,1338,1504,1608,1950,1791,1840
38559,"Volberding, Wes",non-elite,1409,2883,4354,5853,7363,8972,10771,12601,1474,1471,1499,1510,1609,1799,1830
38560,"Lavoie, Vincent",non-elite,1474,2944,4445,5972,7601,9305,11077,12681,1470,1501,1527,1629,1704,1772,1604
38561,"Markowitz, Jennifer",non-elite,1420,2869,4412,6047,7644,9291,10997,12708,1449,1543,1635,1597,1647,1706,1711
38562,"Schantz-Hagelberg, Enid",non-elite,1459,2926,4409,5922,7557,9234,10973,12671,1467,1483,1513,1635,1677,1739,1698
38563,"Rose, Kevin R",non-elite,1422,2853,4295,5753,7225,8749,10596,12469,1431,1442,1458,1472,1524,1847,1873
38564,"Armstrong, John",non-elite,1432,2891,4365,5869,7491,9239,11012,12704,1459,1474,1504,1622,1748,1773,1692
38565,"Horne, Eric M",non-elite,1406,2832,4224,5698,7310,9066,10934,12654,1426,1392,1474,1612,1756,1868,1720
38566,"Dicello, Cindy L",non-elite,1577,3152,4706,6278,7850,9490,11129,12718,1575,1554,1572,1572,1640,1639,1589
38567,"Sweeney, Michael",non-elite,1460,2941,4439,5951,7442,9082,10852,12637,1481,1498,1512,1491,1640,1770,1785
38568,"Harbold, Katie",non-elite,1629,3257,4844,6424,7985,9577,11199,12738,1628,1587,1580,1561,1592,1622,1539
38569,"Priest, Jen L",non-elite,1464,2925,4435,5974,7605,9326,11064,12711,1461,1510,1539,1631,1721,1738,1647
38570,"Perales, Veronica I.",non-elite,1583,3089,4603,6135,7692,9336,11025,12677,1506,1514,1532,1557,1644,1689,1652
38571,"Carlton, Kendra E",non-elite,1601,3257,4834,6388,7935,9530,11192,12739,1656,1577,1554,1547,1595,1662,1547
38572,"Villa, Giacomo",non-elite,1712,3247,4702,6190,7664,9209,10938,12614,1535,1455,1488,1474,1545,1729,1676
38573,"Martin, Sarah",non-elite,1346,2783,4317,6009,7651,9343,11050,12735,1437,1534,1692,1642,1692,1707,1685
38574,"O'Gorman, Ivan M.",non-elite,1532,3050,4585,6150,7835,9444,11072,12683,1518,1535,1565,1685,1609,1628,1611
38575,"Spain, Colleen F.",non-elite,1535,3052,4582,6176,7754,9393,11087,12709,1517,1530,1594,1578,1639,1694,1622
38576,"Copley, Anne-Marie A.",non-elite,1532,3051,4585,6150,7837,9444,11074,12684,1519,1534,1565,1687,1607,1630,1610
38577,"Mckinney, Bridget M",non-elite,1336,2719,4162,5759,7337,9065,10974,12664,1383,1443,1597,1578,1728,1909,1690
38578,"O'Hara, Graham H.",non-elite,1414,2848,4308,5859,7431,9126,10901,12675,1434,1460,1551,1572,1695,1775,1774
38579,"Scott, Brian E",non-elite,1502,3009,4494,5998,7524,9353,11072,12693,1507,1485,1504,1526,1829,1719,1621
38580,"Bucci, Gaetan",non-elite,1457,2944,4424,5912,7387,8937,10625,12622,1487,1480,1488,1475,1550,1688,1997
38581,"De Ruiter, Florentien",non-elite,1582,3127,4667,6231,7790,9429,11092,12721,1545,1540,1564,1559,1639,1663,1629
38582,"Brandon-Doerge, Melissa",non-elite,1514,3041,4579,6166,7749,9409,11111,12743,1527,1538,1587,1583,1660,1702,1632
38583,"Lafreniere, Audree",non-elite,1380,2799,4287,5861,7445,9135,10878,12630,1419,1488,1574,1584,1690,1743,1752
38584,"Cardona-Suarez, Ruth",non-elite,1480,2947,4444,5973,7527,9156,10876,12646,1467,1497,1529,1554,1629,1720,1770
38585,"Baer, Kimberly",non-elite,1562,3184,4799,6439,8059,9719,11321,12789,1622,1615,1640,1620,1660,1602,1468
38586,"Kaul, Joel",non-elite,1317,2767,4308,5928,7567,9324,11042,12682,1450,1541,1620,1639,1757,1718,1640
38587,"Plouffe, Normand",non-elite,1416,2865,4360,5915,7506,9220,11035,12725,1449,1495,1555,1591,1714,1815,1690
38588,"Shimobayashi, Hisashi",non-elite,1561,3062,4532,6034,7560,9188,10897,12638,1501,1470,1502,1526,1628,1709,1741
38589,"Spillner, Joerg",non-elite,1381,2790,4255,5761,7341,9031,10849,12656,1409,1465,1506,1580,1690,1818,1807
38590,"Hermannsen, Bent",non-elite,1587,3189,4779,6381,7969,9612,11227,12748,1602,1590,1602,1588,1643,1615,1521
38591,"Walker, Jason",non-elite,1442,2875,4336,5888,7459,9151,10874,12650,1433,1461,1552,1571,1692,1723,1776
38592,"Bohensky, Holly",non-elite,1453,2916,4392,5902,7431,9143,10960,12654,1463,1476,1510,1529,1712,1817,1694
38593,"Beach, Kalsey C",non-elite,1388,2774,4218,5907,7586,9301,11059,12746,1386,1444,1689,1679,1715,1758,1687
38594,"Rojas, Pedro",non-elite,1462,2936,4415,5915,7473,9054,10803,12623,1474,1479,1500,1558,1581,1749,1820
38595,"Poston, Don",non-elite,1407,2786,4153,5617,7198,8831,10872,12687,1379,1367,1464,1581,1633,2041,1815
38596,"Walsh-Cooke, Mark S.",non-elite,1447,2709,4050,5862,7328,8924,10600,12652,1262,1341,1812,1466,1596,1676,2052
38597,"Corcoran, Terry",non-elite,1429,2849,4263,5716,7204,8866,10771,12632,1420,1414,1453,1488,1662,1905,1861
38598,"Bishop, Emma J",non-elite,1518,3002,4486,6007,7513,9244,11012,12683,1484,1484,1521,1506,1731,1768,1671
38599,"Chamorin, Gerard",non-elite,1502,3004,4509,6054,7624,9268,10960,12668,1502,1505,1545,1570,1644,1692,1708
38600,"Lam, Mi T.",non-elite,1468,2969,4463,5995,7537,9170,10863,12627,1501,1494,1532,1542,1633,1693,1764
38601,"Vigna, Carina",non-elite,1430,2875,4369,5955,7540,9207,10976,12700,1445,1494,1586,1585,1667,1769,1724
38602,"Kingsbury, Gwendolyn R.",non-elite,1597,3198,4783,6392,7985,9617,11225,12777,1601,1585,1609,1593,1632,1608,1552
38603,"Byram, Art",non-elite,1455,2951,4455,6028,7643,9309,11033,12687,1496,1504,1573,1615,1666,1724,1654
38604,"Haines, Susanna R",non-elite,1534,3035,4551,6102,7672,9298,10964,12702,1501,1516,1551,1570,1626,1666,1738
38605,"Polle, Eric",non-elite,1598,3199,4784,6393,7986,9617,11226,12777,1601,1585,1609,1593,1631,1609,1551
38606,"Walton, Elisha A.",non-elite,1315,2648,4015,5436,6890,8419,10343,12699,1333,1367,1421,1454,1529,1924,2356
38607,"Mucci, Jennifer A",non-elite,1573,3146,4666,6202,7753,9341,11026,12708,1573,1520,1536,1551,1588,1685,1682
38608,"Reinhart, Elizabeth",non-elite,1479,2945,4422,5921,7422,8976,10626,12582,1466,1477,1499,1501,1554,1650,1956
38609,"Smithson, John L. III",non-elite,1509,2979,4456,5959,7497,9133,10907,12650,1470,1477,1503,1538,1636,1774,1743
38610,"Green, David L.",non-elite,1482,2959,4430,5938,7467,9053,10699,12592,1477,1471,1508,1529,1586,1646,1893
38611,"Hibbard, Timothy",non-elite,1280,2544,3858,5287,6682,8495,10514,12657,1264,1314,1429,1395,1813,2019,2143
38612,"Moon, Thuy",non-elite,1520,3047,4584,6135,7682,9311,11028,12698,1527,1537,1551,1547,1629,1717,1670
38613,"Eagan, Ted",non-elite,1569,3038,4497,5970,7459,9089,10846,12679,1469,1459,1473,1489,1630,1757,1833
38614,"Shannon, Laura N",non-elite,1546,3117,4708,6324,7919,9557,11163,12736,1571,1591,1616,1595,1638,1606,1573
38615,"Rochette, Susie",non-elite,1552,3102,4648,6230,7829,9450,11067,12712,1550,1546,1582,1599,1621,1617,1645
38616,"Temins, Brian J",non-elite,1343,2697,4152,5666,7194,8828,10519,12521,1354,1455,1514,1528,1634,1691,2002
38617,"Neitzell, Kiesha",non-elite,1540,3033,4524,6061,7617,9258,10994,12698,1493,1491,1537,1556,1641,1736,1704
38618,"Huang, Carolyn",non-elite,1531,3123,4678,6260,7832,9437,11088,12726,1592,1555,1582,1572,1605,1651,1638
38619,"Nhan, Hayley",non-elite,1548,3101,4677,6224,7827,9423,11046,12747,1553,1576,1547,1603,1596,1623,1701
38620,"Letarte, Lucie",non-elite,1550,3089,4645,6216,7785,9439,11129,12735,1539,1556,1571,1569,1654,1690,1606
38621,"Matthews, Elizabeth W",non-elite,1435,2885,4341,5838,7348,9027,10825,12653,1450,1456,1497,1510,1679,1798,1828
38622,"Michalzik, Steve",non-elite,1393,2757,4134,5577,7209,9015,10834,12650,1364,1377,1443,1632,1806,1819,1816
38623,"Mellitt, Kristen",non-elite,1622,3270,4873,6472,8064,9664,11237,12767,1648,1603,1599,1592,1600,1573,1530
38624,"Pohl, Heiko",non-elite,1247,2551,3910,5314,6777,8374,10332,12544,1304,1359,1404,1463,1597,1958,2212
38625,"Rowland, Dean",non-elite,1347,2744,4256,5827,7400,9074,10885,12668,1397,1512,1571,1573,1674,1811,1783
38626,"Minieri, Paul J",non-elite,1505,3005,4506,6016,7539,9106,10759,12581,1500,1501,1510,1523,1567,1653,1822
38627,"Li, Jim",non-elite,1584,3155,4714,6282,7817,9449,11081,12759,1571,1559,1568,1535,1632,1632,1678
38628,"Biggs, Amy",non-elite,1515,3030,4527,6027,7545,9097,10782,12722,1515,1497,1500,1518,1552,1685,1940
38629,"Spencer, Debbie M",non-elite,1530,3089,4637,6189,7752,9398,11088,12701,1559,1548,1552,1563,1646,1690,1613
38630,"Cruser, J Robb",non-elite,1411,2846,4372,5895,7432,9079,10894,12634,1435,1526,1523,1537,1647,1815,1740
38631,"Weibeler, Mickey",non-elite,1376,2782,4214,5716,7349,9046,10853,12649,1406,1432,1502,1633,1697,1807,1796
38632,"Adlesic Barba, Natasa",non-elite,1450,2905,4377,5970,7545,9319,11075,12719,1455,1472,1593,1575,1774,1756,1644
38633,"Lindberg, Bob C",non-elite,1501,3010,4571,6139,7698,9354,11040,12702,1509,1561,1568,1559,1656,1686,1662
38634,"Caverzan, Massimo",non-elite,1376,2781,4189,5631,7100,8751,10655,12640,1405,1408,1442,1469,1651,1904,1985
38635,"Falvey, Lindsey",non-elite,1499,3012,4554,6144,7763,9423,11098,12759,1513,1542,1590,1619,1660,1675,1661
38636,"Diemoz, Lisa",non-elite,1446,2954,4519,6137,7752,9405,11094,12730,1508,1565,1618,1615,1653,1689,1636
38637,"Sollish, Elizabeth",non-elite,1478,2972,4471,6040,7618,9259,10963,12674,1494,1499,1569,1578,1641,1704,1711
38638,"Norton, Andrew",non-elite,1517,3066,4607,6152,7711,9359,11028,12717,1549,1541,1545,1559,1648,1669,1689
38639,"Lieberman, Seth W.",non-elite,1422,2884,4403,5944,7480,9146,10876,12627,1462,1519,1541,1536,1666,1730,1751
38640,"Flaherty, Christopher J.",non-elite,1475,2961,4499,6069,7659,9321,11066,12709,1486,1538,1570,1590,1662,1745,1643
38641,"Jackson, Amanda L",non-elite,1398,2830,4360,5956,7610,9314,11068,12759,1432,1530,1596,1654,1704,1754,1691
38642,"Stern, Geoffrey M",non-elite,1410,2806,4220,5705,7278,9025,10861,12640,1396,1414,1485,1573,1747,1836,1779
38643,"Eldredge, Nicole",non-elite,1427,2879,4375,5974,7548,9211,10991,12699,1452,1496,1599,1574,1663,1780,1708
38644,"St Clare, Robin G",non-elite,1510,3002,4529,6133,7715,9384,11116,12724,1492,1527,1604,1582,1669,1732,1608
38645,"Peters, Christina K.",non-elite,1499,3013,4577,6078,7746,9336,11078,12721,1514,1564,1501,1668,1590,1742,1643
38646,"Barbee, Mark D",non-elite,1472,2966,4458,5974,7490,9080,10806,12596,1494,1492,1516,1516,1590,1726,1790
38647,"Seppala, Jana F",non-elite,1468,2947,4440,5950,7473,9170,11083,12693,1479,1493,1510,1523,1697,1913,1610
38648,"Maminski, Boguslaw",non-elite,1438,2880,4327,5816,7350,8983,10929,12691,1442,1447,1489,1534,1633,1946,1762
38649,"Lukkasson, Brian",non-elite,1431,2855,4273,5716,7191,8746,10404,12446,1424,1418,1443,1475,1555,1658,2042
38650,"Hargesheimer, Julia C",non-elite,1496,3004,4513,6044,7673,9381,11095,12732,1508,1509,1531,1629,1708,1714,1637
38651,"Llana, Carmen",non-elite,1578,3165,4750,6358,7934,9540,11170,12771,1587,1585,1608,1576,1606,1630,1601
38652,"Scott, Andrew B",non-elite,1477,2942,4407,5888,7363,8918,10643,12547,1465,1465,1481,1475,1555,1725,1904
38653,"O'Meara, Sarah",non-elite,1413,2880,4451,6078,7695,9364,11057,12714,1467,1571,1627,1617,1669,1693,1657
38654,"Ginsberg, Cynthia",non-elite,1461,2976,4549,6192,7798,9412,11118,12737,1515,1573,1643,1606,1614,1706,1619
38655,"Matthews, Sheri M.",non-elite,1444,2873,4325,5843,7399,9068,10852,12615,1429,1452,1518,1556,1669,1784,1763
38656,"Evans, Connie R",non-elite,1602,3183,4792,6379,7932,9537,11193,12753,1581,1609,1587,1553,1605,1656,1560
38657,"Northup, Jessica",non-elite,1554,3077,4571,6088,7615,9214,10937,12700,1523,1494,1517,1527,1599,1723,1763
38658,"Stepnowski, Roxanne R.",non-elite,1375,2760,4209,5683,7240,8983,10788,12690,1385,1449,1474,1557,1743,1805,1902
38659,"Kavouras, Theresa L",non-elite,1557,3120,4757,6349,7914,9553,11190,12754,1563,1637,1592,1565,1639,1637,1564
38660,"Moder, Brett A",non-elite,1334,2652,4632,6140,7627,9158,11256,12808,1318,1980,1508,1487,1531,2098,1552
38661,"Walltin, Joachim",non-elite,1285,2547,3814,5103,6446,7928,9635,12723,1262,1267,1289,1343,1482,1707,3088
38662,"Norbutas, Cathy",non-elite,1410,2877,4395,5985,7622,9316,11006,12707,1467,1518,1590,1637,1694,1690,1701
38663,"Capling, Denny L",non-elite,1542,3087,4636,6201,7772,9390,11077,12697,1545,1549,1565,1571,1618,1687,1620
38664,"Feindt, Paul N",non-elite,1397,2911,4398,5935,7514,9170,10948,12660,1514,1487,1537,1579,1656,1778,1712
38665,"Hansen, Courtney",non-elite,1453,2940,4481,6031,7671,9392,11116,12756,1487,1541,1550,1640,1721,1724,1640
38666,"Ayers, Ronald J.",non-elite,1626,3176,4690,6238,7788,9392,11057,12741,1550,1514,1548,1550,1604,1665,1684
38667,"Maranto, Anthony R.",non-elite,1373,2813,4331,5921,7561,9287,10989,12702,1440,1518,1590,1640,1726,1702,1713
38668,"Salter, Lori L",non-elite,1519,3101,4679,6292,7890,9520,11179,12751,1582,1578,1613,1598,1630,1659,1572
38669,"Ashcom, Susan R",non-elite,1473,2964,4480,6076,7634,9269,10974,12731,1491,1516,1596,1558,1635,1705,1757
38670,"Busser Kvassay, Katy S",non-elite,1425,2873,4353,5926,7509,9160,10918,12692,1448,1480,1573,1583,1651,1758,1774
38671,"Diaz, Ernesto",non-elite,1327,2667,4022,5425,6938,8616,10445,12553,1340,1355,1403,1513,1678,1829,2108
38672,"Reynolds, Kennedy",non-elite,1630,3197,4729,6279,7831,9497,11128,12751,1567,1532,1550,1552,1666,1631,1623
38673,"Craft, Tim M",non-elite,1382,2779,4207,5737,7332,9034,10904,12731,1397,1428,1530,1595,1702,1870,1827
38674,"Morris, Anna L",non-elite,1484,2953,4466,6025,7572,9208,10998,12687,1469,1513,1559,1547,1636,1790,1689
38675,"Mick, John",non-elite,1427,2928,4439,6032,7605,9278,11006,12705,1501,1511,1593,1573,1673,1728,1699
38676,"Morgenstern, Carolyn D.",non-elite,1553,3019,4555,6112,7659,9311,11027,12669,1466,1536,1557,1547,1652,1716,1642
38677,"Curiel, Tyler",non-elite,1622,3150,4695,6277,7847,9471,11136,12736,1528,1545,1582,1570,1624,1665,1600
38678,"Nurse, Elizabeth R",non-elite,1448,2922,4419,5987,7589,9285,10991,12702,1474,1497,1568,1602,1696,1706,1711
38679,"Kay, Sarah",non-elite,1477,2965,4452,5949,7450,9045,10736,12713,1488,1487,1497,1501,1595,1691,1977
38680,"Schmidt, Mark D.",non-elite,1430,2863,4302,5778,7298,8879,10693,12645,1433,1439,1476,1520,1581,1814,1952
38681,"Lindsay, Cheryl",non-elite,1542,3098,4662,6242,7789,9403,11022,12701,1556,1564,1580,1547,1614,1619,1679
38682,"Jackson, Jennifer D.",non-elite,1407,2840,4311,5831,7416,9118,10956,12748,1433,1471,1520,1585,1702,1838,1792
38683,"Blue-Cashman, Amy C",non-elite,1439,2939,4473,6030,7626,9280,10962,12756,1500,1534,1557,1596,1654,1682,1794
38684,"Schwarz, Lisa M.",non-elite,1383,2791,4241,5805,7395,9091,10869,12691,1408,1450,1564,1590,1696,1778,1822
38685,"Hagensick, Craig C",non-elite,1356,2718,4107,5517,6947,8485,10149,12642,1362,1389,1410,1430,1538,1664,2493
38686,"Grimm, Brian G",non-elite,1468,2959,4482,6047,7665,9311,11016,12699,1491,1523,1565,1618,1646,1705,1683
38687,"Meneses, Edmundo",non-elite,1394,2798,4237,5721,7326,9005,10848,12754,1404,1439,1484,1605,1679,1843,1906
38688,"Good Eagle, Rilee",non-elite,1219,2456,3876,5539,7166,9082,10982,12711,1237,1420,1663,1627,1916,1900,1729
38689,"Burkart, Scott J.",non-elite,1467,2854,4277,5819,7464,9228,10997,12709,1387,1423,1542,1645,1764,1769,1712
38690,"Mann, Kelly P.",non-elite,1553,3126,4684,6241,7806,9400,11031,12706,1573,1558,1557,1565,1594,1631,1675
38691,"Van Gemmeren, Peter",non-elite,1532,3031,4546,6048,7559,9134,10790,12612,1499,1515,1502,1511,1575,1656,1822
38692,"Bonito, Marissa J.",non-elite,1500,3003,4532,6088,7670,9342,11013,12711,1503,1529,1556,1582,1672,1671,1698
38693,"Lechuga Corvacho, Jose",non-elite,1520,2996,4497,6018,7553,9182,10896,12687,1476,1501,1521,1535,1629,1714,1791
38694,"Estrada, Saribel",non-elite,1533,3066,4616,6185,7777,9410,11074,12702,1533,1550,1569,1592,1633,1664,1628
38695,"Logan, Evan L",non-elite,1558,3125,4688,6253,7856,9463,11098,12747,1567,1563,1565,1603,1607,1635,1649
38696,"Cheuvront, Amanda S",non-elite,1523,3030,4538,6085,7653,9305,11022,12700,1507,1508,1547,1568,1652,1717,1678
38697,"Hatch, Jill",non-elite,1524,3058,4586,6122,7680,9320,11101,12745,1534,1528,1536,1558,1640,1781,1644
38698,"Boylan, Scott",non-elite,1488,2976,4453,5977,7534,9178,10886,12650,1488,1477,1524,1557,1644,1708,1764
38699,"Matlock, Jeff E",non-elite,1437,2878,4322,5801,7302,8879,10892,12708,1441,1444,1479,1501,1577,2013,1816
38700,"Nelson, Eric",non-elite,1522,3051,4590,6154,7719,9352,11005,12673,1529,1539,1564,1565,1633,1653,1668
38701,"Lehman, Mollie A.",non-elite,1643,3231,4782,6363,7903,9477,11090,12679,1588,1551,1581,1540,1574,1613,1589
38702,"Chang, Pearline",non-elite,1482,3014,4565,6143,7755,9416,11078,12694,1532,1551,1578,1612,1661,1662,1616
38703,"Deery, Julie",non-elite,1483,2958,4429,5909,7459,9096,10854,12643,1475,1471,1480,1550,1637,1758,1789
38704,"Hill, Deidre S.",non-elite,1562,3135,4691,6267,7831,9464,11159,12755,1573,1556,1576,1564,1633,1695,1596
38705,"Bresler, Tiffany L",non-elite,1562,3092,4613,6170,7716,9340,11049,12685,1530,1521,1557,1546,1624,1709,1636
38706,"Labrocca, Jennifer",non-elite,1511,3010,4541,6096,7648,9258,11015,12712,1499,1531,1555,1552,1610,1757,1697
38707,"Copping, Bradley J.",non-elite,1379,2756,4197,5690,7211,8832,10586,12642,1377,1441,1493,1521,1621,1754,2056
38708,"Karvonen, Daniel H.",non-elite,1456,2918,4388,5910,7448,9098,10880,12669,1462,1470,1522,1538,1650,1782,1789
38709,"Burnham, Jack",non-elite,1591,3090,4608,6131,7680,9347,11092,12730,1499,1518,1523,1549,1667,1745,1638
38710,"Wien, Mike S",non-elite,1489,2977,4455,5979,7535,9180,10886,12651,1488,1478,1524,1556,1645,1706,1765
38711,"Smith, Michele",non-elite,1508,3078,4652,6169,7731,9376,11058,12714,1570,1574,1517,1562,1645,1682,1656
38712,"Nailos, Kristin C",non-elite,1519,3053,4600,6174,7734,9366,11062,12705,1534,1547,1574,1560,1632,1696,1643
38713,"Painchaud, Guy",non-elite,1475,2942,4403,5875,7342,8909,10578,12567,1467,1461,1472,1467,1567,1669,1989
38714,"Miller, Heather A.",non-elite,1560,3064,4574,6104,7655,9309,10993,12679,1504,1510,1530,1551,1654,1684,1686
38715,"Byrne, Michael F.",non-elite,1442,2792,4267,5789,7370,9009,10767,12689,1350,1475,1522,1581,1639,1758,1922
38716,"Johnson, Kyson M.",non-elite,1426,2853,4343,5943,7561,9290,10960,12666,1427,1490,1600,1618,1729,1670,1706
38717,"Roark, Daniel J.",non-elite,1291,2583,3882,5209,6583,8084,9844,12295,1292,1299,1327,1374,1501,1760,2451
38718,"Metcalf, Lindsay W",non-elite,1456,2958,4464,5988,7518,9136,10829,12610,1502,1506,1524,1530,1618,1693,1781
38719,"Blanco, Lisa",non-elite,1519,3012,4554,6103,7668,9301,10984,12694,1493,1542,1549,1565,1633,1683,1710
38720,"Erickson, Lisa E",non-elite,1602,3164,4755,6362,7936,9553,11177,12744,1562,1591,1607,1574,1617,1624,1567
38721,"Gradinarova, Aleksandra",non-elite,1549,3076,4598,6158,7730,9375,11092,12707,1527,1522,1560,1572,1645,1717,1615
38722,"Huml, Marianne",non-elite,1499,3022,4559,6129,7803,9510,11187,12769,1523,1537,1570,1674,1707,1677,1582
38723,"Davis, Shannon",non-elite,1458,2923,4369,5855,7406,9211,11074,12798,1465,1446,1486,1551,1805,1863,1724
38724,"Travise, Ralph E",non-elite,1442,2924,4443,6024,7652,9339,11043,12713,1482,1519,1581,1628,1687,1704,1670
38725,"Huang, Mark",non-elite,1382,2777,4194,5674,7191,8812,10586,12606,1395,1417,1480,1517,1621,1774,2020
38726,"Davis, Tod",non-elite,1458,2924,4369,5856,7406,9211,11075,12799,1466,1445,1487,1550,1805,1864,1724
38727,"Zhao, Sha",non-elite,1652,3289,4902,6507,8107,9729,11334,12820,1637,1613,1605,1600,1622,1605,1486
38728,"Swere, Patrick",non-elite,1462,2932,4418,6030,7543,9132,10764,12589,1470,1486,1612,1513,1589,1632,1825
38729,"Rogers, Nicole",non-elite,1533,3063,4574,6106,7651,9282,10986,12708,1530,1511,1532,1545,1631,1704,1722
38730,"Druke, Nancy",non-elite,1475,3001,4565,6164,7784,9446,11138,12764,1526,1564,1599,1620,1662,1692,1626
38731,"Herndon, Laine",non-elite,1427,2829,4241,5796,7500,9292,11023,12740,1402,1412,1555,1704,1792,1731,1717
38732,"Fleming, Thomas",non-elite,1510,2999,4496,6009,7554,9191,10962,12723,1489,1497,1513,1545,1637,1771,1761
38733,"Hare, Rebecca",non-elite,1384,2801,4331,5978,7588,9283,11104,12745,1417,1530,1647,1610,1695,1821,1641
38734,"Hongtao, Zhang",non-elite,1298,2602,3918,5306,6759,8426,10398,12555,1304,1316,1388,1453,1667,1972,2157
38735,"Muroi, Chiemi",non-elite,1460,2940,4429,5959,7547,9258,11011,12730,1480,1489,1530,1588,1711,1753,1719
38736,"Garcia, Arturo J.",non-elite,1284,2563,3836,5174,6615,8330,10447,12460,1279,1273,1338,1441,1715,2117,2013
38737,"Wiseman, Julia B",non-elite,1513,3064,4600,6170,7748,9359,11037,12726,1551,1536,1570,1578,1611,1678,1689
38738,"Kranz, Timothy S.",non-elite,1282,2529,3857,5266,6774,8496,10350,12702,1247,1328,1409,1508,1722,1854,2352
38739,"Daniel, Peter",non-elite,1322,2672,4061,5602,7155,8921,10888,12637,1350,1389,1541,1553,1766,1967,1749
38740,"De Sa, Marcos Sr.",non-elite,1599,3140,4649,6181,7735,9394,11094,12747,1541,1509,1532,1554,1659,1700,1653
38741,"Czarnecki, Brent",non-elite,1332,2658,4101,5615,7291,9039,10758,12711,1326,1443,1514,1676,1748,1719,1953
38742,"Choi, Jong Boum",non-elite,1317,2623,3972,5404,6900,8555,10662,12611,1306,1349,1432,1496,1655,2107,1949
38743,"Boudreau, Nicole L",non-elite,1444,2867,4348,5885,7430,9017,10648,12579,1423,1481,1537,1545,1587,1631,1931
38744,"Alford, Jennifer E",non-elite,1566,3109,4655,6237,7817,9433,11114,12742,1543,1546,1582,1580,1616,1681,1628
38745,"Ashley, Amy P.",non-elite,1412,2796,4235,5748,7320,9061,10939,12695,1384,1439,1513,1572,1741,1878,1756
38746,"Jones, Anna M",non-elite,1557,3106,4654,6223,7802,9407,11050,12716,1549,1548,1569,1579,1605,1643,1666
38747,"Barber, Angie L",non-elite,1583,3139,4701,6267,7821,9434,11105,12728,1556,1562,1566,1554,1613,1671,1623
38748,"Theoharides, David N",non-elite,1581,3131,4677,6223,7799,9456,11147,12724,1550,1546,1546,1576,1657,1691,1577
38749,"Valco, George J",non-elite,1503,3011,4532,6061,7580,9145,10878,12666,1508,1521,1529,1519,1565,1733,1788
38750,"Penkal, Whitnee J.",non-elite,1515,3043,4586,6163,7715,9372,11060,12724,1528,1543,1577,1552,1657,1688,1664
38751,"Kendrick, Wendy L",non-elite,1543,3075,4600,6144,7716,9382,11103,12724,1532,1525,1544,1572,1666,1721,1621
38752,"Lorson, Judd",non-elite,1252,2514,3779,5082,6425,8000,10099,12515,1262,1265,1303,1343,1575,2099,2416
38753,"Lindsey, Kristen",non-elite,1647,3297,4909,6533,8142,9764,11328,12799,1650,1612,1624,1609,1622,1564,1471
38754,"Olson, Ronda",non-elite,1439,2892,4373,5891,7440,9114,10926,12704,1453,1481,1518,1549,1674,1812,1778
38755,"Willems, Brigje",non-elite,1404,2825,4303,5915,7508,9243,11043,12738,1421,1478,1612,1593,1735,1800,1695
38756,"Yanni, Amy",non-elite,1480,2981,4520,6172,7756,9437,11061,12667,1501,1539,1652,1584,1681,1624,1606
38757,"Pearson, Gregory M.",non-elite,1533,3028,4492,5968,7426,8969,10789,12633,1495,1464,1476,1458,1543,1820,1844
38758,"Carey, Julie A",non-elite,1386,2853,4377,5931,7498,9197,10972,12699,1467,1524,1554,1567,1699,1775,1727
38759,"Seeger, Karyn W",non-elite,1492,3021,4554,6175,7781,9433,11090,12731,1529,1533,1621,1606,1652,1657,1641
38760,"Schroko, Gregg",non-elite,1438,2863,4327,5854,7439,9130,10912,12693,1425,1464,1527,1585,1691,1782,1781
38761,"Mealey, Marianne",non-elite,1457,2975,4571,6177,7813,9497,11208,12791,1518,1596,1606,1636,1684,1711,1583
38762,"Beard, Megan P",non-elite,1533,3117,4726,6342,7959,9586,11189,12768,1584,1609,1616,1617,1627,1603,1579
38763,"Nagel, Veronica",non-elite,1457,2917,4389,6120,7689,9317,11032,12759,1460,1472,1731,1569,1628,1715,1727
38764,"Fritsch, Valerie A",non-elite,1483,2970,4451,5955,7466,9137,10936,12688,1487,1481,1504,1511,1671,1799,1752
38765,"Giovanazi, Eileen M",non-elite,1570,3146,4735,6352,7961,9596,11219,12759,1576,1589,1617,1609,1635,1623,1540
38766,"Contreras, Ruben A",non-elite,1602,3197,4793,6390,7963,9591,11233,12792,1595,1596,1597,1573,1628,1642,1559
38767,"Kurian, Amie",non-elite,1493,3001,4524,6103,7692,9319,11034,12713,1508,1523,1579,1589,1627,1715,1679
38768,"Paolini, Elizabeth M",non-elite,1584,3178,4766,6356,7921,9542,11167,12745,1594,1588,1590,1565,1621,1625,1578
38769,"Downey, Walter",non-elite,1494,2970,4501,6168,7741,9383,11037,12717,1476,1531,1667,1573,1642,1654,1680
38770,"Moeslinger, Sigi",non-elite,1493,2993,4517,6080,7683,9370,11082,12730,1500,1524,1563,1603,1687,1712,1648
38771,"Wiederwohl, Karl",non-elite,1443,2890,4376,5884,7415,9100,10988,12762,1447,1486,1508,1531,1685,1888,1774
38772,"Lacroix, Thomas",non-elite,1404,2858,4352,5905,7470,9089,10838,12651,1454,1494,1553,1565,1619,1749,1813
38773,"Mckamey, Michelle A.",non-elite,1457,2948,4426,5909,7417,9220,11068,12759,1491,1478,1483,1508,1803,1848,1691
38774,"Smiarowski, Matt",non-elite,1255,2499,3764,5170,6658,8463,10569,12588,1244,1265,1406,1488,1805,2106,2019
38775,"Knotek, Kevin J",non-elite,1462,2917,4374,5842,7343,8907,10568,12495,1455,1457,1468,1501,1564,1661,1927
38776,"Cannova, Kelly A",non-elite,1548,3057,4564,6090,7610,9230,10996,12725,1509,1507,1526,1520,1620,1766,1729
38777,"Nieset, Doug A.",non-elite,1443,2897,4343,5815,7304,8990,10836,12667,1454,1446,1472,1489,1686,1846,1831
38778,"Smith, Keli M.",non-elite,1423,2896,4414,5962,7511,9163,10916,12696,1473,1518,1548,1549,1652,1753,1780
38779,"Ojeda, Chuck",non-elite,1368,2766,4230,5778,7335,9000,10816,12613,1398,1464,1548,1557,1665,1816,1797
38780,"Brock, Kerry",non-elite,1567,3101,4605,6130,7670,9245,10891,12627,1534,1504,1525,1540,1575,1646,1736
38781,"McKean, Shaw",non-elite,1497,2916,4371,5809,7275,8888,10711,12580,1419,1455,1438,1466,1613,1823,1869
38782,"Lundberg, Charleen M",non-elite,1535,3083,4626,6175,7714,9306,10995,12682,1548,1543,1549,1539,1592,1689,1687
38783,"Wesley, Michelle",non-elite,1281,2577,3934,5417,7071,8760,10560,12773,1296,1357,1483,1654,1689,1800,2213
38784,"Lawson, Jeremy",non-elite,1571,3167,4694,6224,7737,9273,10891,12627,1596,1527,1530,1513,1536,1618,1736
38785,"Kennah, Stephanie",non-elite,1440,2890,4381,6010,7625,9401,11126,12741,1450,1491,1629,1615,1776,1725,1615
38786,"Gwitt, Christine M.",non-elite,1531,3048,4587,6133,7675,9288,10987,12687,1517,1539,1546,1542,1613,1699,1700
38787,"MacDonald, Rebecca",non-elite,1534,2959,4450,6015,7597,9267,10993,12710,1425,1491,1565,1582,1670,1726,1717
38788,"Green, Elizabeth A",non-elite,1519,3052,4583,6145,7714,9331,11002,12692,1533,1531,1562,1569,1617,1671,1690
38789,"Carson, Tiffany",non-elite,1452,2907,4366,5843,7437,9230,11046,12760,1455,1459,1477,1594,1793,1816,1714
38790,"Foskett, Amanda",non-elite,1462,3013,4545,6137,7737,9388,11102,12766,1551,1532,1592,1600,1651,1714,1664
38791,"Wilson, Bailey",non-elite,1436,2887,4377,5966,7670,9403,11124,12755,1451,1490,1589,1704,1733,1721,1631
38792,"Guiney, William F.",non-elite,1379,2820,4363,5961,7550,9253,11035,12809,1441,1543,1598,1589,1703,1782,1774
38793,"Johnson, Trish",non-elite,1552,3129,4698,6270,7844,9463,11166,12776,1577,1569,1572,1574,1619,1703,1610
38794,"Snow, Michelle C",non-elite,1448,2895,4398,5995,7670,9426,11148,12778,1447,1503,1597,1675,1756,1722,1630
38795,"Thomas, Steve",non-elite,1437,2921,4502,6132,7765,9412,11097,12754,1484,1581,1630,1633,1647,1685,1657
38796,"Zabukovec, Randy",non-elite,1277,2548,3818,5121,6518,8121,10019,12371,1271,1270,1303,1397,1603,1898,2352
38797,"Sokolowski, Jessica",non-elite,1618,3154,4691,6269,7859,9477,11140,12767,1536,1537,1578,1590,1618,1663,1627
38798,"Hallam, Anna",non-elite,1556,3100,4679,6274,7837,9462,11121,12756,1544,1579,1595,1563,1625,1659,1635
38799,"Saigusa, Emmie H",non-elite,1462,2906,4357,5812,7268,8836,10625,12567,1444,1451,1455,1456,1568,1789,1942
38800,"Scheller, Angie",non-elite,1592,3167,4757,6351,7917,9538,11158,12780,1575,1590,1594,1566,1621,1620,1622
38801,"O'Brien, Patrick J.",non-elite,1489,2969,4462,5960,7511,9094,10883,12698,1480,1493,1498,1551,1583,1789,1815
38802,"Richards, Michelle L",non-elite,1496,3007,4558,6131,7731,9359,11038,12714,1511,1551,1573,1600,1628,1679,1676
38803,"Kahlmeyer, Dirk",non-elite,1401,2813,4248,5724,7306,9108,10978,12733,1412,1435,1476,1582,1802,1870,1755
38804,"Jones, Kerry M",non-elite,1572,3112,4751,6312,7884,9585,11181,12764,1540,1639,1561,1572,1701,1596,1583
38805,"Onek, Kim",non-elite,1539,3077,4639,6235,7823,9487,11138,12754,1538,1562,1596,1588,1664,1651,1616
38806,"O'Hara, John D",non-elite,1443,2901,4351,5841,7393,9128,10921,12709,1458,1450,1490,1552,1735,1793,1788
38807,"Jurado, Emma",non-elite,1490,2983,4499,6121,7751,9489,11203,12809,1493,1516,1622,1630,1738,1714,1606
38808,"Bartholomew, Robert W.",non-elite,1462,2915,4384,5903,7451,9107,10932,12692,1453,1469,1519,1548,1656,1825,1760
38809,"Murphy, Denis",non-elite,1414,2877,4356,5904,7496,9182,10968,12683,1463,1479,1548,1592,1686,1786,1715
38810,"Tucknott, Andrew H.",non-elite,1543,3044,4559,6195,7741,9360,11041,12759,1501,1515,1636,1546,1619,1681,1718
38811,"Gielen, Elissa M",non-elite,1551,3094,4660,6254,7839,9462,11094,12751,1543,1566,1594,1585,1623,1632,1657
38812,"Tucknott, Darr N.",non-elite,1542,3044,4559,6194,7741,9360,11042,12758,1502,1515,1635,1547,1619,1682,1716
38813,"Dumais, Brett",non-elite,1322,2669,4067,5650,7329,9095,10926,12697,1347,1398,1583,1679,1766,1831,1771
38814,"Coache, Vaunette",non-elite,1542,3090,4650,6224,7771,9393,11058,12752,1548,1560,1574,1547,1622,1665,1694
38815,"Takamura, Seijen T",non-elite,1358,2733,4090,5486,7113,8900,11007,12772,1375,1357,1396,1627,1787,2107,1765
38816,"Steeves, Madelyn",non-elite,1472,2930,4405,5928,7546,9190,10960,12686,1458,1475,1523,1618,1644,1770,1726
38817,"De Vries, Alwin Xander",non-elite,1619,3106,4569,6049,7535,9157,10836,12645,1487,1463,1480,1486,1622,1679,1809
38818,"Rodriguez, Gabriela",non-elite,1515,3039,4590,6183,7773,9433,11099,12730,1524,1551,1593,1590,1660,1666,1631
38819,"Macmillan, Keely",non-elite,1653,3262,4834,6408,7970,9534,11174,12764,1609,1572,1574,1562,1564,1640,1590
38820,"Ryan, Tina",non-elite,1533,3018,4520,6038,7594,9289,11061,12737,1485,1502,1518,1556,1695,1772,1676
38821,"Kinsman, Jenna",non-elite,1409,2877,4390,5963,7551,9255,11008,12738,1468,1513,1573,1588,1704,1753,1730
38822,"Galay, Melanie K",non-elite,1565,3135,4705,6310,7908,9562,11209,12801,1570,1570,1605,1598,1654,1647,1592
38823,"Bell, Melissa A",non-elite,1569,3128,4693,6270,7829,9457,11147,12762,1559,1565,1577,1559,1628,1690,1615
38824,"Hayes, Brittnie E",non-elite,1541,3046,4540,6064,7625,9275,11055,12778,1505,1494,1524,1561,1650,1780,1723
38825,"Shibata, Kumiko",non-elite,1443,2907,4450,6133,7803,9473,11218,12818,1464,1543,1683,1670,1670,1745,1600
38826,"Gerbino, Amy",non-elite,1510,3001,4527,6068,7601,9224,11027,12737,1491,1526,1541,1533,1623,1803,1710
38827,"Harbert, Donald G.",non-elite,1402,2770,4164,5609,7080,8729,10852,12733,1368,1394,1445,1471,1649,2123,1881
38828,"Hanson, Elisabeth",non-elite,1378,2815,4267,5773,7341,9077,10930,12740,1437,1452,1506,1568,1736,1853,1810
38829,"Williamson, Kristen",non-elite,1449,2986,4582,6173,7776,9446,11130,12783,1537,1596,1591,1603,1670,1684,1653
38830,"Gardner, Connie",non-elite,1388,2848,4366,5928,7489,9177,10953,12693,1460,1518,1562,1561,1688,1776,1740
38831,"Mota, Juan",non-elite,1434,2893,4378,5930,7500,9198,11026,12779,1459,1485,1552,1570,1698,1828,1753
38832,"Bond, Robert",non-elite,1287,2583,3920,5331,6794,8455,10370,12821,1296,1337,1411,1463,1661,1915,2451
38833,"Chou, Jermin",non-elite,1441,2897,4409,6023,7643,9321,11082,12737,1456,1512,1614,1620,1678,1761,1655
38834,"Talbert, Scott J",non-elite,1481,2928,4451,6041,7639,9312,11051,12752,1447,1523,1590,1598,1673,1739,1701
38835,"Battles, Molly",non-elite,1406,2885,4418,6010,7667,9338,11065,12721,1479,1533,1592,1657,1671,1727,1656
38836,"Hobson, Raleigh",non-elite,1354,2724,4126,5572,7090,8659,10712,12538,1370,1402,1446,1518,1569,2053,1826
38837,"Irvine, Meghan P.",non-elite,1472,2996,4514,6061,7630,9318,11050,12744,1524,1518,1547,1569,1688,1732,1694
38838,"Weir, Caryl E",non-elite,1583,3131,4672,6252,7844,9478,11137,12762,1548,1541,1580,1592,1634,1659,1625
38839,"Watkins, David",non-elite,1285,2641,4086,5653,7290,9043,10883,12686,1356,1445,1567,1637,1753,1840,1803
38840,"Cooley, Gwendolyn J.",non-elite,1499,3001,4510,6059,7624,9272,10990,12706,1502,1509,1549,1565,1648,1718,1716
38841,"Andersson, Mattias",non-elite,1395,2789,4174,5591,7058,8621,10410,12581,1394,1385,1417,1467,1563,1789,2171
38842,"Janssen, Avi",non-elite,1286,2568,3939,5291,6882,8968,10868,12785,1282,1371,1352,1591,2086,1900,1917
38843,"Hawkins, Janet",non-elite,1560,3101,4654,6233,7789,9423,11123,12755,1541,1553,1579,1556,1634,1700,1632
38844,"Presnail, Brian D",non-elite,1488,2960,4488,6042,7640,9247,10940,12753,1472,1528,1554,1598,1607,1693,1813
38845,"Fergus, Christina",non-elite,1592,3167,4739,6323,7952,9552,11170,12771,1575,1572,1584,1629,1600,1618,1601
38846,"Hatch, Annie E.",non-elite,1492,2997,4509,6078,7647,9290,11046,12754,1505,1512,1569,1569,1643,1756,1708
38847,"Cahoon, Rick L",non-elite,1293,2586,3869,5189,6900,8961,10984,12713,1293,1283,1320,1711,2061,2023,1729
38848,"Schmitzberger, Andrea",non-elite,1499,3014,4554,6119,7675,9294,10999,12725,1515,1540,1565,1556,1619,1705,1726
38849,"Yang, Wenyu",non-elite,1482,2985,4475,6065,7691,9385,11125,12770,1503,1490,1590,1626,1694,1740,1645
38850,"Wisdom, Juliet N",non-elite,1482,2955,4492,6080,7706,9413,11122,12746,1473,1537,1588,1626,1707,1709,1624
38851,"Augustine, Jacqueline",non-elite,1419,2839,4305,5990,7619,9365,11087,12785,1420,1466,1685,1629,1746,1722,1698
38852,"Vallee, Michael J.",non-elite,1544,3043,4528,6040,7580,9206,10967,12714,1499,1485,1512,1540,1626,1761,1747
38853,"Haidl, Leonard",non-elite,1433,2806,4158,5553,7003,8808,10632,12764,1373,1352,1395,1450,1805,1824,2132
38854,"Goode, Johnny W.",non-elite,1413,2875,4377,5935,7506,9183,10963,12696,1462,1502,1558,1571,1677,1780,1733
38855,"Granata, Sarah C.",non-elite,1528,3082,4639,6193,7765,9405,11109,12800,1554,1557,1554,1572,1640,1704,1691
38856,"Giroux, Genevieve",non-elite,1489,2983,4507,6065,7651,9306,11028,12706,1494,1524,1558,1586,1655,1722,1678
38857,"Grisham, Catherine M.",non-elite,1487,3018,4472,5939,7540,9151,10940,12725,1531,1454,1467,1601,1611,1789,1785
38858,"Dusseau, Heather E",non-elite,1533,3089,4637,6205,7767,9398,11075,12739,1556,1548,1568,1562,1631,1677,1664
38859,"Fromm, Joanna",non-elite,1518,3037,4581,6156,7751,9404,11124,12779,1519,1544,1575,1595,1653,1720,1655
38860,"Metzger, Lauren M",non-elite,1389,2795,4220,5763,7375,9050,10812,12660,1406,1425,1543,1612,1675,1762,1848
38861,"Scheetz, Maurin C",non-elite,1444,2884,4327,5806,7324,8988,10829,12686,1440,1443,1479,1518,1664,1841,1857
38862,"Constantine, Caitlin J.",non-elite,1591,3162,4711,6284,7851,9480,11128,12752,1571,1549,1573,1567,1629,1648,1624
38863,"Butcher, Debbie J",non-elite,1534,3053,4572,6112,7665,9300,11021,12722,1519,1519,1540,1553,1635,1721,1701
38864,"Moran, Karl C",non-elite,1435,2880,4340,5820,7290,8869,10645,12676,1445,1460,1480,1470,1579,1776,2031
38865,"Maher, Allison",non-elite,1407,2819,4236,5841,7578,9272,11008,12764,1412,1417,1605,1737,1694,1736,1756
38866,"Lemere, Jessica R.",non-elite,1514,3025,4559,6124,7705,9366,11072,12728,1511,1534,1565,1581,1661,1706,1656
38867,"Collins, Brian",non-elite,1460,2920,4410,5908,7420,9041,10755,12656,1460,1490,1498,1512,1621,1714,1901
38868,"Maciel, Lisa A.",non-elite,1549,3075,4590,6113,7655,9307,11071,12740,1526,1515,1523,1542,1652,1764,1669
38869,"Felt, Nathan",non-elite,1399,2779,4240,5645,7113,8578,10489,12640,1380,1461,1405,1468,1465,1911,2151
38870,"Hiler, David",non-elite,1491,2976,4472,6024,7598,9275,11018,12701,1485,1496,1552,1574,1677,1743,1683
38871,"Breighner, Robert G Jr.",non-elite,1445,2889,4333,5794,7246,8770,10426,12496,1444,1444,1461,1452,1524,1656,2070
38872,"Salka, Zuzana",non-elite,1492,3047,4642,6285,7880,9532,11193,12793,1555,1595,1643,1595,1652,1661,1600
38873,"Chandler, Hampton L.",non-elite,1406,2843,4308,5848,7425,9113,10878,12661,1437,1465,1540,1577,1688,1765,1783
38874,"Nemeth, Erin V",non-elite,1412,2859,4367,5917,7454,9115,10912,12718,1447,1508,1550,1537,1661,1797,1806
38875,"Snowden, Heather",non-elite,1523,3078,4648,6238,7817,9443,11112,12761,1555,1570,1590,1579,1626,1669,1649
38876,"Muniz, Evangelina",non-elite,1553,3119,4684,6267,7862,9496,11189,12814,1566,1565,1583,1595,1634,1693,1625
38877,"Habel, Michelle",non-elite,1545,3068,4622,6187,7749,9388,11078,12746,1523,1554,1565,1562,1639,1690,1668
38878,"Cook, Belia",non-elite,1526,3037,4562,6132,7696,9343,11077,12770,1511,1525,1570,1564,1647,1734,1693
38879,"Leduc, Sylvain",non-elite,1557,3131,4706,6298,7890,9528,11202,12786,1574,1575,1592,1592,1638,1674,1584
38880,"Kreider, Scott",non-elite,1538,3060,4597,6172,7738,9405,11102,12766,1522,1537,1575,1566,1667,1697,1664
38881,"Fiume, Amy",non-elite,1511,3011,4509,6035,7583,9234,10981,12713,1500,1498,1526,1548,1651,1747,1732
38882,"Rubenking, Erin",non-elite,1494,2986,4489,6027,7586,9215,10947,12678,1492,1503,1538,1559,1629,1732,1731
38883,"Brassard, Monique",non-elite,1455,2930,4448,6111,7732,9377,11087,12790,1475,1518,1663,1621,1645,1710,1703
38884,"Cooper, Drew R",non-elite,1476,2960,4446,5967,7509,9138,10907,12708,1484,1486,1521,1542,1629,1769,1801
38885,"Biess, Frank P.",non-elite,1356,2727,4156,5656,7160,8716,10412,12517,1371,1429,1500,1504,1556,1696,2105
38886,"Schazmann, Augusto Sr.",non-elite,1393,2806,4224,5708,7241,8933,10869,12731,1413,1418,1484,1533,1692,1936,1862
38887,"Jones, Krista L.",non-elite,1521,3109,4706,6322,7935,9591,11245,12836,1588,1597,1616,1613,1656,1654,1591
38888,"Patrick, Susie",non-elite,1545,3088,4637,6217,7817,9440,11128,12799,1543,1549,1580,1600,1623,1688,1671
38889,"Kelly, Jessica G.",non-elite,1574,3062,4592,6107,7679,9289,11042,12776,1488,1530,1515,1572,1610,1753,1734
38890,"Shen, Vicky K.",non-elite,1574,3062,4592,6107,7670,9290,11043,12776,1488,1530,1515,1563,1620,1753,1733
38891,"Ambrozaitis, Elaine M",non-elite,1433,2918,4442,5998,7540,9210,10971,12732,1485,1524,1556,1542,1670,1761,1761
38892,"York, Gary",non-elite,1557,3059,4560,6100,7658,9306,11009,12726,1502,1501,1540,1558,1648,1703,1717
38893,"Swiers, Terry J",non-elite,1457,2907,4382,5951,7536,9277,11041,12743,1450,1475,1569,1585,1741,1764,1702
38894,"Cook, William J.",non-elite,1571,3136,4679,6275,7809,9392,11026,12709,1565,1543,1596,1534,1583,1634,1683
38895,"Song, Xiaodong",non-elite,1383,2782,4227,5796,7451,9238,11019,12777,1399,1445,1569,1655,1787,1781,1758
38896,"Juarez, Benjamin C",non-elite,1276,2665,4111,5645,7256,9020,10873,12757,1389,1446,1534,1611,1764,1853,1884
38897,"Chang, Holly",non-elite,1512,3010,4537,6096,7679,9329,11072,12777,1498,1527,1559,1583,1650,1743,1705
38898,"Van Laarhoven, Yvonne",non-elite,1493,2993,4506,6077,7682,9331,11046,12744,1500,1513,1571,1605,1649,1715,1698
38899,"Mochula, Paul L",non-elite,1496,2993,4543,6093,7711,9381,11094,12741,1497,1550,1550,1618,1670,1713,1647
38900,"Pfeiffer, Jackie",non-elite,1454,2934,4433,6072,7743,9407,11095,12755,1480,1499,1639,1671,1664,1688,1660
38901,"Murphy, Nuala P.",non-elite,1624,3178,4736,6323,7876,9467,11126,12751,1554,1558,1587,1553,1591,1659,1625
38903,"Mygatt, Kimberly",non-elite,1471,2963,4518,6066,7661,9397,11099,12777,1492,1555,1548,1595,1736,1702,1678
38904,"Clark, Bette",non-elite,1495,2989,4515,6072,7650,9310,11013,12694,1494,1526,1557,1578,1660,1703,1681
38905,"Goodwin, Courtney S",non-elite,1481,2981,4430,6026,7683,9497,11122,12793,1500,1449,1596,1657,1814,1625,1671
38906,"Bushallow, Mary C",non-elite,1510,3012,4574,6199,7846,9577,11287,12847,1502,1562,1625,1647,1731,1710,1560
38907,"Roux, Stephane",non-elite,1446,2897,4355,5815,7289,8864,10872,12769,1451,1458,1460,1474,1575,2008,1897
38908,"Moody, Lara B",non-elite,1514,3016,4519,6048,7664,9297,11004,12752,1502,1503,1529,1616,1633,1707,1748
38909,"Toulouse, Jim",non-elite,1553,3127,4694,6268,7843,9468,11125,12762,1574,1567,1574,1575,1625,1657,1637
38910,"Barnett, Daniel E",non-elite,1576,3041,4527,6086,7635,9269,11011,12711,1465,1486,1559,1549,1634,1742,1700
38911,"Farley, Amy L",non-elite,1564,3105,4652,6218,7786,9431,11163,12800,1541,1547,1566,1568,1645,1732,1637
38912,"Mercer, Irene S.",non-elite,1420,2809,4218,5724,7247,9186,10980,12746,1389,1409,1506,1523,1939,1794,1766
38913,"Mannella, Denise",non-elite,1442,2888,4350,5853,7429,9153,10873,12715,1446,1462,1503,1576,1724,1720,1842
38914,"Piani, Leila",non-elite,1533,3098,4643,6253,7813,9465,11142,12778,1565,1545,1610,1560,1652,1677,1636
38915,"Audette, Sandy K",non-elite,1610,3198,4847,6507,8068,9686,11291,12839,1588,1649,1660,1561,1618,1605,1548
38916,"Nelson, Tricia F",non-elite,1527,3091,4654,6234,7797,9430,11113,12774,1564,1563,1580,1563,1633,1683,1661
38917,"Best, Tristen M.",non-elite,1480,2990,4510,6079,7639,9285,10973,12754,1510,1520,1569,1560,1646,1688,1781
38918,"Sims, Samantha P.",non-elite,1458,2934,4451,6022,7643,9319,11083,12740,1476,1517,1571,1621,1676,1764,1657
38919,"Hould, Stephane Sr.",non-elite,1462,2925,4397,5949,7527,9212,10966,12724,1463,1472,1552,1578,1685,1754,1758
38920,"Benardete, Steven",non-elite,1524,3066,4604,6165,7736,9352,11020,12731,1542,1538,1561,1571,1616,1668,1711
38921,"Fillippo, Brian",non-elite,1468,2938,4452,5992,7534,9145,10853,12759,1470,1514,1540,1542,1611,1708,1906
38922,"Purcell, Rachel",non-elite,1560,3110,4634,6208,7805,9446,11140,12797,1550,1524,1574,1597,1641,1694,1657
38923,"Gardner, Christine",non-elite,1555,3133,4717,6299,7865,9501,11157,12777,1578,1584,1582,1566,1636,1656,1620
38924,"Kuhl, Richard S",non-elite,1338,2710,4121,5536,6976,8531,10482,12631,1372,1411,1415,1440,1555,1951,2149
38925,"Kuo, Yao-Jen",non-elite,1270,2551,3821,5133,6629,8740,10789,12717,1281,1270,1312,1496,2111,2049,1928
38926,"Teeter, Rita",non-elite,1577,3155,4735,6340,7933,9571,11196,12799,1578,1580,1605,1593,1638,1625,1603
38927,"O'Neil, Shannon E",non-elite,1509,3005,4498,6034,7574,9188,10933,12720,1496,1493,1536,1540,1614,1745,1787
38928,"Cleland, George M IV",non-elite,1465,2941,4420,5988,7559,9235,11009,12776,1476,1479,1568,1571,1676,1774,1767
38929,"Jordan, Anthony W.",non-elite,1501,2987,4508,6088,7649,9316,11099,12772,1486,1521,1580,1561,1667,1783,1673
38930,"Garber, Alan",non-elite,1494,3058,4604,6168,7731,9372,11071,12758,1564,1546,1564,1563,1641,1699,1687
38931,"Zeman, Nicolle",non-elite,1420,2840,4293,5821,7426,9139,10973,12734,1420,1453,1528,1605,1713,1834,1761
38932,"Bell, Debbie",non-elite,1449,2906,4406,5961,7524,9168,11003,12784,1457,1500,1555,1563,1644,1835,1781
38933,"Spinale, Heather",non-elite,1453,2914,4388,5937,7540,9272,11056,12767,1461,1474,1549,1603,1732,1784,1711
38934,"Rudicel, Anna N",non-elite,1423,2806,4198,5648,7211,8886,10698,12614,1383,1392,1450,1563,1675,1812,1916
38935,"Freedman, Aaron D.",non-elite,1371,2795,4257,5733,7303,9083,10951,12731,1424,1462,1476,1570,1780,1868,1780
38936,"Martinez, Dario S. Sr.",non-elite,1272,2576,4018,5614,7203,8943,10922,12750,1304,1442,1596,1589,1740,1979,1828
38937,"Viano, Jennifer M.",non-elite,1323,2752,4246,5835,7473,9183,10923,12719,1429,1494,1589,1638,1710,1740,1796
38938,"O'Reilly, Kathryn J.",non-elite,1426,2839,4347,5997,7641,9298,11098,12795,1413,1508,1650,1644,1657,1800,1697
38939,"Bechunas, Cheryl L",non-elite,1487,3063,4572,6129,7730,9384,11131,12806,1576,1509,1557,1601,1654,1747,1675
38940,"Traveller, Justin B.",non-elite,1281,2620,4058,5643,7250,8956,10820,12708,1339,1438,1585,1607,1706,1864,1888
38941,"Moody, Shanae",non-elite,1527,3034,4539,6070,7616,9362,11048,12760,1507,1505,1531,1546,1746,1686,1712
38942,"Wolff, Christopher M.",non-elite,1443,2902,4372,5936,7551,9266,11046,12766,1459,1470,1564,1615,1715,1780,1720
38943,"Duffy, Dave",non-elite,1399,2790,4204,5636,7107,8712,10482,12669,1391,1414,1432,1471,1605,1770,2187
38944,"Miller, Kirsten",non-elite,1601,3178,4779,6381,7967,9578,11227,12815,1577,1601,1602,1586,1611,1649,1588
38945,"Wendler, Sandra",non-elite,1559,3089,4630,6214,7805,9431,11148,12794,1530,1541,1584,1591,1626,1717,1646
38946,"Ophaug, Lauren A.",non-elite,1502,3003,4494,6013,7540,9202,10965,12729,1501,1491,1519,1527,1662,1763,1764
38947,"Giess, Christine",non-elite,1566,3126,4705,6273,7841,9495,11199,12792,1560,1579,1568,1568,1654,1704,1593
38948,"Gluckstein, Charles",non-elite,1441,2955,4514,6145,7782,9503,11218,12827,1514,1559,1631,1637,1721,1715,1609
38949,"Goodman, Michael S",non-elite,1299,2628,3973,5394,7037,8939,10879,12765,1329,1345,1421,1643,1902,1940,1886
38950,"Prokop, Megan V.",non-elite,1582,3127,4667,6231,7790,9432,11110,12753,1545,1540,1564,1559,1642,1678,1643
38951,"Read, Nick",non-elite,1597,3141,4682,6238,7799,9465,11141,12784,1544,1541,1556,1561,1666,1676,1643
38952,"Schmid, Matthew S",non-elite,1359,2749,4150,5603,7213,8978,10931,12754,1390,1401,1453,1610,1765,1953,1823
38953,"Dillon, John M.",non-elite,1460,2913,4307,5727,7174,8783,10618,12632,1453,1394,1420,1447,1609,1835,2014
38954,"Felix, Brent",non-elite,1420,2861,4338,5862,7389,9095,10887,12767,1441,1477,1524,1527,1706,1792,1880
38955,"Delbello, Mark W",non-elite,1577,3136,4683,6254,7812,9434,11134,12807,1559,1547,1571,1558,1622,1700,1673
38956,"Mueller, Brady",non-elite,1473,2962,4459,5985,7544,9181,10896,12689,1489,1497,1526,1559,1637,1715,1793
38957,"Berges, Rita C",non-elite,1468,2979,4526,6114,7708,9419,11152,12830,1511,1547,1588,1594,1711,1733,1678
38958,"Kelly, Jennifer A.",non-elite,1592,3185,4775,6384,7978,9621,11271,12845,1593,1590,1609,1594,1643,1650,1574
38959,"Dahlgren, Brett D",non-elite,1473,2962,4478,5985,7543,9181,10897,12688,1489,1516,1507,1558,1638,1716,1791
38960,"Moss, Stephen C",non-elite,1284,2578,3915,5306,6740,8498,10693,12720,1294,1337,1391,1434,1758,2195,2027
38961,"Conklin, Elizabeth",non-elite,1453,2959,4504,6082,7699,9337,11057,12756,1506,1545,1578,1617,1638,1720,1699
38962,"Mueller, Craig",non-elite,1473,2963,4459,5985,7544,9182,10898,12692,1490,1496,1526,1559,1638,1716,1794
38963,"Madsen, Julia A",non-elite,1466,2903,4366,5845,7340,8923,10615,12564,1437,1463,1479,1495,1583,1692,1949
38964,"Leary, Erica A",non-elite,1475,2983,4513,6082,7660,9329,11057,12754,1508,1530,1569,1578,1669,1728,1697
38965,"Horton, Jenny",non-elite,1558,3088,4634,6191,7758,9397,11140,12802,1530,1546,1557,1567,1639,1743,1662
38966,"Doucette, Jeffrey M.",non-elite,1741,3406,4927,6459,7974,9629,11242,12822,1665,1521,1532,1515,1655,1613,1580
38967,"Anderson, Karen",non-elite,1473,2946,4443,6016,7615,9337,11140,12812,1473,1497,1573,1599,1722,1803,1672
38968,"Ravi, Sudhakar",non-elite,1435,2882,4412,6017,7607,9308,11047,12741,1447,1530,1605,1590,1701,1739,1694
38969,"Huff, Crystal",non-elite,1557,3076,4563,6099,7632,9266,10996,12756,1519,1487,1536,1533,1634,1730,1760
38970,"Allen, Mark D.",non-elite,1667,3286,4883,6485,8056,9666,11247,12839,1619,1597,1602,1571,1610,1581,1592
38971,"Feldman, Mitch S",non-elite,1390,2804,4242,5689,7154,8716,10457,12606,1414,1438,1447,1465,1562,1741,2149
38972,"Lapointe, Laval",non-elite,1532,3083,4638,6214,7790,9414,11120,12768,1551,1555,1576,1576,1624,1706,1648
38973,"Spanger, Jorge I.",non-elite,1395,2805,4261,5741,7225,8867,10660,12603,1410,1456,1480,1484,1642,1793,1943
38974,"Pulsipher, Mark W.",non-elite,1346,2717,4097,5507,6929,8480,10247,12564,1371,1380,1410,1422,1551,1767,2317
38975,"Ringsak, Kate",non-elite,1442,2893,4374,6172,7764,9427,11155,12827,1451,1481,1798,1592,1663,1728,1672
38976,"Neeway, Mariana",non-elite,1575,3159,4746,6328,7893,9515,11129,12791,1584,1587,1582,1565,1622,1614,1662
38977,"Lupien, Jacques",non-elite,1552,3040,4494,6014,7551,9168,10889,12717,1488,1454,1520,1537,1617,1721,1828
38978,"Chung, Koo Choong",non-elite,1487,2982,4483,5990,7545,9208,10921,12680,1495,1501,1507,1555,1663,1713,1759
38979,"Schneider, Vicki",non-elite,1502,2939,4408,5909,7409,9017,10869,12702,1437,1469,1501,1500,1608,1852,1833
38980,"Farr, Jenny",non-elite,1530,3057,4646,6270,7905,9580,11245,12811,1527,1589,1624,1635,1675,1665,1566
38981,"Doherty, Christine A",non-elite,1415,2840,4282,5755,7276,8984,10812,12721,1425,1442,1473,1521,1708,1828,1909
38982,"Williams, Kristina",non-elite,1445,2917,4412,5942,7467,9179,10914,12734,1472,1495,1530,1525,1712,1735,1820
38983,"Wilson, Christopher F",non-elite,1515,3032,4568,6130,7703,9336,11093,12768,1517,1536,1562,1573,1633,1757,1675
38984,"Di Paolo, Tanya",non-elite,1561,3142,4717,6317,7919,9553,11144,12800,1581,1575,1600,1602,1634,1591,1656
38985,"Taunton, Thomas J.",non-elite,1384,2782,4345,6022,7576,9267,10969,12707,1398,1563,1677,1554,1691,1702,1738
38986,"Hofer, Michelle M",non-elite,1545,3077,4611,6179,7750,9393,11116,12777,1532,1534,1568,1571,1643,1723,1661
38987,"Costello, William",non-elite,1468,2942,4428,5937,7468,9105,10903,12689,1474,1486,1509,1531,1637,1798,1786
38988,"Anderson, Shawn",non-elite,1240,2519,3932,5491,7098,8876,10742,12660,1279,1413,1559,1607,1778,1866,1918
38989,"Mahar, Kelly E.",non-elite,1520,2990,4492,6001,7557,9266,11041,12746,1470,1502,1509,1556,1709,1775,1705
38990,"Fawcett, Lynn",non-elite,1556,3136,4696,6266,7822,9389,11058,12751,1580,1560,1570,1556,1567,1669,1693
38991,"Sullivan, David E.",non-elite,1553,3077,4619,6167,7693,9250,10919,12729,1524,1542,1548,1526,1557,1669,1810
38992,"Heilman, Dave",non-elite,1470,2983,4593,6174,7802,9396,11090,12739,1513,1610,1581,1628,1594,1694,1649
38993,"Boyle, Joseph C",non-elite,1470,2983,4593,6174,7802,9396,11090,12742,1513,1610,1581,1628,1594,1694,1652
38994,"McNeil, Keith D.",non-elite,1522,3012,4543,6083,7611,9208,10925,12703,1490,1531,1540,1528,1597,1717,1778
38995,"Navratil, Peter",non-elite,1552,3113,4676,6271,7868,9488,11140,12775,1561,1563,1595,1597,1620,1652,1635
38996,"Gardner, Sarah",non-elite,1379,2762,4165,5761,7473,9312,11101,12751,1383,1403,1596,1712,1839,1789,1650
38997,"Serrette, Justin M",non-elite,1482,3031,4654,6284,7902,9560,11232,12827,1549,1623,1630,1618,1658,1672,1595
38998,"Beach, Timothy",non-elite,1459,2924,4436,5992,7614,9274,11015,12771,1465,1512,1556,1622,1660,1741,1756
38999,"Dierig, Lori",non-elite,1514,3005,4535,6101,7865,9494,11183,12796,1491,1530,1566,1764,1629,1689,1613
39000,"Brolsma, Nora A",non-elite,1404,2838,4303,5854,7440,9124,10869,12698,1434,1465,1551,1586,1684,1745,1829
39001,"Lawson, Tom R",non-elite,1438,2926,4409,5913,7448,9071,10829,12676,1488,1483,1504,1535,1623,1758,1847
39002,"Drumm, Connor",non-elite,1254,2480,3768,5113,6576,8187,10157,12818,1226,1288,1345,1463,1611,1970,2661
39003,"Cason, Tim",non-elite,1435,2900,4369,5892,7434,9129,10984,12771,1465,1469,1523,1542,1695,1855,1787
39004,"Guzman, Maria",non-elite,1516,3052,4615,6188,7776,9439,11140,12804,1536,1563,1573,1588,1663,1701,1664
39005,"Bruce, Megan",non-elite,1506,3011,4542,6098,7661,9301,11025,12721,1505,1531,1556,1563,1640,1724,1696
39006,"Kibbee, Rebecca",non-elite,1563,3108,4622,6163,7738,9400,11103,12763,1545,1514,1541,1575,1662,1703,1660
39007,"Stamm, Tammy",non-elite,1509,3007,4503,6029,7586,9232,10949,12753,1498,1496,1526,1557,1646,1717,1804
39008,"Cooney, Elizabeth",non-elite,1564,3112,4687,6279,7858,9463,11122,12770,1548,1575,1592,1579,1605,1659,1648
39009,"Lambert, Stan",non-elite,1589,3157,4720,6278,7806,9383,10993,12707,1568,1563,1558,1528,1577,1610,1714
39010,"Gale, Kevin",non-elite,1502,3045,4564,6125,7709,9367,11072,12743,1543,1519,1561,1584,1658,1705,1671
39011,"Bauer, Ron A.",non-elite,1426,2851,4274,5721,7176,8721,10405,12369,1425,1423,1447,1455,1545,1684,1964
39012,"Morris, Mike",non-elite,1478,3024,4561,6137,7697,9347,11073,12750,1546,1537,1576,1560,1650,1726,1677
39013,"Ovits, Mordechai",non-elite,1258,2544,3859,5225,6633,8308,10245,12408,1286,1315,1366,1408,1675,1937,2163
39014,"Vogler, Raphael W.",non-elite,1330,2717,4148,5680,7296,9052,10908,12727,1387,1431,1532,1616,1756,1856,1819
39015,"Wilson, Karly Anna",non-elite,1392,2797,4233,5681,7150,8762,10555,12684,1405,1436,1448,1469,1612,1793,2129
39016,"Wendell, Melissa J",non-elite,1378,2811,4331,5870,7465,9190,10989,12765,1433,1520,1539,1595,1725,1799,1776
39017,"Peterson, Keith R",non-elite,1570,3162,4702,6237,7773,9345,11062,12726,1592,1540,1535,1536,1572,1717,1664
39018,"Fagan, Darren J",non-elite,1366,2756,4186,5671,7212,8940,10780,12685,1390,1430,1485,1541,1728,1840,1905
39019,"Griffin, Kevin M",non-elite,1475,2911,4367,5958,7537,9234,10989,12724,1436,1456,1591,1579,1697,1755,1735
39020,"Leon, Seth D",non-elite,1477,2988,4515,6073,7653,9276,10965,12685,1511,1527,1558,1580,1623,1689,1720
39021,"Guthrie, Stacy N",non-elite,1559,3113,4668,6237,7827,9442,11123,12772,1554,1555,1569,1590,1615,1681,1649
39022,"Barone, Barbara",non-elite,1494,2990,4507,6074,7676,9365,11092,12780,1496,1517,1567,1602,1689,1727,1688
39023,"Lamarco, Vincent",non-elite,1522,3098,4706,6276,7834,9442,11073,12758,1576,1608,1570,1558,1608,1631,1685
39024,"Farias, Lisa J",non-elite,1646,3182,4715,6213,7731,9405,11148,12806,1536,1533,1498,1518,1674,1743,1658
39025,"Williams, Andrew P.",non-elite,1436,2919,4375,5825,7312,8892,10776,12692,1483,1456,1450,1487,1580,1884,1916
39026,"Coleman, Haley",non-elite,1554,3041,4535,6046,7597,9247,11051,12761,1487,1494,1511,1551,1650,1804,1710
39027,"Saillant, Meredith",non-elite,1629,3203,4771,6310,7837,9523,11183,12827,1574,1568,1539,1527,1686,1660,1644
39029,"Matranga, Erin",non-elite,1505,2996,4501,6039,7558,9181,10877,12689,1491,1505,1538,1519,1623,1696,1812
39030,"McCoy, Hayley M.",non-elite,1475,2982,4530,6044,7603,9292,11017,12752,1507,1548,1514,1559,1689,1725,1735
39031,"Freitas, Marcio V.",non-elite,1540,3069,4590,6139,7669,9308,11033,12755,1529,1521,1549,1530,1639,1725,1722
39032,"Lefebvre, Francois",non-elite,1482,2981,4470,6013,7533,9195,10950,12713,1499,1489,1543,1520,1662,1755,1763
39033,"Tang, Le",non-elite,1349,2739,4153,5647,7150,8916,10781,12780,1390,1414,1494,1503,1766,1865,1999
39034,"Intermont, Donna J",non-elite,1488,2965,4476,6037,7681,9404,11154,12801,1477,1511,1561,1644,1723,1750,1647
39035,"Zappen, Rich",non-elite,1392,2817,4251,5725,7258,8901,10738,12677,1425,1434,1474,1533,1643,1837,1939
39036,"Batacan, John",non-elite,1456,2972,4438,5966,7511,9137,10846,12562,1516,1466,1528,1545,1626,1709,1716
39037,"Stech, Susanne",non-elite,1602,3229,4824,6430,8022,9637,11228,12832,1627,1595,1606,1592,1615,1591,1604
39038,"Geer, Babette",non-elite,1359,2797,4335,5920,7455,9135,10991,12752,1438,1538,1585,1535,1680,1856,1761
39039,"Garber, Shannon G.",non-elite,1541,3077,4625,6202,7801,9455,11135,12782,1536,1548,1577,1599,1654,1680,1647
39040,"Larson, Katherine R.",non-elite,1430,2872,4350,5907,7587,9160,10876,12659,1442,1478,1557,1680,1573,1716,1783
39041,"Hancock, Evan",non-elite,1223,2531,3905,5411,7099,8879,10744,12632,1308,1374,1506,1688,1780,1865,1888
39042,"Ternosky, Jillian",non-elite,1466,2923,4459,6068,7612,9252,11053,12752,1457,1536,1609,1544,1640,1801,1699
39043,"Nudelman, Nate",non-elite,1311,2629,3983,5469,7101,8825,10701,12646,1318,1354,1486,1632,1724,1876,1945
39044,"Soper, Monica",non-elite,1417,2851,4282,5783,7352,9085,10930,12763,1434,1431,1501,1569,1733,1845,1833
39045,"Harstine, Jeffrey",non-elite,1516,3051,4568,6126,7702,9367,11134,12800,1535,1517,1558,1576,1665,1767,1666
39046,"Bullen, Jennifer L.",non-elite,1520,3003,4511,6042,7588,9247,11012,12761,1483,1508,1531,1546,1659,1765,1749
39047,"Diskin, Patrick",non-elite,1534,3037,4539,6071,7600,9236,10952,12725,1503,1502,1532,1529,1636,1716,1773
39048,"Cooper, James",non-elite,1464,2959,4464,6032,7604,9258,11016,12699,1495,1505,1568,1572,1654,1758,1683
39049,"Snipes, Jd",non-elite,1385,2782,4203,5708,7283,9012,10803,12689,1397,1421,1505,1575,1729,1791,1886
39050,"Yu, Logan",non-elite,1256,2531,3785,5076,6415,8150,10364,12634,1275,1254,1291,1339,1735,2214,2270
39051,"O'Reilly, Bernie M.",non-elite,1351,2754,4231,5819,7457,9195,10987,12753,1403,1477,1588,1638,1738,1792,1766
39052,"Guitard, Brenda",non-elite,1354,2727,4146,5673,7331,9073,10945,12723,1373,1419,1527,1658,1742,1872,1778
39053,"Minville, Carol",non-elite,1491,3006,4540,6115,7687,9362,11074,12770,1515,1534,1575,1572,1675,1712,1696
39054,"Taylor, Ralaina M.",non-elite,1561,3110,4634,6208,7806,9447,11143,12799,1549,1524,1574,1598,1641,1696,1656
39055,"Betts, Sheldon A.",non-elite,1459,2933,4409,5929,7438,9065,10836,12724,1474,1476,1520,1509,1627,1771,1888
39056,"Navarro, Jenessia B",non-elite,1423,2893,4384,5960,8072,9682,11346,12891,1470,1491,1576,2112,1610,1664,1545
39057,"Stratton, Kristina J",non-elite,1429,2927,4556,6175,7746,9366,11119,12793,1498,1629,1619,1571,1620,1753,1674
39058,"Barry, Colleen E",non-elite,1451,2952,4494,6164,7793,9448,11122,12780,1501,1542,1670,1629,1655,1674,1658
39059,"Stowell, Carrie",non-elite,1392,2833,4314,5933,7550,9281,11046,12793,1441,1481,1619,1617,1731,1765,1747
39060,"Taylor, T.",non-elite,1273,2566,3994,5508,7052,8752,10690,12620,1293,1428,1514,1544,1700,1938,1930
39061,"Broderick, Dylan",non-elite,1482,2958,4459,6008,7565,9228,11094,12831,1476,1501,1549,1557,1663,1866,1737
39062,"Ward, Alissa",non-elite,1397,2792,4212,5699,7270,9094,10875,12711,1395,1420,1487,1571,1824,1781,1836
39063,"Oconnor, Eileen",non-elite,1577,3126,4696,6289,7867,9531,11229,12831,1549,1570,1593,1578,1664,1698,1602
39064,"Ancheta, Mary Ann C",non-elite,1517,3080,4639,6219,7796,9459,11183,12824,1563,1559,1580,1577,1663,1724,1641
39065,"Robey, Thomas",non-elite,1544,3042,4522,6046,7576,9209,10919,12718,1498,1480,1524,1530,1633,1710,1799
39066,"Hezkeal, Ayele",non-elite,1439,2861,4442,5888,7463,9217,10909,12733,1422,1581,1446,1575,1754,1692,1824
39067,"Slate, Joey M",non-elite,1296,2585,3920,5341,6852,8747,10616,12675,1289,1335,1421,1511,1895,1869,2059
39068,"Kanoff, Christine R.",non-elite,1368,2764,4211,5719,7280,9020,10891,12712,1396,1447,1508,1561,1740,1871,1821
39069,"Martinez, Brandon",non-elite,1402,2753,4138,5620,7152,8821,10614,12721,1351,1385,1482,1532,1669,1793,2107
39070,"Devaud, Didier",non-elite,1392,2807,4333,5897,7522,9134,10899,12733,1415,1526,1564,1625,1612,1765,1834
39071,"Knight, Bj J",non-elite,1379,2742,4138,5683,7326,9136,10985,12822,1363,1396,1545,1643,1810,1849,1837
39072,"Huth, Ritsuko",non-elite,1455,2931,4424,5954,7569,9247,11002,12703,1476,1493,1530,1615,1678,1755,1701
39073,"Paradise, Rosalie",non-elite,1473,2984,4516,6084,7669,9333,11062,12769,1511,1532,1568,1585,1664,1729,1707
39074,"Clement, Isabelle",non-elite,1619,3227,4837,6464,8079,9708,11325,12863,1608,1610,1627,1615,1629,1617,1538
39075,"Lee, Joshua L",non-elite,1405,2854,4303,5785,7290,8915,10707,12666,1449,1449,1482,1505,1625,1792,1959
39076,"Ballou Erdos, Jacqueline",non-elite,1438,2875,4370,6229,7770,9336,11075,12817,1437,1495,1859,1541,1566,1739,1742
39077,"Rapaport, Jennifer",non-elite,1586,3167,4735,6298,7858,9523,11231,12827,1581,1568,1563,1560,1665,1708,1596
39078,"Seabury, Sharon",non-elite,1586,3166,4735,6298,7858,9524,11231,12829,1580,1569,1563,1560,1666,1707,1598
39079,"Jones, Sarah M.",non-elite,1543,3067,4608,6214,7763,9415,11188,12800,1524,1541,1606,1549,1652,1773,1612
39080,"Campbell, Amy G.",non-elite,1579,3160,4732,6297,7842,9438,11080,12763,1581,1572,1565,1545,1596,1642,1683
39081,"Ellison, David",non-elite,1464,2987,4525,6115,7697,9356,11057,12766,1523,1538,1590,1582,1659,1701,1709
39082,"Stahl, Matthew",non-elite,1504,3036,4605,6184,7789,9447,11125,12763,1532,1569,1579,1605,1658,1678,1638
39083,"Hutsell, Teresa",non-elite,1515,3037,4578,6162,7770,9428,11134,12804,1522,1541,1584,1608,1658,1706,1670
39084,"Sorgi, Lou",non-elite,1605,3202,4737,6268,7773,9426,11099,12816,1597,1535,1531,1505,1653,1673,1717
39085,"Ling, Erin A",non-elite,1542,3080,4627,6197,7783,9434,11111,12791,1538,1547,1570,1586,1651,1677,1680
39086,"Cox, Gabrielle",non-elite,1391,2845,4317,5822,7363,9026,10811,12695,1454,1472,1505,1541,1663,1785,1884
39087,"Scola, Sheila",non-elite,1428,2861,4325,5894,7515,9220,11011,12776,1433,1464,1569,1621,1705,1791,1765
39088,"Chan, Wai Yee",non-elite,1433,2890,4399,5962,7565,9263,11045,12756,1457,1509,1563,1603,1698,1782,1711
39089,"Strain, Sarah S",non-elite,1575,3126,4688,6267,7880,9509,11167,12811,1551,1562,1579,1613,1629,1658,1644
39090,"Jenson, Amber",non-elite,1476,2979,4465,5999,7524,9201,10957,12692,1503,1486,1534,1525,1677,1756,1735
39091,"Reisman, Michael",non-elite,1445,2909,4398,5930,7510,9170,10939,12725,1464,1489,1532,1580,1660,1769,1786
39092,"Mastaj, Elzbieta",non-elite,1541,3067,4601,6166,7755,9404,11117,12771,1526,1534,1565,1589,1649,1713,1654
39093,"Partridge, Jimjim D",non-elite,1564,3130,4680,6239,7780,9393,11042,12714,1566,1550,1559,1541,1613,1649,1672
39094,"Hachey, Amanda",non-elite,1501,3028,4593,6190,7764,9415,11129,12814,1527,1565,1597,1574,1651,1714,1685
39095,"Smits, Juka",non-elite,1541,3090,4642,6242,7823,9526,11246,12863,1549,1552,1600,1581,1703,1720,1617
39096,"Newberg, Kelly",non-elite,1564,3120,4661,6224,7775,9422,11169,12806,1556,1541,1563,1551,1647,1747,1637
39097,"Hall, Tyler J.",non-elite,1289,2574,4018,5560,7160,8958,10842,12706,1285,1444,1542,1600,1798,1884,1864
39098,"Clement, Andie",non-elite,1512,3005,4503,6041,7630,9299,11016,12791,1493,1498,1538,1589,1669,1717,1775
39099,"Clayton, Jennifer K",non-elite,1414,2815,4226,5706,7300,9080,10947,12761,1401,1411,1480,1594,1780,1867,1814
39100,"Oliveira, Marcos Sr.",non-elite,1546,3096,4641,6183,7737,9370,11081,12773,1550,1545,1542,1554,1633,1711,1692
39101,"Fukuchi, Yoko",non-elite,1537,3084,4633,6204,7804,9455,11176,12832,1547,1549,1571,1600,1651,1721,1656
39102,"Haack, Scott",non-elite,1419,2875,4353,5899,7478,9170,10939,12772,1456,1478,1546,1579,1692,1769,1833
39103,"Turissini, Leo",non-elite,1589,3188,4788,6384,7968,9596,11243,12829,1599,1600,1596,1584,1628,1647,1586
39104,"Carini, Courtney",non-elite,1553,3126,4684,6241,7806,9401,11032,12784,1573,1558,1557,1565,1595,1631,1752
39105,"Morgenroth, Jonathan",non-elite,1326,2697,4100,5576,7102,8941,10710,12766,1371,1403,1476,1526,1839,1769,2056
39106,"Mcginty, Mary E",non-elite,1489,2956,4415,5911,7449,9076,10965,12767,1467,1459,1496,1538,1627,1889,1802
39107,"Lacava, Rebekah",non-elite,1498,3025,4564,6136,7712,9362,11083,12778,1527,1539,1572,1576,1650,1721,1695
39108,"Weiland, Jeffrey R.",non-elite,1595,3136,4678,6203,7745,9330,11032,12759,1541,1542,1525,1542,1585,1702,1727
39109,"Fields, Tanya J.",non-elite,1574,3142,4685,6259,7839,9458,11174,12825,1568,1543,1574,1580,1619,1716,1651
39110,"Haug, Jack",non-elite,1600,3069,4568,6102,7666,9350,11090,12778,1469,1499,1534,1564,1684,1740,1688
39111,"Courtney, Andy",non-elite,1448,2910,4371,5860,7365,9040,10898,12742,1462,1461,1489,1505,1675,1858,1844
39112,"Fukuda, Takehiko",non-elite,1545,3073,4575,6109,7679,9363,11123,12780,1528,1502,1534,1570,1684,1760,1657
39113,"Brannan, Megan E.",non-elite,1552,3103,4654,6234,7831,9475,11158,12854,1551,1551,1580,1597,1644,1683,1696
39114,"Gibson, David S",non-elite,1482,2951,4420,5934,7534,9252,11024,12795,1469,1469,1514,1600,1718,1772,1771
39115,"Hammouri, Mohammad",non-elite,1257,2526,3789,5071,6996,9082,10762,12729,1269,1263,1282,1925,2086,1680,1967
39116,"Crawford, Cheryl",non-elite,1579,3177,4767,6372,7978,9613,11263,12842,1598,1590,1605,1606,1635,1650,1579
39117,"Case, Corinne",non-elite,1598,3162,4744,6313,7878,9512,11194,12826,1564,1582,1569,1565,1634,1682,1632
39118,"Fenster, Laura J.",non-elite,1556,3135,4709,6285,7854,9471,11139,12803,1579,1574,1576,1569,1617,1668,1664
39119,"Delaney, Jeffery C.",non-elite,1466,2896,4309,5731,7219,8867,10682,12652,1430,1413,1422,1488,1648,1815,1970
39120,"Ozaki, Junko",non-elite,1448,2929,4432,5982,7535,9206,11059,12779,1481,1503,1550,1553,1671,1853,1720
39121,"Kjendal, Cheryl M.",non-elite,1530,3086,4639,6207,7804,9457,11144,12804,1556,1553,1568,1597,1653,1687,1660
39122,"Molinski, Mike",non-elite,1452,2963,4505,6110,7728,9419,11143,12829,1511,1542,1605,1618,1691,1724,1686
39123,"O'Neil, Anne E.",non-elite,1476,2980,4498,6064,7693,9388,11125,12798,1504,1518,1566,1629,1695,1737,1673
39124,"Olmostorres, Patricia",non-elite,1610,3194,4761,6346,7923,9564,11266,12829,1584,1567,1585,1577,1641,1702,1563
39125,"Solis, Jaime",non-elite,1417,2828,4256,5729,7217,8832,10693,12606,1411,1428,1473,1488,1615,1861,1913
39126,"Humphries, Robert J.",non-elite,1457,2931,4412,5923,7478,9115,10988,12762,1474,1481,1511,1555,1637,1873,1774
39127,"Halloran, Carina M",non-elite,1506,3050,4616,6207,7791,9428,11138,12821,1544,1566,1591,1584,1637,1710,1683
39128,"Aneiros, Angela",non-elite,1488,2997,4511,6066,7699,9501,11203,12838,1509,1514,1555,1633,1802,1702,1635
39129,"Steinberg, Richard J",non-elite,1435,2881,4340,5867,7457,9191,10934,12722,1446,1459,1527,1590,1734,1743,1788
39130,"Winerip, Michelle",non-elite,1469,2948,4469,6009,7533,9180,10893,12661,1479,1521,1540,1524,1647,1713,1768
39131,"Oskutis, Morgan",non-elite,1469,2939,4417,5899,7510,9274,11156,12853,1470,1478,1482,1611,1764,1882,1697
39132,"Alesia, Tom",non-elite,1542,3098,4667,6250,7838,9465,11155,12817,1556,1569,1583,1588,1627,1690,1662
39133,"Mellon, Andrew F.",non-elite,1369,2778,4188,5645,7126,8716,10513,12710,1409,1410,1457,1481,1590,1797,2197
39134,"Halcom, Molly A",non-elite,1462,2956,4493,6085,7678,9344,11107,12764,1494,1537,1592,1593,1666,1763,1657
39135,"Bregman, Sarah A",non-elite,1440,2869,4307,5880,7497,9192,11013,12800,1429,1438,1573,1617,1695,1821,1787
39136,"Stenta, Meredith",non-elite,1528,3064,4618,6182,7730,9334,11039,12766,1536,1554,1564,1548,1604,1705,1727
39137,"Hope, Andrew P",non-elite,1433,2952,4431,5917,7469,9101,10889,12733,1519,1479,1486,1552,1632,1788,1844
39138,"Coleman, Trish M",non-elite,1486,3015,4570,6163,7758,9410,11131,12836,1529,1555,1593,1595,1652,1721,1705
39139,"Vaca, Carlos Sr.",non-elite,1569,3136,4708,6291,7871,9510,11190,12811,1567,1572,1583,1580,1639,1680,1621
39140,"Rehage, Anne E",non-elite,1514,3021,4539,6067,7615,9308,11096,12832,1507,1518,1528,1548,1693,1788,1736
39141,"Quinn, Rachel",non-elite,1454,2903,4401,6003,7613,9318,11074,12805,1449,1498,1602,1610,1705,1756,1731
39142,"Jones, Amanda J",non-elite,1387,2806,4280,5807,7385,9088,10918,12759,1419,1474,1527,1578,1703,1830,1841
39143,"Carlson, Mark A",non-elite,1471,2958,4472,6065,7659,9346,11073,12784,1487,1514,1593,1594,1687,1727,1711
39144,"Harata, Tatsuo",non-elite,1584,3148,4699,6277,7856,9483,11146,12797,1564,1551,1578,1579,1627,1663,1651
39145,"Inkley, Kimberly D",non-elite,1495,2980,4478,6006,7549,9159,10935,12739,1485,1498,1528,1543,1610,1776,1804
39146,"Sheehy, Sandra L.",non-elite,1500,3013,4534,6063,7598,9218,11030,12835,1513,1521,1529,1535,1620,1812,1805
39147,"Farkash, Lauren",non-elite,1500,3013,4533,6064,7598,9218,11030,12836,1513,1520,1531,1534,1620,1812,1806
39148,"Vukoja, Mladen",non-elite,1420,2847,4315,5875,7503,9159,10971,12733,1427,1468,1560,1628,1656,1812,1762
39149,"Wold, Bonnie L.",non-elite,1502,3045,4628,6210,7811,9467,11136,12814,1543,1583,1582,1601,1656,1669,1678
39150,"Ferrari, Franck Benoit Roger",non-elite,1495,2892,4231,5630,7064,8758,10675,12724,1397,1339,1399,1434,1694,1917,2049
39151,"Basso, David",non-elite,1624,3200,4776,6291,7861,9625,11226,12872,1576,1576,1515,1570,1764,1601,1646
39152,"Newton, Carl Q",non-elite,1397,2815,4269,5897,7530,9193,10987,12777,1418,1454,1628,1633,1663,1794,1790
39153,"Whitney, David J",non-elite,1522,3020,4527,6073,7643,9314,11062,12788,1498,1507,1546,1570,1671,1748,1726
39154,"Empie, Meredith",non-elite,1460,2970,4499,6104,7733,9402,11112,12809,1510,1529,1605,1629,1669,1710,1697
39155,"Thompson, Randall J",non-elite,1499,2992,4677,6270,7865,9457,11084,12835,1493,1685,1593,1595,1592,1627,1751
39156,"Newton, Megan A.",non-elite,1397,2815,4269,5897,7529,9193,10988,12778,1418,1454,1628,1632,1664,1795,1790
39157,"Ames, Anthony J",non-elite,1514,3024,4559,6144,7769,9399,11098,12799,1510,1535,1585,1625,1630,1699,1701
39158,"Seefeldt, Rick A.",non-elite,1589,3152,4705,6272,7852,9459,11177,12883,1563,1553,1567,1580,1607,1718,1706
39159,"Burns, Peter F.",non-elite,1465,2985,4553,6142,7758,9458,11166,12828,1520,1568,1589,1616,1700,1708,1662
39160,"Alderton, Richard",non-elite,1360,2775,4420,6104,7776,9467,11190,12863,1415,1645,1684,1672,1691,1723,1673
39161,"Arnold, Mary",non-elite,1506,3007,4632,6206,7820,9519,11186,12829,1501,1625,1574,1614,1699,1667,1643
39162,"Mitchell, Lauren V.",non-elite,1369,2739,4175,5716,7361,9124,10944,12788,1370,1436,1541,1645,1763,1820,1844
39163,"Somers, Michelle",non-elite,1419,2831,4237,5681,7192,9491,11125,12798,1412,1406,1444,1511,2299,1634,1673
39164,"Schweighofer, Roman",non-elite,1780,3449,4999,6535,8067,9639,11264,12866,1669,1550,1536,1532,1572,1625,1602
39165,"Resciniti, Emily C.",non-elite,1327,2641,4002,5534,7155,8857,10745,12792,1314,1361,1532,1621,1702,1888,2047
39167,"Muras, Lisa",non-elite,1524,3044,4571,6106,7646,9267,11015,12775,1520,1527,1535,1540,1621,1748,1760
39168,"Allshouse, Susan",non-elite,1443,2905,4381,5904,7500,9158,10999,12791,1462,1476,1523,1596,1658,1841,1792
39169,"Mcadoo, Susan",non-elite,1547,3114,4668,6226,7785,9412,11090,12791,1567,1554,1558,1559,1627,1678,1701
39170,"Wong, Kin Kwong",non-elite,1257,2526,3852,5289,6999,8896,10722,12768,1269,1326,1437,1710,1897,1826,2046
39171,"Lee, Man Leung Kenneth M.",non-elite,1340,2760,4234,5781,7326,9051,10809,12646,1420,1474,1547,1545,1725,1758,1837
39172,"Cirera, Miquel Sr.",non-elite,1531,3041,4561,6111,7679,9342,11089,12784,1510,1520,1550,1568,1663,1747,1695
39173,"Sikora, Joe E.",non-elite,1534,3055,4569,6103,7643,9244,10931,12721,1521,1514,1534,1540,1601,1687,1790
39174,"Gutkin, Lynn A",non-elite,1387,2779,4181,5637,7187,8836,10751,12734,1392,1402,1456,1550,1649,1915,1983
39175,"Curtin, Bridget",non-elite,1597,3174,4732,6320,7907,9540,11187,12817,1577,1558,1588,1587,1633,1647,1630
39176,"Avila, Rosa Maria",non-elite,1525,3051,4616,6189,7772,9450,11162,12816,1526,1565,1573,1583,1678,1712,1654
39177,"Gile, David",non-elite,1239,2484,3747,5105,6713,8497,10490,12642,1245,1263,1358,1608,1784,1993,2152
39178,"Dandurand, Dale",non-elite,1606,3203,4803,6404,7995,9590,11191,12820,1597,1600,1601,1591,1595,1601,1629
39179,"Horne, Justine",non-elite,1500,2990,4482,5965,7527,9245,11017,12812,1490,1492,1483,1562,1718,1772,1795
39181,"Moretti, Laura J.",non-elite,1607,3186,4731,6275,7841,9493,11186,12811,1579,1545,1544,1566,1652,1693,1625
39182,"Schellhase, Brooke M",non-elite,1424,2847,4360,5871,7471,9152,10979,12777,1423,1513,1511,1600,1681,1827,1798
39183,"Haan-Amato, Stephanie",non-elite,1520,3067,4644,6219,7802,9487,11177,12847,1547,1577,1575,1583,1685,1690,1670
39184,"Devine, Brynn A",non-elite,1472,2935,4558,6177,7817,9515,11216,12867,1463,1623,1619,1640,1698,1701,1651
39185,"Kennedy, Katherine A.",non-elite,1348,2711,4100,5550,7175,8974,10858,12723,1363,1389,1450,1625,1799,1884,1865
39186,"Cadieux, Dominic",non-elite,1493,2969,4473,6024,7605,9314,11088,12759,1476,1504,1551,1581,1709,1774,1671
39187,"Zunic, Zack S",non-elite,1502,2957,4431,5937,7487,9223,11070,12810,1455,1474,1506,1550,1736,1847,1740
39188,"Cherry, Steven M",non-elite,1488,3088,4715,6363,8002,9647,11262,12882,1600,1627,1648,1639,1645,1615,1620
39189,"Trueman, Kenneth R.",non-elite,1400,2823,4324,5889,7542,9195,11039,12823,1423,1501,1565,1653,1653,1844,1784
39190,"Mcgehee, Michael",non-elite,1511,2976,4419,5894,7463,9074,10901,12806,1465,1443,1475,1569,1611,1827,1905
39191,"O'Sullivan Messerli, Kate",non-elite,1479,2939,4486,6078,7806,9516,11235,12872,1460,1547,1592,1728,1710,1719,1637
39192,"Macmahon, Caolan",non-elite,1620,3221,4859,6469,8096,9733,11352,12881,1601,1638,1610,1627,1637,1619,1529
39193,"Missimer, Katie L",non-elite,1453,2935,4481,6087,7688,9342,11067,12794,1482,1546,1606,1601,1654,1725,1727
39194,"Zambrini, Barbara",non-elite,1373,2883,4449,6077,7714,9385,11083,12821,1510,1566,1628,1637,1671,1698,1738
39195,"Winkelman, Laurie A",non-elite,1415,2860,4337,5869,7458,9168,10942,12758,1445,1477,1532,1589,1710,1774,1816
39196,"Hancock-Porritt, Aponi",non-elite,1472,2923,4378,5887,7416,9114,10826,12644,1451,1455,1509,1529,1698,1712,1818
39197,"Ballard, Joette",non-elite,1610,3209,4787,6390,8020,9669,11304,12847,1599,1578,1603,1630,1649,1635,1543
39198,"Muchnick, Steven N",non-elite,1418,2870,4363,5969,7601,9313,11040,12779,1452,1493,1606,1632,1712,1727,1739
39199,"Seigart, Bob J",non-elite,1511,3041,4576,6174,7758,9352,11002,12736,1530,1535,1598,1584,1594,1650,1734
39200,"Hickson, Helaine",non-elite,1528,3068,4642,6257,7865,9519,11212,12850,1540,1574,1615,1608,1654,1693,1638
39201,"McDonagh, Danielle",non-elite,1441,2872,4341,5900,7545,9303,11063,12825,1431,1469,1559,1645,1758,1760,1762
39202,"Helming, Nathan",non-elite,1560,3026,4476,5952,7458,9056,10847,12735,1466,1450,1476,1506,1598,1791,1888
39203,"Shaffer, Douglas J.",non-elite,1439,2906,4429,6034,7663,9372,11098,12844,1467,1523,1605,1629,1709,1726,1746
39204,"Bater, David J. Jr.",non-elite,1387,2709,4082,5547,7108,8910,10965,12770,1322,1373,1465,1561,1802,2055,1805
39205,"Erickson, Dawn M",non-elite,1550,3091,4705,6346,7926,9567,11227,12835,1541,1614,1641,1580,1641,1660,1608
39206,"Chun, Yoon",non-elite,1532,3074,4632,6221,7820,9467,11166,12811,1542,1558,1589,1599,1647,1699,1645
39207,"Delaney, Debra",non-elite,1509,3043,4596,6158,7753,9428,11145,12808,1534,1553,1562,1595,1675,1717,1663
39208,"Colgan, Wendy T.",non-elite,1524,3056,4607,6209,7828,9488,11192,12842,1532,1551,1602,1619,1660,1704,1650
39209,"Foster, James",non-elite,1541,3006,4468,5964,7495,9156,10962,12776,1465,1462,1496,1531,1661,1806,1814
39210,"Dellapenta, Jen L",non-elite,1475,2988,4483,6033,7549,9279,11051,12758,1513,1495,1550,1516,1730,1772,1707
39211,"Davis, Vince M",non-elite,1382,2819,4279,5811,7416,9096,10834,12725,1437,1460,1532,1605,1680,1738,1891
39212,"Ozahowski, Tom",non-elite,1608,3213,4804,6386,7922,9515,11128,12774,1605,1591,1582,1536,1593,1613,1646
39213,"Brooks, Daniel",non-elite,1411,2947,4579,6267,7811,9444,11175,12783,1536,1632,1688,1544,1633,1731,1608
39214,"Holahan, Sandra L",non-elite,1527,3067,4623,6196,7781,9427,11145,12826,1540,1556,1573,1585,1646,1718,1681
39215,"Sejbl, Bob",non-elite,1471,3011,4543,6131,7700,9370,11151,12829,1540,1532,1588,1569,1670,1781,1678
39216,"Bottoms, Jonathan",non-elite,1290,2584,3871,5184,6510,8097,9801,12597,1294,1287,1313,1326,1587,1704,2796
39217,"Caira, Christina",non-elite,1394,2850,4411,6008,7644,9349,11115,12858,1456,1561,1597,1636,1705,1766,1743
39218,"Bradley, Meagan",non-elite,1517,3021,4517,6027,7561,9298,11010,12756,1504,1496,1510,1534,1737,1712,1746
39219,"Lloyd, Jennifer",non-elite,1554,3091,4638,6204,7766,9425,11129,12803,1537,1547,1566,1562,1659,1704,1674
39220,"Sullivan, Steve P",non-elite,1570,3157,4758,6342,7925,9575,11231,12839,1587,1601,1584,1583,1650,1656,1608
39221,"Kenzo, Kunii",non-elite,1451,2928,4404,5912,7414,9055,10978,12730,1477,1476,1508,1502,1641,1923,1752
39222,"Ressler, Lauren S",non-elite,1378,2750,4136,5562,7083,8692,10447,12269,1372,1386,1426,1521,1609,1755,1822
39223,"Comerchero, Victoria A",non-elite,1541,3105,4665,6268,7850,9493,11144,12793,1564,1560,1603,1582,1643,1651,1649
39224,"Lepore, Antoinette",non-elite,1510,3014,4538,6154,7724,9387,11115,12804,1504,1524,1616,1570,1663,1728,1689
39225,"Mascari, Anne M.",non-elite,1515,3023,4534,6134,7725,9401,11132,12828,1508,1511,1600,1591,1676,1731,1696
39226,"Zapata Olivares, Pablo Andres Sr.",non-elite,1425,2853,4305,5801,7355,9037,10866,12730,1428,1452,1496,1554,1682,1829,1864
39227,"Vilhauer, Haley N",non-elite,1524,3039,4560,6112,7681,9361,11158,12850,1515,1521,1552,1569,1680,1797,1692
39228,"Nascimento, Vania G.",non-elite,1535,3057,4608,6200,7821,9493,11178,12829,1522,1551,1592,1621,1672,1685,1651
39229,"Mitchell, Robby",non-elite,1411,2819,4262,5833,7432,9139,10930,12742,1408,1443,1571,1599,1707,1791,1812
39230,"Young, Riya",non-elite,1478,2965,4476,6019,7596,9257,11015,12865,1487,1511,1543,1577,1661,1758,1850
39231,"Weyrens, Diane",non-elite,1385,2837,4392,6025,7612,9303,11184,12839,1452,1555,1633,1587,1691,1881,1655
39232,"Johnson, John D.",non-elite,1562,3172,4784,6406,7987,9641,11289,12859,1610,1612,1622,1581,1654,1648,1570
39233,"Miller, Thomas P",non-elite,1459,2962,4484,6039,7600,9255,10981,12727,1503,1522,1555,1561,1655,1726,1746
39234,"Beatty, Paula",non-elite,1532,3076,4641,6247,7852,9525,11202,12839,1544,1565,1606,1605,1673,1677,1637
39235,"Crawford, Florence B",non-elite,1523,3089,4663,6248,7836,9441,11095,12801,1566,1574,1585,1588,1605,1654,1706
39236,"Spillman, Katherine M",non-elite,1488,3016,4545,6120,7719,9431,11139,12838,1528,1529,1575,1599,1712,1708,1699
39237,"Helgemo, Stephen L. Jr.",non-elite,1525,3056,4585,6115,7648,9294,11005,12742,1531,1529,1530,1533,1646,1711,1737
39238,"Dansie, Elizabeth",non-elite,1581,3160,4758,6351,7911,9467,11248,12858,1579,1598,1593,1560,1556,1781,1610
39239,"Barbee, Kristie",non-elite,1588,3225,4770,6360,7932,9610,11229,12878,1637,1545,1590,1572,1678,1619,1649
39240,"Martin Ralph, Larissa A",non-elite,1387,2810,4277,5919,7631,9378,11169,12839,1423,1467,1642,1712,1747,1791,1670
39241,"Lemanski, Allison",non-elite,1454,2903,4389,5951,7525,9178,10930,12745,1449,1486,1562,1574,1653,1752,1815
39242,"Tencate, David",non-elite,1496,2986,4493,6038,7622,9310,11103,12831,1490,1507,1545,1584,1688,1793,1728
39243,"Almand, Amanda L",non-elite,1484,2924,4399,5927,7481,9145,10939,12746,1440,1475,1528,1554,1664,1794,1807
39244,"Ward, Meghan A",non-elite,1485,2966,4491,6174,7772,9467,11146,12824,1481,1525,1683,1598,1695,1679,1678
39245,"Lurie, Julia",non-elite,1470,2931,4411,5957,7529,9321,11157,12883,1461,1480,1546,1572,1792,1836,1726
39246,"Baca, Carey M.",non-elite,1358,2744,4183,5706,7305,9052,10883,12734,1386,1439,1523,1599,1747,1831,1851
39247,"Hasegawa, Naomi",non-elite,1567,3068,4559,6104,7673,9396,11131,12819,1501,1491,1545,1569,1723,1735,1688
39248,"Salimin, Muriel",non-elite,1536,3092,4636,6192,7749,9353,11016,12755,1556,1544,1556,1557,1604,1663,1739
39249,"Williams, Sara",non-elite,1547,3106,4665,6239,7797,9413,11080,12809,1559,1559,1574,1558,1616,1667,1729
39250,"Salinas, Delia X",non-elite,1492,2954,4453,6033,7615,9333,11051,12777,1462,1499,1580,1582,1718,1718,1726
39251,"Bissoli, Gianluca",non-elite,1345,2724,4150,5667,7232,8886,10754,12761,1379,1426,1517,1565,1654,1868,2007
39252,"Velazquez, Kimberly A",non-elite,1546,3081,4634,6206,7764,9413,11112,12810,1535,1553,1572,1558,1649,1699,1698
39253,"Bannan, John",non-elite,1403,2828,4246,5845,7347,9128,10978,12774,1425,1418,1599,1502,1781,1850,1796
39254,"Mayack, Aileen C",non-elite,1386,2771,4304,5935,7547,9252,10999,12858,1385,1533,1631,1612,1705,1747,1859
39255,"Macaluso, Rhea E.",non-elite,1480,2966,4484,6019,7541,9108,10842,12815,1486,1518,1535,1522,1567,1734,1973
39256,"Wolfe, John D.",non-elite,1340,2625,3900,5216,6599,8106,10039,12423,1285,1275,1316,1383,1507,1933,2384
39257,"Roberts, Darbi",non-elite,1453,2869,4276,5713,7214,8921,10803,12590,1416,1407,1437,1501,1707,1882,1787
39258,"Walters, Neal G",non-elite,1421,2859,4300,5782,7373,9120,10927,12821,1438,1441,1482,1591,1747,1807,1894
39259,"Schwietz, Mark B.",non-elite,1453,2868,4276,5713,7214,8921,10803,12590,1415,1408,1437,1501,1707,1882,1787
39260,"Mills, Katherine R",non-elite,1513,3023,4532,6053,7605,9265,11064,12796,1510,1509,1521,1552,1660,1799,1732
39261,"Paterson, Mary F",non-elite,1520,3054,4615,6196,7784,9443,11170,12842,1534,1561,1581,1588,1659,1727,1672
39262,"Stracke, Bettina",non-elite,1565,3141,4716,6333,7917,9549,11218,12826,1576,1575,1617,1584,1632,1669,1608
39263,"Stiritz, Hans",non-elite,1471,2936,4420,5921,7455,9130,10935,12736,1465,1484,1501,1534,1675,1805,1801
39264,"Pandiscio, Curt",non-elite,1501,2982,4470,6029,7637,9346,11101,12832,1481,1488,1559,1608,1709,1755,1731
39265,"First, Jill M",non-elite,1565,3167,4773,6355,7950,9606,11253,12854,1602,1606,1582,1595,1656,1647,1601
39266,"Driscoll, James J.",non-elite,1534,3086,4659,6264,7877,9550,11243,12864,1552,1573,1605,1613,1673,1693,1621
39267,"McMillin, Alex W.",non-elite,1461,2916,4467,6165,7719,9364,11065,12742,1455,1551,1698,1554,1645,1701,1677
39268,"Von Euw, Peter M",non-elite,1461,2916,4466,6163,7718,9363,11064,12742,1455,1550,1697,1555,1645,1701,1678
39269,"Thorwick, Gina",non-elite,1514,3033,4561,6116,7769,9460,11149,12859,1519,1528,1555,1653,1691,1689,1710
39270,"Domermuth, Lauren A",non-elite,1432,2851,4300,6224,7848,9531,11269,12864,1419,1449,1924,1624,1683,1738,1595
39271,"Hansen, Brooke L.",non-elite,1465,2966,4502,6099,7702,9377,11104,12830,1501,1536,1597,1603,1675,1727,1726
39272,"Watt, Douglas A",non-elite,1509,3013,4542,6124,7724,9391,11119,12810,1504,1529,1582,1600,1667,1728,1691
39273,"Cowart, Jessica",non-elite,1444,2891,4360,5936,7609,9362,11180,12847,1447,1469,1576,1673,1753,1818,1667
39274,"Arceo, Dina L",non-elite,1520,3070,4646,6279,7866,9527,11198,12835,1550,1576,1633,1587,1661,1671,1637
39275,"O'Connor, Michael",non-elite,1424,2899,4450,6059,7686,9388,11123,12821,1475,1551,1609,1627,1702,1735,1698
39276,"Pospisil, Aubrey K.",non-elite,1471,2924,4434,6065,7703,9426,11188,12860,1453,1510,1631,1638,1723,1762,1672
39277,"Cartes, Claudia A.",non-elite,1486,2967,4452,5976,7519,9164,10920,12815,1481,1485,1524,1543,1645,1756,1895
39278,"Landeros, Claudia",non-elite,1580,3106,4650,6311,7904,9576,11264,12855,1526,1544,1661,1593,1672,1688,1591
39279,"Blackmore, Larry G.",non-elite,1569,3112,4644,6214,7810,9453,11140,12799,1543,1532,1570,1596,1643,1687,1659
39280,"Juuti, Petri S.",non-elite,1461,2952,4447,6039,7678,9385,11110,12823,1491,1495,1592,1639,1707,1725,1713
39281,"Rodriguez, Angie",non-elite,1516,3061,4645,6229,7813,9447,11140,12819,1545,1584,1584,1584,1634,1693,1679
39282,"Ehmann, Steven",non-elite,1481,2993,4527,6113,7704,9354,11191,12851,1512,1534,1586,1591,1650,1837,1660
39283,"Ozbolt, Joe",non-elite,1619,3207,4803,6413,8007,9626,11251,12856,1588,1596,1610,1594,1619,1625,1605
39284,"Henderson, Jesse I.",non-elite,1154,2308,3472,4634,5845,7373,11587,12968,1154,1164,1162,1211,1528,4214,1381
39285,"Kelso, Lina",non-elite,1527,3031,4539,6077,7644,9318,11090,12782,1504,1508,1538,1567,1674,1772,1692
39286,"Costa, Lisa",non-elite,1573,3163,4776,6393,7999,9661,11282,12857,1590,1613,1617,1606,1662,1621,1575
39287,"Fulton, Max",non-elite,1324,2653,4012,5436,6903,8527,10384,12634,1329,1359,1424,1467,1624,1857,2250
39288,"Flaherty, James L",non-elite,1453,2868,4282,5791,7331,9057,10927,12749,1415,1414,1509,1540,1726,1870,1822
39289,"Bae, Jiwon",non-elite,1688,3051,4494,5995,7539,9257,11056,12792,1363,1443,1501,1544,1718,1799,1736
39290,"Brann-Barrett, Mary Tanya",non-elite,1447,2904,4383,5938,7548,9259,11024,12791,1457,1479,1555,1610,1711,1765,1767
39291,"Ling, Chen",non-elite,1330,2678,4134,5741,7392,9120,10925,12758,1348,1456,1607,1651,1728,1805,1833
39292,"Bourret, Valerie",non-elite,1353,2789,4290,6025,7783,9459,11164,12847,1436,1501,1735,1758,1676,1705,1683
39293,"Nickerson, Victor D",non-elite,1536,3046,4578,6114,7642,9223,10890,12675,1510,1532,1536,1528,1581,1667,1785
39294,"Frasca, Carey A",non-elite,1448,2923,4423,5973,7672,9456,11197,12887,1475,1500,1550,1699,1784,1741,1690
39295,"Troy, Megan H",non-elite,1577,3149,4695,6288,7896,9597,11337,12905,1572,1546,1593,1608,1701,1740,1568
39296,"Csikos, Michael J Jr.",non-elite,1411,2864,4342,5889,7512,9276,11082,12810,1453,1478,1547,1623,1764,1806,1728
39297,"Hausmann, Peter",non-elite,1613,3199,4780,6381,7976,9621,11280,12875,1586,1581,1601,1595,1645,1659,1595
39298,"Geyer, Jamie L",non-elite,1427,2860,4388,5994,7640,9321,11081,12783,1433,1528,1606,1646,1681,1760,1702
39299,"Neidermeyer, Joe M.",non-elite,1572,3060,4591,6106,7669,9328,11042,12830,1488,1531,1515,1563,1659,1714,1788
39300,"Faria, Fil",non-elite,1411,2832,4272,5753,7283,8953,10931,12808,1421,1440,1481,1530,1670,1978,1877
39301,"Ball, Catey A",non-elite,1542,3097,4690,6284,7876,9535,11214,12848,1555,1593,1594,1592,1659,1679,1634
39302,"Flanagan, Michael B.",non-elite,1439,2887,4319,5815,7380,9001,10875,12803,1448,1432,1496,1565,1621,1874,1928
39303,"Corey, Jeanne M",non-elite,1559,3154,4744,6354,7956,9597,11253,12841,1595,1590,1610,1602,1641,1656,1588
39304,"Dalmas, Susana",non-elite,1556,3146,4736,6337,7906,9555,11220,12830,1590,1590,1601,1569,1649,1665,1610
39305,"Miranda Zambrano, Maura Jaqueline",non-elite,1475,3001,4574,6184,7777,9429,11125,12812,1526,1573,1610,1593,1652,1696,1687
39306,"Osorio, Luis H. Sr.",non-elite,1535,3032,4575,6199,7790,9459,11190,12840,1497,1543,1624,1591,1669,1731,1650
39307,"Kultgen, Karla A",non-elite,1476,2932,4454,5963,7478,9180,11022,12817,1456,1522,1509,1515,1702,1842,1795
39308,"Bates, Alexis",non-elite,1558,3123,4723,6350,7958,9608,11270,12875,1565,1600,1627,1608,1650,1662,1605
39309,"Neusch, Holly A",non-elite,1522,3042,4588,6154,7728,9376,11100,12810,1520,1546,1566,1574,1648,1724,1710
39310,"McFarland, Ryan",non-elite,1253,2498,3781,5164,6728,8607,10508,12719,1245,1283,1383,1564,1879,1901,2211
39311,"Goetzl, Lauren G.",non-elite,1487,3002,4534,6066,7608,9215,10939,12866,1515,1532,1532,1542,1607,1724,1927
39312,"Simpson, Angelique",non-elite,1485,2948,4416,5969,7551,9230,10983,12815,1463,1468,1553,1582,1679,1753,1832
39313,"Verdiel, Marc S",non-elite,1434,2870,4285,5747,7227,8834,10567,12779,1436,1415,1462,1480,1607,1733,2212
39314,"Grue, Sarah C",non-elite,1443,2891,4358,5950,7601,9320,11117,12861,1448,1467,1592,1651,1719,1797,1744
39315,"Astley, Graham J",non-elite,1493,2996,4517,6052,7624,9289,11084,12826,1503,1521,1535,1572,1665,1795,1742
39316,"Mammoliti, Domenic",non-elite,1468,2908,4373,5871,7355,8935,10889,12798,1440,1465,1498,1484,1580,1954,1909
39317,"Scott, Rachel",non-elite,1563,3099,4628,6170,7726,9354,11042,12837,1536,1529,1542,1556,1628,1688,1795
39318,"Stephen, Laura C",non-elite,1601,3207,4830,6467,8092,9737,11368,12919,1606,1623,1637,1625,1645,1631,1551
39319,"Sterling, Danielle",non-elite,1493,3006,4529,6103,7705,9394,11153,12880,1513,1523,1574,1602,1689,1759,1727
39320,"Oh, Peter",non-elite,1430,2804,4211,5653,7167,8899,10903,12792,1374,1407,1442,1514,1732,2004,1889
39321,"Chladek, Tom",non-elite,1606,3123,4712,6234,7778,9439,11167,12806,1517,1589,1522,1544,1661,1728,1639
39322,"Patterson, Ciaran",non-elite,1454,2928,4403,5900,7486,9304,11065,12782,1474,1475,1497,1586,1818,1761,1717
39323,"Henderson, Jocelyn M",non-elite,1513,3036,4597,6196,7784,9463,11160,12819,1523,1561,1599,1588,1679,1697,1659
39324,"Bergey, Darla M",non-elite,1520,3010,4491,6017,7575,9271,11024,12798,1490,1481,1526,1558,1696,1753,1774
39325,"Merwarth, Michael",non-elite,1364,2795,4303,5876,7445,9168,10977,12793,1431,1508,1573,1569,1723,1809,1816
39326,"Vording, Jen L",non-elite,1449,2917,4459,6043,7663,9329,11093,12806,1468,1542,1584,1620,1666,1764,1713
39327,"Clary, Amy E.",non-elite,1613,3229,4821,6438,8043,9674,11307,12896,1616,1592,1617,1605,1631,1633,1589
39328,"Clark, Benjamin",non-elite,1561,3096,4570,6014,7529,9138,10869,12747,1535,1474,1444,1515,1609,1731,1878
39329,"Williams, Stephanie",non-elite,1571,3136,4720,6306,7889,9565,11278,12899,1565,1584,1586,1583,1676,1713,1621
39330,"Dominick, Kim",non-elite,1518,3039,4564,6109,7675,9324,11052,12805,1521,1525,1545,1566,1649,1728,1753
39331,"Boyle, Edward F.",non-elite,1595,3100,4616,6167,7678,9332,11161,12793,1505,1516,1551,1511,1654,1829,1632
39332,"Lovell, Katy H.",non-elite,1518,3039,4564,6109,7674,9324,11051,12804,1521,1525,1545,1565,1650,1727,1753
39333,"Dubeau, France",non-elite,1589,3208,4807,6414,8008,9634,11304,12893,1619,1599,1607,1594,1626,1670,1589
39334,"Kimmel, Lindsay B",non-elite,1489,2961,4447,5969,7518,9167,10920,12769,1472,1486,1522,1549,1649,1753,1849
39335,"Dennany, Shawn",non-elite,1187,2369,3614,4921,6461,8268,10391,12817,1182,1245,1307,1540,1807,2123,2426
39336,"Altendorf, Timothy K.",non-elite,1513,3034,4565,6136,7718,9352,11078,12812,1521,1531,1571,1582,1634,1726,1734
39337,"Raymond, Elizabeth J",non-elite,1525,3076,4637,6224,7841,9525,11232,12859,1551,1561,1587,1617,1684,1707,1627
39338,"Bruce, James",non-elite,1433,2895,4368,5860,7357,8978,10790,12724,1462,1473,1492,1497,1621,1812,1934
39339,"Therond, Laurent R.",non-elite,1494,2943,4390,5912,7501,9221,11021,12807,1449,1447,1522,1589,1720,1800,1786
39340,"Cacciapaglia, Jake",non-elite,1670,3236,4803,6337,7837,9372,11029,12850,1566,1567,1534,1500,1535,1657,1821
39341,"Tran, Mai",non-elite,1488,2984,4514,6069,7634,9270,10959,12627,1496,1530,1555,1565,1636,1689,1668
39342,"Krapac, Mary",non-elite,1637,3270,4884,6499,8061,9679,11336,12893,1633,1614,1615,1562,1618,1657,1557
39343,"Starratt, Charlene M.",non-elite,1561,3119,4683,6273,7853,9528,11210,12849,1558,1564,1590,1580,1675,1682,1639
39344,"McInerney, Michelle",non-elite,1529,3061,4629,6278,7929,9615,11295,12896,1532,1568,1649,1651,1686,1680,1601
39345,"Ono, Tetsuo",non-elite,1483,3014,4516,6060,7638,9345,11115,12857,1531,1502,1544,1578,1707,1770,1742
39346,"Desmond, Denis",non-elite,1332,2684,4057,5486,7055,8670,10481,12679,1352,1373,1429,1569,1615,1811,2198
39347,"Roemer, Robyn",non-elite,1514,3016,4512,6046,7794,9647,11328,12915,1502,1496,1534,1748,1853,1681,1587
39348,"Lutz, Sarah J",non-elite,1450,2896,4354,5980,7673,9339,11104,12829,1446,1458,1626,1693,1666,1765,1725
39349,"Kaneb, Gary R",non-elite,1459,2975,4531,6136,7756,9426,11142,12829,1516,1556,1605,1620,1670,1716,1687
39350,"Short, Cassandra L.",non-elite,1560,3148,4743,6350,7937,9580,11237,12878,1588,1595,1607,1587,1643,1657,1641
39351,"Gamber, Adam",non-elite,1620,3070,4502,5945,7429,9021,10860,12803,1450,1432,1443,1484,1592,1839,1943
39352,"Sabin, Jenn",non-elite,1568,3158,4732,6330,7900,9515,11166,12851,1590,1574,1598,1570,1615,1651,1685
39353,"Aikin, John L",non-elite,1541,3089,4645,6234,7824,9493,11205,12863,1548,1556,1589,1590,1669,1712,1658
39354,"Fitzgerald, Michael P. Sr.",non-elite,1504,2999,4522,6125,7755,9417,11166,12858,1495,1523,1603,1630,1662,1749,1692
39355,"Perkins, Jennifer L.",non-elite,1405,2808,4239,5737,7274,8984,10840,12765,1403,1431,1498,1537,1710,1856,1925
39356,"Lamph, Kariesa J",non-elite,1540,3101,4685,6257,7850,9513,11204,12858,1561,1584,1572,1593,1663,1691,1654
39357,"Robert, Edith",non-elite,1613,3204,4792,6392,8005,9649,11302,12899,1591,1588,1600,1613,1644,1653,1597
39358,"Boulanger, Caroline",non-elite,1613,3204,4792,6392,8005,9649,11301,12899,1591,1588,1600,1613,1644,1652,1598
39359,"Stroh, Rachel M",non-elite,1425,2877,4372,5920,7475,9133,10884,12748,1452,1495,1548,1555,1658,1751,1864
39360,"Frommer, Marc",non-elite,1574,3149,4714,6292,7868,9484,11159,12835,1575,1565,1578,1576,1616,1675,1676
39361,"Fierro, Martin",non-elite,1412,2853,4360,5927,7509,9183,10988,12798,1441,1507,1567,1582,1674,1805,1810
39362,"Dibartolomeo, Joseph",non-elite,1439,2935,4402,5943,7515,9186,11068,12763,1496,1467,1541,1572,1671,1882,1695
39363,"Carlson, Brian",non-elite,1473,2909,4386,5944,7590,9332,11153,12869,1436,1477,1558,1646,1742,1821,1716
39364,"Kearnan, Kathleen H.",non-elite,1609,3154,4694,6259,7850,9491,11190,12860,1545,1540,1565,1591,1641,1699,1670
39365,"Coutts, Ericka",non-elite,1609,3154,4694,6259,7850,9491,11190,12860,1545,1540,1565,1591,1641,1699,1670
39366,"Keeves, Andrew O",non-elite,1436,2857,4314,5872,7495,9028,10619,12582,1421,1457,1558,1623,1533,1591,1963
39367,"Neugebauer, Amy J",non-elite,1570,3161,4703,6247,7795,9401,11127,12867,1591,1542,1544,1548,1606,1726,1740
39368,"Schulte, Kate",non-elite,1613,3226,4884,6475,8077,9734,11379,12906,1613,1658,1591,1602,1657,1645,1527
39369,"Turner, Daniel",non-elite,1323,2645,4019,5509,7081,8925,10739,12792,1322,1374,1490,1572,1844,1814,2053
39370,"Hatwell, Brianna J.",non-elite,1557,3088,4630,6204,7788,9459,11182,12868,1531,1542,1574,1584,1671,1723,1686
39371,"Mittelman, Alexandra",non-elite,1577,3169,4758,6352,7945,9603,11279,12887,1592,1589,1594,1593,1658,1676,1608
39372,"Ayan, Katherine R",non-elite,1466,2929,4408,5922,7461,9104,10982,12798,1463,1479,1514,1539,1643,1878,1816
39373,"Kim, Taejin",non-elite,1527,2881,4222,5583,7010,8743,10695,12676,1354,1341,1361,1427,1733,1952,1981
39374,"Clark, Timothy P.",non-elite,1523,3047,4599,6169,7722,9328,11022,12775,1524,1552,1570,1553,1606,1694,1753
39375,"Falck, Phillip R",non-elite,1475,2947,4400,5894,7378,8941,10736,12629,1472,1453,1494,1484,1563,1795,1893
39376,"Reynolds, Angela",non-elite,1483,2976,4506,6123,7817,9502,11276,12900,1493,1530,1617,1694,1685,1774,1624
39377,"Janick, Tim",non-elite,1476,2948,4408,5894,7381,8952,10736,12629,1472,1460,1486,1487,1571,1784,1893
39378,"Morrow, Katherine A",non-elite,1414,2851,4359,6037,7670,9367,11092,12848,1437,1508,1678,1633,1697,1725,1756
39379,"Funch, Paul G",non-elite,1515,3035,4570,6131,7696,9333,11047,12802,1520,1535,1561,1565,1637,1714,1755
39380,"Zhu, Kevin",non-elite,1433,2886,4347,5900,7500,9245,11151,12824,1453,1461,1553,1600,1745,1906,1673
39381,"Lundin, Tom",non-elite,1462,2940,4429,5973,7552,9233,10991,12809,1478,1489,1544,1579,1681,1758,1818
39382,"Holt, Rebecca L",non-elite,1594,3159,4718,6293,7847,9475,11144,12818,1565,1559,1575,1554,1628,1669,1674
39383,"Oppenheim, Carolyn M",non-elite,1531,3046,4578,6165,7780,9470,11213,12884,1515,1532,1587,1615,1690,1743,1671
39384,"Martinez, Richard D",non-elite,1556,3071,4588,6139,7688,9337,11063,12830,1515,1517,1551,1549,1649,1726,1767
39385,"Nathanson, Brittany L",non-elite,1492,2971,4454,5961,7479,9123,10946,12753,1479,1483,1507,1518,1644,1823,1807
39386,"Gillanders, Robert",non-elite,1325,2659,4005,5415,6990,8729,10690,12861,1334,1346,1410,1575,1739,1961,2171
39387,"Adesilu, Stuart A",non-elite,1439,2879,4318,5824,7411,9290,11118,12849,1440,1439,1506,1587,1879,1828,1731
39388,"Zoeller, Lara",non-elite,1409,2862,4372,5988,7652,9414,11209,12865,1453,1510,1616,1664,1762,1795,1656
39389,"Silva, Jaclyn",non-elite,1554,3063,4577,6120,7696,9343,11099,12831,1509,1514,1543,1576,1647,1756,1732
39390,"Mckenna, Heather K",non-elite,1488,3069,4702,6315,7922,9583,11255,12865,1581,1633,1613,1607,1661,1672,1610
39391,"Lukaschewski, Michelle L",non-elite,1547,3095,4666,6275,7863,9531,11213,12870,1548,1571,1609,1588,1668,1682,1657
39392,"Macisaac, Andrew",non-elite,1438,2897,4377,5935,7648,9296,11062,12836,1459,1480,1558,1713,1648,1766,1774
39393,"Grenier, Fanny",non-elite,1518,3085,4702,6343,7955,9614,11283,12890,1567,1617,1641,1612,1659,1669,1607
39394,"Klostreich, Joan C",non-elite,1553,3093,4636,6208,7794,9457,11152,12840,1540,1543,1572,1586,1663,1695,1688
39395,"Asgeirsson, Amanda K",non-elite,1442,2912,4417,5964,7559,9258,11031,12835,1470,1505,1547,1595,1699,1773,1804
39396,"Cho, Yung Hae",non-elite,1511,3003,4531,6108,7870,9558,11233,12879,1492,1528,1577,1762,1688,1675,1646
39397,"Slaughter, Jessica H.",non-elite,1439,2933,4454,6025,7633,9358,11127,12867,1494,1521,1571,1608,1725,1769,1740
39398,"Crane, Shannon",non-elite,1618,3179,4735,6283,7841,9467,11183,12864,1561,1556,1548,1558,1626,1716,1681
39399,"Maillette, Francois",non-elite,1480,3007,4534,6065,7610,9262,10965,12818,1527,1527,1531,1545,1652,1703,1853
39400,"Glick, Daniel M",non-elite,1389,2756,4150,5667,7292,9158,10960,12806,1367,1394,1517,1625,1866,1802,1846
39401,"Rankin, Monica",non-elite,1474,2943,4458,6018,7596,9281,11041,12814,1469,1515,1560,1578,1685,1760,1773
39402,"Langhans, Hartmut",non-elite,1493,3021,4590,6190,7809,9484,11197,12853,1528,1569,1600,1619,1675,1713,1656
39403,"Foster, Kelli A.",non-elite,1446,2939,4450,5990,7629,9305,11051,12858,1493,1511,1540,1639,1676,1746,1807
39404,"Chambless, Amy",non-elite,1466,2951,4454,5995,7570,9271,11055,12792,1485,1503,1541,1575,1701,1784,1737
39405,"Greco, Annette",non-elite,1570,3093,4614,6193,7785,9447,11183,12831,1523,1521,1579,1592,1662,1736,1648
39406,"Ueki, Brandon M",non-elite,1278,2569,3852,5208,7429,9214,11229,12826,1291,1283,1356,2221,1785,2015,1597
39407,"Fowler, Melissa",non-elite,1540,3094,4643,6212,7788,9427,11132,12819,1554,1549,1569,1576,1639,1705,1687
39408,"Logel, Chris",non-elite,1489,2979,4473,6061,7647,9320,11039,12774,1490,1494,1588,1586,1673,1719,1735
39409,"Moya, Terese Y",non-elite,1590,3187,4783,6386,7962,9588,11240,12899,1597,1596,1603,1576,1626,1652,1659
39410,"Luukkonen, Steve M",non-elite,1256,2505,3751,5013,6289,7743,9620,12470,1249,1246,1262,1276,1454,1877,2850
39411,"Sweeney, Rob",non-elite,1537,3098,4663,6295,7890,9578,11245,12870,1561,1565,1632,1595,1688,1667,1625
39412,"Rorrer, Britney L",non-elite,1479,2977,4495,6053,7628,9291,11151,12873,1498,1518,1558,1575,1663,1860,1722
39413,"Cocozza, Nicole J",non-elite,1473,2966,4489,6106,7667,9324,11073,12843,1493,1523,1617,1561,1657,1749,1770
39414,"Efron, Stephanie L",non-elite,1554,3130,4732,6334,7931,9551,11211,12856,1576,1602,1602,1597,1620,1660,1645
39415,"Shores, Dale",non-elite,1467,2959,4473,6052,7671,9361,11102,12857,1492,1514,1579,1619,1690,1741,1755
39416,"Will, Joy L",non-elite,1434,2888,4356,5877,7417,9042,10857,12816,1454,1468,1521,1540,1625,1815,1959
39417,"Felipetto, Adriana",non-elite,1591,3187,4800,6402,7983,9624,11276,12884,1596,1613,1602,1581,1641,1652,1608
39418,"Brown, Margaret B.",non-elite,1416,2808,4205,5646,7170,8930,10770,12762,1392,1397,1441,1524,1760,1840,1992
39419,"Peterson, Jeffrey M",non-elite,1593,3126,4633,6153,7684,9348,11068,12797,1533,1507,1520,1531,1664,1720,1729
39420,"Wind, Tara",non-elite,1593,3126,4633,6153,7684,9348,11069,12798,1533,1507,1520,1531,1664,1721,1729
39421,"Martini-Stoica, Heidi",non-elite,1498,2992,4541,6114,7699,9369,11145,12866,1494,1549,1573,1585,1670,1776,1721
39422,"Malone, Brett F",non-elite,1454,2908,4346,5801,7297,8980,10838,12738,1454,1438,1455,1496,1683,1858,1900
39423,"Vella, Paul M",non-elite,1459,2900,4366,5872,7389,9000,10864,12802,1441,1466,1506,1517,1611,1864,1938
39424,"Wallis, Lindsey J",non-elite,1421,2864,4355,5907,7516,9177,11204,12872,1443,1491,1552,1609,1661,2027,1668
39425,"Vess, Melissa",non-elite,1422,2826,4246,5766,7371,9132,11025,12776,1404,1420,1520,1605,1761,1893,1751
39426,"Urquilla, Roberto W",non-elite,1325,2648,3988,5380,6868,8601,10674,12632,1323,1340,1392,1488,1733,2073,1958
39427,"Wright, Janae",non-elite,1589,3154,4721,6300,7877,9542,11261,12900,1565,1567,1579,1577,1665,1719,1639
39428,"Mcdonald, Johanna L",non-elite,1529,3058,4592,6133,7705,9374,11128,12827,1529,1534,1541,1572,1669,1754,1699
39429,"Bedard, Crystal D",non-elite,1533,3027,4548,6111,7709,9382,11116,12832,1494,1521,1563,1598,1673,1734,1716
39430,"Panner, Aaron M",non-elite,1449,2955,4537,6148,7790,9444,11147,12836,1506,1582,1611,1642,1654,1703,1689
39431,"Bruce, Susan",non-elite,1488,2973,4480,6024,7575,9213,10967,12791,1485,1507,1544,1551,1638,1754,1824
39432,"Sosnowski, Marc L",non-elite,1291,2662,4095,5716,7466,9304,11107,12861,1371,1433,1621,1750,1838,1803,1754
39433,"Suckling, Adrian",non-elite,1485,2904,4342,5835,7348,9026,10888,12747,1419,1438,1493,1513,1678,1862,1859
39434,"Johnston, Lisa H.",non-elite,1530,3097,4689,6308,7921,9598,11283,12892,1567,1592,1619,1613,1677,1685,1609
39435,"Young, Robert P.",non-elite,1513,2931,4400,5944,7547,9334,11105,12859,1418,1469,1544,1603,1787,1771,1754
39436,"Ainsworth, Alan P.",non-elite,1454,2927,4411,5915,7420,9058,10908,12779,1473,1484,1504,1505,1638,1850,1871
39437,"Bregman, Jacob",non-elite,1414,2844,4260,5747,7281,8920,10722,12679,1430,1416,1487,1534,1639,1802,1957
39438,"McReynolds, Merrie R.",non-elite,1441,2877,4324,5768,7215,8816,10786,12760,1436,1447,1444,1447,1601,1970,1974
39439,"Vincent, Amelia",non-elite,1593,3144,4692,6265,7843,9488,11192,12866,1551,1548,1573,1578,1645,1704,1674
39440,"Vallejo, Kirk",non-elite,1582,3143,4713,6294,7866,9529,11274,12886,1561,1570,1581,1572,1663,1745,1612
39441,"Glaser, Angelina L.",non-elite,1456,2942,4484,6062,7722,9363,11030,12835,1486,1542,1578,1660,1641,1667,1805
39442,"Egan, Claire E",non-elite,1550,3122,4704,6308,7888,9534,11230,12906,1572,1582,1604,1580,1646,1696,1676
39443,"Lee, Sarah J.",non-elite,1530,3078,4573,6111,7605,9253,10952,12803,1548,1495,1538,1494,1648,1699,1851
39444,"Mccreary, Lisa",non-elite,1496,3025,4580,6216,7763,9409,11131,12864,1529,1555,1636,1547,1646,1722,1733
39445,"Larsen, Jim",non-elite,1488,2966,4479,6031,7594,9267,11001,12779,1478,1513,1552,1563,1673,1734,1778
39446,"Mondello, Michael J.",non-elite,1478,2887,4307,5769,7267,9057,10930,12822,1409,1420,1462,1498,1790,1873,1892
39447,"Racicot, Marie-Eve",non-elite,1454,2909,4391,5919,7510,9230,11081,12826,1455,1482,1528,1591,1720,1851,1745
39448,"Turner, Craig D.",non-elite,1316,2670,4195,5787,7382,9093,11001,12800,1354,1525,1592,1595,1711,1908,1799
39449,"Ross, Stuart E",non-elite,1374,2761,4153,5593,7101,8759,10659,12686,1387,1392,1440,1508,1658,1900,2027
39450,"Cormier, Gilles",non-elite,1432,2972,4522,6100,7719,9433,11146,12867,1540,1550,1578,1619,1714,1713,1721
39451,"Valentino, Lauren",non-elite,1542,3111,4713,6331,7909,9515,11220,12894,1569,1602,1618,1578,1606,1705,1674
39452,"Moynihan, Ryan M. Sr.",non-elite,1632,3063,4488,5995,7551,9221,11011,12847,1431,1425,1507,1556,1670,1790,1836
39453,"Edwards, Oren D",non-elite,1383,2880,4367,5953,7546,9271,11040,12821,1497,1487,1586,1593,1725,1769,1781
39454,"Durante, Kathleen T.",non-elite,1382,2846,4410,6151,7829,9554,11260,12904,1464,1564,1741,1678,1725,1706,1644
39455,"Carmical, Phil",non-elite,1496,2969,4464,6010,7612,9379,11152,12809,1473,1495,1546,1602,1767,1773,1657
39456,"Caro, Michele",non-elite,1530,3071,4605,6178,7781,9476,11227,12932,1541,1534,1573,1603,1695,1751,1705
39457,"Wood, Mark",non-elite,1421,2862,4323,5873,7439,9111,10905,12773,1441,1461,1550,1566,1672,1794,1868
39458,"Quiring, Todd R",non-elite,1271,2546,3846,5216,7027,9088,11108,12839,1275,1300,1370,1811,2061,2020,1731
39459,"Inderbitzin, Cary T",non-elite,1518,3001,4485,6008,7542,9121,10825,12758,1483,1484,1523,1534,1579,1704,1933
39460,"Matsuo, Miki",non-elite,1541,3089,4634,6201,7780,9416,11131,12865,1548,1545,1567,1579,1636,1715,1734
39461,"Tan, Bernie",non-elite,1462,2907,4339,5929,7655,9669,11437,12932,1445,1432,1590,1726,2014,1768,1495
39462,"Stadnyk, John M",non-elite,1441,2960,4548,6180,7763,9443,11176,12866,1519,1588,1632,1583,1680,1733,1690
39463,"Kerr, Wendy M",non-elite,1548,3064,4580,6204,7783,9435,11177,12883,1516,1516,1624,1579,1652,1742,1706
39464,"Garza, Sandra O",non-elite,1534,3095,4682,6284,7885,9542,11221,12866,1561,1587,1602,1601,1657,1679,1645
39465,"Barkhouser, Robert H",non-elite,1510,2996,4492,6015,7540,9214,10998,12781,1486,1496,1523,1525,1674,1784,1783
39466,"Hansen, Kim A",non-elite,1508,3006,4498,6013,7567,9251,11033,12843,1498,1492,1515,1554,1684,1782,1810
39467,"Coffey, Kayla",non-elite,1537,3073,4629,6226,7817,9475,11158,12856,1536,1556,1597,1591,1658,1683,1698
39468,"Remondi, Siusi M",non-elite,1444,2915,4397,5912,7474,9217,10998,12846,1471,1482,1515,1562,1743,1781,1848
39469,"Rodeno, Kristin L",non-elite,1575,3181,4779,6414,8007,9653,11304,12888,1606,1598,1635,1593,1646,1651,1584
39470,"Bilboe, Michael J.",non-elite,1456,2910,4412,5990,7644,9374,11160,12874,1454,1502,1578,1654,1730,1786,1714
39471,"Paez, Jennifer",non-elite,1596,3190,4783,6367,7953,9565,11181,12851,1594,1593,1584,1586,1612,1616,1670
39472,"Nelson, Jacki",non-elite,1471,2956,4462,6002,7670,9399,11135,12817,1485,1506,1540,1668,1729,1736,1682
39473,"Rooney, Timothy P.",non-elite,1563,3095,4644,6186,7734,9363,11081,12836,1532,1549,1542,1548,1629,1718,1755
39474,"Drouillard, Jesula",non-elite,1466,3145,4728,6289,7861,9529,11219,12875,1679,1583,1561,1572,1668,1690,1656
39475,"Ladka, Terri M",non-elite,1419,2859,4395,5968,7541,9211,10999,12754,1440,1536,1573,1573,1670,1788,1755
39476,"Ruah, Frederique",non-elite,1397,2872,4382,5985,7596,9289,11064,12850,1475,1510,1603,1611,1693,1775,1786
39477,"Alter, Doug",non-elite,1588,3172,4768,6380,7972,9610,11273,12890,1584,1596,1612,1592,1638,1663,1617
39478,"Garrett, Julie M.",non-elite,1473,3000,4529,6073,7641,9280,11095,12863,1527,1529,1544,1568,1639,1815,1768
39479,"Castillo, Alejandro",non-elite,1449,2833,4235,5708,7222,8862,10781,12807,1384,1402,1473,1514,1640,1919,2026
39480,"Laplander, Erin L",non-elite,1433,2905,4422,6015,7661,9387,11148,12913,1472,1517,1593,1646,1726,1761,1765
39481,"Wanke, Willa",non-elite,1526,3052,4588,6171,7775,9425,11139,12833,1526,1536,1583,1604,1650,1714,1694
39482,"Leoncavallo, Paul L",non-elite,1380,2818,4319,5890,7484,9170,10992,12802,1438,1501,1571,1594,1686,1822,1810
39483,"Neal, Robert L",non-elite,1503,3002,4500,6025,7547,9129,11019,12846,1499,1498,1525,1522,1582,1890,1827
39484,"Nelson, Brad B",non-elite,1520,3090,4651,6254,7851,9478,11155,12860,1570,1561,1603,1597,1627,1677,1705
39486,"Satterfield, Alan",non-elite,1297,2683,4128,5722,7373,9091,10919,12823,1386,1445,1594,1651,1718,1828,1904
39487,"Harden, Cliff B",non-elite,1527,3001,4499,6013,7593,9271,11033,12821,1474,1498,1514,1580,1678,1762,1788
39488,"Egan, Kate",non-elite,1474,2963,4503,6047,7618,9270,10962,12820,1489,1540,1544,1571,1652,1692,1858
39489,"D'Arbasie, Wendy S",non-elite,1570,3098,4626,6169,7708,9344,11104,12857,1528,1528,1543,1539,1636,1760,1753
39490,"Lavery, Sheila A",non-elite,1533,3084,4645,6236,7826,9469,11161,12837,1551,1561,1591,1590,1643,1692,1676
39491,"Holt, Chad E.",non-elite,1301,2594,3903,5305,7014,8751,10789,12793,1293,1309,1402,1709,1737,2038,2004
39492,"Morris, Michael A",non-elite,1449,2971,4518,6111,7735,9454,11209,12875,1522,1547,1593,1624,1719,1755,1666
39493,"Driggs, Ryan",non-elite,1578,3195,4786,6432,8014,9651,11316,12897,1617,1591,1646,1582,1637,1665,1581
39494,"Neal, Kevin D.",non-elite,1583,3179,4761,6364,7911,9546,11244,12873,1596,1582,1603,1547,1635,1698,1629
39495,"Strobel, Ashley",non-elite,1335,2712,4211,5856,7534,9390,11198,12899,1377,1499,1645,1678,1856,1808,1701
39496,"Chen, Peiweng",non-elite,1335,2712,4211,5856,7534,9390,11199,12899,1377,1499,1645,1678,1856,1809,1700
39497,"Chang, Ivan",non-elite,1450,2933,4427,5954,7538,9236,11130,12868,1483,1494,1527,1584,1698,1894,1738
39498,"Edwards, Michael G",non-elite,1433,2879,4351,5872,7493,9150,10869,12782,1446,1472,1521,1621,1657,1719,1913
39499,"McRae, Basil P.",non-elite,1477,2962,4471,6023,7601,9247,10989,12788,1485,1509,1552,1578,1646,1742,1799
39500,"Mccarthy, James E Jr.",non-elite,1508,3037,4553,6084,7634,9258,10984,12768,1529,1516,1531,1550,1624,1726,1784
39501,"Wiley, Kristi",non-elite,1424,2884,4431,6053,7684,9397,11067,12801,1460,1547,1622,1631,1713,1670,1734
39502,"Minorik, Jay M",non-elite,1571,3170,4722,6271,7807,9378,10925,12879,1599,1552,1549,1536,1571,1547,1954
39503,"Stone, Glenn J.",non-elite,1472,2919,4397,5939,7494,9175,10964,12783,1447,1478,1542,1555,1681,1789,1819
39504,"Macdonald, Ian",non-elite,1468,2979,4498,6069,7641,9332,11074,12833,1511,1519,1571,1572,1691,1742,1759
39505,"Knott, Mark",non-elite,1508,3031,4560,6108,7691,9365,11143,12865,1523,1529,1548,1583,1674,1778,1722
39506,"Heitzman, Jen",non-elite,1479,2944,4475,6033,7678,9385,11278,12893,1465,1531,1558,1645,1707,1893,1615
39507,"Longstreet, Debra M.",non-elite,1564,3147,4768,6361,7945,9582,11210,12821,1583,1621,1593,1584,1637,1628,1611
39508,"Ngo, Steve Q.",non-elite,1402,2798,4241,5767,7350,9072,10952,12794,1396,1443,1526,1583,1722,1880,1842
39509,"Wright, Joe",non-elite,1537,3065,4570,6147,7724,9395,11084,12809,1528,1505,1577,1577,1671,1689,1725
39510,"Georgis, Lisa",non-elite,1549,3077,4615,6189,7783,9440,11174,12852,1528,1538,1574,1594,1657,1734,1678
39511,"Slepian, Jodi",non-elite,1603,3210,4834,6426,7999,9617,11331,12913,1607,1624,1592,1573,1618,1714,1582
39512,"Efimova, Maria",non-elite,1508,3012,4545,6112,7700,9389,11124,12850,1504,1533,1567,1588,1689,1735,1726
39513,"Ward, Terrie",non-elite,1601,3168,4773,6388,7978,9631,11284,12900,1567,1605,1615,1590,1653,1653,1616
39514,"Karkos, Kelsey",non-elite,1335,2684,4129,5654,7304,9092,10906,12778,1349,1445,1525,1650,1788,1814,1872
39515,"Goggin, Michelle",non-elite,1584,3163,4733,6334,8276,9884,11500,12993,1579,1570,1601,1942,1608,1616,1493
39516,"O'Connor, Kevin J",non-elite,1368,2832,4254,5756,7317,9054,11046,12842,1464,1422,1502,1561,1737,1992,1796
39517,"Carpenter, Bobby E.",non-elite,1592,3182,4762,6342,7915,9534,11194,12878,1590,1580,1580,1573,1619,1660,1684
39518,"Kammerer, Richard E",non-elite,1526,3030,4538,6062,7649,9335,11185,12856,1504,1508,1524,1587,1686,1850,1671
39519,"Jensen, Lars L",non-elite,1519,3060,4615,6179,7751,9378,11190,12883,1541,1555,1564,1572,1627,1812,1693
39520,"Chin, Carena E",non-elite,1524,3136,4754,6330,7910,9614,11340,12925,1612,1618,1576,1580,1704,1726,1585
39521,"Anderson, Jasmyn",non-elite,1422,2909,4509,5962,7858,9453,11129,12879,1487,1600,1453,1896,1595,1676,1750
39522,"Christie, Denise E.",non-elite,1844,3411,4910,6432,7950,9508,11148,12876,1567,1499,1522,1518,1558,1640,1728
39523,"Thornton, Kristin",non-elite,1548,3103,4646,6211,7783,9481,11183,12881,1555,1543,1565,1572,1698,1702,1698
39524,"Beland, Alain",non-elite,1575,3152,4736,6360,7960,9592,11260,12902,1577,1584,1624,1600,1632,1668,1642
39525,"Olsen, Jody E.",non-elite,1550,3087,4655,6299,7997,9711,11290,12903,1537,1568,1644,1698,1714,1579,1613
39526,"Cataldi, Ginny",non-elite,1518,3034,4568,6131,7730,9442,11222,12913,1516,1534,1563,1599,1712,1780,1691
39527,"Hughes, Gregory",non-elite,1544,3069,4587,6146,7684,9326,11073,12832,1525,1518,1559,1538,1642,1747,1759
39528,"Zappala, Lisa M",non-elite,1515,3076,4647,6241,7831,9484,11170,12862,1561,1571,1594,1590,1653,1686,1692
39529,"Williams, Norman G. III",non-elite,1482,2979,4485,6041,7623,9368,11157,12897,1497,1506,1556,1582,1745,1789,1740
39530,"Mckenna, David",non-elite,1521,3058,4617,6169,7708,9292,10996,12831,1537,1559,1552,1539,1584,1704,1835
39531,"Driediger, Douglas D",non-elite,1573,3119,4683,6276,7898,9558,11251,12910,1546,1564,1593,1622,1660,1693,1659
39532,"Bridle, Michelle R.",non-elite,1435,2877,4347,5942,7536,9238,11050,12834,1442,1470,1595,1594,1702,1812,1784
39533,"Sahnd, Kevin",non-elite,1485,2951,4440,6056,7662,9492,11267,12933,1466,1489,1616,1606,1830,1775,1666
39534,"Jurkus, Arunas",non-elite,1400,2806,4243,5751,7283,8897,10547,12831,1406,1437,1508,1532,1614,1650,2284
39535,"Smithey, Danny L",non-elite,1520,3048,4574,6131,7700,9355,11150,12855,1528,1526,1557,1569,1655,1795,1705
39536,"Kalkhurst Burbo, Kirsten",non-elite,1552,3092,4632,6173,7723,9348,11107,12842,1540,1540,1541,1550,1625,1759,1735
39537,"Cook, David C.",non-elite,1550,3099,4644,6192,7745,9349,10999,12813,1549,1545,1548,1553,1604,1650,1814
39538,"Osborn, Alicia",non-elite,1453,2882,4368,6042,7725,9482,11240,12922,1429,1486,1674,1683,1757,1758,1682
39539,"Bautista, Natalie",non-elite,1513,2986,4484,6040,7638,9338,11086,12839,1473,1498,1556,1598,1700,1748,1753
39540,"Colaianni, Sarah",non-elite,1512,2931,4400,5919,7496,9219,11067,12870,1419,1469,1519,1577,1723,1848,1803
39541,"Sauvigne, Brian",non-elite,1562,3103,4642,6189,7753,9383,11070,12815,1541,1539,1547,1564,1630,1687,1745
39542,"Sexton, Carol",non-elite,1492,3002,4557,6153,7734,9420,11141,12869,1510,1555,1596,1581,1686,1721,1728
39543,"Gwozdz, Joseph J.",non-elite,1596,3179,4750,6355,7951,9620,11315,12935,1583,1571,1605,1596,1669,1695,1620
39544,"Babbin, Michael W",non-elite,1377,2803,4281,5840,7451,9172,10990,12794,1426,1478,1559,1611,1721,1818,1804
39545,"Drelick, Ailsa J.",non-elite,1556,3125,4658,6221,7800,9471,11212,12899,1569,1533,1563,1579,1671,1741,1687
39546,"Shalom, Jocelin E.",non-elite,1622,3216,4801,6390,7987,9629,11284,12920,1594,1585,1589,1597,1642,1655,1636
39547,"Cruickshank, Nicholas C.",non-elite,1566,3085,4595,6108,7648,9256,10999,12856,1519,1510,1513,1540,1608,1743,1857
39548,"Adler, Robyn",non-elite,1430,2998,4598,6210,7818,9511,11228,12881,1568,1600,1612,1608,1693,1717,1653
39549,"Clingen, Mark",non-elite,1266,2518,3803,5118,6422,7792,9233,12015,1252,1285,1315,1304,1370,1441,2782
39550,"Lavoie, Marc",non-elite,1261,2546,3853,5200,6582,8061,10281,12775,1285,1307,1347,1382,1479,2220,2494
39551,"Davis, Brit C",non-elite,1473,2950,4430,6065,7622,9246,10997,12807,1477,1480,1635,1557,1624,1751,1810
39552,"Buehler, Liz Cummings",non-elite,1452,2940,4586,6163,7750,9411,11143,12903,1488,1646,1577,1587,1661,1732,1760
39553,"Delgado, Juan Martin Sr.",non-elite,1472,2954,4429,5934,7451,9036,10821,12767,1482,1475,1505,1517,1585,1785,1946
39554,"Rykowski, Colleen E",non-elite,1302,2691,4258,5984,7666,9360,11176,12913,1389,1567,1726,1682,1694,1816,1737
39555,"Lo, Kin Hing",non-elite,1332,2691,4046,5410,6980,8780,10842,12791,1359,1355,1364,1570,1800,2062,1949
39556,"Leung, Wing Kin",non-elite,1332,2690,4047,5413,6981,8807,10842,12794,1358,1357,1366,1568,1826,2035,1952
39557,"Travnicek, Lindsay",non-elite,1408,2881,4305,5778,7250,8872,10698,12761,1473,1424,1473,1472,1622,1826,2063
39558,"Allen, Jeff J.",non-elite,1498,3002,4503,6003,7504,9102,10886,12764,1504,1501,1500,1501,1598,1784,1878
39559,"Berndt, Barbara A",non-elite,1578,3136,4703,6328,7962,9599,11266,12880,1558,1567,1625,1634,1637,1667,1614
39560,"Boily, Nicolas",non-elite,1579,3150,4704,6268,7857,9528,11239,12912,1571,1554,1564,1589,1671,1711,1673
39561,"Anthony, Larry",non-elite,1469,2989,4518,6107,7717,9329,11057,12841,1520,1529,1589,1610,1612,1728,1784
39562,"Yeo, Carolyn J.",non-elite,1449,2943,4459,6049,7672,9406,11210,12886,1494,1516,1590,1623,1734,1804,1676
39563,"Wheeler, Timothy J",non-elite,1438,2895,4348,5811,7258,8823,10679,12737,1457,1453,1463,1447,1565,1856,2058
39564,"Sansregret, Andree",non-elite,1579,3150,4705,6268,7857,9528,11240,12912,1571,1555,1563,1589,1671,1712,1672
39565,"Bivona, Todd T.",non-elite,1753,3413,5039,6638,8188,9803,11403,12977,1660,1626,1599,1550,1615,1600,1574
39566,"Hare, Meg",non-elite,1446,2908,4388,5961,7564,9249,11004,12863,1462,1480,1573,1603,1685,1755,1859
39567,"Stehly, Kristin M",non-elite,1445,2903,4411,6006,7618,9312,11068,12850,1458,1508,1595,1612,1694,1756,1782
39568,"Nagata, Toshiyuki",non-elite,1540,3063,4586,6171,7758,9470,11196,12878,1523,1523,1585,1587,1712,1726,1682
39569,"Strang, Marie D",non-elite,1505,3047,4607,6196,7826,9481,11219,12906,1542,1560,1589,1630,1655,1738,1687
39570,"Renouf, Gay",non-elite,1571,3147,4742,6353,7956,9615,11291,12912,1576,1595,1611,1603,1659,1676,1621
39571,"Wiggins, Beth",non-elite,1555,3137,4720,6327,7915,9556,11242,12869,1582,1583,1607,1588,1641,1686,1627
39572,"Hernandez, Nicole M.",non-elite,1505,2997,4501,6090,7759,9565,11319,12946,1492,1504,1589,1669,1806,1754,1627
39573,"Jones, Jessica",non-elite,1446,2888,4340,5794,7278,8921,10701,12722,1442,1452,1454,1484,1643,1780,2021
39574,"Dobson, Martha Y.",non-elite,1487,3010,4561,6144,7715,9392,11127,12866,1523,1551,1583,1571,1677,1735,1739
39575,"Schmalz, Juliet M.",non-elite,1565,3145,4718,6283,7858,9492,11193,12877,1580,1573,1565,1575,1634,1701,1684
39576,"Gayek, Peter W.",non-elite,1548,3098,4651,6231,7810,9472,11226,12891,1550,1553,1580,1579,1662,1754,1665
39577,"Audet, Danic",non-elite,1279,2547,3804,5069,6340,7661,9143,12961,1268,1257,1265,1271,1321,1482,3818
39578,"Pennington, Elliot C.",non-elite,1525,3012,4509,5994,7486,9120,10981,12819,1487,1497,1485,1492,1634,1861,1838
39579,"Stark, Jenna N.",non-elite,1483,2987,4523,6063,7628,9299,11045,12838,1504,1536,1540,1565,1671,1746,1793
39580,"Salazar, Malena",non-elite,1539,3044,4567,6127,7705,9327,11239,12899,1505,1523,1560,1578,1622,1912,1660
39581,"Rohleder, Max",non-elite,1404,2842,4338,5863,7420,9071,10829,12855,1438,1496,1525,1557,1651,1758,2026
39582,"Bolanos, Carmen",non-elite,1505,3030,4587,6160,7771,9438,11208,12876,1525,1557,1573,1611,1667,1770,1668
39583,"Martino, Jodi A.",non-elite,1478,2985,4541,6166,7779,9472,11213,12895,1507,1556,1625,1613,1693,1741,1682
39584,"Mercier, Tammy J.",non-elite,1524,3040,4542,6088,7660,9407,11206,12884,1516,1502,1546,1572,1747,1799,1678
39585,"Bucher, Amy L.",non-elite,1544,3068,4590,6141,7706,9331,11090,12850,1524,1522,1551,1565,1625,1759,1760
39586,"Everts, Steve",non-elite,1541,3083,4614,6184,7729,9326,10993,12819,1542,1531,1570,1545,1597,1667,1826
39587,"Koch, Kassie A.",non-elite,1504,2991,4500,6029,7592,9268,11126,12898,1487,1509,1529,1563,1676,1858,1772
39588,"Pacheco, Andres",non-elite,1324,2730,4158,5624,7263,9015,11198,12986,1406,1428,1466,1639,1752,2183,1788
39589,"Martinez, Brianna C.",non-elite,1506,3038,4610,6225,7833,9516,11239,12906,1532,1572,1615,1608,1683,1723,1667
39590,"White, Nicole",non-elite,1415,2904,4438,6041,7666,9429,11216,12888,1489,1534,1603,1625,1763,1787,1672
39591,"Thurston, Shari L.",non-elite,1610,3210,4798,6396,7993,9613,11244,12851,1600,1588,1598,1597,1620,1631,1607
39592,"Bechtloff, Bernd",non-elite,1628,3225,4811,6408,7996,9628,11271,12901,1597,1586,1597,1588,1632,1643,1630
39593,"Posner, Lily G.",non-elite,1441,2833,4254,5740,7311,9063,11049,12878,1392,1421,1486,1571,1752,1986,1829
39594,"Stimpson, Mark",non-elite,1489,3021,4635,6207,7846,9530,11237,12898,1532,1614,1572,1639,1684,1707,1661
39595,"Casey, Maryetta",non-elite,1556,3134,4725,6325,7896,9522,11182,12863,1578,1591,1600,1571,1626,1660,1681
39596,"Schmit, Scott J.",non-elite,1670,3264,4853,6413,7997,9635,11296,12917,1594,1589,1560,1584,1638,1661,1621
39597,"Cullinane, Joan B.",non-elite,1400,2894,4405,5942,7531,9236,11013,12826,1494,1511,1537,1589,1705,1777,1813
39598,"Riding, Charmin A",non-elite,1489,3019,4559,6142,7754,9469,11218,12875,1530,1540,1583,1612,1715,1749,1657
39599,"O'Malley, William",non-elite,1640,3135,4647,6191,7783,9451,11129,12876,1495,1512,1544,1592,1668,1678,1747
39600,"Repice, Victoria",non-elite,1601,3156,4743,6342,7936,9587,11275,12905,1555,1587,1599,1594,1651,1688,1630
39601,"Reagan, Jill M",non-elite,1568,3146,4721,6313,7919,9571,11242,12919,1578,1575,1592,1606,1652,1671,1677
39602,"Cutler, Melissa",non-elite,1498,3031,4613,6249,7876,9554,11274,12911,1533,1582,1636,1627,1678,1720,1637
39603,"Crowley, Maire M.",non-elite,1546,3075,4605,6139,7745,9436,11154,12875,1529,1530,1534,1606,1691,1718,1721
39604,"Longchamp, Caroline",non-elite,1532,3061,4624,6230,7831,9532,11281,12937,1529,1563,1606,1601,1701,1749,1656
39605,"Snow, Jennifer",non-elite,1591,3208,4804,6440,8046,9655,11299,12913,1617,1596,1636,1606,1609,1644,1614
39606,"Lambert, Theresa",non-elite,1449,2936,4465,6080,7759,9474,11209,12904,1487,1529,1615,1679,1715,1735,1695
39607,"Lax, Richard",non-elite,1384,2771,4211,5640,7112,8735,10746,12904,1387,1440,1429,1472,1623,2011,2158
39608,"Richey, Christopher",non-elite,1476,2943,4445,5940,7509,9132,10976,12851,1467,1502,1495,1569,1623,1844,1875
39609,"Benzinger, Sabrina B",non-elite,1532,3037,4558,6101,7650,9410,11313,12931,1505,1521,1543,1549,1760,1903,1618
39610,"Pischedda, Karen",non-elite,1602,3182,4777,6367,7939,9586,11241,12885,1580,1595,1590,1572,1647,1655,1644
39611,"Beaudry, Odette",non-elite,1498,3017,4587,6190,7787,9465,11182,12861,1519,1570,1603,1597,1678,1717,1679
39612,"Mcadams, Vicky",non-elite,1552,3104,4654,6229,7806,9445,11169,12854,1552,1550,1575,1577,1639,1724,1685
39613,"Sun, Chengwu",non-elite,1274,2566,4028,5633,7235,9023,10894,12893,1292,1462,1605,1602,1788,1871,1999
39614,"Metry, Denise W",non-elite,1594,3178,4753,6359,7972,9617,11351,12941,1584,1575,1606,1613,1645,1734,1590
39615,"Lee, Jason J",non-elite,1435,2980,4497,6085,7690,9388,11153,12900,1545,1517,1588,1605,1698,1765,1747
39616,"Coble, Amanda",non-elite,1548,3123,4683,6243,7792,9416,11136,12855,1575,1560,1560,1549,1624,1720,1719
39617,"Martini, Elisa",non-elite,1436,2891,4377,5945,7572,9323,11177,12919,1455,1486,1568,1627,1751,1854,1742
39618,"Dubois, Joe",non-elite,1505,2957,4438,5970,7483,9193,11048,12862,1452,1481,1532,1513,1710,1855,1814
39619,"Learmonth, Yvonne C",non-elite,1546,3133,4714,6317,7944,9632,11299,12917,1587,1581,1603,1627,1688,1667,1618
39620,"Daly, Daniel P.",non-elite,1494,2973,4475,5990,7513,9156,10956,12869,1479,1502,1515,1523,1643,1800,1913
39621,"Crutchfield, Mallory A",non-elite,1487,3020,4627,6235,7842,9494,11213,12887,1533,1607,1608,1607,1652,1719,1674
39622,"Grimes, Robert",non-elite,1459,2884,4318,5800,7375,9153,11009,12839,1425,1434,1482,1575,1778,1856,1830
39623,"Cohen, Abraham",non-elite,1554,3059,4624,6173,7763,9439,11157,12874,1505,1565,1549,1590,1676,1718,1717
39624,"Blackburn, Heather A",non-elite,1470,2927,4389,5896,7466,9238,11050,12909,1457,1462,1507,1570,1772,1812,1859
39625,"Kitchens, Susie L.",non-elite,1635,3195,4744,6289,7851,9481,11166,12871,1560,1549,1545,1562,1630,1685,1705
39626,"Isgard, Bengt",non-elite,1420,2880,4401,5979,7586,9298,11102,12861,1460,1521,1578,1607,1712,1804,1759
39627,"Breault, Kelly",non-elite,1549,3094,4672,6262,7861,9545,11239,12909,1545,1578,1590,1599,1684,1694,1670
39628,"Kunstmann, Amanda",non-elite,1449,2922,4417,5956,7538,9230,11063,12865,1473,1495,1539,1582,1692,1833,1802
39629,"Bauer, Andrea M",non-elite,1516,3039,4579,6128,7705,9379,11223,12886,1523,1540,1549,1577,1674,1844,1663
39630,"Wolf, Kristina M",non-elite,1429,2890,4485,6129,7804,9511,11295,12924,1461,1595,1644,1675,1707,1784,1629
39631,"Mcfadden, Kelly",non-elite,1614,3192,4772,6355,7933,9528,11204,12857,1578,1580,1583,1578,1595,1676,1653
39632,"Williams, James E.",non-elite,1528,3041,4598,6184,7767,9406,11106,12838,1513,1557,1586,1583,1639,1700,1732
39633,"Lin, Wei Sr.",non-elite,1465,2938,4443,5990,7583,9316,11120,12864,1473,1505,1547,1593,1733,1804,1744
39634,"Wiegand, Charles A.",non-elite,1485,2880,4316,5799,7318,8962,10693,12718,1395,1436,1483,1519,1644,1731,2025
39635,"Oborn, Patrick K.",non-elite,1665,3204,4712,6228,7750,9411,11176,12926,1539,1508,1516,1522,1661,1765,1750
39636,"Horgesheimer, Jason J",non-elite,1432,2906,4442,6055,7623,9301,11093,12870,1474,1536,1613,1568,1678,1792,1777
39637,"Sherriff, Graham",non-elite,1364,2783,4283,5842,7494,9201,10953,12803,1419,1500,1559,1652,1707,1752,1850
39638,"Polkovitch, Jenn",non-elite,1517,3026,4533,6061,7620,9262,10999,12838,1509,1507,1528,1559,1642,1737,1839
39639,"Hart, Robert J",non-elite,1351,2724,4161,5628,7203,8868,10742,12750,1373,1437,1467,1575,1665,1874,2008
39640,"Sawicki, Jeffrey",non-elite,1370,2747,4139,5576,7056,8725,10675,12650,1377,1392,1437,1480,1669,1950,1975
39641,"Seabrook, Ruth A.",non-elite,1543,3141,4767,6377,7986,9647,11303,12923,1598,1626,1610,1609,1661,1656,1620
39642,"Donabedian, Christine A",non-elite,1480,2989,4524,6095,7711,9438,11200,12888,1509,1535,1571,1616,1727,1762,1688
39643,"Garrison, Mick",non-elite,1345,2731,4287,5896,7551,9291,11161,12898,1386,1556,1609,1655,1740,1870,1737
39644,"Tranchina, Sara",non-elite,1443,2932,4502,6085,7703,9391,11122,12866,1489,1570,1583,1618,1688,1731,1744
39645,"Donabedian, Mike",non-elite,1480,2982,4525,6095,7711,9438,11194,12888,1502,1543,1570,1616,1727,1756,1694
39646,"Druhan, Charlene",non-elite,1569,3173,4754,6378,8034,9698,11359,12940,1604,1581,1624,1656,1664,1661,1581
39647,"Clark, Stephanie",non-elite,1448,2930,4427,6005,7628,9299,11050,12833,1482,1497,1578,1623,1671,1751,1783
39648,"Rivera, Jose W.",non-elite,1579,3175,4759,6368,8040,9755,11436,12971,1596,1584,1609,1672,1715,1681,1535
39649,"Chulliat, Olivier",non-elite,1207,2480,3847,5268,6780,8739,10677,12911,1273,1367,1421,1512,1959,1938,2234
39650,"Marcelis, Heide",non-elite,1533,3059,4600,6159,7708,9308,10925,12794,1526,1541,1559,1549,1600,1617,1869
39651,"Lies, Mike",non-elite,1561,3136,4716,6311,7919,9572,11258,12924,1575,1580,1595,1608,1653,1686,1666
39652,"Plava, Liliana",non-elite,1543,3093,4683,6294,7899,9596,11323,12944,1550,1590,1611,1605,1697,1727,1621
39653,"Julius, Nicole B.",non-elite,1560,3056,4569,6120,7717,9375,11148,12903,1496,1513,1551,1597,1658,1773,1755
39654,"Taragna, Melissa M",non-elite,1368,2844,4389,5985,7623,9325,11107,12878,1476,1545,1596,1638,1702,1782,1771
39656,"Robinson-Jones, Kaitlyn",non-elite,1463,2967,4480,6028,7585,9220,10941,12802,1504,1513,1548,1557,1635,1721,1861
39657,"Noxon, Jennifer L",non-elite,1586,3160,4749,6342,7976,9627,11289,12915,1574,1589,1593,1634,1651,1662,1626
39658,"Ebeling, Scott",non-elite,1287,2540,3807,5119,6479,8019,9819,12823,1253,1267,1312,1360,1540,1800,3004
39659,"Goodfellow, Laura E.",non-elite,1404,2821,4347,5996,7642,9369,11246,12931,1417,1526,1649,1646,1727,1877,1685
39660,"Ball, Gary",non-elite,1334,2657,4015,5483,7029,8698,10600,12724,1323,1358,1468,1546,1669,1902,2124
39661,"Boudreau, Joey P.",non-elite,1382,2747,4120,5526,6954,8511,10413,12676,1365,1373,1406,1428,1557,1902,2263
39662,"Cannon, Calleen A",non-elite,1565,3109,4660,6233,7814,9448,11170,12876,1544,1551,1573,1581,1634,1722,1706
39663,"Kozlowski, Paige",non-elite,1583,3110,4605,6234,7853,9534,11210,12922,1527,1495,1629,1619,1681,1676,1712
39664,"Harpel, Jennifer M.",non-elite,1431,2849,4335,5878,7495,9167,11006,12907,1418,1486,1543,1617,1672,1839,1901
39665,"Johnson, Keirsa",non-elite,1638,3190,4718,6271,7813,9444,11180,12884,1552,1528,1553,1542,1631,1736,1704
39666,"Bentley, Bettina B",non-elite,1560,3104,4672,6281,7899,9584,11304,12932,1544,1568,1609,1618,1685,1720,1628
39667,"Varanelli, Christine K",non-elite,1598,3180,4768,6365,7956,9602,11279,12896,1582,1588,1597,1591,1646,1677,1617
39668,"Malooly, Alicia P",non-elite,1517,3064,4617,6196,7771,9418,11125,12868,1547,1553,1579,1575,1647,1707,1743
39669,"Ferreri, Anthony",non-elite,1347,2722,4139,5602,7121,8741,10938,12793,1375,1417,1463,1519,1620,2197,1855
39670,"Dean, John",non-elite,1375,2783,4222,5723,7253,8884,10957,12825,1408,1439,1501,1530,1631,2073,1868
39671,"Hirsch, Jennifer",non-elite,1449,2902,4387,6065,7724,9468,11282,12933,1453,1485,1678,1659,1744,1814,1651
39672,"Debruyn, Kelly",non-elite,1598,3165,4753,6386,8006,9683,11372,12973,1567,1588,1633,1620,1677,1689,1601
39673,"Doucet, Valerie",non-elite,1562,3088,4634,6210,7798,9489,11205,12908,1526,1546,1576,1588,1691,1716,1703
39674,"Fox, Gigi",non-elite,1526,3061,4597,6177,7765,9410,11149,12906,1535,1536,1580,1588,1645,1739,1757
39675,"Sherwood, Lesley N",non-elite,1491,3021,4584,6168,7762,9479,11203,12947,1530,1563,1584,1594,1717,1724,1744
39676,"Puscasiu, Christian",non-elite,1308,2627,3976,5418,6944,8696,10785,12790,1319,1349,1442,1526,1752,2089,2005
39677,"Avila, Jessica L",non-elite,1566,3126,4702,6295,7904,9561,11230,12886,1560,1576,1593,1609,1657,1669,1656
39678,"Pham, Doug H",non-elite,1593,3172,4760,6379,7969,9576,11203,12861,1579,1588,1619,1590,1607,1627,1658
39679,"Nash, David",non-elite,1484,2983,4485,6069,7660,9334,11057,12833,1499,1502,1584,1591,1674,1723,1776
39680,"Larkin, Edmund J.",non-elite,1524,3050,4602,6197,7795,9493,11206,12927,1526,1552,1595,1598,1698,1713,1721
39681,"Lifschultz, Catherine",non-elite,1549,3110,4697,6267,7873,9500,11189,12876,1561,1587,1570,1606,1627,1689,1687
39682,"Jevtovic, Branko",non-elite,1447,2931,4464,6137,7800,9509,11242,12910,1484,1533,1673,1663,1709,1733,1668
39683,"Mcghee, Angela G",non-elite,1582,3161,4728,6290,7844,9470,11142,12847,1579,1567,1562,1554,1626,1672,1705
39684,"Silvis, Nicole L",non-elite,1476,2955,4508,6116,7739,9451,11211,12896,1479,1553,1608,1623,1712,1760,1685
39685,"Jones, Paul",non-elite,1405,2791,4187,5722,7207,8868,10719,12712,1386,1396,1535,1485,1661,1851,1993
39686,"Russo, Eric J.",non-elite,1590,3064,4554,6078,7654,9344,11134,12903,1474,1490,1524,1576,1690,1790,1769
39687,"Jayson, Stephen",non-elite,1482,3032,4595,6187,7758,9409,11112,12834,1550,1563,1592,1571,1651,1703,1722
39688,"Knapp, Robert C.",non-elite,1743,3340,4920,6614,8191,9797,11478,13015,1597,1580,1694,1577,1606,1681,1537
39689,"Elmquist, Will C",non-elite,1392,2798,4203,5646,7115,8796,10856,12904,1406,1405,1443,1469,1681,2060,2048
39690,"Weidensaul, Nicole",non-elite,1500,3023,4579,6176,7776,9469,11198,12906,1523,1556,1597,1600,1693,1729,1708
39691,"Douglas, Lindsey J.",non-elite,1545,3089,4633,6214,7816,9473,11180,12931,1544,1544,1581,1602,1657,1707,1751
39692,"Ephraim, Eliot",non-elite,1414,2868,4357,5885,7440,9081,10897,12880,1454,1489,1528,1555,1641,1816,1983
39693,"Mccallin, Kristi",non-elite,1399,2825,4381,5990,7799,9496,11238,12911,1426,1556,1609,1809,1697,1742,1673
39694,"Castro, Paula",non-elite,1547,3082,4659,6255,7877,9551,11244,12889,1535,1577,1596,1622,1674,1693,1645
39695,"Busse, Erika",non-elite,1511,3046,4569,6133,7698,9443,11200,12891,1535,1523,1564,1565,1745,1757,1691
39696,"Montigue, Tre",non-elite,1397,2790,4193,5713,7233,8954,11032,12850,1393,1403,1520,1520,1721,2078,1818
39697,"Devine, David C",non-elite,1550,3072,4611,6150,7692,9301,11225,12897,1522,1539,1539,1542,1609,1924,1672
39698,"Sullivan, Tim",non-elite,1396,2819,4243,5702,7252,8947,10837,12773,1423,1424,1459,1550,1695,1890,1936
39699,"Sherburne, Carrie A",non-elite,1434,2884,4370,5914,7529,9190,11206,12897,1450,1486,1544,1615,1661,2016,1691
39700,"Powers, Trevor R.",non-elite,1446,2903,4372,5859,7468,9247,11054,12865,1457,1469,1487,1609,1779,1807,1811
39701,"Annala, Bettysue",non-elite,1500,3010,4565,6171,7786,9448,11169,12856,1510,1555,1606,1615,1662,1721,1687
39702,"Miller, Emily H",non-elite,1501,3029,4569,6138,7722,9380,11099,12876,1528,1540,1569,1584,1658,1719,1777
39703,"Osborn, W. Craig",non-elite,1413,2835,4255,5776,7360,9147,11028,12907,1422,1420,1521,1584,1787,1881,1879
39704,"Thompson, Craig M",non-elite,1441,2910,4436,6104,7701,9392,11170,12896,1469,1526,1668,1597,1691,1778,1726
39705,"Lenhart, Vikki",non-elite,1573,3157,4746,6329,7896,9505,11231,12894,1584,1589,1583,1567,1609,1726,1663
39706,"Sproehnle, Jessica",non-elite,1563,3069,4574,6142,7767,9505,11231,12895,1506,1505,1568,1625,1738,1726,1664
39707,"Dryja, Monika",non-elite,1487,3029,4579,6153,7725,9404,11162,12880,1542,1550,1574,1572,1679,1758,1718
39708,"Anderson, Christopher N.",non-elite,1551,3112,4708,6309,7914,9567,11256,12917,1561,1596,1601,1605,1653,1689,1661
39709,"Soucie, Susan",non-elite,1563,3108,4621,6163,7737,9400,11103,12849,1545,1513,1542,1574,1663,1703,1746
39710,"Casey, Daniel J.",non-elite,1370,2772,4218,5726,7324,9057,10900,12896,1402,1446,1508,1598,1733,1843,1996
39711,"Boudreau, Marcel",non-elite,1556,3135,4711,6335,7951,9607,11288,12957,1579,1576,1624,1616,1656,1681,1669
39712,"Granatir, Charles E.",non-elite,1527,3030,4535,6057,7604,9243,11108,12876,1503,1505,1522,1547,1639,1865,1768
39713,"Emerson, Harry W. III",non-elite,1474,3012,4568,6190,7831,9526,11290,12935,1538,1556,1622,1641,1695,1764,1645
39714,"Mueller, Christof R.",non-elite,1455,2976,4539,6133,7740,9432,11144,12908,1521,1563,1594,1607,1692,1712,1764
39715,"Schmidt, Joanne",non-elite,1528,3075,4700,6274,7849,9484,11190,12895,1547,1625,1574,1575,1635,1706,1705
39716,"Heneghan, Mark",non-elite,1466,2938,4437,5946,7504,9194,10993,12797,1472,1499,1509,1558,1690,1799,1804
39717,"Witt, Kelly J.",non-elite,1578,3190,4769,6381,7992,9645,11359,12966,1612,1579,1612,1611,1653,1714,1607
39718,"Kern, Tanya M",non-elite,1488,2983,4494,6071,7656,9344,11104,12927,1495,1511,1577,1585,1688,1760,1823
39719,"Stumpff, James F.",non-elite,1606,3127,4664,6275,7814,9527,11256,12918,1521,1537,1611,1539,1713,1729,1662
39720,"Hanisko, Kaitlyn",non-elite,1532,3081,4636,6225,7816,9445,11146,12894,1549,1555,1589,1591,1629,1701,1748
39721,"Xu, Tibby",non-elite,1430,2928,4499,6087,7725,9427,11192,12889,1498,1571,1588,1638,1702,1765,1697
39722,"Ashton, Rachel",non-elite,1467,2975,4528,6165,7801,9495,11219,12892,1508,1553,1637,1636,1694,1724,1673
39723,"Cherry, Daniel",non-elite,1418,2848,4296,5784,7285,9007,10900,12872,1430,1448,1488,1501,1722,1893,1972
39724,"Ishibashi, Eriko",non-elite,1598,3179,4789,6419,8020,9659,11350,12940,1581,1610,1630,1601,1639,1691,1590
39725,"Jensen, Tracey",non-elite,1560,3082,4598,6164,7738,9413,11156,12899,1522,1516,1566,1574,1675,1743,1743
39726,"Elston, Whitney S.",non-elite,1468,3037,4568,6091,7668,9360,11165,12948,1569,1531,1523,1577,1692,1805,1783
39727,"Fagan, Francis",non-elite,1600,3266,4867,6435,8068,9701,11384,12937,1666,1601,1568,1633,1633,1683,1553
39728,"Bacher, Andreas",non-elite,1405,2859,4344,5890,7468,9154,10967,12846,1454,1485,1546,1578,1686,1813,1879
39729,"Dominguez, Maria",non-elite,1576,3148,4713,6312,7906,9548,11254,12912,1572,1565,1599,1594,1642,1706,1658
39730,"Bain, Robert",non-elite,1495,2970,4436,5943,7580,9298,11135,12889,1475,1466,1507,1637,1718,1837,1754
39731,"Mahoney, Steve A",non-elite,1464,2961,4502,6101,7728,9419,11150,12886,1497,1541,1599,1627,1691,1731,1736
39732,"Tan, Bernadette C.",non-elite,1521,3061,4638,6240,7850,9546,11268,12953,1540,1577,1602,1610,1696,1722,1685
39733,"Stacy, Ann C",non-elite,1525,3076,4666,6284,7941,9601,11304,12913,1551,1590,1618,1657,1660,1703,1609
39734,"Neville, Mark J",non-elite,1519,3001,4551,6184,7838,9636,11325,12939,1482,1550,1633,1654,1798,1689,1614
39735,"Hinze, Leslie",non-elite,1466,2962,4458,6080,7611,9231,10990,12837,1496,1496,1622,1531,1620,1759,1847
39736,"Lyng, Julia",non-elite,1585,3167,4743,6321,7992,9617,11271,12957,1582,1576,1578,1671,1625,1654,1686
39737,"Elford, Paul",non-elite,1547,3070,4579,6122,7685,9355,11108,12854,1523,1509,1543,1563,1670,1753,1746
39738,"Emison, Teresa M.",non-elite,1429,2900,4488,6020,7524,9206,10948,12906,1471,1588,1532,1504,1682,1742,1958
39739,"Martinez, Emilio J.",non-elite,1422,2862,4314,5861,7500,9243,11211,12852,1440,1452,1547,1639,1743,1968,1641
39740,"Ellsworth, Susan",non-elite,1565,3138,4712,6315,7903,9539,11235,12911,1573,1574,1603,1588,1636,1696,1676
39741,"Lim, Jose S.",non-elite,1661,3280,4867,6456,8029,9678,11340,12942,1619,1587,1589,1573,1649,1662,1602
39742,"Connaghan, Shannon",non-elite,1409,2860,4344,5860,7390,8977,10611,12907,1451,1484,1516,1530,1587,1634,2296
39743,"Lander, Tracey",non-elite,1532,3084,4645,6249,7836,9524,11263,12934,1552,1561,1604,1587,1688,1739,1671
39744,"Wandersee, Greg",non-elite,1542,3071,4620,6175,7719,9307,10964,12748,1529,1549,1555,1544,1588,1657,1784
39745,"Ringley, Katie A.",non-elite,1435,2857,4312,5802,7368,9119,10915,12923,1422,1455,1490,1566,1751,1796,2008
39746,"Reese, Mary Beth",non-elite,1474,2945,4406,5900,7408,9024,10872,12824,1471,1461,1494,1508,1616,1848,1952
39747,"Castanheiro, Monika",non-elite,1538,3082,4623,6170,7719,9410,11245,12886,1544,1541,1547,1549,1691,1835,1641
39748,"Bowman, Bethany B.",non-elite,1436,2858,4313,5802,7368,9119,10915,12923,1422,1455,1489,1566,1751,1796,2008
39749,"Yoshimoto, Kengo",non-elite,1180,2321,3559,4804,6071,7714,10412,13094,1141,1238,1245,1267,1643,2698,2682
39750,"Pilkington, Karen Caitlyn",non-elite,1534,3055,4596,6149,7732,9364,11039,12814,1521,1541,1553,1583,1632,1675,1775
39751,"Hamelink, Kris",non-elite,1599,3170,4735,6294,7838,9476,11178,12899,1571,1565,1559,1544,1638,1702,1721
39752,"Gray, Jonelle",non-elite,1468,2930,4412,5949,7517,9172,10986,12825,1462,1482,1537,1568,1655,1814,1839
39753,"Nonzeta, John M",non-elite,1575,3125,4660,6236,7815,9503,11207,12920,1550,1535,1576,1579,1688,1704,1713
39754,"Velez, Ulises",non-elite,1182,2418,3702,5071,6561,8414,10801,12712,1236,1284,1369,1490,1853,2387,1911
39755,"Fransen, Samuel J",non-elite,1249,2486,3831,5315,6802,8440,10278,12555,1237,1345,1484,1487,1638,1838,2277
39756,"Trutor, Amy",non-elite,1437,2867,4522,6043,7672,9319,11092,12895,1430,1655,1521,1629,1647,1773,1803
39757,"Iversen, Mark",non-elite,1483,3004,4528,6077,7623,9281,11059,12884,1521,1524,1549,1546,1658,1778,1825
39758,"Costa, Erin L.",non-elite,1500,3005,4556,6147,7748,9463,11219,12918,1505,1551,1591,1601,1715,1756,1699
39759,"Humphrey, Mark",non-elite,1429,2894,4364,5902,7500,9206,10990,12819,1465,1470,1538,1598,1706,1784,1829
39760,"Iannuzzi, Attilio",non-elite,1511,3013,4515,6071,7649,9366,11175,12895,1502,1502,1556,1578,1717,1809,1720
39761,"Eastcott, Brian J.",non-elite,1494,2979,4463,6028,7788,9531,11246,12935,1485,1484,1565,1760,1743,1715,1689
39762,"Feeney, Alice",non-elite,1584,3167,4747,6326,7926,9592,11308,12926,1583,1580,1579,1600,1666,1716,1618
39763,"Caine, Mark L",non-elite,1596,3197,4821,6420,7986,9637,11302,12965,1601,1624,1599,1566,1651,1665,1663
39764,"Quigley, Michael A Jr.",non-elite,1435,2870,4320,5827,7428,9178,10998,12891,1435,1450,1507,1601,1750,1820,1893
39765,"Donaldson, Mark E",non-elite,1514,3075,4626,6235,7821,9462,11239,12949,1561,1551,1609,1586,1641,1777,1710
39766,"Biller, Grechen",non-elite,1435,2870,4320,5827,7429,9179,10999,12892,1435,1450,1507,1602,1750,1820,1893
39767,"Wong, Norman",non-elite,1422,2848,4297,5766,7243,8837,10619,12661,1426,1449,1469,1477,1594,1782,2042
39768,"Biehn, Erika N.",non-elite,1555,3097,4665,6272,7881,9578,11299,12938,1542,1568,1607,1609,1697,1721,1639
39769,"Moran, Callie L",non-elite,1544,3059,4558,6108,7690,9371,11150,12915,1515,1499,1550,1582,1681,1779,1765
39770,"Nied, Ryan R",non-elite,1417,2832,4250,5667,7149,8742,10495,12787,1415,1418,1417,1482,1593,1753,2292
39771,"Williams, Andrew L",non-elite,1340,2686,4024,5643,7371,9159,11060,12904,1346,1338,1619,1728,1788,1901,1844
39772,"Miceli, Stacey A",non-elite,1564,3183,4791,6391,7993,9676,11362,12957,1619,1608,1600,1602,1683,1686,1595
39773,"Park, Holly",non-elite,1510,3012,4532,6093,7669,9355,11116,12879,1502,1520,1561,1576,1686,1761,1763
39774,"McGowan, Kathleen",non-elite,1495,2957,4423,5923,7866,9488,11212,12927,1462,1466,1500,1943,1622,1724,1715
39775,"Pearson, Kris",non-elite,1629,3263,4918,6582,8200,9814,11415,12988,1634,1655,1664,1618,1614,1601,1573
39776,"Williams, Tara R.",non-elite,1490,2977,4483,6027,7599,9278,11073,12876,1487,1506,1544,1572,1679,1795,1803
39777,"Donnelly, Brenn E",non-elite,1413,2846,4357,5964,7609,9369,11189,12941,1433,1511,1607,1645,1760,1820,1752
39778,"Davies, Glyn",non-elite,1461,2909,4353,5826,7298,8896,10883,12775,1448,1444,1473,1472,1598,1987,1892
39779,"Kohl, Shawna H",non-elite,1549,3131,4708,6320,7945,9607,11295,12957,1582,1577,1612,1625,1662,1688,1662
39780,"Ku, Wendy A",non-elite,1549,3131,4708,6320,7945,9607,11295,12957,1582,1577,1612,1625,1662,1688,1662
39781,"Case, Christine E",non-elite,1433,2849,4274,5766,7385,9070,10894,12782,1416,1425,1492,1619,1685,1824,1888
39782,"Moley, Timothy F Sr.",non-elite,1421,2868,4315,5865,7445,9177,11041,12908,1447,1447,1550,1580,1732,1864,1867
39783,"Gerteisen, Kevin",non-elite,1333,2711,4237,5862,7521,9309,11064,12846,1378,1526,1625,1659,1788,1755,1782
39784,"Graves, Stephanie",non-elite,1500,3022,4599,6182,7765,9406,11111,12900,1522,1577,1583,1583,1641,1705,1789
39785,"Baillargeon, Louis E",non-elite,1427,2856,4311,5844,7402,9092,10925,12813,1429,1455,1533,1558,1690,1833,1888
39786,"Harris, Annie S",non-elite,1549,3069,4578,6125,7690,9314,11058,12846,1520,1509,1547,1565,1624,1744,1788
39787,"Pommerenk, Peter",non-elite,1426,2857,4298,5769,7267,8994,10974,12906,1431,1441,1471,1498,1727,1980,1932
39788,"Pearson, Kristie",non-elite,1387,2809,4306,5939,7653,9413,11223,12903,1422,1497,1633,1714,1760,1810,1680
39789,"Steenwyk, Shelley",non-elite,1578,3074,4624,6190,7856,9542,11254,12899,1496,1550,1566,1666,1686,1712,1645
39790,"Delaney, Kaitlin S.",non-elite,1489,2908,4430,6087,7757,9477,11293,12993,1419,1522,1657,1670,1720,1816,1700
39791,"Luben, Kiseloski",non-elite,1309,2762,4280,5913,7583,9379,11208,12918,1453,1518,1633,1670,1796,1829,1710
39792,"Floyd, Francis P",non-elite,1444,2885,4324,5756,7207,8753,10432,12687,1441,1439,1432,1451,1546,1679,2255
39793,"Lassner, Gail M.",non-elite,1604,3225,4845,6482,8053,9682,11325,12956,1621,1620,1637,1571,1629,1643,1631
39794,"Larsen, Ernst A.",non-elite,1420,2887,4417,6018,7654,9361,11132,12901,1467,1530,1601,1636,1707,1771,1769
39795,"Ervais, Richard A.",non-elite,1483,2925,4458,6008,7563,9245,11030,12852,1442,1533,1550,1555,1682,1785,1822
39796,"Miller, Katherine",non-elite,1495,2970,4450,5996,7567,9272,11106,12888,1475,1480,1546,1571,1705,1834,1782
39797,"Carthy, Damien P.",non-elite,1525,2938,4405,5880,7543,9161,10880,12861,1413,1467,1475,1663,1618,1719,1981
39798,"Kimura-Tomonaga, Yukiko",non-elite,1549,3119,4683,6284,7909,9572,11270,12934,1570,1564,1601,1625,1663,1698,1664
39799,"Poland, Peter T",non-elite,1459,2893,4369,5958,7554,9245,11049,12872,1434,1476,1589,1596,1691,1804,1823
39800,"Watanabe, Takeo",non-elite,1426,2862,4333,5868,7440,9103,10860,12897,1436,1471,1535,1572,1663,1757,2037
39801,"Mahotz, Scot",non-elite,1455,2983,4554,6190,7828,9555,11265,12927,1528,1571,1636,1638,1727,1710,1662
39802,"St Germaine, Matthew",non-elite,1549,3052,4567,6105,7672,9381,11156,12889,1503,1515,1538,1567,1709,1775,1733
39803,"Davis, Wynn",non-elite,1411,2813,4204,5637,7123,8775,10751,12823,1402,1391,1433,1486,1652,1976,2072
39804,"Russell, Christopher J.",non-elite,1496,2952,4425,5889,7403,9074,10897,12846,1456,1473,1464,1514,1671,1823,1949
39805,"Limuti, Christine M.",non-elite,1507,3014,4525,6093,7709,9508,11256,12920,1507,1511,1568,1616,1799,1748,1664
39806,"Ybarra Garcia, Danae",non-elite,1599,3201,4798,6390,7987,9630,11340,12962,1602,1597,1592,1597,1643,1710,1622
39807,"Ward, Stacy E",non-elite,1499,3010,4547,6141,7725,9425,11092,12907,1511,1537,1594,1584,1700,1667,1815
39808,"Bernsdorf, Peter",non-elite,1468,2955,4455,5985,7525,9155,10923,12782,1487,1500,1530,1540,1630,1768,1859
39809,"Feind, Maura P",non-elite,1471,2975,4541,6156,7786,9469,11239,12923,1504,1566,1615,1630,1683,1770,1684
39810,"Sullivan, Paul A.",non-elite,1583,3136,4670,6241,7826,9492,11243,12965,1553,1534,1571,1585,1666,1751,1722
39811,"Cranstone, David",non-elite,1508,3028,4555,6111,7678,9316,11069,12886,1520,1527,1556,1567,1638,1753,1817
39812,"Lammers, David R",non-elite,1441,2931,4434,5956,7503,9196,10970,12831,1490,1503,1522,1547,1693,1774,1861
39813,"Passeri, Sarah G",non-elite,1470,2946,4413,5934,7499,9238,11126,12907,1476,1467,1521,1565,1739,1888,1781
39814,"Baugh, Kim A",non-elite,1541,3056,4565,6099,7620,9248,11066,12862,1515,1509,1534,1521,1628,1818,1796
39815,"Sakowski, Stephanie C.",non-elite,1501,3010,4555,6123,7718,9390,11259,12934,1509,1545,1568,1595,1672,1869,1675
39816,"Bennion, Randi",non-elite,1445,2922,4478,6125,7760,9455,11234,12929,1477,1556,1647,1635,1695,1779,1695
39817,"Wanosik, Margery",non-elite,1501,2994,4478,5997,7589,9208,10980,12864,1493,1484,1519,1592,1619,1772,1884
39818,"Piper, Alexandria K.",non-elite,1558,3086,4603,6149,7722,9391,11176,12930,1528,1517,1546,1573,1669,1785,1754
39819,"Eck, Peggy",non-elite,1487,2995,4526,6086,7673,9343,11110,12850,1508,1531,1560,1587,1670,1767,1740
39820,"Birnie, Matt",non-elite,1635,3145,4639,6150,7680,9352,11068,12879,1510,1494,1511,1530,1672,1716,1811
39821,"Cincotta, Paul S.",non-elite,1574,3177,4793,6412,8017,9657,11336,12972,1603,1616,1619,1605,1640,1679,1636
39822,"Craig, Jack",non-elite,1536,3059,4569,6111,7723,9420,11157,12851,1523,1510,1542,1612,1697,1737,1694
39823,"Breen, Brooke",non-elite,1375,2787,4311,5901,7581,9243,10944,12798,1412,1524,1590,1680,1662,1701,1854
39824,"Stenzel, William",non-elite,1366,2734,4140,5693,7218,8875,10653,12680,1368,1406,1553,1525,1657,1778,2027
39825,"Chuter, Timothy A.",non-elite,1489,3014,4645,6275,7885,9536,11247,12933,1525,1631,1630,1610,1651,1711,1686
39826,"Hiramoto, Jade S.",non-elite,1489,3014,4645,6275,7885,9536,11247,12933,1525,1631,1630,1610,1651,1711,1686
39827,"Poskanzer, Sheri A.",non-elite,1455,2930,4490,6162,7791,9474,11215,12953,1475,1560,1672,1629,1683,1741,1738
39828,"L'Ecuyer, Scott A",non-elite,1356,2725,4151,5604,7130,8862,10864,12808,1369,1426,1453,1526,1732,2002,1944
39829,"Desilvio, David M",non-elite,1636,3264,4905,6545,8171,9804,11426,12987,1628,1641,1640,1626,1633,1622,1561
39830,"Calugar, Stephanie",non-elite,1493,3054,4660,6259,7859,9507,11231,12907,1561,1606,1599,1600,1648,1724,1676
39831,"Kohlleppel, Terry",non-elite,1546,3124,4703,6321,7931,9613,11288,12979,1578,1579,1618,1610,1682,1675,1691
39832,"Curry, Denise D.",non-elite,1595,3087,4598,6417,7975,9648,11348,12969,1492,1511,1819,1558,1673,1700,1621
39833,"Selinger, Staci",non-elite,1554,3114,4665,6235,7818,9467,11189,12913,1560,1551,1570,1583,1649,1722,1724
39834,"Tzoreff, Mishael Sr.",non-elite,1446,2895,4381,5920,7453,9110,10936,12858,1449,1486,1539,1533,1657,1826,1922
39835,"Tebbe, Mark J",non-elite,1378,2770,4170,5642,7162,8805,10634,12759,1392,1400,1472,1520,1643,1829,2125
39836,"Greengrass, Jason C",non-elite,1534,3061,4624,6232,7847,9559,11281,12919,1527,1563,1608,1615,1712,1722,1638
39837,"Krajewski, Philip T.",non-elite,1505,2971,4489,6042,7584,9248,11025,12859,1466,1518,1553,1542,1664,1777,1834
39838,"Clark, Brenda L",non-elite,1578,3186,4785,6410,8039,9731,11429,13000,1608,1599,1625,1629,1692,1698,1571
39839,"Norcross, Melissa L",non-elite,1457,2904,4327,5814,7367,9028,10839,12782,1447,1423,1487,1553,1661,1811,1943
39840,"Greengrass, Suzie",non-elite,1536,3064,4625,6232,7847,9559,11282,12921,1528,1561,1607,1615,1712,1723,1639
39841,"Lafeir, Joe",non-elite,1528,3153,4722,6320,7930,9624,11319,12982,1625,1569,1598,1610,1694,1695,1663
39842,"Parry, Kristen",non-elite,1581,3174,4761,6369,7977,9635,11306,12947,1593,1587,1608,1608,1658,1671,1641
39843,"Shaw, Julie",non-elite,1574,3139,4696,6292,7872,9524,11230,12912,1565,1557,1596,1580,1652,1706,1682
39844,"Howe, Pamela M",non-elite,1535,3065,4609,6217,7801,9478,11205,12914,1530,1544,1608,1584,1677,1727,1709
39845,"Sacks, Jason D",non-elite,1278,2527,3798,5209,6900,8773,10940,12837,1249,1271,1411,1691,1873,2167,1897
39846,"Pinto, Christina M",non-elite,1461,2935,4485,6158,7784,9484,11225,12929,1474,1550,1673,1626,1700,1741,1704
39847,"Arpiarian, Nicole R",non-elite,1635,3271,4962,6558,8162,9797,11402,12996,1636,1691,1596,1604,1635,1605,1594
39848,"Ahmad, Sajdah",non-elite,1634,3211,4786,6403,7983,9636,11255,12987,1577,1575,1617,1580,1653,1619,1732
39849,"Sacco, Kali",non-elite,1520,3109,4756,6420,8078,9771,11455,13015,1589,1647,1664,1658,1693,1684,1560
39850,"Sirocka, Carrie",non-elite,1588,3128,4675,6261,7912,9576,11259,12943,1540,1547,1586,1651,1664,1683,1684
39851,"Lecordier, Eric",non-elite,1218,2473,3901,5646,7372,9158,11123,12980,1255,1428,1745,1726,1786,1965,1857
39852,"Bruyere, Emily",non-elite,1545,3121,4709,6332,7964,9629,11339,12952,1576,1588,1623,1632,1665,1710,1613
39853,"Fall, Chris H",non-elite,1397,2756,4118,5574,7135,9006,10938,12851,1359,1362,1456,1561,1871,1932,1913
39854,"Reed, Mark S.",non-elite,1477,2949,4426,5906,7398,9126,11128,12938,1472,1477,1480,1492,1728,2002,1810
39855,"Lapier, Stephanie M.",non-elite,1552,3111,4717,6349,7969,9637,11323,12964,1559,1606,1632,1620,1668,1686,1641
39856,"Moore, Melissa J.",non-elite,1394,2792,4207,5693,7253,9071,11024,12877,1398,1415,1486,1560,1818,1953,1853
39857,"Freund, Elizabeth",non-elite,1510,3017,4524,6077,7645,9303,11094,12882,1507,1507,1553,1568,1658,1791,1788
39858,"Shen, Jiye",non-elite,1426,2899,4452,6091,7736,9483,11276,12965,1473,1553,1639,1645,1747,1793,1689
39859,"Lapier, Ryan",non-elite,1552,3111,4717,6349,7969,9637,11323,12964,1559,1606,1632,1620,1668,1686,1641
39860,"Phrompeng, Natalie",non-elite,1545,3107,4669,6248,7870,9550,11223,12888,1562,1562,1579,1622,1680,1673,1665
39861,"Reilly, Karen M",non-elite,1518,3046,4609,6180,7778,9459,11189,12874,1528,1563,1571,1598,1681,1730,1685
39862,"Ballenthin, William R.",non-elite,1546,2854,4268,5746,7350,9208,11140,12958,1308,1414,1478,1604,1858,1932,1818
39863,"Cathey, Jennifer",non-elite,1375,2771,4214,5783,7451,9250,11099,12944,1396,1443,1569,1668,1799,1849,1845
39864,"Whittington, Phil",non-elite,1535,3114,4697,6294,7890,9559,11306,12953,1579,1583,1597,1596,1669,1747,1647
39865,"Wokulich, Matthew A",non-elite,1422,2919,4391,5912,7493,9210,10994,12881,1497,1472,1521,1581,1717,1784,1887
39866,"Easton, Lauren S.",non-elite,1577,3194,4815,6424,8036,9674,11304,12942,1617,1621,1609,1612,1638,1630,1638
39867,"Hayes, Amy S",non-elite,1623,3231,4852,6474,8063,9696,11350,12967,1608,1621,1622,1589,1633,1654,1617
39868,"Meikle, Dawn",non-elite,1539,3079,4634,6230,7829,9504,11246,12941,1540,1555,1596,1599,1675,1742,1695
39869,"Mohlenhoff, Kathryn A.",non-elite,1477,2992,4532,6087,7680,9430,11222,12947,1515,1540,1555,1593,1750,1792,1725
39870,"Taylor, Cullen",non-elite,1308,2635,4022,5553,7169,9011,10889,12859,1327,1387,1531,1616,1842,1878,1970
39871,"Sacks, Marcy",non-elite,1380,2770,4253,5912,7508,9234,11014,12936,1390,1483,1659,1596,1726,1780,1922
39872,"Clem, William M",non-elite,1440,2872,4331,5856,7389,9104,10984,12867,1432,1459,1525,1533,1715,1880,1883
39873,"Hewett, Marva",non-elite,1570,3118,4713,6330,7934,9592,11293,12924,1548,1595,1617,1604,1658,1701,1631
39874,"Varick, Tom R",non-elite,1451,2917,4370,5873,7413,9087,10944,12870,1466,1453,1503,1540,1674,1857,1926
39875,"Mccarthy, Christie L.",non-elite,1564,3088,4705,6335,7979,9726,11432,13006,1524,1617,1630,1644,1747,1706,1574
39876,"Thompson, Kathryn S.",non-elite,1562,3164,4740,6307,7911,9552,11269,12977,1602,1576,1567,1604,1641,1717,1708
39877,"Steiner, Magdalena",non-elite,1539,3121,4734,6338,7925,9573,11267,12966,1582,1613,1604,1587,1648,1694,1699
39878,"Newlon, Kelli",non-elite,1380,2804,4313,6011,7742,9439,11238,12971,1424,1509,1698,1731,1697,1799,1733
39880,"Thompson, Laura A.",non-elite,1377,2790,4290,5929,7418,9045,11222,12869,1413,1500,1639,1489,1627,2177,1647
39881,"Thut, Allison",non-elite,1398,2793,4205,5667,7244,9049,11088,12879,1395,1412,1462,1577,1805,2039,1791
39882,"Lim, Moo S.",non-elite,1628,3240,4852,6498,8143,9799,11486,13003,1612,1612,1646,1645,1656,1687,1517
39883,"Hanson, Jen",non-elite,1541,3077,4625,6202,7801,9455,11229,12923,1536,1548,1577,1599,1654,1774,1694
39884,"Miskell, Clif",non-elite,1504,2955,4400,5915,7514,9166,10984,12855,1451,1445,1515,1599,1652,1818,1871
39885,"Mcaboy, Timothy",non-elite,1371,2784,4216,5736,7366,9109,11042,12896,1413,1432,1520,1630,1743,1933,1854
39886,"Keenan, Rebecca",non-elite,1557,3120,4707,6314,7890,9535,11213,12915,1563,1587,1607,1576,1645,1678,1702
39887,"Rossel, Alison",non-elite,1599,3180,4767,6369,7970,9620,11337,12972,1581,1587,1602,1601,1650,1717,1635
39888,"Yao, Jingjing",non-elite,1506,3047,4641,6263,7852,9566,11283,12959,1541,1594,1622,1589,1714,1717,1676
39889,"Hutson, Annemarie",non-elite,1536,3085,4651,6221,7815,9466,11222,12968,1549,1566,1570,1594,1651,1756,1746
39890,"Canzius, Patrick",non-elite,1494,2960,4451,6018,7571,9380,11159,12878,1466,1491,1567,1553,1809,1779,1719
39891,"Roseman, Kristie K",non-elite,1526,3073,4660,6257,7844,9508,11159,12839,1547,1587,1597,1587,1664,1651,1680
39892,"Sillito, Christina",non-elite,1605,3133,4691,6434,8009,9649,11413,12983,1528,1558,1743,1575,1640,1764,1570
39893,"Feldblum, Robyn N",non-elite,1551,3129,4698,6270,7844,9482,11208,12895,1578,1569,1572,1574,1638,1726,1687
39894,"Cusick, Dan",non-elite,1503,3042,4624,6218,7805,9448,11133,12866,1539,1582,1594,1587,1643,1685,1733
39895,"Boisvert, Peter A",non-elite,1375,2798,4284,5820,7359,9060,10866,12824,1423,1486,1536,1539,1701,1806,1958
39896,"Schmeltz, Christine A",non-elite,1627,3229,4817,6413,7996,9614,11283,12944,1602,1588,1596,1583,1618,1669,1661
39897,"Smith, Paul E Jr.",non-elite,1516,3058,4615,6172,7789,9410,11328,12941,1542,1557,1557,1617,1621,1918,1613
39898,"Tabb, Lauren",non-elite,1596,3134,4666,6223,7830,9646,11314,12959,1538,1532,1557,1607,1816,1668,1645
39899,"Tumbleton, Maureen",non-elite,1575,3208,4803,6383,7948,9596,11292,12970,1633,1595,1580,1565,1648,1696,1678
39900,"Leiseth, Amy",non-elite,1568,3050,4587,6194,7798,9491,11237,12957,1482,1537,1607,1604,1693,1746,1720
39901,"Stephenson, Mikelle",non-elite,1567,3050,4587,6193,7797,9491,11237,12957,1483,1537,1606,1604,1694,1746,1720
39902,"Nunez Cruz, Humberto Sr.",non-elite,1394,2832,4265,5771,7304,9100,10919,12802,1438,1433,1506,1533,1796,1819,1883
39903,"Mann, Teresa L.",non-elite,1628,3229,4817,6413,7996,9615,11283,12944,1601,1588,1596,1583,1619,1668,1661
39904,"Schilling, Dan",non-elite,1219,2416,3660,5103,6831,8855,10955,12843,1197,1244,1443,1728,2024,2100,1888
39905,"Stillman, Rebecca",non-elite,1483,3015,4544,6122,7718,9385,11151,12927,1532,1529,1578,1596,1667,1766,1776
39906,"Bachrach, Carlos",non-elite,1441,2883,4367,5849,7364,9021,10829,12774,1442,1484,1482,1515,1657,1808,1945
39907,"Ingemansson, Torbjorn K.",non-elite,1523,2991,4469,5978,7507,9146,10929,12810,1468,1478,1509,1529,1639,1783,1881
39908,"Joslyn, Shelby",non-elite,1293,2602,4003,5607,7326,9073,11028,12874,1309,1401,1604,1719,1747,1955,1846
39909,"Hotte, Marie-Josee",non-elite,1434,2854,4309,5902,7664,9299,11054,12903,1420,1455,1593,1762,1635,1755,1849
39910,"Curtis, Tim",non-elite,1282,2575,3997,5441,7016,8654,10847,12823,1293,1422,1444,1575,1638,2193,1976
39911,"Cattoni, Sari L.",non-elite,1441,2910,4409,6051,7721,9407,11170,12921,1469,1499,1642,1670,1686,1763,1751
39912,"Roncancio Gomez, Jorge E. Sr.",non-elite,1589,3172,4764,6366,7944,9588,11275,12947,1583,1592,1602,1578,1644,1687,1672
39913,"O'Neil, Nikki M.",non-elite,1463,3005,4534,6098,7648,9253,11021,12966,1542,1529,1564,1550,1605,1768,1945
39914,"O'Riain, Peadar",non-elite,1569,3122,4661,6208,7786,9475,11200,12961,1553,1539,1547,1578,1689,1725,1761
39915,"Hoiom, Veronica",non-elite,1467,2920,4408,5986,7634,9414,11232,12980,1453,1488,1578,1648,1780,1818,1748
39916,"Brindle, Eric D",non-elite,1293,2624,4023,5533,7083,8900,10941,12902,1331,1399,1510,1550,1817,2041,1961
39917,"Davenport, Katherine",non-elite,1412,2824,4278,5834,7478,9331,11206,12933,1412,1454,1556,1644,1853,1875,1727
39918,"Proctor, Christina",non-elite,1527,3056,4624,6225,7816,9482,11308,12999,1529,1568,1601,1591,1666,1826,1691
39919,"Angelillo, Frank Jr.",non-elite,1413,2824,4270,5821,7387,9050,10985,12877,1411,1446,1551,1566,1663,1935,1892
39920,"Sanchez, Pam",non-elite,1498,2974,4461,5954,7539,9268,11117,12904,1476,1487,1493,1585,1729,1849,1787
39921,"Mundorff, David S",non-elite,1375,2779,4193,5668,7255,9094,11058,12815,1404,1414,1475,1587,1839,1964,1757
39922,"Young, Yelena",non-elite,1500,2990,4511,6135,7756,9478,11229,12932,1490,1521,1624,1621,1722,1751,1703
39924,"McDermott, Laura M.",non-elite,1521,3048,4587,6171,7767,9471,11228,12963,1527,1539,1584,1596,1704,1757,1735
39925,"Hamsi, Hicham",non-elite,1307,2723,4162,5703,7235,8880,10860,12948,1416,1439,1541,1532,1645,1980,2088
39926,"Jennings, Thomas",non-elite,1535,3084,4691,6333,7911,9605,11372,12994,1549,1607,1642,1578,1694,1767,1622
39927,"Parker, Hayley",non-elite,1471,2954,4493,6096,7707,9431,11237,12954,1483,1539,1603,1611,1724,1806,1717
39928,"Carrington, Paul",non-elite,1389,2786,4208,5658,7115,8629,10430,12692,1397,1422,1450,1457,1514,1801,2262
39929,"Delfino, Melissa",non-elite,1534,3043,4587,6181,7781,9474,11189,12936,1509,1544,1594,1600,1693,1715,1747
39930,"Carlson, Krista",non-elite,1442,2917,4486,6111,7726,9400,11149,12903,1475,1569,1625,1615,1674,1749,1754
39931,"Glass, Dianna",non-elite,1624,3252,4887,6516,8154,9785,11433,13028,1628,1635,1629,1638,1631,1648,1595
39932,"Powell, Rachael S.",non-elite,1562,3113,4642,6214,7810,9435,11304,12974,1551,1529,1572,1596,1625,1869,1670
39933,"Dobogai, Andrea C",non-elite,1470,2968,4476,6004,7609,9368,11127,12895,1498,1508,1528,1605,1759,1759,1768
39934,"Walter, Kevin D",non-elite,1371,2788,4260,5797,7359,9142,10999,12884,1417,1472,1537,1562,1783,1857,1885
39935,"Barry, Lindsey E.",non-elite,1556,3038,4545,6102,7733,9437,11239,12989,1482,1507,1557,1631,1704,1802,1750
39936,"O'Connor, Shana E",non-elite,1364,2721,4098,5551,7031,8592,10290,12701,1357,1377,1453,1480,1561,1698,2411
39937,"Allen, Melanie A",non-elite,1548,3073,4597,6158,7735,9414,11190,12944,1525,1524,1561,1577,1679,1776,1754
39938,"Rompre, Julie",non-elite,1491,3016,4585,6170,7773,9471,11213,12954,1525,1569,1585,1603,1698,1742,1741
39939,"Morris, Sarah M",non-elite,1562,3113,4642,6215,7810,9436,11306,12975,1551,1529,1573,1595,1626,1870,1669
39940,"Bickett, Kris",non-elite,1482,2956,4462,5999,7533,9169,11053,12817,1474,1506,1537,1534,1636,1884,1764
39941,"Sansalone, Francis",non-elite,1723,3340,4943,6562,8157,9765,11419,13019,1617,1603,1619,1595,1608,1654,1600
39942,"Madden, Elizabeth",non-elite,1434,2884,4381,5935,7541,9236,11064,12917,1450,1497,1554,1606,1695,1828,1853
39943,"George, Sue",non-elite,1499,2974,4461,5971,7532,9207,11026,12863,1475,1487,1510,1561,1675,1819,1837
39944,"Fairley, David",non-elite,1413,2782,4110,5473,6950,8551,10671,12899,1369,1328,1363,1477,1601,2120,2228
39945,"Hillen, Mike",non-elite,1449,2940,4438,5950,7493,9128,10909,12840,1491,1498,1512,1543,1635,1781,1931
39946,"Poirier, Isabelle",non-elite,1500,3013,4557,6168,7807,9501,11249,12963,1513,1544,1611,1639,1694,1748,1714
39947,"Robinson, Katie",non-elite,1399,2879,4465,6148,7766,9436,11218,12939,1480,1586,1683,1618,1670,1782,1721
39948,"Szymanski, Jim A.",non-elite,1363,2734,4108,5485,6849,8369,10700,12808,1371,1374,1377,1364,1520,2331,2108
39949,"Andrulis Mette, Matthew R",non-elite,1523,3035,4574,6146,7742,9423,11169,12930,1512,1539,1572,1596,1681,1746,1761
39950,"Yovichin, Al",non-elite,1302,2616,3950,5361,6893,8630,10578,12703,1314,1334,1411,1532,1737,1948,2125
39951,"Gushow, Jill",non-elite,1595,3182,4789,6395,8009,9651,11324,12980,1587,1607,1606,1614,1642,1673,1656
39952,"Rogers, Ryan P.",non-elite,1711,3301,4869,6464,8055,9685,11315,12938,1590,1568,1595,1591,1630,1630,1623
39953,"Heather, Kimberly",non-elite,1526,3089,4680,6291,7915,9585,11278,12955,1563,1591,1611,1624,1670,1693,1677
39954,"Jensen, Steven",non-elite,1544,3168,4809,6450,8066,9720,11375,12982,1624,1641,1641,1616,1654,1655,1607
39955,"Heckmann, Jessica S",non-elite,1398,2818,4267,5776,7401,9117,11008,12910,1420,1449,1509,1625,1716,1891,1902
39956,"Halpin, Marie P.",non-elite,1407,2830,4301,5918,7557,9272,11073,12893,1423,1471,1617,1639,1715,1801,1820
39957,"Berman, Lisa",non-elite,1512,3082,4669,6270,7865,9539,11266,12966,1570,1587,1601,1595,1674,1727,1700
39958,"Willis, Kelley",non-elite,1620,3245,4840,6431,8033,9662,11349,12993,1625,1595,1591,1602,1629,1687,1644
39959,"Jones, Michael",non-elite,1569,3144,4697,6258,7806,9400,11055,12835,1575,1553,1561,1548,1594,1655,1780
39960,"Ellis, Katherine",non-elite,1620,3238,4852,6485,8130,9798,11469,13025,1618,1614,1633,1645,1668,1671,1556
39961,"Stratton, Robert",non-elite,1238,2533,3868,5265,6716,8365,10318,12853,1295,1335,1397,1451,1649,1953,2535
39962,"Clor, Elizabeth",non-elite,1509,2999,4496,6015,7528,9091,10904,12852,1490,1497,1519,1513,1563,1813,1948
39963,"Laurencelle, Renee A.",non-elite,1537,3002,4536,6135,7750,9435,11223,12937,1465,1534,1599,1615,1685,1788,1714
39964,"Sheppard, David A.",non-elite,1353,2743,4165,5687,7180,8874,10868,12891,1390,1422,1522,1493,1694,1994,2023
39965,"Lecuyer, Jacques",non-elite,1459,2955,4495,6068,7644,9352,11111,12886,1496,1540,1573,1576,1708,1759,1775
39966,"Hewson, Brooke",non-elite,1501,2965,4426,5930,7524,9251,11254,12962,1464,1461,1504,1594,1727,2003,1708
39967,"Blackley, Trent D.",non-elite,1417,2879,4425,6089,7752,9505,11270,12961,1462,1546,1664,1663,1753,1765,1691
39968,"Wolman, Kim",non-elite,1479,3008,4568,6136,7734,9431,11162,12897,1529,1560,1568,1598,1697,1731,1735
39969,"Kinney, Nancy C",non-elite,1607,3230,4841,6442,8046,9694,11360,12988,1623,1611,1601,1604,1648,1666,1628
39970,"Bonnert, Eileen",non-elite,1584,3166,4742,6321,7992,9616,11270,12957,1582,1576,1579,1671,1624,1654,1687
39971,"Galva, Pedro",non-elite,1480,2968,4452,6017,7588,9283,11119,12882,1488,1484,1565,1571,1695,1836,1763
39972,"Kuriakose, Manoj V.",non-elite,1390,2773,4201,5726,7349,9219,11067,12865,1383,1428,1525,1623,1870,1848,1798
39973,"Morrow, Danielle W.",non-elite,1496,3041,4610,6200,7852,9549,11231,12938,1545,1569,1590,1652,1697,1682,1707
39974,"Ambriano, Tony",non-elite,1565,3169,4747,6347,7937,9575,11269,12955,1604,1578,1600,1590,1638,1694,1686
39975,"Kirkwood, Meghan",non-elite,1409,2868,4361,5903,7536,9309,11166,12974,1459,1493,1542,1633,1773,1857,1808
39976,"McWilliams, Brendan F.",non-elite,1728,3409,4949,6489,8031,9627,11306,12983,1681,1540,1540,1542,1596,1679,1677
39977,"Floyd, Stacy",non-elite,1569,3168,4782,6390,7988,9613,11270,12939,1599,1614,1608,1598,1625,1657,1669
39978,"Whittemore, Brooke S",non-elite,1538,3085,4683,6304,7973,9620,11290,12966,1547,1598,1621,1669,1647,1670,1676
39979,"Hamann, Curt P",non-elite,1538,3114,4738,6400,8048,9721,11364,12982,1576,1624,1662,1648,1673,1643,1618
39980,"Long, Steven",non-elite,1459,2937,4424,5947,7536,9243,11081,12930,1478,1487,1523,1589,1707,1838,1849
39981,"Carter, Jessica",non-elite,1485,3017,4556,6174,7771,9448,11193,12935,1532,1539,1618,1597,1677,1745,1742
39982,"Lewis, Yvette",non-elite,1578,3150,4733,6349,7972,9681,11417,13022,1572,1583,1616,1623,1709,1736,1605
39983,"Smith, Laura B.",non-elite,1495,3018,4588,6198,7794,9474,11168,12920,1523,1570,1610,1596,1680,1694,1752
39984,"Gerth, Ellen C.",non-elite,1518,3062,4619,6222,7831,9516,11239,12950,1544,1557,1603,1609,1685,1723,1711
39985,"Azrak, Josh",non-elite,1541,3028,4539,6082,7657,9380,11149,12962,1487,1511,1543,1575,1723,1769,1813
39986,"Kato, Yukiko",non-elite,1561,3133,4716,6301,7853,9470,11222,12957,1572,1583,1585,1552,1617,1752,1735
39987,"Fischer, Gary",non-elite,1488,2980,4479,6032,7610,9279,11092,12914,1492,1499,1553,1578,1669,1813,1822
39988,"Krivel, Amy I",non-elite,1490,2990,4525,6103,7685,9382,11157,12908,1500,1535,1578,1582,1697,1775,1751
39989,"Ormond, Rebecca M.",non-elite,1507,2975,4455,5952,7466,9051,10840,12798,1468,1480,1497,1514,1585,1789,1958
39990,"Iwasa, Yasuo",non-elite,1530,3092,4676,6272,7851,9506,11172,12841,1562,1584,1596,1579,1655,1666,1669
39991,"Guerrero, Angela",non-elite,1475,3109,4634,6188,7752,9434,11173,12893,1634,1525,1554,1564,1682,1739,1720
39992,"Mattiko, Gregory",non-elite,1633,3180,4723,6273,7808,9435,11134,12900,1547,1543,1550,1535,1627,1699,1766
39993,"Higginson, Geri",non-elite,1545,3086,4630,6249,7885,9578,11319,12984,1541,1544,1619,1636,1693,1741,1665
39994,"Winkler, Amy",non-elite,1529,3163,4766,6376,7964,9630,11319,12972,1634,1603,1610,1588,1666,1689,1653
39995,"Winkler, Fred",non-elite,1529,3162,4765,6376,7963,9629,11319,12972,1633,1603,1611,1587,1666,1690,1653
39996,"Newton-Smith, Jeremy",non-elite,1537,3031,4510,5998,7487,9177,11041,12909,1494,1479,1488,1489,1690,1864,1868
39997,"Owen, Emily",non-elite,1433,2881,4331,5796,7349,8891,10956,13043,1448,1450,1465,1553,1542,2065,2087
39998,"Greene, Kelly",non-elite,1584,3185,4806,6432,8042,9770,11368,12993,1601,1621,1626,1610,1728,1598,1625
39999,"Pelrine, Nicolette V.",non-elite,1454,2903,4436,6058,7738,9475,11203,12960,1449,1533,1622,1680,1737,1728,1757
40000,"Carmona Dominguez, Diana Paulina",non-elite,1463,2940,4438,5954,7567,9295,11186,12952,1477,1498,1516,1613,1728,1891,1766
40001,"Claus, Dawn L.",non-elite,1445,2933,4475,6064,7692,9397,11205,12903,1488,1542,1589,1628,1705,1808,1698
40002,"Basta, Bill",non-elite,1305,2654,4040,5470,6953,8569,10701,12747,1349,1386,1430,1483,1616,2132,2046
40003,"Adgate, Kenneth P.",non-elite,1571,3180,4853,6591,8180,9828,11507,13034,1609,1673,1738,1589,1648,1679,1527
40004,"Tornbo Baastrup, Lue",non-elite,1478,2962,4454,6000,7563,9305,11118,12927,1484,1492,1546,1563,1742,1813,1809
40005,"Ikawa, Kenji",non-elite,1465,2927,4415,5974,7572,9316,11132,12918,1462,1488,1559,1598,1744,1816,1786
40006,"De Antonio Veira, Jose Antonio",non-elite,1519,2995,4463,5952,7533,9218,11085,12917,1476,1468,1489,1581,1685,1867,1832
40007,"Haraldson, Laura L",non-elite,1502,3050,4635,6257,7838,9512,11167,12979,1548,1585,1622,1581,1674,1655,1812
40008,"Seay, Renah K",non-elite,1497,3094,4686,6302,7884,9541,11274,12978,1597,1592,1616,1582,1657,1733,1704
40009,"Morrongiello, Angelo M.",non-elite,1569,3121,4682,6209,7801,9463,11240,12960,1552,1561,1527,1592,1662,1777,1720
40010,"Brydon, Rosanna M",non-elite,1563,3122,4698,6292,7888,9568,11287,12958,1559,1576,1594,1596,1680,1719,1671
40011,"Mcalister, Carla",non-elite,1298,2613,4046,5526,7353,9154,11322,13059,1315,1433,1480,1827,1801,2168,1737
40012,"Dalziel, Sal A",non-elite,1567,3131,4701,6294,7896,9572,11294,12961,1564,1570,1593,1602,1676,1722,1667
40013,"Lengling, Keith H",non-elite,1604,3230,4863,6492,8106,9757,11419,13020,1626,1633,1629,1614,1651,1662,1601
40014,"Berith, Kemps",non-elite,1535,3070,4638,6294,7941,9624,11346,12998,1535,1568,1656,1647,1683,1722,1652
40015,"Chianelli, Susan E.",non-elite,1581,3161,4740,6335,7910,9573,11326,12991,1580,1579,1595,1575,1663,1753,1665
40016,"Lin, Run'Er",non-elite,1485,3004,4532,6090,7672,9400,11157,12941,1519,1528,1558,1582,1728,1757,1784
40017,"Goldman, Emily",non-elite,1491,3053,4624,6179,7783,9493,11260,13001,1562,1571,1555,1604,1710,1767,1741
40018,"Lisiak, Stanislav",non-elite,1562,3125,4712,6340,7986,9697,11370,13007,1563,1587,1628,1646,1711,1673,1637
40019,"Hamilton, Robyn T",non-elite,1592,3204,4815,6435,8094,9758,11436,13025,1612,1611,1620,1659,1664,1678,1589
40020,"Hacking, Scott W.",non-elite,1414,2867,4497,6021,7625,9260,11036,12879,1453,1630,1524,1604,1635,1776,1843
40021,"Petrocco, Rita",non-elite,1544,3055,4615,6195,7781,9467,11233,12971,1511,1560,1580,1586,1686,1766,1738
40022,"Dunn, Shannon",non-elite,1586,3164,4757,6364,7956,9618,11325,12984,1578,1593,1607,1592,1662,1707,1659
40023,"Hacking, Corrie",non-elite,1414,2867,4497,6021,7625,9261,11036,12879,1453,1630,1524,1604,1636,1775,1843
40024,"Maag, Rebecca",non-elite,1563,3073,4617,6183,7751,9407,11162,12971,1510,1544,1566,1568,1656,1755,1809
40025,"Mawhinney, Sharla C",non-elite,1547,3095,4664,6279,7880,9556,11310,12979,1548,1569,1615,1601,1676,1754,1669
40026,"Rodriguez, Luz M.",non-elite,1460,2938,4430,5957,7508,9139,10910,12731,1478,1492,1527,1551,1631,1771,1821
40027,"Price, Johanna",non-elite,1581,3161,4751,6356,7950,9581,11262,12950,1580,1590,1605,1594,1631,1681,1688
40028,"Abotare, Akua O.",non-elite,1560,3120,4689,6304,7926,9620,11293,12978,1560,1569,1615,1622,1694,1673,1685
40029,"Jin, Michele",non-elite,1513,3038,4582,6166,7794,9470,11229,12940,1525,1544,1584,1628,1676,1759,1711
40030,"Morales, Melanie",non-elite,1602,3158,4722,6294,7850,9521,11263,12963,1556,1564,1572,1556,1671,1742,1700
40031,"Visser, Kristin M",non-elite,1491,3003,4525,6080,7646,9325,11104,12934,1512,1522,1555,1566,1679,1779,1830
40032,"Janis, Emily",non-elite,1488,3002,4537,6071,7623,9312,11116,12916,1514,1535,1534,1552,1689,1804,1800
40033,"Williams, Michael",non-elite,1552,3135,4714,6331,7940,9585,11277,12981,1583,1579,1617,1609,1645,1692,1704
40034,"Shurey, Simon M.",non-elite,1652,3224,4782,6355,7921,9574,11282,12984,1572,1558,1573,1566,1653,1708,1702
40035,"Kelly, Chris",non-elite,1415,2827,4282,5820,7616,9405,11325,13006,1412,1455,1538,1796,1789,1920,1681
40036,"Vogel, Daniel S",non-elite,1382,2782,4201,5669,7151,8728,10493,12727,1400,1419,1468,1482,1577,1765,2234
40037,"Benson, Scarlet",non-elite,1480,3063,4679,6299,7935,9623,11331,12999,1583,1616,1620,1636,1688,1708,1668
40038,"Lonnay, Jim",non-elite,1510,3009,4551,6076,7609,9257,11127,12933,1499,1542,1525,1533,1648,1870,1806
40039,"Nelson, Lorraine",non-elite,1591,3190,4787,6402,8050,9799,11442,13023,1599,1597,1615,1648,1749,1643,1581
40040,"Mullinnix, Larry",non-elite,1470,2953,4429,5922,7434,9053,11004,12923,1483,1476,1493,1512,1619,1951,1919
40041,"Burdette, Matthew L.",non-elite,1281,2700,4163,5703,7306,9154,11045,12836,1419,1463,1540,1603,1848,1891,1791
40042,"Izard, Georgia A",non-elite,1413,2813,4276,5927,7573,9256,11138,12982,1400,1463,1651,1646,1683,1882,1844
40043,"Rosenkranz, Jeff",non-elite,1357,2784,4226,5697,7198,8835,10835,12928,1427,1442,1471,1501,1637,2000,2093
40044,"Hanzlik, Jeffrey P",non-elite,1518,3089,4623,6239,7864,9534,11247,12938,1571,1534,1616,1625,1670,1713,1691
40045,"Hein, Gretchen",non-elite,1428,2888,4430,6105,7750,9558,11308,13031,1460,1542,1675,1645,1808,1750,1723
40046,"Gagnon, Sophie",non-elite,1561,3155,4721,6326,7921,9579,11279,12964,1594,1566,1605,1595,1658,1700,1685
40047,"Garcia, Elizabeth L.",non-elite,1526,3058,4606,6177,7799,9514,11303,13019,1532,1548,1571,1622,1715,1789,1716
40048,"Royea, Kevin P",non-elite,1499,3046,4629,6184,7706,9263,10882,12767,1547,1583,1555,1522,1557,1619,1885
40049,"Simard, Chantal",non-elite,1515,3037,4519,6026,7631,9310,11207,12957,1522,1482,1507,1605,1679,1897,1750
40050,"Wersin, Birgit",non-elite,1443,2884,4407,6011,7629,9365,11212,12943,1441,1523,1604,1618,1736,1847,1731
40051,"Pauquette, Lou",non-elite,1191,2445,3809,5338,7082,8952,10951,12873,1254,1364,1529,1744,1870,1999,1922
40052,"Freter, Glen V",non-elite,1368,2787,4255,5815,7420,9149,11037,12894,1419,1468,1560,1605,1729,1888,1857
40053,"Gallagher, Christina",non-elite,1473,2993,4573,6188,7821,9566,11310,12993,1520,1580,1615,1633,1745,1744,1683
40054,"Barry, Mike",non-elite,1476,3014,4572,6209,7811,9467,11206,12939,1538,1558,1637,1602,1656,1739,1733
40055,"Klabunde, Lori",non-elite,1461,2965,4509,6109,7753,9462,11216,12965,1504,1544,1600,1644,1709,1754,1749
40056,"Anderson, Chelle B",non-elite,1529,3062,4618,6203,7788,9518,11290,12989,1533,1556,1585,1585,1730,1772,1699
40057,"Marquis, Roger L",non-elite,1395,2849,4365,5925,7568,9302,11134,12954,1454,1516,1560,1643,1734,1832,1820
40058,"Maul, Brian R.",non-elite,1532,3048,4549,6067,7572,9120,10922,12832,1516,1501,1518,1505,1548,1802,1910
40059,"Smith, Daniel J",non-elite,1535,3117,4673,6259,7864,9535,11271,12978,1582,1556,1586,1605,1671,1736,1707
40060,"Carver, Emma",non-elite,1659,3323,4880,6470,8086,9699,11319,12982,1664,1557,1590,1616,1613,1620,1663
40061,"White, Noriko",non-elite,1465,2986,4597,6236,7852,9552,11318,12979,1521,1611,1639,1616,1700,1766,1661
40062,"Sohaskey, Mike",non-elite,1444,2892,4351,5867,7422,9123,10978,12879,1448,1459,1516,1555,1701,1855,1901
40063,"Mcdonald, Alex J IV",non-elite,1341,2722,4206,5781,7458,9264,11174,12929,1381,1484,1575,1677,1806,1910,1755
40064,"O'Connor, Margaret",non-elite,1445,2908,4421,5988,7631,9376,11157,12953,1463,1513,1567,1643,1745,1781,1796
40065,"Ripple, Joanne",non-elite,1612,3234,4861,6488,8114,9749,11380,12988,1622,1627,1627,1626,1635,1631,1608
40066,"Roberts, Brent W",non-elite,1462,2916,4377,5862,7418,9038,10871,12840,1454,1461,1485,1556,1620,1833,1969
40067,"Schwass, Kirstin A",non-elite,1480,3009,4582,6205,7814,9491,11232,12965,1529,1573,1623,1609,1677,1741,1733
40068,"Oates, Brian G.",non-elite,1638,3216,4759,6328,7914,9523,11262,12901,1578,1543,1569,1586,1609,1739,1639
40069,"Rittenhouse, Katelyn J.",non-elite,1420,2863,4329,5887,7457,9191,11117,12947,1443,1466,1558,1570,1734,1926,1830
40070,"Holzhauer, Thomas D. Jr.",non-elite,1387,2804,4307,5935,7546,9336,11121,12923,1417,1503,1628,1611,1790,1785,1802
40071,"Jacka, Ted D",non-elite,1420,2917,4486,6122,7772,9555,11284,12946,1497,1569,1636,1650,1783,1729,1662
40072,"McCormick, Michael A.",non-elite,1591,3179,4778,6406,8013,9662,11347,12996,1588,1599,1628,1607,1649,1685,1649
40073,"Hart, Jason",non-elite,1382,2824,4378,6016,7736,9454,11261,12958,1442,1554,1638,1720,1718,1807,1697
40074,"McElroy, Robert J.",non-elite,1447,2913,4395,5904,7465,9201,11073,12940,1466,1482,1509,1561,1736,1872,1867
40075,"Derossett, Heidi D",non-elite,1595,3167,4785,6415,8041,9726,11416,13012,1572,1618,1630,1626,1685,1690,1596
40076,"Holmes, Lisa",non-elite,1554,3101,4657,6244,7851,9560,11259,12972,1547,1556,1587,1607,1709,1699,1713
40077,"Kefor, Claudia A",non-elite,1532,3086,4673,6283,7899,9539,11249,12979,1554,1587,1610,1616,1640,1710,1730
40078,"Laliberte, Marc",non-elite,1417,2806,4211,5656,7119,8743,10640,12794,1389,1405,1445,1463,1624,1897,2154
40079,"Huffman, Mary K.",non-elite,1579,3158,4726,6319,7898,9572,11284,12982,1579,1568,1593,1579,1674,1712,1698
40080,"DeLong, David",non-elite,1470,2925,4394,5929,7492,9259,11124,12898,1455,1469,1535,1563,1767,1865,1774
40081,"Jenkins, Yvonne M",non-elite,1520,3047,4583,6153,7712,9383,11171,12915,1527,1536,1570,1559,1671,1788,1744
40082,"Torabi, Susanne",non-elite,1542,3078,4648,6252,7869,9548,11256,12982,1536,1570,1604,1617,1679,1708,1726
40083,"Kentner, Patrice M",non-elite,1527,3044,4610,6213,7809,9530,11290,12977,1517,1566,1603,1596,1721,1760,1687
40084,"Robinson, Kyle J",non-elite,1293,2618,3997,5514,7117,8939,10963,12911,1325,1379,1517,1603,1822,2024,1948
40085,"Sutherland, Judith A",non-elite,1540,3076,4631,6214,7840,9499,11232,12957,1536,1555,1583,1626,1659,1733,1725
40086,"Rosenbladt, Nina",non-elite,1545,3071,4625,6182,7773,9444,11174,12951,1526,1554,1557,1591,1671,1730,1777
40087,"Whelpley, Elizabeth R",non-elite,1436,2877,4312,5765,7228,8790,10580,12845,1441,1435,1453,1463,1562,1790,2265
40088,"Rubesch, Andrea",non-elite,1387,2835,4314,5872,7487,9285,11132,12954,1448,1479,1558,1615,1798,1847,1822
40089,"Drugan-Eppich, Kylee",non-elite,1453,2896,4419,6008,7622,9372,11155,12900,1443,1523,1589,1614,1750,1783,1745
40090,"Novo, George",non-elite,1622,3202,4729,6264,7828,9485,11207,12985,1580,1527,1535,1564,1657,1722,1778
40091,"Lawry, Erin M",non-elite,1614,3217,4860,6482,8112,9755,11419,13032,1603,1643,1622,1630,1643,1664,1613
40092,"Robinson, Melanie J",non-elite,1612,3209,4793,6399,8018,9678,11363,13006,1597,1584,1606,1619,1660,1685,1643
40093,"Owen, Lauren",non-elite,1435,2891,4383,5950,7550,9268,11106,12938,1456,1492,1567,1600,1718,1838,1832
40094,"Paquette, Philip",non-elite,1504,3038,4576,6219,7835,9519,11257,12950,1534,1538,1643,1616,1684,1738,1693
40095,"Ziol, Jeffrey J.",non-elite,1578,3155,4773,6429,8070,9710,11382,13004,1577,1618,1656,1641,1640,1672,1622
40096,"Ring, Sean",non-elite,1672,3168,4609,6091,7613,9270,11106,12970,1496,1441,1482,1522,1657,1836,1864
40097,"Ruland, Deanna",non-elite,1561,3123,4677,6255,7844,9555,11269,12946,1562,1554,1578,1589,1711,1714,1677
40098,"Abram, Courtney",non-elite,1574,3124,4716,6327,7951,9625,11311,12985,1550,1592,1611,1624,1674,1686,1674
40099,"Le Houllier, Michael L.",non-elite,1390,2818,4249,5700,7169,8736,10466,12725,1428,1431,1451,1469,1567,1730,2259
40100,"Kellman, Matthew",non-elite,1225,2486,3825,5356,6997,8814,10782,12940,1261,1339,1531,1641,1817,1968,2158
40101,"Loeb, Vernon F.",non-elite,1639,3312,4961,6558,8156,9776,11390,13003,1673,1649,1597,1598,1620,1614,1613
40102,"Fuller, Anita F",non-elite,1453,2930,4588,6200,7791,9521,11199,12990,1477,1658,1612,1591,1730,1678,1791
40103,"Barrera, Mario C.",non-elite,1558,3147,4718,6323,7952,9632,11340,13007,1589,1571,1605,1629,1680,1708,1667
40104,"Harris, Justin C.",non-elite,1369,2722,4138,5622,7212,8864,10826,12862,1353,1416,1484,1590,1652,1962,2036
40105,"Barton, Crystal",non-elite,1552,3225,4771,6320,7893,9559,11278,12954,1673,1546,1549,1573,1666,1719,1676
40106,"Townend, Alison J.",non-elite,1516,3001,4532,6113,7679,9352,11144,12934,1485,1531,1581,1566,1673,1792,1790
40107,"Klint, Andrea",non-elite,1570,3149,4730,6316,7887,9557,11310,12994,1579,1581,1586,1571,1670,1753,1684
40108,"Boswell, Traci T.",non-elite,1570,3149,4731,6316,7887,9557,11311,12994,1579,1582,1585,1571,1670,1754,1683
40109,"Adams, Rob",non-elite,1410,2850,4346,5889,7479,9259,11112,12916,1440,1496,1543,1590,1780,1853,1804
40110,"Stodghill, Stephanie L",non-elite,1546,3106,4678,6254,7847,9534,11278,12981,1560,1572,1576,1593,1687,1744,1703
40111,"Prise, Michael E",non-elite,1499,3042,4611,6202,7777,9457,11230,12961,1543,1569,1591,1575,1680,1773,1731
40112,"Barkoski, Victor",non-elite,1558,3136,4710,6340,7988,9660,11375,13022,1578,1574,1630,1648,1672,1715,1647
40113,"Herbert, Thomas",non-elite,1404,2823,4275,5851,7429,9190,11034,12918,1419,1452,1576,1578,1761,1844,1884
40114,"Niss, Karen",non-elite,1525,3090,4677,6255,7846,9537,11279,12976,1565,1587,1578,1591,1691,1742,1697
40115,"Hubbard, David J Jr.",non-elite,1457,2899,4358,6005,7803,9527,11340,13023,1442,1459,1647,1798,1724,1813,1683
40116,"Brandt, Thomas G",non-elite,1368,2742,4148,5610,7113,8738,10583,12906,1374,1406,1462,1503,1625,1845,2323
40117,"Lin, Melissa",non-elite,1559,3118,4699,6291,7888,9572,11297,12970,1559,1581,1592,1597,1684,1725,1673
40118,"Scharff, Rick B",non-elite,1428,2853,4305,5833,7382,9063,11000,12911,1425,1452,1528,1549,1681,1937,1911
40119,"Williams, Sarah",non-elite,1502,3027,4648,6350,8003,9683,11347,13017,1525,1621,1702,1653,1680,1664,1670
40120,"Beyer, Kristin L.",non-elite,1575,3191,4798,6510,8120,9774,11445,13052,1616,1607,1712,1610,1654,1671,1607
40121,"Whitehurst, Philip D.",non-elite,1415,2835,4282,5812,7405,9105,10939,12925,1420,1447,1530,1593,1700,1834,1986
40122,"Moore, Bob L.",non-elite,1709,3334,4866,6414,7973,9618,11299,12989,1625,1532,1548,1559,1645,1681,1690
40123,"Kelly, Lisa M.",non-elite,1571,3132,4692,6253,7821,9454,11169,12919,1561,1560,1561,1568,1633,1715,1750
40124,"Snow, Julie",non-elite,1592,3208,4804,6441,8111,9771,11437,13031,1616,1596,1637,1670,1660,1666,1594
40125,"Espinoza, Octavio",non-elite,1403,2812,4252,5748,7292,8981,10890,12888,1409,1440,1496,1544,1689,1909,1998
40126,"Kaufman, Miriam",non-elite,1560,3125,4698,6278,7854,9546,11260,13003,1565,1573,1580,1576,1692,1714,1743
40127,"Willenbrink, Ed L.",non-elite,1500,2995,4530,6120,7745,9464,11226,12926,1495,1535,1590,1625,1719,1762,1700
40128,"Fiamengo, Francesco",non-elite,1420,2963,4492,6079,7693,9396,11253,12996,1543,1529,1587,1614,1703,1857,1743
40129,"Tush, Lisa M.",non-elite,1568,3173,4760,6356,7935,9595,11327,12974,1605,1587,1596,1579,1660,1732,1647
40130,"Masciello, Anthony L.",non-elite,1397,2851,4365,5931,7546,9274,11099,12909,1454,1514,1566,1615,1728,1825,1810
40131,"McKinnis, Karen R.",non-elite,1458,2931,4421,5983,7612,9382,11271,12977,1473,1490,1562,1629,1770,1889,1706
40132,"Roche, Jonathan",non-elite,1409,2821,4385,6002,7647,9405,11270,13021,1412,1564,1617,1645,1758,1865,1751
40133,"Wardwell, James P",non-elite,1363,2736,4194,5793,7419,9293,11212,12990,1373,1458,1599,1626,1874,1919,1778
40134,"Suarez, Alicia",non-elite,1424,2864,4295,5805,7363,9028,11009,12915,1440,1431,1510,1558,1665,1981,1906
40135,"Lee, Chan C",non-elite,1502,3037,4587,6133,7773,9504,11294,13000,1535,1550,1546,1640,1731,1790,1706
40136,"Mcmurray, Michelle M",non-elite,1417,2865,4341,5847,7382,9019,10661,13038,1448,1476,1506,1535,1637,1642,2377
40137,"Robidoux, Kyle R.",non-elite,1636,3275,4887,6515,8155,9815,11498,13068,1639,1612,1628,1640,1660,1683,1570
40138,"Evans, Kathryn L.",non-elite,1532,3161,4743,6368,7974,9646,11337,13001,1629,1582,1625,1606,1672,1691,1664
40139,"Lyons, Regina",non-elite,1413,2869,4404,6001,7608,9368,11189,12950,1456,1535,1597,1607,1760,1821,1761
40140,"Funk, Theresa C",non-elite,1440,2900,4419,6010,7578,9211,11016,12870,1460,1519,1591,1568,1633,1805,1854
40141,"Swartzfager, Lisa K",non-elite,1438,2878,4309,5810,7370,9029,11057,12988,1440,1431,1501,1560,1659,2028,1931
40142,"Wakamatsu, Atsuyuki",non-elite,1475,2977,4525,6079,7672,9381,11156,12956,1502,1548,1554,1593,1709,1775,1800
40143,"Rodriguez Jimenez, Oscar Sr.",non-elite,1334,2690,4082,5572,7151,8985,10938,12998,1356,1392,1490,1579,1834,1953,2060
40144,"Markwell, Rachel Y",non-elite,1469,2973,4520,6120,7772,9493,11266,12986,1504,1547,1600,1652,1721,1773,1720
40145,"Mcnamara, Tasha",non-elite,1540,3079,4628,6208,7843,9526,11290,13011,1539,1549,1580,1635,1683,1764,1721
40146,"McAdam, Carol V.",non-elite,1465,2944,4478,6073,7706,9433,11230,12977,1479,1534,1595,1633,1727,1797,1747
40147,"Orosz, Kim",non-elite,1579,3181,4762,6361,7987,9625,11337,13003,1602,1581,1599,1626,1638,1712,1666
40148,"Hu, Teng-Tsun",non-elite,1480,2982,4448,6035,7588,9250,11063,12864,1502,1466,1587,1553,1662,1813,1801
40149,"Rippy, Mitchell S",non-elite,1488,2972,4474,6036,7594,9237,11074,12965,1484,1502,1562,1558,1643,1837,1891
40150,"Capone, Dean",non-elite,1441,2897,4367,5868,7429,9180,11067,12926,1456,1470,1501,1561,1751,1887,1859
40151,"Hinkle, Carrie A.",non-elite,1485,3028,4609,6232,7825,9519,11297,12994,1543,1581,1623,1593,1694,1778,1697
40152,"Geiser, Amber S",non-elite,1579,3180,4761,6361,7987,9624,11285,13001,1601,1581,1600,1626,1637,1661,1716
40153,"Fierro, Irina",non-elite,1616,3241,4837,6412,7989,9636,11336,12975,1625,1596,1575,1577,1647,1700,1639
40154,"Eggleston, Sarah",non-elite,1462,2957,4492,6098,7768,9508,11280,12999,1495,1535,1606,1670,1740,1772,1719
40155,"Christoni, Helen C.",non-elite,1477,3041,4781,6352,8002,9663,11348,12991,1564,1740,1571,1650,1661,1685,1643
40156,"Shafer, Chris",non-elite,1437,2851,4258,5672,7090,8621,10465,12700,1414,1407,1414,1418,1531,1844,2235
40157,"Holzwart, Kristen",non-elite,1498,3039,4603,6189,7814,9563,11323,12982,1541,1564,1586,1625,1749,1760,1659
40158,"Lester, Sarah F",non-elite,1593,3178,4771,6361,7958,9608,11312,13004,1585,1593,1590,1597,1650,1704,1692
40159,"Lennartz, Laura",non-elite,1506,3016,4532,6069,7608,9229,11133,12980,1510,1516,1537,1539,1621,1904,1847
40160,"Markowski, Jennifer",non-elite,1475,2967,4484,6035,7571,9201,11061,12906,1492,1517,1551,1536,1630,1860,1845
40161,"Kersey, Julie",non-elite,1463,2954,4457,5974,7554,9286,11129,12955,1491,1503,1517,1580,1732,1843,1826
40162,"O'Malley, Caitlin",non-elite,1612,3162,4714,6314,7925,9602,11371,13024,1550,1552,1600,1611,1677,1769,1653
40163,"Marn, Gary A",non-elite,1480,2947,4433,5966,7518,9156,10928,12880,1467,1486,1533,1552,1638,1772,1952
40164,"Yerkes, Todd",non-elite,1402,2821,4253,5796,7441,9146,11008,12928,1419,1432,1543,1645,1705,1862,1920
40165,"Fronk, Julie A",non-elite,1590,3235,4865,6508,8140,9807,11466,13048,1645,1630,1643,1632,1667,1659,1582
40166,"Parsons, Christina A",non-elite,1534,3089,4665,6264,7906,9565,11311,12984,1555,1576,1599,1642,1659,1746,1673
40167,"Hair, Kathleen",non-elite,1489,2989,4509,6046,7592,9296,11046,12927,1500,1520,1537,1546,1704,1750,1881
40168,"Sloat, Randy M",non-elite,1415,2841,4313,5878,7479,9200,11010,12872,1426,1472,1565,1601,1721,1810,1862
40169,"Buzinkai, Patricia",non-elite,1455,2932,4449,5977,7569,9272,11096,12951,1477,1517,1528,1592,1703,1824,1855
40170,"Bugler, Malcolm",non-elite,1551,3108,4691,6332,8008,9683,11380,13026,1557,1583,1641,1676,1675,1697,1646
40171,"Burgin, Nancy",non-elite,1573,3134,4711,6309,7909,9614,11337,13001,1561,1577,1598,1600,1705,1723,1664
40172,"Lane, Eleanor",non-elite,1655,3325,4981,6633,8266,9911,11545,13079,1670,1656,1652,1633,1645,1634,1534
40173,"Cisneros, Veronica W",non-elite,1496,3022,4581,6164,7801,9572,11361,13040,1526,1559,1583,1637,1771,1789,1679
40174,"Milan Martinez, Efren",non-elite,1360,2739,4107,5528,7096,8853,11088,12932,1379,1368,1421,1568,1757,2235,1844
40175,"Farrell, Megan",non-elite,1494,2982,4518,6206,7856,9597,11327,13032,1488,1536,1688,1650,1741,1730,1705
40176,"Collins, Natalie M.",non-elite,1488,2960,4491,6068,7680,9383,11211,12943,1472,1531,1577,1612,1703,1828,1732
40177,"Kobold, Gary M",non-elite,1569,3120,4690,6267,7833,9460,11190,12945,1551,1570,1577,1566,1627,1730,1755
40178,"Thorlaksdottir, Unnur",non-elite,1590,3168,4759,6365,7968,9675,11384,13002,1578,1591,1606,1603,1707,1709,1618
40179,"Wicksell, Henrik",non-elite,1324,2725,4225,5777,7352,9005,10828,12934,1401,1500,1552,1575,1653,1823,2106
40180,"Moore-Douda, Trisha M.",non-elite,1402,2822,4311,5868,7446,9132,11004,12922,1420,1489,1557,1578,1686,1872,1918
40181,"Hamon, Patrick J.",non-elite,1559,3055,4586,6176,7800,9522,11292,13026,1496,1531,1590,1624,1722,1770,1734
40182,"Hunt, Brad",non-elite,1435,2866,4313,5801,7318,9006,11011,12901,1431,1447,1488,1517,1688,2005,1890
40183,"Loukeris, Gerasimos",non-elite,1576,3146,4695,6254,7850,9533,11309,13002,1570,1549,1559,1596,1683,1776,1693
40184,"Goodwin, Meghan S",non-elite,1498,3035,4580,6146,7711,9377,11166,12983,1537,1545,1566,1565,1666,1789,1817
40185,"Gustafsson, Kristin D",non-elite,1558,3121,4702,6288,7855,9529,11336,13043,1563,1581,1586,1567,1674,1807,1707
40186,"Pike, Jim",non-elite,1545,3122,4642,6227,7865,9562,11306,13009,1577,1520,1585,1638,1697,1744,1703
40187,"Hoover, Camille",non-elite,1440,3012,4621,6279,7917,9610,11326,13045,1572,1609,1658,1638,1693,1716,1719
40188,"Grouws, Michael",non-elite,1498,3016,4549,6136,7732,9415,11180,12953,1518,1533,1587,1596,1683,1765,1773
40189,"Barrell, Erin M",non-elite,1505,2999,4550,6176,7800,9531,11277,12993,1494,1551,1626,1624,1731,1746,1716
40190,"Santisteban, Toni",non-elite,1423,2838,4267,5815,7396,9150,11100,12937,1415,1429,1548,1581,1754,1950,1837
40191,"Barrett, Danny",non-elite,1379,2763,4186,5770,7350,9093,10966,12902,1384,1423,1584,1580,1743,1873,1936
40192,"Thaer, Albrecht E.",non-elite,1612,3262,4847,6566,8082,9764,11381,13019,1650,1585,1719,1516,1682,1617,1638
40193,"Caulfield, Patricia A",non-elite,1319,2744,4218,5730,7320,9054,10918,12913,1425,1474,1512,1590,1734,1864,1995
40194,"McMenemy, Jerry E.",non-elite,1532,3107,4721,6350,7958,9646,11378,13020,1575,1614,1629,1608,1688,1732,1642
40195,"Crow, Tim",non-elite,1405,2816,4284,5815,7358,9065,10923,12884,1411,1468,1531,1543,1707,1858,1961
40196,"Endres, Patrick",non-elite,1429,2838,4236,5642,7101,8755,10667,12769,1409,1398,1406,1459,1654,1912,2102
40197,"Sonnen, Jarrett",non-elite,1599,3112,4605,6059,7509,9042,10816,12915,1513,1493,1454,1450,1533,1774,2099
40198,"Lupaschuk, Dena L",non-elite,1528,3059,4618,6199,7795,9440,11204,13016,1531,1559,1581,1596,1645,1764,1812
40199,"Viselli, Dina L.",non-elite,1387,2858,4375,5985,7664,9388,11204,12934,1471,1517,1610,1679,1724,1816,1730
40200,"Parrott, Cheryl R",non-elite,1559,3103,4643,6206,7790,9460,11204,12923,1544,1540,1563,1584,1670,1744,1719
40201,"Kurkul, Michelle E.",non-elite,1645,3198,4764,6348,7938,9581,11270,12965,1553,1566,1584,1590,1643,1689,1695
40202,"Nesbitt, Amanda J",non-elite,1603,3167,4750,6406,7976,9620,11324,12997,1564,1583,1656,1570,1644,1704,1673
40203,"Weber, Katie J",non-elite,1466,2959,4493,6121,7785,9526,11364,13022,1493,1534,1628,1664,1741,1838,1658
40204,"Carroll, Anne",non-elite,1522,3077,4625,6196,7770,9458,11225,12971,1555,1548,1571,1574,1688,1767,1746
40205,"Saul, Emily E.",non-elite,1500,3022,4583,6151,7797,9502,11288,12987,1522,1561,1568,1646,1705,1786,1699
40206,"Pochatila, Joy",non-elite,1602,3179,4761,6332,7877,9519,11325,12982,1577,1582,1571,1545,1642,1806,1657
40207,"Skec, Lidija",non-elite,1582,3188,4768,6389,8012,9695,11405,13027,1606,1580,1621,1623,1683,1710,1622
40208,"Marchionna, Lee Ann",non-elite,1519,3049,4646,6264,7872,9556,11288,13012,1530,1597,1618,1608,1684,1732,1724
40209,"Rosmulder, Jasper",non-elite,1365,2792,4265,5823,7471,9152,11061,12931,1427,1473,1558,1648,1681,1909,1870
40210,"Peterson, Kathrina",non-elite,1566,3151,4725,6314,7919,9598,11306,13014,1585,1574,1589,1605,1679,1708,1708
40211,"Brissette, Philippe",non-elite,1532,3055,4563,6091,7620,9282,11191,13027,1523,1508,1528,1529,1662,1909,1836
40212,"Mcgaffigan, Maria",non-elite,1413,2956,4560,6227,7887,9628,11365,12994,1543,1604,1667,1660,1741,1737,1629
40213,"Wetzel, Anna J",non-elite,1406,2841,4314,5874,7481,9219,11119,12979,1435,1473,1560,1607,1738,1900,1860
40214,"Sullivan, Maura",non-elite,1577,3199,4829,6459,8085,9767,11424,13040,1622,1630,1630,1626,1682,1657,1616
40215,"Ingle, Sarah E",non-elite,1455,2939,4452,6008,7594,9306,11190,13023,1484,1513,1556,1586,1712,1884,1833
40216,"Zary, Lyle F",non-elite,1374,2730,4140,5655,7282,9102,11011,12926,1356,1410,1515,1627,1820,1909,1915
40217,"Wulftange, Michael P.",non-elite,1666,3274,4832,6362,7936,9597,11284,13037,1608,1558,1530,1574,1661,1687,1753
40218,"Reinhardt, Michael",non-elite,1522,3115,4621,6200,7859,9566,11394,12948,1593,1506,1579,1659,1707,1828,1554
40219,"Lehr, Tom",non-elite,1672,3300,4939,6662,8391,9921,11491,13040,1628,1639,1723,1729,1530,1570,1549
40220,"Choiniere, Michelle A",non-elite,1513,3034,4619,6245,7882,9598,11330,13033,1521,1585,1626,1637,1716,1732,1703
40221,"Weaver, David E.",non-elite,1336,2672,4023,5396,6788,8355,10295,12815,1336,1351,1373,1392,1567,1940,2520
40222,"Smith, Katti",non-elite,1541,3080,4596,6138,7787,9537,11322,13032,1539,1516,1542,1649,1750,1785,1710
40223,"Aleshire, Paul H",non-elite,1491,2914,4344,5851,7451,9191,11014,12986,1423,1430,1507,1600,1740,1823,1972
40224,"Miller, Timothy A.",non-elite,1591,3191,4781,6397,8016,9679,11368,13010,1600,1590,1616,1619,1663,1689,1642
40225,"Chan, Nicole",non-elite,1449,2855,4332,5894,7498,9217,11071,12906,1406,1477,1562,1604,1719,1854,1835
40226,"Baca, Fabian E",non-elite,1458,2912,4396,5905,7425,9109,11001,12888,1454,1484,1509,1520,1684,1892,1887
40227,"Mattis, Courtney A",non-elite,1517,3039,4579,6166,7763,9460,11224,12980,1522,1540,1587,1597,1697,1764,1756
40228,"Dorr, Thomas B. Jr.",non-elite,1323,2615,4051,5800,7335,9149,11146,12994,1292,1436,1749,1535,1814,1997,1848
40229,"Roussos, Anastasia",non-elite,1464,2951,4557,6128,7724,9451,11290,13039,1487,1606,1571,1596,1727,1839,1749
40230,"Lyman, Alessandra",non-elite,1409,2836,4287,5767,7279,8868,10795,12910,1427,1451,1480,1512,1589,1927,2115
40231,"Gadd, Robyn D",non-elite,1580,3142,4717,6312,7932,9615,11346,13037,1562,1575,1595,1620,1683,1731,1691
40232,"Gill, Olivia",non-elite,1589,3169,4737,6315,7917,9608,11352,13013,1580,1568,1578,1602,1691,1744,1661
40233,"Metlitz, Michael",non-elite,1516,3007,4577,6103,7637,9215,10978,12975,1491,1570,1526,1534,1578,1763,1997
40234,"Micka, Sean P.",non-elite,1261,2501,3759,5208,6781,8630,10745,13044,1240,1258,1449,1573,1849,2115,2299
40235,"Jablonski, Kimberly",non-elite,1576,3138,4733,6361,7984,9611,11313,13030,1562,1595,1628,1623,1627,1702,1717
40236,"Knauff, Barbara",non-elite,1552,3157,4782,6426,8053,9736,11434,13038,1605,1625,1644,1627,1683,1698,1604
40237,"Wright, Roger B",non-elite,1481,2991,4518,6086,7670,9331,11066,12921,1510,1527,1568,1584,1661,1735,1855
40238,"Rook, Geoff",non-elite,1553,3121,4695,6257,7821,9436,11107,12919,1568,1574,1562,1564,1615,1671,1812
40239,"Canney, Sarah E.",non-elite,1548,3055,4559,6089,7677,9364,11253,12962,1507,1504,1530,1588,1687,1889,1709
40240,"Ayotte, Suzette L",non-elite,1642,3256,4875,6491,8102,9756,11427,13043,1614,1619,1616,1611,1654,1671,1616
40241,"Ellis, Stewart",non-elite,1310,2638,3967,5317,6764,8413,10483,12848,1328,1329,1350,1447,1649,2070,2365
40242,"Simler, Ken",non-elite,1535,3168,4830,6483,8141,9804,11466,13062,1633,1662,1653,1658,1663,1662,1596
40243,"Oliver, Greg",non-elite,1436,2870,4309,5792,7348,9025,10864,12806,1434,1439,1483,1556,1677,1839,1942
40244,"Hallen, Michael R",non-elite,1424,2854,4296,5813,7387,9094,10918,12824,1430,1442,1517,1574,1707,1824,1906
40245,"Dunkley, Robin M",non-elite,1535,3082,4676,6291,7914,9604,11316,13004,1547,1594,1615,1623,1690,1712,1688
40246,"Mees, Amy",non-elite,1559,3154,4752,6358,7964,9630,11328,12988,1595,1598,1606,1606,1666,1698,1660
40247,"Christensen, Andre",non-elite,1454,2965,4466,6026,7565,9222,11053,12883,1511,1501,1560,1539,1657,1831,1830
40248,"Defranco, Meredith",non-elite,1464,3004,4730,6319,7995,9653,11361,13023,1540,1726,1589,1676,1658,1708,1662
40249,"Masuda, Tomomi",non-elite,1419,2865,4355,5961,7760,9586,11364,13053,1446,1490,1606,1799,1826,1778,1689
40250,"Anderson, Patricia A.",non-elite,1605,3183,4769,6356,7957,9601,11314,12990,1578,1586,1587,1601,1644,1713,1676
40251,"Labrunette, Jean-Marc",non-elite,1538,3076,4601,6187,7749,9417,11092,12907,1538,1525,1586,1562,1668,1675,1815
40252,"Seregni, Armando",non-elite,1433,2889,4362,5868,7433,9230,11146,12934,1456,1473,1506,1565,1797,1916,1788
40253,"Abanero, Jennifer",non-elite,1484,2974,4530,6099,7688,9398,11200,12959,1490,1556,1569,1589,1710,1802,1759
40254,"Uhlik, Amy",non-elite,1577,3179,4779,6392,8002,9650,11346,13036,1602,1600,1613,1610,1648,1696,1690
40255,"Martinez, Hector H.",non-elite,1628,3224,4799,6399,7994,9661,11423,13071,1596,1575,1600,1595,1667,1762,1648
40256,"Pilon, Xiomara",non-elite,1430,2902,4378,5949,7595,9352,11180,12977,1472,1476,1571,1646,1757,1828,1797
40257,"Young, Zachary D",non-elite,1230,2545,3878,5388,7053,8916,10886,12940,1315,1333,1510,1665,1863,1970,2054
40258,"Criminale, Lucca",non-elite,1618,3272,4912,6588,8196,9828,11473,13063,1654,1640,1676,1608,1632,1645,1590
40259,"Vantassel, Allison P",non-elite,1672,3300,4939,6663,8392,9921,11493,13077,1628,1639,1724,1729,1529,1572,1584
40260,"Yoshimoto, Christa J",non-elite,1546,3086,4630,6249,7885,9579,11319,13056,1540,1544,1619,1636,1694,1740,1737
40261,"Black, David L",non-elite,1398,2786,4203,5658,7146,8792,10974,12886,1388,1417,1455,1488,1646,2182,1912
40262,"Johnston, Kelly",non-elite,1550,3122,4703,6308,7888,9535,11229,12970,1572,1581,1605,1580,1647,1694,1741
40263,"Rozza, Ana",non-elite,1575,3120,4673,6250,7863,9559,11340,12981,1545,1553,1577,1613,1696,1781,1641
40264,"Sellers, David",non-elite,1370,2886,4538,6159,7721,9422,11150,13042,1516,1652,1621,1562,1701,1728,1892
40265,"Fernandes, Mario",non-elite,1298,2661,4111,5676,7456,9355,11192,12988,1363,1450,1565,1780,1899,1837,1796
40266,"Mcgannon, Juda",non-elite,1598,3188,4771,6384,8002,9656,11339,13040,1590,1583,1613,1618,1654,1683,1701
40267,"Allahdadi, Nooshin",non-elite,1562,3087,4642,6222,7817,9519,11332,13043,1525,1555,1580,1595,1702,1813,1711
40268,"Travis, Darrell J",non-elite,1548,3059,4510,6028,7707,9387,11127,13025,1511,1451,1518,1679,1680,1740,1898
40269,"Conklin, Marion",non-elite,1564,3137,4724,6324,7934,9607,11384,13027,1573,1587,1600,1610,1673,1777,1643
40270,"Mejia, Edgar R",non-elite,1473,2931,4404,6082,7813,9586,11304,13082,1458,1473,1678,1731,1773,1718,1778
40271,"Robinson, Raychelle S",non-elite,1549,3090,4657,6237,7826,9493,11239,12997,1541,1567,1580,1589,1667,1746,1758
40272,"Tremblay, Dominique",non-elite,1464,2942,4457,6014,7583,9269,11090,12883,1478,1515,1557,1569,1686,1821,1793
40273,"Arnst, Timothy F.",non-elite,1501,2999,4488,6078,7737,9519,11338,13058,1498,1489,1590,1659,1782,1819,1720
40274,"Rich, George F",non-elite,1557,3118,4691,6292,7895,9542,11282,13017,1561,1573,1601,1603,1647,1740,1735
40275,"Rush, Jeff",non-elite,1584,3200,4792,6408,8019,9658,11322,13016,1616,1592,1616,1611,1639,1664,1694
40276,"Lenden, Lise",non-elite,1586,3206,4860,6517,8128,9744,11399,13052,1620,1654,1657,1611,1616,1655,1653
40277,"Montgomery, Darlene",non-elite,1576,3151,4720,6281,7845,9495,11251,12968,1575,1569,1561,1564,1650,1756,1717
40278,"Torrey, Eleanor H.",non-elite,1632,3215,4814,6417,8043,9699,11391,13054,1583,1599,1603,1626,1656,1692,1663
40279,"Hobin, Michelle C.",non-elite,1605,3166,4711,6294,7888,9532,11306,13036,1561,1545,1583,1594,1644,1774,1730
40280,"Timmons, Stacy",non-elite,1576,3153,4741,6328,7907,9549,11340,13011,1577,1588,1587,1579,1642,1791,1671
40281,"Shire, Emily",non-elite,1478,2976,4512,6103,7739,9448,11246,13027,1498,1536,1591,1636,1709,1798,1781
40282,"Jantz, Rachel",non-elite,1499,2979,4486,6066,7720,9440,11233,12996,1480,1507,1580,1654,1720,1793,1763
40283,"Lee, Eliot M.",non-elite,1482,2978,4526,6100,7753,9429,11238,12982,1496,1548,1574,1653,1676,1809,1744
40284,"Mahieu, Roger Jr.",non-elite,1410,2872,4411,5971,7502,9177,11083,12919,1462,1539,1560,1531,1675,1906,1836
40285,"Connelly, Terrence R.",non-elite,1547,3104,4653,6249,7826,9472,11238,12974,1557,1549,1596,1577,1646,1766,1736
40286,"Farnam, Tressa M",non-elite,1555,3062,4610,6200,7837,9562,11361,13059,1507,1548,1590,1637,1725,1799,1698
40287,"Laskowski, Kara T.",non-elite,1489,3012,4575,6149,7729,9372,11100,12938,1523,1563,1574,1580,1643,1728,1838
40288,"Campbell, Brian",non-elite,1540,3079,4615,6181,7761,9437,11247,12992,1539,1536,1566,1580,1676,1810,1745
40289,"Slack, Ron",non-elite,1390,2762,4144,5569,7086,8869,10805,12855,1372,1382,1425,1517,1783,1936,2050
40290,"Williams, Garrett",non-elite,1583,3160,4753,6395,8024,9705,11415,13055,1577,1593,1642,1629,1681,1710,1640
40291,"Borden, Emily B.",non-elite,1416,2878,4364,5960,7615,9426,11287,13026,1462,1486,1596,1655,1811,1861,1739
40292,"Hambleton, Mark D",non-elite,1519,3069,4625,6218,7816,9520,11285,13038,1550,1556,1593,1598,1704,1765,1753
40293,"Hultgren, Joe",non-elite,1391,2751,4138,5662,7277,9091,11113,13007,1360,1387,1524,1615,1814,2022,1894
40294,"Watschke, Christa",non-elite,1608,3215,4819,6428,8060,9739,11389,13046,1607,1604,1609,1632,1679,1650,1657
40295,"Jarani, Christian",non-elite,1576,3163,4744,6349,7941,9586,11283,12965,1587,1581,1605,1592,1645,1697,1682
40296,"Hebert, Karl",non-elite,1149,2333,3534,4781,6047,9375,10998,13085,1184,1201,1247,1266,3328,1623,2087
40297,"Fortin, Dany",non-elite,1467,2945,4459,6017,7585,9273,11089,12886,1478,1514,1558,1568,1688,1816,1797
40298,"Antonini, Christine A",non-elite,1545,3094,4657,6265,7897,9603,11331,13020,1549,1563,1608,1632,1706,1728,1689
40299,"Lorenzen, Charlotte K.",non-elite,1532,3080,4653,6279,7899,9613,11392,13062,1548,1573,1626,1620,1714,1779,1670
40300,"Clark, Sarah",non-elite,1368,2781,4415,6062,7632,9340,11083,13003,1413,1634,1647,1570,1708,1743,1920
40301,"Munyan, Franklin D.",non-elite,1519,3035,4592,6202,7818,9538,11269,13002,1516,1557,1610,1616,1720,1731,1733
40302,"Marks, Laurel S",non-elite,1485,2962,4520,6191,7887,9598,11305,13023,1477,1558,1671,1696,1711,1707,1718
40303,"Baumgartner, Emma",non-elite,1514,3039,4565,6107,7682,9369,11108,13038,1525,1526,1542,1575,1687,1739,1930
40304,"Frischer, Alan A",non-elite,1587,3169,4739,6345,7944,9608,11320,13032,1582,1570,1606,1599,1664,1712,1712
40305,"Brink Henriksson, Pernilla",non-elite,1514,3040,4686,6299,7917,9597,11325,13016,1526,1646,1613,1618,1680,1728,1691
40306,"Chung, David",non-elite,1424,2845,4276,5755,7323,9072,10924,12911,1421,1431,1479,1568,1749,1852,1987
40307,"Propst, Carly",non-elite,1570,3161,4735,6347,7976,9669,11379,13051,1591,1574,1612,1629,1693,1710,1672
40308,"Gorman, Andrew",non-elite,1600,3089,4545,6129,7681,9433,11251,13011,1489,1456,1584,1552,1752,1818,1760
40309,"Peddy, Christine",non-elite,1472,2925,4426,5957,7722,9485,11302,13026,1453,1501,1531,1765,1763,1817,1724
40310,"Bartholomew, Candice E.",non-elite,1596,3197,4843,6464,8071,9706,11384,13027,1601,1646,1621,1607,1635,1678,1643
40311,"Lavoie, Benjamin J.",non-elite,1601,3092,4566,6101,7642,9280,11189,13033,1491,1474,1535,1541,1638,1909,1844
40312,"Crul, Riny",non-elite,1477,2976,4541,6071,7598,9327,11170,13005,1499,1565,1530,1527,1729,1843,1835
40313,"Dippolito, Megan",non-elite,1585,3183,4762,6366,7964,9641,11375,13032,1598,1579,1604,1598,1677,1734,1657
40314,"Buford, Leslie",non-elite,1463,3005,4479,6046,7715,9508,11321,13030,1542,1474,1567,1669,1793,1813,1709
40315,"Bezkorovainy, Hordiy",non-elite,1393,2844,4414,6099,7870,9511,11245,12920,1451,1570,1685,1771,1641,1734,1675
40316,"Peters, Michael G",non-elite,1512,3030,4583,6267,7886,9596,11365,13041,1518,1553,1684,1619,1710,1769,1676
40317,"Helm, Nina E.",non-elite,1548,3081,4630,6218,7816,9524,11310,13018,1533,1549,1588,1598,1708,1786,1708
40318,"Loughnane, Kevin",non-elite,1441,2878,4320,5877,7473,9304,11123,12964,1437,1442,1557,1596,1831,1819,1841
40319,"Kucharczyk, Laura J",non-elite,1663,3293,4898,6506,8106,9756,11411,13048,1630,1605,1608,1600,1650,1655,1637
40320,"Davidson, Jackie",non-elite,1563,3137,4728,6363,7948,9554,11306,13037,1574,1591,1635,1585,1606,1752,1731
40321,"Peters, Laura R.",non-elite,1512,3030,4582,6268,7886,9596,11365,13040,1518,1552,1686,1618,1710,1769,1675
40322,"Davis, Leslie",non-elite,1527,3034,4562,6135,7729,9413,11214,12969,1507,1528,1573,1594,1684,1801,1755
40323,"Neeley, Stephen",non-elite,1629,3089,4539,5994,7497,9095,10885,12864,1460,1450,1455,1503,1598,1790,1979
40324,"Wareck, Kristin",non-elite,1448,2956,4487,6066,7689,9444,11263,13001,1508,1531,1579,1623,1755,1819,1738
40325,"Fix, Katherine L",non-elite,1536,3098,4681,6287,7879,9567,11286,12966,1562,1583,1606,1592,1688,1719,1680
40326,"Galbraith, Sally",non-elite,1572,3171,4785,6401,8022,9686,11386,13046,1599,1614,1616,1621,1664,1700,1660
40327,"Frame, Elizabeth A",non-elite,1536,3075,4621,6181,7735,9414,11187,12969,1539,1546,1560,1554,1679,1773,1782
40328,"Aguilar, Ninrood",non-elite,1612,3185,4748,6360,7937,9580,11278,13047,1573,1563,1612,1577,1643,1698,1769
40329,"Rosamilia, Joseph",non-elite,1502,3013,4574,6156,7759,9465,11257,12975,1511,1561,1582,1603,1706,1792,1718
40330,"Gaona, Gilberto Jr.",non-elite,1508,2962,4428,5932,7501,9232,11073,13030,1454,1466,1504,1569,1731,1841,1957
40331,"Pickett, Gretchen",non-elite,1511,2986,4507,6081,7719,9437,11228,12988,1475,1521,1574,1638,1718,1791,1760
40332,"Navas, William R III",non-elite,1311,2619,3966,5397,6993,8656,10761,12899,1308,1347,1431,1596,1663,2105,2138
40333,"Sullivan, Michele",non-elite,1627,3238,4836,6461,8045,9725,11431,13053,1611,1598,1625,1584,1680,1706,1622
40334,"West, Dawn",non-elite,1477,2984,4578,6204,7854,9535,11286,13000,1507,1594,1626,1650,1681,1751,1714
40335,"De Melo, Jennifer P",non-elite,1499,3003,4540,6121,7732,9388,11205,13029,1504,1537,1581,1611,1656,1817,1824
40336,"Farrington, Stephen",non-elite,1469,2954,4483,6082,7716,9419,11216,13010,1485,1529,1599,1634,1703,1797,1794
40337,"Storsve, Andreas Berg",non-elite,1249,2532,3918,5454,6982,8705,10982,12952,1283,1386,1536,1528,1723,2277,1970
40338,"Barrie, Erin",non-elite,1494,3061,4661,6302,8021,9744,11452,13067,1567,1600,1641,1719,1723,1708,1615
40339,"Seckel, James E",non-elite,1336,2715,4155,5687,7308,9055,10947,12983,1379,1440,1532,1621,1747,1892,2036
40340,"Wood, David L.",non-elite,1587,3186,4754,6354,7962,9630,11330,13041,1599,1568,1600,1608,1668,1700,1711
40341,"Jones, Hathaway A",non-elite,1561,3097,4627,6219,7799,9505,11285,13002,1536,1530,1592,1580,1706,1780,1717
40342,"Morton-Langehaug, Jessi",non-elite,1458,2957,4510,6114,7762,9464,11209,13021,1499,1553,1604,1648,1702,1745,1812
40343,"Santana, Cristina",non-elite,1648,3289,4927,6561,8162,9807,11472,13060,1641,1638,1634,1601,1645,1665,1588
40344,"Taylor, Deb",non-elite,1551,3086,4624,6165,7767,9447,11321,13040,1535,1538,1541,1602,1680,1874,1719
40345,"Donovan, Christine",non-elite,1609,3139,4818,6513,8150,9843,11516,13093,1530,1679,1695,1637,1693,1673,1577
40346,"Ifkovits, Jamie L",non-elite,1506,3037,4623,6232,7865,9574,11316,13046,1531,1586,1609,1633,1709,1742,1730
40347,"Abernethy, Scott D.",non-elite,1514,3066,4637,6247,7859,9535,11285,13009,1552,1571,1610,1612,1676,1750,1724
40348,"Lee, Moses",non-elite,1456,2987,4559,6202,7854,9544,11263,13031,1531,1572,1643,1652,1690,1719,1768
40349,"Warren, Joshua A.",non-elite,1450,2901,4366,5902,7658,9396,11209,12972,1451,1465,1536,1756,1738,1813,1763
40350,"Ogan, Andrew",non-elite,1559,3104,4643,6209,7784,9446,11264,12972,1545,1539,1566,1575,1662,1818,1708
40351,"Monahan Gaughan, Kerry",non-elite,1442,2883,4369,5923,7520,9269,11181,13024,1441,1486,1554,1597,1749,1912,1843
40352,"Robinson, Carolyn P.",non-elite,1656,3270,4896,6515,8126,9801,11502,13087,1614,1626,1619,1611,1675,1701,1585
40353,"Joseph, Mariko I.",non-elite,1551,3078,4614,6476,8117,9899,11576,13101,1527,1536,1862,1641,1782,1677,1525
40354,"Clark, Lindsey",non-elite,1535,3080,4649,6226,7797,9412,11106,12929,1545,1569,1577,1571,1615,1694,1823
40355,"Levine, Randy",non-elite,1508,2977,4509,6091,7696,9399,11188,12996,1469,1532,1582,1605,1703,1789,1808
40356,"Lacouture, Daniel S.",non-elite,1561,3074,4574,6119,7677,9339,11147,12983,1513,1500,1545,1558,1662,1808,1836
40357,"Pflederer, Hannah E.",non-elite,1417,2840,4301,5815,7375,9158,11052,12962,1423,1461,1514,1560,1783,1894,1910
40358,"Powers, Frank",non-elite,1291,2656,4147,5706,7352,9049,10907,12897,1365,1491,1559,1646,1697,1858,1990
40359,"Heinrich, Richard",non-elite,1423,2890,4408,6008,7632,9319,11191,13030,1467,1518,1600,1624,1687,1872,1839
40360,"Todor, Trenkov",non-elite,1470,3038,4563,6145,7737,9456,11279,13033,1568,1525,1582,1592,1719,1823,1754
40361,"Lancour, Dave",non-elite,1621,3248,4831,6425,8016,9680,11389,13081,1627,1583,1594,1591,1664,1709,1692
40362,"Yarrow, Walt",non-elite,1473,2960,4472,6022,7597,9389,11230,13022,1487,1512,1550,1575,1792,1841,1792
40363,"Turner, Tracey P.",non-elite,1527,3056,4629,6243,7882,9626,11388,13058,1529,1573,1614,1639,1744,1762,1670
40364,"Rich, Kate",non-elite,1558,3126,4696,6285,7868,9560,11327,13028,1568,1570,1589,1583,1692,1767,1701
40365,"Oliveira, Steve",non-elite,1432,2918,4431,5992,7565,9306,11153,12991,1486,1513,1561,1573,1741,1847,1838
40366,"Romboldi, Nicole D.",non-elite,1542,3073,4607,6179,7783,9474,11223,13020,1531,1534,1572,1604,1691,1749,1797
40367,"Burmester, John D.",non-elite,1413,2839,4276,5751,7367,9124,10983,12906,1426,1437,1475,1616,1757,1859,1923
40368,"Matthes-Loy, Cynthia",non-elite,1547,3103,4680,6284,7901,9588,11338,13023,1556,1577,1604,1617,1687,1750,1685
40369,"Planteen, Gwen",non-elite,1510,3085,4681,6324,7956,9641,11367,13039,1575,1596,1643,1632,1685,1726,1672
40370,"Curry, Christine R",non-elite,1582,3182,4784,6390,7987,9669,11391,13020,1600,1602,1606,1597,1682,1722,1629
40371,"Mays, Sidney",non-elite,1453,2933,4442,6008,7585,9250,11009,12896,1480,1509,1566,1577,1665,1759,1887
40372,"Breeding, Evan M.",non-elite,1503,3054,4638,6215,7802,9477,11228,13000,1551,1584,1577,1587,1675,1751,1772
40373,"Trudeau, Roselyne",non-elite,1466,2986,4565,6225,7868,9583,11349,13042,1520,1579,1660,1643,1715,1766,1693
40374,"Moon, Chris D",non-elite,1331,2633,3937,5271,6645,8273,10421,12892,1302,1304,1334,1374,1628,2148,2471
40375,"Takeda, Nobuo",non-elite,1600,3136,4679,6235,7831,9524,11241,12984,1536,1543,1556,1596,1693,1717,1743
40376,"Kosugi, Junko",non-elite,1550,3081,4672,6319,8001,9721,11431,13082,1531,1591,1647,1682,1720,1710,1651
40377,"Dufresne, Philippe",non-elite,1614,3235,4857,6490,8108,9765,11446,13062,1621,1622,1633,1618,1657,1681,1616
40378,"Uffelman, Louise E",non-elite,1625,3222,4843,6489,8132,9837,11524,13123,1597,1621,1646,1643,1705,1687,1599
40379,"Zschiesche, Deidra",non-elite,1367,2755,4182,5681,7338,9203,11030,12920,1388,1427,1499,1657,1865,1827,1890
40380,"Liguori, Michele",non-elite,1636,3276,4888,6515,8156,9816,11499,13090,1640,1612,1627,1641,1660,1683,1591
40381,"More, Dana",non-elite,1426,2903,4470,6103,7772,9541,11328,13033,1477,1567,1633,1669,1769,1787,1705
40382,"Faria, Laura P",non-elite,1555,3134,4681,6253,7826,9476,11214,12970,1579,1547,1572,1573,1650,1738,1756
40383,"Tecce, Michael",non-elite,1539,3086,4659,6314,7941,9629,11364,13078,1547,1573,1655,1627,1688,1735,1714
40384,"Williams, Alan D",non-elite,1480,2996,4513,6089,7661,9314,11082,12942,1516,1517,1576,1572,1653,1768,1860
40385,"Haydon, Bruce R.",non-elite,1471,2977,4500,6047,7632,9314,11067,12986,1506,1523,1547,1585,1682,1753,1919
40386,"Sullivan, Melodie",non-elite,1554,3105,4685,6290,7917,9633,11331,13025,1551,1580,1605,1627,1716,1698,1694
40387,"Murillo, Alberto",non-elite,1619,3234,4845,6461,8056,9671,11339,13032,1615,1611,1616,1595,1615,1668,1693
40388,"Torkelson, Nina L",non-elite,1528,3076,4641,6226,7825,9502,11262,13020,1548,1565,1585,1599,1677,1760,1758
40389,"Smith, Kevin W.",non-elite,1483,2972,4473,6008,7561,9246,11026,12884,1489,1501,1535,1553,1685,1780,1858
40390,"Caron, Bernard",non-elite,1558,3131,4726,6310,7899,9610,11297,13031,1573,1595,1584,1589,1711,1687,1734
40391,"Kath, Melissa",non-elite,1546,3119,4706,6321,7936,9637,11357,13060,1573,1587,1615,1615,1701,1720,1703
40392,"Truman, Margot K.",non-elite,1428,2868,4322,5798,7421,9199,11069,12974,1440,1454,1476,1623,1778,1870,1905
40393,"Choi, Meeheh S.",non-elite,1592,3229,4843,6443,8029,9679,11376,13047,1637,1614,1600,1586,1650,1697,1671
40394,"Sulerz, Jasmin",non-elite,1483,3182,4919,6627,8163,9804,11505,13090,1699,1737,1708,1536,1641,1701,1585
40395,"Aberle, Kristen Y.",non-elite,1654,3243,4827,6420,8019,9710,11431,13071,1589,1584,1593,1599,1691,1721,1640
40396,"Herrin, Annie",non-elite,1578,3180,4783,6399,8006,9692,11407,13050,1602,1603,1616,1607,1686,1715,1643
40397,"Greenfield, Tracy",non-elite,1574,3183,4824,6457,8080,9749,11438,13086,1609,1641,1633,1623,1669,1689,1648
40398,"Caceres, Ana C",non-elite,1540,3065,4611,6223,7869,9569,11352,13056,1525,1546,1612,1646,1700,1783,1704
40399,"Mccabe, Lauren",non-elite,1557,3127,4711,6334,7966,9674,11424,13078,1570,1584,1623,1632,1708,1750,1654
40400,"Gill, Michael J",non-elite,1316,2642,3986,5485,7073,8757,10819,12945,1326,1344,1499,1588,1684,2062,2126
40401,"Goodin, Ken",non-elite,1448,2913,4365,5827,7291,8871,10688,12765,1465,1452,1462,1464,1580,1817,2077
40402,"Bothe, Carly A.",non-elite,1359,2783,4316,5971,7656,9407,11218,12991,1424,1533,1655,1685,1751,1811,1773
40403,"Jones, Robert B",non-elite,1526,3071,4607,6159,7738,9414,11133,12926,1545,1536,1552,1579,1676,1719,1793
40404,"Cavanaugh, Julie",non-elite,1266,2557,3940,5481,6984,9749,11342,13060,1291,1383,1541,1503,2765,1593,1718
40405,"Mckenna, John",non-elite,1361,2725,4124,5608,7320,9111,10967,13031,1364,1399,1484,1712,1791,1856,2064
40406,"Chimenti, Kelly A",non-elite,1640,3283,4915,6549,8160,9810,11482,13101,1643,1632,1634,1611,1650,1672,1619
40407,"Tucci, Elizabeth",non-elite,1662,3346,5007,6705,8356,9965,11555,13114,1684,1661,1698,1651,1609,1590,1559
40408,"Dobesh, Ron",non-elite,1574,3175,4767,6366,7972,9655,11372,13052,1601,1592,1599,1606,1683,1717,1680
40409,"McNeilly, Colin C.",non-elite,1435,2966,4462,6091,7687,9376,11279,13038,1531,1496,1629,1596,1689,1903,1759
40410,"Ridout, Kimberly A",non-elite,1558,3153,4734,6329,7929,9569,11268,13004,1595,1581,1595,1600,1640,1699,1736
40411,"Stoops, Jody",non-elite,1457,2949,4473,6043,7653,9369,11250,13011,1492,1524,1570,1610,1716,1881,1761
40412,"Pitman, Michael A.",non-elite,1440,2947,4467,6048,7647,9388,11238,13011,1507,1520,1581,1599,1741,1850,1773
40413,"Hamblen, Ben J.",non-elite,1723,3260,4768,6318,7895,9546,11288,13035,1537,1508,1550,1577,1651,1742,1747
40414,"Mccullough, Kristen M.",non-elite,1522,3036,4546,6040,7547,9170,11049,12921,1514,1510,1494,1507,1623,1879,1872
40415,"Wong, Yuk Ying",non-elite,1562,3165,4805,6473,8083,9718,11444,13097,1603,1640,1668,1610,1635,1726,1653
40416,"Roark, Ken",non-elite,1394,2864,4387,5982,7612,9343,11163,12981,1470,1523,1595,1630,1731,1820,1818
40417,"Park, Helen S.",non-elite,1462,2994,4542,6190,7850,9581,11349,13041,1532,1548,1648,1660,1731,1768,1692
40418,"Gulli, Michael",non-elite,1473,2918,4345,5800,7304,8918,10832,12991,1445,1427,1455,1504,1614,1914,2159
40419,"Carcich, Jennifer L",non-elite,1571,3124,4700,6288,7952,9733,11437,13092,1553,1576,1588,1664,1781,1704,1655
40420,"Smith-Socaris, Amanda",non-elite,1592,3177,4765,6378,7970,9622,11340,13044,1585,1588,1613,1592,1652,1718,1704
40421,"Keyte, Scott C",non-elite,1397,2814,4273,5844,7496,9307,11125,13016,1417,1459,1571,1652,1811,1818,1891
40422,"Balcavage, Dynise",non-elite,1580,3185,4775,6394,7994,9648,11356,13043,1605,1590,1619,1600,1654,1708,1687
40423,"Davis, Robert N",non-elite,1382,2779,4206,5719,7338,9145,11022,12989,1397,1427,1513,1619,1807,1877,1967
40424,"Jones, Simon G",non-elite,1279,2646,4183,5757,7320,9002,10889,12942,1367,1537,1574,1563,1682,1887,2053
40425,"Davison, Bruce E.",non-elite,1594,3136,4665,6201,7763,9452,11225,13001,1542,1529,1536,1562,1689,1773,1776
40426,"Young, Cheryl",non-elite,1524,3088,4659,6313,7946,9634,11359,13024,1564,1571,1654,1633,1688,1725,1665
40427,"Willis, Erin M.",non-elite,1472,2980,4502,6095,7660,9328,11157,13013,1508,1522,1593,1565,1668,1829,1856
40428,"Renard, Nicolas",non-elite,1310,2644,4043,5538,7030,8712,10757,12891,1334,1399,1495,1492,1682,2045,2134
40429,"Royer, Jennifer L.",non-elite,1485,3006,4565,6177,7825,9526,11257,13016,1521,1559,1612,1648,1701,1731,1759
40430,"Staudt, Michelle E",non-elite,1485,2983,4521,6131,7790,9570,11358,13093,1498,1538,1610,1659,1780,1788,1735
40431,"Mattox, Amy",non-elite,1562,3125,4690,6283,7898,9567,11290,13000,1563,1565,1593,1615,1669,1723,1710
40432,"Perreault, Josee",non-elite,1571,3122,4773,6439,8094,9804,11525,13107,1551,1651,1666,1655,1710,1721,1582
40433,"Beynon, Cory P",non-elite,1572,3168,4696,6225,7739,9343,11092,12924,1596,1528,1529,1514,1604,1749,1832
40434,"Kelly, Erin P",non-elite,1343,2751,4261,5951,7637,9438,11335,13053,1408,1510,1690,1686,1801,1897,1718
40435,"Solano, Lorna",non-elite,1578,3152,4750,6343,7938,9642,11406,13057,1574,1598,1593,1595,1704,1764,1651
40436,"Taylor, James",non-elite,1490,2968,4445,5934,7444,9088,10904,12943,1478,1477,1489,1510,1644,1816,2039
40437,"Aarna, Indrek",non-elite,1382,2821,4388,6006,7651,9440,11242,13059,1439,1567,1618,1645,1789,1802,1817
40438,"Lee, Tim",non-elite,1473,2979,4508,6069,7674,9371,11186,12985,1506,1529,1561,1605,1697,1815,1799
40439,"Woolley, Kerri",non-elite,1595,3182,4777,6399,8017,9691,11411,13079,1587,1595,1622,1618,1674,1720,1668
40440,"Brossard, Johanne",non-elite,1589,3167,4774,6394,8024,9706,11435,13082,1578,1607,1620,1630,1682,1729,1647
40441,"Beck, Chris",non-elite,1667,3281,4901,6571,8229,9872,11521,13091,1614,1620,1670,1658,1643,1649,1570
40442,"Latta, Erinn",non-elite,1413,2846,4297,5814,7373,9141,10999,12980,1433,1451,1517,1559,1768,1858,1981
40443,"Dresser, Lee P.",non-elite,1575,3158,4737,6348,7976,9630,11350,13053,1583,1579,1611,1628,1654,1720,1703
40444,"Carlisle, Jane M",non-elite,1533,3115,4806,6433,8057,9736,11439,13076,1582,1691,1627,1624,1679,1703,1637
40445,"Wyllie, Ian",non-elite,1518,2968,4464,6024,7648,9400,11226,13023,1450,1496,1560,1624,1752,1826,1797
40446,"Beebe, Bruce C",non-elite,1393,2846,4333,5885,7466,9219,11152,12934,1453,1487,1552,1581,1753,1933,1782
40447,"Bastarache, Juliette",non-elite,1436,2920,4634,6265,7891,9585,11403,13064,1484,1714,1631,1626,1694,1818,1661
40448,"Sing, Jenny A",non-elite,1521,3049,4623,6247,7871,9579,11358,13044,1528,1574,1624,1624,1708,1779,1686
40449,"Neeley, Jennifer L",non-elite,1519,3010,4491,6011,7537,9210,11054,12872,1491,1481,1520,1526,1673,1844,1818
40450,"Bauman, Philip",non-elite,1539,3038,4536,6100,7698,9539,11265,13005,1499,1498,1564,1598,1841,1726,1740
40451,"Cardoso, Lena Julia P.",non-elite,1499,3000,4566,6166,7805,9537,11323,13047,1501,1566,1600,1639,1732,1786,1724
40452,"Duplissis, Leah",non-elite,1483,3009,4586,6189,7798,9533,11336,13049,1526,1577,1603,1609,1735,1803,1713
40453,"Henry, Angelo",non-elite,1336,2714,4131,5599,7129,8850,10915,12956,1378,1417,1468,1530,1721,2065,2041
40454,"Midjord, Hogni",non-elite,1374,2789,4320,5830,7373,9026,11045,12943,1415,1531,1510,1543,1653,2019,1898
40455,"Firestone, Lisa",non-elite,1581,3151,4735,6360,7980,9653,11363,13053,1570,1584,1625,1620,1673,1710,1690
40456,"Cloutier, Laura",non-elite,1589,3187,4777,6378,7976,9664,11393,13053,1598,1590,1601,1598,1688,1729,1660
40457,"Hilpert, Sherry",non-elite,1528,3046,4615,6214,7820,9509,11303,13020,1518,1569,1599,1606,1689,1794,1717
40458,"Kelly, Steven J.",non-elite,1449,2918,4389,5907,7450,9146,11065,12964,1469,1471,1518,1543,1696,1919,1899
40459,"Barker, Glenn V.",non-elite,1400,2825,4306,5875,7461,9306,11169,12980,1425,1481,1569,1586,1845,1863,1811
40460,"Brown, Kellie",non-elite,1539,3104,4672,6274,7917,9630,11368,13040,1565,1568,1602,1643,1713,1738,1672
40461,"Hermansen, Kristina",non-elite,1538,3068,4639,6193,7743,9357,11035,12863,1530,1571,1554,1550,1614,1678,1828
40462,"Arthur, Kevin",non-elite,1390,2823,4266,5752,7266,8846,10528,12881,1433,1443,1486,1514,1580,1682,2353
40463,"Krenz, Krista F",non-elite,1539,3089,4657,6239,7816,9492,11268,13047,1550,1568,1582,1577,1676,1776,1779
40464,"Skevington, Anthony L.",non-elite,1481,2900,4350,5870,7464,9189,11036,12865,1419,1450,1520,1594,1725,1847,1829
40465,"Howarth, Clare",non-elite,1429,2976,4602,6248,7861,9555,11335,13097,1547,1626,1646,1613,1694,1780,1762
40466,"Gastineau, Jamie",non-elite,1402,2893,4417,6013,7760,9534,11298,12979,1491,1524,1596,1747,1774,1764,1681
40467,"Polkus, Vincent S",non-elite,1500,3012,4521,6146,7749,9511,11289,13049,1512,1509,1625,1603,1762,1778,1760
40468,"Cormie, David",non-elite,1511,3071,4590,6139,7709,9366,11154,12958,1560,1519,1549,1570,1657,1788,1804
40469,"Washizawa, Koichi",non-elite,1402,2818,4317,5941,7620,9409,11310,13048,1416,1499,1624,1679,1789,1901,1738
40470,"Hoke, Stephen P.",non-elite,1615,3151,4710,6298,7918,9615,11338,13063,1536,1559,1588,1620,1697,1723,1725
40471,"Ebener, Kenneth W",non-elite,1586,3199,4845,6499,8107,9726,11380,13058,1613,1646,1654,1608,1619,1654,1678
40472,"Morgan, Mary E.",non-elite,1564,3161,4749,6349,7933,9639,11347,13054,1597,1588,1600,1584,1706,1708,1707
40473,"Mailhiot, Melanie",non-elite,1567,3254,4852,6454,8095,9767,11442,13073,1687,1598,1602,1641,1672,1675,1631
40474,"Cordero, Christiane",non-elite,1541,3080,4631,6346,7941,9617,11351,13074,1539,1551,1715,1595,1676,1734,1723
40475,"Lipsher, Allison",non-elite,1541,3079,4630,6345,7941,9616,11351,13074,1538,1551,1715,1596,1675,1735,1723
40476,"Zaroukian, Michael H.",non-elite,1553,3121,4724,6295,7881,9567,11310,12993,1568,1603,1571,1586,1686,1743,1683
40477,"Zmuda, Stanislaw J",non-elite,1525,3035,4558,6131,7733,9430,11270,13033,1510,1523,1573,1602,1697,1840,1763
40478,"Regan, John",non-elite,1534,3069,4613,6149,7696,9353,11138,12962,1535,1544,1536,1547,1657,1785,1824
40479,"Gulas, Daniel F",non-elite,1283,2555,3834,5162,6777,9122,11129,13028,1272,1279,1328,1615,2345,2007,1899
40480,"Karl, Lou",non-elite,1516,3059,4597,6158,7744,9396,11109,12955,1543,1538,1561,1586,1652,1713,1846
40481,"Feighery, Aoife",non-elite,1441,2898,4465,6143,7850,9619,11372,13068,1457,1567,1678,1707,1769,1753,1696
40482,"Dehandschutter, Wouter",non-elite,1209,2443,3711,5022,6390,7869,9679,12100,1234,1268,1311,1368,1479,1810,2421
40483,"Ungerleider, Julie",non-elite,1512,3050,4607,6206,7849,9541,11307,13031,1538,1557,1599,1643,1692,1766,1724
40484,"Stefania, Placenza",non-elite,1446,2925,4502,6144,7724,9428,11264,13003,1479,1577,1642,1580,1704,1836,1739
40485,"Kwok, Lawrence Wai Hay",non-elite,1478,3042,4646,6251,7849,9525,11249,13047,1564,1604,1605,1598,1676,1724,1798
40486,"Jew, Daniel",non-elite,1419,2852,4285,5716,7208,8833,10926,12858,1433,1433,1431,1492,1625,2093,1932
40487,"Panek, Debra A",non-elite,1563,3139,4728,6365,7985,9665,11384,13050,1576,1589,1637,1620,1680,1719,1666
40488,"Koenig, Ann",non-elite,1538,3103,4705,6344,7990,9698,11412,13066,1565,1602,1639,1646,1708,1714,1654
40489,"Irzyk, Natalie",non-elite,1535,3063,4608,6206,7792,9501,11283,13003,1528,1545,1598,1586,1709,1782,1720
40490,"Nakai, Susumu",non-elite,1446,2881,4313,5886,7548,9376,11245,13013,1435,1432,1573,1662,1828,1869,1768
40491,"Skain, John",non-elite,1358,2760,4218,5797,7481,9262,11148,13019,1402,1458,1579,1684,1781,1886,1871
40492,"Blanchar, John E",non-elite,1568,3134,4708,6374,7999,9706,11456,13100,1566,1574,1666,1625,1707,1750,1644
40493,"Marzynski, Paul D.",non-elite,1477,2927,4393,5914,7428,9211,11189,13092,1450,1466,1521,1514,1783,1978,1903
40494,"Hahn, Glenn",non-elite,1533,3155,4808,6443,8068,9707,11407,13056,1622,1653,1635,1625,1639,1700,1649
40495,"Lanier, Jeffrey",non-elite,1482,3019,4503,6018,7567,9172,10903,12992,1537,1484,1515,1549,1605,1731,2089
40496,"Kraus, William E",non-elite,1446,2935,4418,5973,7490,9194,11035,12910,1489,1483,1555,1517,1704,1841,1875
40497,"Carew, Norman",non-elite,1337,2723,4091,5482,6896,8367,9966,12583,1386,1368,1391,1414,1471,1599,2617
40498,"Green, Joel Z.",non-elite,1509,3033,4593,6208,7858,9608,11416,13084,1524,1560,1615,1650,1750,1808,1668
40499,"Trahan, Lori A.",non-elite,1590,3182,4796,6439,8053,9741,11432,13076,1592,1614,1643,1614,1688,1691,1644
40500,"Brendamour, Bryn L",non-elite,1475,2952,4449,5977,7555,9264,11123,13017,1477,1497,1528,1578,1709,1859,1894
40501,"Mcnamara, Lynn S.",non-elite,1472,2962,4505,6121,7721,9394,11162,12963,1490,1543,1616,1600,1673,1768,1801
40502,"Gleason, Amy",non-elite,1560,3117,4683,6298,7914,9622,11325,13053,1557,1566,1615,1616,1708,1703,1728
40503,"Semer, Bruce",non-elite,1315,2676,4125,5708,7375,9187,11144,12981,1361,1449,1583,1667,1812,1957,1837
40504,"Agaponova, Anna",non-elite,1580,3092,4709,6335,7930,9657,11398,13112,1512,1617,1626,1595,1727,1741,1714
40505,"Chapman, Kate E",non-elite,1485,2979,4507,6108,7773,9519,11320,13066,1494,1528,1601,1665,1746,1801,1746
40506,"McCloud, James M.",non-elite,1506,2963,4463,5970,7581,9327,11149,13016,1457,1500,1507,1611,1746,1822,1867
40507,"Fritzsche, Jennifer L",non-elite,1587,3199,4815,6411,7949,9536,11215,12945,1612,1616,1596,1538,1587,1679,1730
40508,"Arriola, Francisco Jr.",non-elite,1525,3061,4648,6222,7860,9505,11225,13014,1536,1587,1574,1638,1645,1720,1789
40509,"Chan, Shun-Yin",non-elite,1543,3099,4693,6323,7945,9646,11382,13070,1556,1594,1630,1622,1701,1736,1688
40510,"Somorrostro, Julie",non-elite,1605,3212,4811,6405,8008,9681,11405,13076,1607,1599,1594,1603,1673,1724,1671
40511,"Hailer, Kim A.",non-elite,1486,2999,4530,6151,7808,9543,11325,13055,1513,1531,1621,1657,1735,1782,1730
40512,"Hanson, Mike D",non-elite,1580,3184,4778,6402,7954,9619,11334,13061,1604,1594,1624,1552,1665,1715,1727
40513,"Ivy, Debbie K",non-elite,1579,3184,4777,6402,7954,9618,11333,13060,1605,1593,1625,1552,1664,1715,1727
40514,"Kuehn, Amber",non-elite,1517,3041,4562,6143,7759,9441,11362,13028,1524,1521,1581,1616,1682,1921,1666
40515,"Donahue, Joseph P",non-elite,1530,3130,4652,6202,7772,9429,11198,13012,1600,1522,1550,1570,1657,1769,1814
40516,"Mullin, Patti J",non-elite,1608,3192,4760,6332,7898,9594,11295,12976,1584,1568,1572,1566,1696,1701,1681
40517,"Girard, Manon",non-elite,1547,3104,4751,6405,8159,9810,11478,13086,1557,1647,1654,1754,1651,1668,1608
40518,"Quek, Chiu Lian Jennifer",non-elite,1528,3091,4673,6291,7926,9704,11451,13091,1563,1582,1618,1635,1778,1747,1640
40519,"Rothberg, Eva",non-elite,1463,2994,4580,6261,7930,9659,11412,13093,1531,1586,1681,1669,1729,1753,1681
40520,"Harvey, Patrice",non-elite,1548,3105,4752,6406,8159,9810,11478,13087,1557,1647,1654,1753,1651,1668,1609
40521,"Cauvin, Julie A.",non-elite,1501,3011,4577,6145,7762,9491,11262,12980,1510,1566,1568,1617,1729,1771,1718
40522,"Stidham, Pamela L.",non-elite,1551,3096,4636,6192,7779,9488,11295,13018,1545,1540,1556,1587,1709,1807,1723
40523,"Feller, Lisa",non-elite,1383,2842,4365,5979,7613,9334,11143,12978,1459,1523,1614,1634,1721,1809,1835
40524,"Ost, Thomas W.",non-elite,1537,3116,4776,6365,7975,9654,11378,13062,1579,1660,1589,1610,1679,1724,1684
40525,"Horton, Lucy E",non-elite,1469,2962,4585,6206,7830,9537,11311,13042,1493,1623,1621,1624,1707,1774,1731
40526,"Chercuitte, Louise",non-elite,1474,2989,4557,6166,7864,9552,11305,13051,1515,1568,1609,1698,1688,1753,1746
40527,"Sik, Tracy L",non-elite,1537,3116,4776,6366,7976,9655,11378,13062,1579,1660,1590,1610,1679,1723,1684
40528,"Magato, Elizabeth A.",non-elite,1381,2767,4215,5744,7438,9298,11286,13055,1386,1448,1529,1694,1860,1988,1769
40529,"Nagamoto, Yoshihito",non-elite,1545,3066,4583,6123,7668,9273,10984,12890,1521,1517,1540,1545,1605,1711,1906
40530,"Shaw, Jennifer L.",non-elite,1433,2850,4271,5735,7244,9013,10914,12938,1417,1421,1464,1509,1769,1901,2024
40531,"Jicha, Tina L",non-elite,1474,2957,4463,6041,7708,9456,11300,13044,1483,1506,1578,1667,1748,1844,1744
40532,"Goebel, Amy",non-elite,1533,3103,4700,6322,7958,9664,11396,13092,1570,1597,1622,1636,1706,1732,1696
40533,"Porte, Miki",non-elite,1632,3274,4898,6547,8169,9839,11477,13082,1642,1624,1649,1622,1670,1638,1605
40534,"Brown, Peter A",non-elite,1317,2624,4037,5735,7306,9146,11086,13023,1307,1413,1698,1571,1840,1940,1937
40535,"Thompson, Greg M.",non-elite,1433,2869,4281,5727,7227,8909,10776,12871,1436,1412,1446,1500,1682,1867,2095
40536,"Wang, Hanju",non-elite,1638,3266,4898,6521,8128,9771,11447,13086,1628,1632,1623,1607,1643,1676,1639
40537,"Whipple, Jane E.",non-elite,1547,3098,4742,6371,8058,9736,11458,13109,1551,1644,1629,1687,1678,1722,1651
40538,"Gisolfi, Tanya",non-elite,1641,3261,4878,6500,8122,9810,11499,13118,1620,1617,1622,1622,1688,1689,1619
40539,"Hopkins, Sean",non-elite,1181,2373,3583,4897,6366,8404,10684,12954,1192,1210,1314,1469,2038,2280,2270
40540,"Zent, Lauren",non-elite,1477,2925,4369,5850,7325,8957,10774,13019,1448,1444,1481,1475,1632,1817,2245
40541,"Bligh, Rob",non-elite,1466,2965,4519,6141,7823,9492,11268,13029,1499,1554,1622,1682,1669,1776,1761
40542,"Kenney, Mary",non-elite,1385,2796,4292,5992,7662,9417,11221,13018,1411,1496,1700,1670,1755,1804,1797
40543,"Hewes, Robert L",non-elite,1571,3188,4800,6428,8044,9751,11389,13140,1617,1612,1628,1616,1707,1638,1751
40544,"Young, Kori",non-elite,1546,3043,4588,6232,7883,9634,11395,13109,1497,1545,1644,1651,1751,1761,1714
40545,"Radoycheva, Milena",non-elite,1438,2945,4507,6119,7764,9515,11314,13036,1507,1562,1612,1645,1751,1799,1722
40546,"Lefebvre, Paul J",non-elite,1475,3008,4556,6096,7643,9288,11033,12986,1533,1548,1540,1547,1645,1745,1953
40547,"Babb, Lindsay",non-elite,1560,3104,4681,6287,7917,9623,11364,13072,1544,1577,1606,1630,1706,1741,1708
40548,"O'Hara, Nora",non-elite,1550,3091,4819,6408,8124,9770,11532,13141,1541,1728,1589,1716,1646,1762,1609
40549,"Hazen, Ryan",non-elite,1305,2615,3959,5363,6854,8525,10441,12870,1310,1344,1404,1491,1671,1916,2429
40550,"O'Donnell, Catherine",non-elite,1585,3175,4763,6375,8002,9660,11382,13064,1590,1588,1612,1627,1658,1722,1682
40551,"Bordignon, Lucio",non-elite,1387,2769,4157,5597,7261,9069,10969,13000,1382,1388,1440,1664,1808,1900,2031
40552,"Lau, Chin Hung",non-elite,1403,2821,4279,5818,7484,9335,11284,13111,1418,1458,1539,1666,1851,1949,1827
40553,"Kolesa, Lauren",non-elite,1579,3194,4804,6416,8019,9700,11424,13083,1615,1610,1612,1603,1681,1724,1659
40554,"Wonderlin, Terry",non-elite,1536,3098,4674,6264,7857,9514,11225,13003,1562,1576,1590,1593,1657,1711,1778
40555,"Paul, Marylynn E.",non-elite,1539,3088,4669,6305,7985,9677,11418,13087,1549,1581,1636,1680,1692,1741,1669
40556,"Scarbrough, Karen",non-elite,1423,2884,4413,6016,7621,9484,11439,13130,1461,1529,1603,1605,1863,1955,1691
40557,"Brown, Collin",non-elite,1670,3242,4772,6331,7877,9511,11279,12994,1572,1530,1559,1546,1634,1768,1715
40558,"Abello, Kristy Anne M",non-elite,1661,3252,4837,6474,8093,9742,11425,13078,1591,1585,1637,1619,1649,1683,1653
40559,"French, Wendy",non-elite,1597,3158,4749,6346,8000,9678,11373,13096,1561,1591,1597,1654,1678,1695,1723
40560,"Saillard, Delphine",non-elite,1504,3033,4603,6212,7842,9584,11407,13083,1529,1570,1609,1630,1742,1823,1676
40561,"George, Mitchell",non-elite,1539,3195,4741,6295,7868,9560,11327,13079,1656,1546,1554,1573,1692,1767,1752
40562,"Medina Villamil, Astrid Zoraya",non-elite,1430,2928,4480,6084,7706,9456,11307,13069,1498,1552,1604,1622,1750,1851,1762
40563,"Biello, Frank C. Jr.",non-elite,1692,3242,4773,6316,7833,9451,11201,13019,1550,1531,1543,1517,1618,1750,1818
40564,"Johnston, Sydney",non-elite,1469,2945,4584,6224,7869,9572,11421,13102,1476,1639,1640,1645,1703,1849,1681
40565,"Gagne, Stacy L",non-elite,1573,3161,4751,6372,7987,9670,11416,13088,1588,1590,1621,1615,1683,1746,1672
40566,"Young, Shawna",non-elite,1567,3040,4542,6116,7758,9533,11375,13064,1473,1502,1574,1642,1775,1842,1689
40567,"Sabanac, Vanja",non-elite,1387,2850,4383,5983,7644,9377,11179,12994,1463,1533,1600,1661,1733,1802,1815
40568,"Grotz, Dave",non-elite,1506,2933,4375,5891,7507,9166,10999,12996,1427,1442,1516,1616,1659,1833,1997
40569,"Turner, Carla",non-elite,1475,2983,4535,6133,7778,9538,11292,13088,1508,1552,1598,1645,1760,1754,1796
40570,"Watanabe, Rob",non-elite,1571,3135,4714,6349,7948,9628,11341,13041,1564,1579,1635,1599,1680,1713,1700
40571,"Argo, Tracy",non-elite,1467,2933,4457,6076,7748,9443,11237,13067,1466,1524,1619,1672,1695,1794,1830
40572,"Adamek, Sarah J",non-elite,1444,2918,4463,6133,7740,9401,11173,13026,1474,1545,1670,1607,1661,1772,1853
40573,"Haynes, Sebastian L",non-elite,1260,2534,3839,5185,6655,8508,11271,13045,1274,1305,1346,1470,1853,2763,1774
40574,"Villarroel-Vegas, Guillermo",non-elite,1405,2809,4263,5903,7610,9395,11252,13039,1404,1454,1640,1707,1785,1857,1787
40575,"Brawand, Christine",non-elite,1536,3106,4714,6357,8011,9700,11410,13087,1570,1608,1643,1654,1689,1710,1677
40576,"Wigley, Brook",non-elite,1563,3092,4676,6302,7934,9621,11363,13105,1529,1584,1626,1632,1687,1742,1742
40577,"Abdulmassih, Tiana",non-elite,1375,2770,4222,5823,7477,9193,11031,13006,1395,1452,1601,1654,1716,1838,1975
40578,"Llerena, Ignacio Sr.",non-elite,1351,2972,4476,5984,7419,9010,10962,12996,1621,1504,1508,1435,1591,1952,2034
40579,"London, Alex",non-elite,1509,2975,4462,5956,7500,9170,11056,12925,1466,1487,1494,1544,1670,1886,1869
40580,"Nelson, Kelsey E.",non-elite,1459,2933,4417,5957,7522,9199,11013,12971,1474,1484,1540,1565,1677,1814,1958
40581,"Goodrich, Anthony S",non-elite,1312,2635,4158,5672,7314,9188,11111,12974,1323,1523,1514,1642,1874,1923,1863
40582,"Haag, Jeffrey B",non-elite,1479,2988,4506,6061,7671,9338,11074,12952,1509,1518,1555,1610,1667,1736,1878
40583,"Anzia, Beth",non-elite,1556,3123,4690,6283,7879,9576,11328,13051,1567,1567,1593,1596,1697,1752,1723
40584,"Glynn, Patrick S.",non-elite,1585,3145,4703,6268,7833,9479,11222,13037,1560,1558,1565,1565,1646,1743,1815
40585,"Bush, Lee Ann",non-elite,1590,3196,4811,6434,8046,9699,11396,13076,1606,1615,1623,1612,1653,1697,1680
40586,"Streeter, Patrick F.",non-elite,1690,3454,5093,6794,8411,10027,11610,13140,1764,1639,1701,1617,1616,1583,1530
40587,"Brown, Lisa F.",non-elite,1533,3033,4528,6068,7678,9377,11254,13046,1500,1495,1540,1610,1699,1877,1792
40588,"Takahashi, Toru",non-elite,1391,2787,4214,5631,7087,8836,10792,12977,1396,1427,1417,1456,1749,1956,2185
40589,"Croteau, Denise A.",non-elite,1533,3033,4562,6158,7740,9446,11188,13009,1500,1529,1596,1582,1706,1742,1821
40590,"Kiely, Peter J.",non-elite,1470,2957,4457,5984,7555,9272,11090,12984,1487,1500,1527,1571,1717,1818,1894
40591,"Brown, Heather Kw",non-elite,1582,3179,4792,6428,8055,9734,11444,13102,1597,1613,1636,1627,1679,1710,1658
40592,"Seaman, Robert",non-elite,1503,3015,4540,6152,7757,9463,11267,13071,1512,1525,1612,1605,1706,1804,1804
40593,"Oconnor, Padraig",non-elite,1340,2669,4008,5511,7019,8783,10851,12984,1329,1339,1503,1508,1764,2068,2133
40594,"Sipina, Masha",non-elite,1514,3028,4577,6179,7850,9545,11311,13044,1514,1549,1602,1671,1695,1766,1733
40595,"Alezarova, Jana",non-elite,1419,2888,4447,6093,7791,9559,11359,13063,1469,1559,1646,1698,1768,1800,1704
40596,"Panizza, Linda R.",non-elite,1534,3093,4671,6283,7939,9619,11350,13077,1559,1578,1612,1656,1680,1731,1727
40597,"Betts, Jacqui",non-elite,1544,3112,4765,6454,8070,9726,11458,13090,1568,1653,1689,1616,1656,1732,1632
40598,"Buchinger, Jill",non-elite,1588,3138,4690,6273,7875,9592,11355,13092,1550,1552,1583,1602,1717,1763,1737
40599,"Fratto, Courtney S.",non-elite,1606,3237,4852,6481,8091,9658,11519,13113,1631,1615,1629,1610,1567,1861,1594
40600,"Knutson, Jennifer",non-elite,1545,3092,4674,6309,7958,9618,11340,13078,1547,1582,1635,1649,1660,1722,1738
40601,"Ramos, Mariana",non-elite,1549,3119,4700,6305,7893,9571,11347,13071,1570,1581,1605,1588,1678,1776,1724
40602,"Snook, Steven",non-elite,1555,3036,4574,6118,7746,9494,11163,12983,1481,1538,1544,1628,1748,1669,1820
40603,"Benton, Teresa",non-elite,1636,3290,4932,6576,8207,9832,11462,13105,1654,1642,1644,1631,1625,1630,1643
40604,"Minger, Cortney",non-elite,1456,2904,4380,5970,7597,9315,11135,13064,1448,1476,1590,1627,1718,1820,1929
40605,"Steele, Carrie A",non-elite,1521,3042,4676,6245,7841,9534,11316,13045,1521,1634,1569,1596,1693,1782,1729
40606,"Richard, Marie-Claude",non-elite,1485,2982,4514,6112,7708,9418,11254,13026,1497,1532,1598,1596,1710,1836,1772
40607,"Brackin, Kelly",non-elite,1428,2843,4244,5684,7176,8950,10737,12833,1415,1401,1440,1492,1774,1787,2096
40608,"Sosnowski, Melissa",non-elite,1504,3018,4553,6135,7761,9469,11302,13059,1514,1535,1582,1626,1708,1833,1757
40609,"Carlson, Mackenzie L.",non-elite,1384,2803,4238,5768,7369,9127,10906,12790,1419,1435,1530,1601,1758,1779,1884
40610,"Bowes Burke, Kristen",non-elite,1514,3032,4561,6142,7736,9453,11243,13071,1518,1529,1581,1594,1717,1790,1828
40611,"Leftwich, Ray",non-elite,1403,2818,4260,5887,7575,9359,11229,13045,1415,1442,1627,1688,1784,1870,1816
40612,"Fernandez, Olga",non-elite,1526,3054,4763,6371,7979,9677,11438,13099,1528,1709,1608,1608,1698,1761,1661
40613,"Mu, Dunguo",non-elite,1414,2812,4220,5657,7175,8933,10953,12937,1398,1408,1437,1518,1758,2020,1984
40614,"Jordan, Richard W.",non-elite,1552,3116,4714,6333,7978,9652,11407,13083,1564,1598,1619,1645,1674,1755,1676
40615,"Hall, Sarah R.",non-elite,1648,3169,4672,6241,7801,9466,11183,13058,1521,1503,1569,1560,1665,1717,1875
40616,"Kelley, Erika L.",non-elite,1513,3022,4528,6061,7636,9366,11226,13044,1509,1506,1533,1575,1730,1860,1818
40617,"Mccullough, Sarah",non-elite,1479,2928,4395,5912,7475,9198,11138,13032,1449,1467,1517,1563,1723,1940,1894
40618,"Connaughton, Daniel P",non-elite,1485,2981,4508,6110,7747,9503,11316,13070,1496,1527,1602,1637,1756,1813,1754
40619,"Goodpaster, Nikki M",non-elite,1494,2984,4486,6053,7652,9397,11275,13071,1490,1502,1567,1599,1745,1878,1796
40620,"Gross, Bryan",non-elite,1601,3207,4846,6455,8047,9673,11384,13075,1606,1639,1609,1592,1626,1711,1691
40621,"Roberts, Ann M",non-elite,1653,3340,4957,6576,8192,9835,11493,13102,1687,1617,1619,1616,1643,1658,1609
40622,"Monolo, Joseph Robert",non-elite,1453,2941,4462,6127,7816,9599,11367,13104,1488,1521,1665,1689,1783,1768,1737
40623,"Raab, Janice",non-elite,1565,3128,4679,6251,7817,9445,11173,12962,1563,1551,1572,1566,1628,1728,1789
40624,"Hu, Meagan",non-elite,1453,2937,4473,6080,7731,9479,11284,13064,1484,1536,1607,1651,1748,1805,1780
40625,"Fulton, Dean",non-elite,1472,2923,4371,5838,7308,8853,10739,12882,1451,1448,1467,1470,1545,1886,2143
40626,"Garcia, Tony T",non-elite,1453,2921,4396,5895,7404,9064,10935,12939,1468,1475,1499,1509,1660,1871,2004
40627,"Berry, Malorie D",non-elite,1445,2911,4386,5923,7496,9205,11125,13056,1466,1475,1537,1573,1709,1920,1931
40628,"Stime, Katrina J.",non-elite,1470,2927,4421,6040,7757,9340,10988,13110,1457,1494,1619,1717,1583,1648,2122
40629,"Stewart, Lucy",non-elite,1587,3187,4788,6418,8048,9720,11414,13098,1600,1601,1630,1630,1672,1694,1684
40630,"Boyce, Brendan E.",non-elite,1527,3039,4548,6088,7666,9332,11105,13003,1512,1509,1540,1578,1666,1773,1898
40631,"Halberstadt, Andrew K.",non-elite,1496,3012,4548,6111,7686,9432,11313,13084,1516,1536,1563,1575,1746,1881,1771
40632,"Treadwell, Anne C",non-elite,1351,2722,4147,5703,7388,9157,11135,13105,1371,1425,1556,1685,1769,1978,1970
40633,"Kornkven, Elizabeth J",non-elite,1501,3046,4629,6278,7945,9662,11423,13106,1545,1583,1649,1667,1717,1761,1683
40634,"MacDonald, Scott",non-elite,1472,2942,4416,5923,7479,9159,11073,12952,1470,1474,1507,1556,1680,1914,1879
40636,"Putiyon, Kim C",non-elite,1637,3259,4876,6499,8098,9737,11498,13151,1622,1617,1623,1599,1639,1761,1653
40637,"Arriaga, Nancy E",non-elite,1543,3087,4649,6245,7875,9620,11447,13101,1544,1562,1596,1630,1745,1827,1654
40638,"Wong, Ronnie",non-elite,1591,3242,4850,6545,8190,9860,11531,13137,1651,1608,1695,1645,1670,1671,1606
40639,"Lundal, Egil",non-elite,1446,2900,4399,5953,7577,9406,11248,13047,1454,1499,1554,1624,1829,1842,1799
40640,"Stock, Peter",non-elite,1580,3237,4836,6454,8071,9768,11487,13121,1657,1599,1618,1617,1697,1719,1634
40641,"Khuraijam, Johnson",non-elite,1527,3026,4531,6098,7702,9466,11351,13043,1499,1505,1567,1604,1764,1885,1692
40642,"Santos, Celso",non-elite,1554,3102,4634,6167,7748,9456,11270,13082,1548,1532,1533,1581,1708,1814,1812
40643,"Purpura, Paul",non-elite,1423,2856,4286,5773,7392,9258,11084,12974,1433,1430,1487,1619,1866,1826,1890
40644,"Naughton, Matthew",non-elite,1533,3018,4506,6044,7588,9236,11058,12947,1485,1488,1538,1544,1648,1822,1889
40645,"Lister, Matthew L.",non-elite,1438,2910,4356,5847,7369,9100,10953,12910,1472,1446,1491,1522,1731,1853,1957
40646,"Tomlinson, Betsy",non-elite,1652,3260,4850,6463,8099,9809,11526,13134,1608,1590,1613,1636,1710,1717,1608
40647,"Churchill, Erin M",non-elite,1640,3322,4949,6597,8246,9976,11662,13175,1682,1627,1648,1649,1730,1686,1513
40648,"Grzywna, Alexandra",non-elite,1398,2829,4314,5854,7443,9145,11053,13046,1431,1485,1540,1589,1702,1908,1993
40649,"Maxwell, Timothy",non-elite,1612,3206,4768,6341,7899,9572,11363,13116,1594,1562,1573,1558,1673,1791,1753
40650,"Lavalle, Jennifer",non-elite,1411,2877,4422,6036,7672,9401,11190,13031,1466,1545,1614,1636,1729,1789,1841
40651,"Jouen, Gaetan",non-elite,1388,2782,4216,5769,7494,9224,11213,13050,1394,1434,1553,1725,1730,1989,1837
40652,"Kitts, Mallory",non-elite,1521,3041,4547,6127,7770,9461,11211,13102,1520,1506,1580,1643,1691,1750,1891
40653,"Staats, Lee",non-elite,1439,2893,4377,5974,7601,9373,11196,13039,1454,1484,1597,1627,1772,1823,1843
40654,"Churchill, Adam D.",non-elite,1640,3322,4950,6597,8246,9976,11661,13174,1682,1628,1647,1649,1730,1685,1513
40655,"Neufeld, Jill",non-elite,1476,2988,4549,6156,7797,9542,11340,13082,1512,1561,1607,1641,1745,1798,1742
40656,"Weilert, Jason",non-elite,1315,2579,3825,5114,6448,8095,10595,12921,1264,1246,1289,1334,1647,2500,2326
40657,"Walsh, Sean J",non-elite,1492,3011,4520,6053,7619,9286,11147,13032,1519,1509,1533,1566,1667,1861,1885
40658,"Schaefer, Sarah",non-elite,1399,2794,4202,5731,7326,9122,11024,12988,1395,1408,1529,1595,1796,1902,1964
40659,"Kenny, Moira G",non-elite,1668,3265,4879,6508,8144,9839,11518,13142,1597,1614,1629,1636,1695,1679,1624
40660,"Surette, Allan D.",non-elite,1207,2427,3722,5280,6900,8774,10957,12996,1220,1295,1558,1620,1874,2183,2039
40661,"Davidson, Kathleen P",non-elite,1624,3257,4873,6509,8145,9855,11565,13173,1633,1616,1636,1636,1710,1710,1608
40662,"Patterson, Shelby L.",non-elite,1628,3142,4663,6220,7806,9549,11370,13135,1514,1521,1557,1586,1743,1821,1765
40663,"Mulvihill, Daniel F. IV",non-elite,1353,2715,4086,5490,6975,8736,10650,13009,1362,1371,1404,1485,1761,1914,2359
40664,"Gil, Zygmunt",non-elite,1449,2935,4428,6003,7614,9335,11191,13059,1486,1493,1575,1611,1721,1856,1868
40665,"Macdonald, Francis",non-elite,1306,2591,3915,5308,6941,8776,10753,12847,1285,1324,1393,1633,1835,1977,2094
40666,"Maize, Siobhan",non-elite,1608,3208,4810,6431,8039,9698,11456,13120,1600,1602,1621,1608,1659,1758,1664
40667,"Desimone, Robert A.",non-elite,1520,3062,4607,6175,7785,9483,11292,13030,1542,1545,1568,1610,1698,1809,1738
40668,"Wade, Molly",non-elite,1538,3090,4672,6283,7896,9593,11348,13071,1552,1582,1611,1613,1697,1755,1723
40669,"O'Brien, Mary Kate",non-elite,1554,3126,4640,6193,7790,9492,11267,13048,1572,1514,1553,1597,1702,1775,1781
40670,"Moreno, Cristy",non-elite,1435,2887,4334,5798,7346,9132,11163,13009,1452,1447,1464,1548,1786,2031,1846
40671,"Lower, Leeann",non-elite,1488,2996,4570,6180,7766,9478,11264,13042,1508,1574,1610,1586,1712,1786,1778
40672,"Sidoriak, Emma L",non-elite,1626,3256,4876,6511,8130,9791,11544,13186,1630,1620,1635,1619,1661,1753,1642
40673,"Cairney, Erin M.",non-elite,1646,3220,4785,6338,7910,9611,11348,13101,1574,1565,1553,1572,1701,1737,1753
40674,"Grieves, Michele",non-elite,1673,3332,4979,6626,8259,9916,11558,13144,1659,1647,1647,1633,1657,1642,1586
40675,"Cooley, Elizabeth E",non-elite,1598,3192,4802,6424,8064,9738,11445,13117,1594,1610,1622,1640,1674,1707,1672
40676,"Hogue, Marnie N",non-elite,1391,2774,4201,5718,7270,8967,10878,12939,1383,1427,1517,1552,1697,1911,2061
40677,"Seliga, Steve",non-elite,1521,3022,4595,6284,7917,9605,11352,13087,1501,1573,1689,1633,1688,1747,1735
40678,"Fusaro, Hannah M",non-elite,1374,2881,4476,6128,7766,9504,11326,13096,1507,1595,1652,1638,1738,1822,1770
40679,"Megias, Catherine",non-elite,1506,3033,4616,6255,7900,9627,11381,13119,1527,1583,1639,1645,1727,1754,1738
40680,"Nilles, Abbie E.",non-elite,1446,2994,4647,6265,7924,9703,11438,13109,1548,1653,1618,1659,1779,1735,1671
40681,"Manzano-Straehle, Sandra E",non-elite,1479,3042,4657,6329,8001,9725,11496,13144,1563,1615,1672,1672,1724,1771,1648
40682,"Lefever, Jennifer",non-elite,1499,3002,4555,6101,7739,9493,11286,13005,1503,1553,1546,1638,1754,1793,1719
40683,"Prociuk, Laura",non-elite,1543,3108,4669,6231,7834,9533,11307,13043,1565,1561,1562,1603,1699,1774,1736
40684,"Gutwirth, David",non-elite,1281,2580,3918,5300,6803,8621,11147,12953,1299,1338,1382,1503,1818,2526,1806
40685,"Lomer, Dawn",non-elite,1584,3196,4793,6412,8013,9681,11422,13110,1612,1597,1619,1601,1668,1741,1688
40686,"Rees, Wibke P",non-elite,1489,2990,4584,6154,7758,9518,11343,13073,1501,1594,1570,1604,1760,1825,1730
40687,"Perez, Carmen I.",non-elite,1446,3003,4644,6292,7971,9727,11421,13093,1557,1641,1648,1679,1756,1694,1672
40688,"Fahy, Linda",non-elite,1590,3173,4759,6352,7934,9568,11316,13083,1583,1586,1593,1582,1634,1748,1767
40689,"Janton, Susan T",non-elite,1490,2971,4488,6079,7716,9480,11355,13087,1481,1517,1591,1637,1764,1875,1732
40690,"Gomme, Heather L.",non-elite,1564,3130,4722,6341,7992,9710,11476,13120,1566,1592,1619,1651,1718,1766,1644
40691,"Armit, Kara",non-elite,1579,3160,4724,6332,7946,9596,11442,13124,1581,1564,1608,1614,1650,1846,1682
40692,"Sinnott, William F.",non-elite,1579,3140,4683,6242,7801,9401,11138,12995,1561,1543,1559,1559,1600,1737,1857
40693,"Levene, Nancy Dritz",non-elite,1536,3083,4631,6230,7883,9642,11420,13099,1547,1548,1599,1653,1759,1778,1679
40694,"Rathbun, Alisa",non-elite,1394,2867,4422,6069,7705,9442,11281,13069,1473,1555,1647,1636,1737,1839,1788
40695,"Mahabadi, Shireen",non-elite,1590,3176,4775,6371,7973,9631,11344,13076,1586,1599,1596,1602,1658,1713,1732
40696,"Irving, Patricia M.",non-elite,1506,3009,4523,6105,7744,9503,11360,13120,1503,1514,1582,1639,1759,1857,1760
40697,"Rigalt, Ann M",non-elite,1547,3104,4687,6277,7872,9531,11281,13049,1557,1583,1590,1595,1659,1750,1768
40698,"Sherratt, Bridget",non-elite,1555,3121,4705,6301,7897,9575,11340,13065,1566,1584,1596,1596,1678,1765,1725
40700,"Gilmore, Scott H",non-elite,1483,2975,4526,6099,7755,9527,11425,13125,1492,1551,1573,1656,1772,1898,1700
40701,"Gann, Rebecca",non-elite,1599,3170,4737,6301,7901,9583,11357,13134,1571,1567,1564,1600,1682,1774,1777
40702,"Dutton, Jacqueline M",non-elite,1503,2968,4490,6099,7717,9425,11291,13082,1465,1522,1609,1618,1708,1866,1791
40703,"Gilson, Matthew",non-elite,1468,2936,4404,5926,7649,9404,11201,13071,1468,1468,1522,1723,1755,1797,1870
40704,"Stuart, John D.",non-elite,1530,3090,4684,6299,7929,9640,11401,13112,1560,1594,1615,1630,1711,1761,1711
40705,"Snook, Jeff",non-elite,1372,2742,4134,5605,7115,8766,10823,12928,1370,1392,1471,1510,1651,2057,2105
40706,"Boley, Larry",non-elite,1549,3123,4708,6302,7971,9677,11498,13126,1574,1585,1594,1669,1706,1821,1628
40707,"Manley, Donna R",non-elite,1578,3172,4776,6389,8024,9719,11438,13129,1594,1604,1613,1635,1695,1719,1691
40708,"Lockard, Allen J",non-elite,1462,2939,4430,5976,7571,9353,11192,13011,1477,1491,1546,1595,1782,1839,1819
40709,"Hughes, Caroline D",non-elite,1635,3287,4930,6585,8221,9897,11582,13146,1652,1643,1655,1636,1676,1685,1564
40710,"Doyle, Timothy",non-elite,1410,2819,4248,5743,7425,9292,11256,13078,1409,1429,1495,1682,1867,1964,1822
40711,"Tremblay, Laura D.",non-elite,1473,2975,4499,6069,7687,9422,11217,13042,1502,1524,1570,1618,1735,1795,1825
40712,"Duemler, Ben T",non-elite,1353,2680,4050,5546,7112,8832,10821,12841,1327,1370,1496,1566,1720,1989,2020
40713,"Richards, Allen L",non-elite,1529,3059,4597,6157,7720,9407,11181,13013,1530,1538,1560,1563,1687,1774,1832
40714,"Yuan, Norman",non-elite,1475,2951,4464,5999,7621,9426,11279,13048,1476,1513,1535,1622,1805,1853,1769
40715,"Burnham, Stephanie L.",non-elite,1444,2904,4423,5991,7609,9433,11399,13154,1460,1519,1568,1618,1824,1966,1755
40716,"Romero, Marjorie B.",non-elite,1545,3114,4687,6295,7915,9625,11369,13083,1569,1573,1608,1620,1710,1744,1714
40717,"Lynch, Colleen R",non-elite,1562,3107,4668,6273,7868,9578,11365,13079,1545,1561,1605,1595,1710,1787,1714
40718,"Meenaghan, Brian J",non-elite,1268,2607,4075,5640,7209,8968,10840,12889,1339,1468,1565,1569,1759,1872,2049
40719,"Davidson, Sandra A",non-elite,1684,3323,4954,6571,8179,9836,11488,13122,1639,1631,1617,1608,1657,1652,1634
40720,"Crumlish, Shawn B",non-elite,1383,2783,4186,5638,7148,9107,11154,13018,1400,1403,1452,1510,1959,2047,1864
40721,"Yau, Carmen",non-elite,1539,3164,4805,6398,7971,9557,11239,13022,1625,1641,1593,1573,1586,1682,1783
40722,"Mokrzycka, Patrycja",non-elite,1601,3198,4799,6412,8023,9711,11458,13133,1597,1601,1613,1611,1688,1747,1675
40723,"Paris, Michel",non-elite,1509,2992,4479,6053,7648,9346,11285,13068,1483,1487,1574,1595,1698,1939,1783
40724,"Johnson, Daniel A.",non-elite,1399,2821,4292,5881,7515,9310,11209,13071,1422,1471,1589,1634,1795,1899,1862
40725,"Ericson, Brian C.",non-elite,1557,3112,4666,6254,7846,9548,11290,13073,1555,1554,1588,1592,1702,1742,1783
40726,"Gemmer, Cary E",non-elite,1601,3208,4813,6423,8022,9675,11396,13109,1607,1605,1610,1599,1653,1721,1713
40727,"Lachance, Jason A",non-elite,1557,3113,4666,6254,7846,9548,11290,13073,1556,1553,1588,1592,1702,1742,1783
40728,"Dugal, Kathryn",non-elite,1450,2946,4539,6199,7808,9493,11280,12995,1496,1593,1660,1609,1685,1787,1715
40729,"Hakala, Johanna",non-elite,1600,3229,4864,6508,8142,9820,11520,13149,1629,1635,1644,1634,1678,1700,1629
40730,"Smith, David J.",non-elite,1619,3193,4790,6404,7996,9683,11415,13138,1574,1597,1614,1592,1687,1732,1723
40731,"Johnsmeyer, Nora G.",non-elite,1679,3261,4825,6386,7957,9629,11365,13068,1582,1564,1561,1571,1672,1736,1703
40732,"Smith, Chelsea",non-elite,1430,2900,4443,6080,7808,9497,11296,13085,1470,1543,1637,1728,1689,1799,1789
40733,"Peterson, Stefani",non-elite,1545,3072,4604,6155,7721,9393,11202,13096,1527,1532,1551,1566,1672,1809,1894
40734,"Neveu, Joannie",non-elite,1360,2758,4250,5873,7558,9364,11212,12990,1398,1492,1623,1685,1806,1848,1778
40735,"Wolters, Michelle",non-elite,1452,2977,4602,6268,7909,9607,11373,13084,1525,1625,1666,1641,1698,1766,1711
40736,"Clarke, Robin",non-elite,1504,2992,4504,6096,7750,9517,11389,13185,1488,1512,1592,1654,1767,1872,1796
40737,"Zeller, Susan",non-elite,1567,3133,4705,6291,7911,9608,11359,13099,1566,1572,1586,1620,1697,1751,1740
40738,"Bumgarner, Kevin",non-elite,1601,3172,4735,6284,7850,9524,11288,13101,1571,1563,1549,1566,1674,1764,1813
40739,"Bumgarner, Beth A",non-elite,1600,3172,4735,6284,7850,9524,11288,13100,1572,1563,1549,1566,1674,1764,1812
40740,"Wilcox, Rob",non-elite,1368,2786,4227,5755,7475,9361,11266,13059,1418,1441,1528,1720,1886,1905,1793
40741,"Findley, Jennifer",non-elite,1583,3181,4876,6475,8055,9705,11403,13127,1598,1695,1599,1580,1650,1698,1724
40742,"Conlon, Melissa",non-elite,1614,3226,4885,6476,8077,9736,11454,13117,1612,1659,1591,1601,1659,1718,1663
40743,"Lein, Kathryn",non-elite,1579,3159,4758,6388,8030,9776,11537,13151,1580,1599,1630,1642,1746,1761,1614
40744,"Russo, Christine M",non-elite,1567,3144,4752,6402,8053,9749,11478,13135,1577,1608,1650,1651,1696,1729,1657
40745,"Sonnenberg, Amanda K",non-elite,1512,3048,4614,6215,7806,9496,11325,13096,1536,1566,1601,1591,1690,1829,1771
40746,"Jacobsen, Heine",non-elite,1540,3033,4558,6039,7552,9274,11112,13040,1493,1525,1481,1513,1722,1838,1928
40747,"Lammers, Emily",non-elite,1635,3231,4862,6472,8086,9707,11400,13118,1596,1631,1610,1614,1621,1693,1718
40748,"Riley, Amanda C.",non-elite,1489,3034,4605,6249,7887,9624,11395,13111,1545,1571,1644,1638,1737,1771,1716
40749,"Peterson, Sara E",non-elite,1557,3120,4705,6320,8014,9699,11440,13130,1563,1585,1615,1694,1685,1741,1690
40750,"Flynn, Amy L",non-elite,1496,3016,4636,6286,7937,9644,11378,13093,1520,1620,1650,1651,1707,1734,1715
40751,"Lasceski, Joseph",non-elite,1289,2581,4069,5852,7618,9374,11282,13122,1292,1488,1783,1766,1756,1908,1840
40752,"Chen, Sera",non-elite,1541,3066,4632,6239,7856,9575,11382,13080,1525,1566,1607,1617,1719,1807,1698
40753,"Halperin, Terri J.",non-elite,1651,3274,4888,6494,8172,9858,11505,13152,1623,1614,1606,1678,1686,1647,1647
40754,"Mckenna, Bill A",non-elite,1438,2974,4556,6171,7803,9521,11304,13086,1536,1582,1615,1632,1718,1783,1782
40755,"Flores Alvarado, Ana Yocelin",non-elite,1421,2874,4455,6094,7703,9474,11307,13079,1453,1581,1639,1609,1771,1833,1772
40756,"Bonazzoli, Jenelle",non-elite,1372,2788,4345,5976,7616,9335,11153,13081,1416,1557,1631,1640,1719,1818,1928
40757,"Scott, Frederick",non-elite,1562,3158,4752,6354,7978,9709,11446,13103,1596,1594,1602,1624,1731,1737,1657
40758,"Ponzio, Christina M.",non-elite,1496,3011,4523,6059,7624,9301,11264,13113,1515,1512,1536,1565,1677,1963,1849
40759,"Mclain, Michael S.",non-elite,1539,3072,4686,6346,8005,9747,11476,13137,1533,1614,1660,1659,1742,1729,1661
40760,"Ward, Stephanie S",non-elite,1474,3000,4643,6358,8029,9733,11484,13125,1526,1643,1715,1671,1704,1751,1641
40761,"Wall, Edith Clare",non-elite,1554,3100,4674,6272,7868,9522,11237,13037,1546,1574,1598,1596,1654,1715,1800
40762,"Houlihan, Stacey",non-elite,1532,3095,4644,6239,7876,9586,11385,13070,1563,1549,1595,1637,1710,1799,1685
40763,"Woods, Tom",non-elite,1652,3289,4890,6495,8114,9790,11478,13106,1637,1601,1605,1619,1676,1688,1628
40764,"Greenwood, Maiya",non-elite,1493,3018,4629,6294,7955,9659,11390,13108,1525,1611,1665,1661,1704,1731,1718
40765,"Archer, Matthew",non-elite,1740,3345,4931,6535,8123,9769,11483,13145,1605,1586,1604,1588,1646,1714,1662
40766,"Magee, Josie",non-elite,1593,3170,4753,6367,7978,9669,11405,13128,1577,1583,1614,1611,1691,1736,1723
40767,"Castillo, Modesto",non-elite,1453,2960,4480,6050,7639,9290,11124,13089,1507,1520,1570,1589,1651,1834,1965
40768,"Williamson, Delwyn",non-elite,1720,3356,5008,6666,8304,9961,11582,13177,1636,1652,1658,1638,1657,1621,1595
40769,"Ence, Camerlee A",non-elite,1565,3118,4701,6341,7964,9691,11450,13136,1553,1583,1640,1623,1727,1759,1686
40770,"Warner, Haley A.",non-elite,1565,3118,4701,6341,7964,9691,11450,13136,1553,1583,1640,1623,1727,1759,1686
40771,"Gidus, Paul T.",non-elite,1530,3063,4614,6190,7777,9434,11220,13070,1533,1551,1576,1587,1657,1786,1850
40772,"Blackman, Diana C.",non-elite,1529,3124,4755,6382,8012,9705,11440,13130,1595,1631,1627,1630,1693,1735,1690
40773,"Vance, Paul J",non-elite,1459,2918,4384,5927,7551,9326,11221,13037,1459,1466,1543,1624,1775,1895,1816
40774,"Fritz, Michael H.",non-elite,1426,2874,4494,6149,7809,9528,11370,13116,1448,1620,1655,1660,1719,1842,1746
40775,"Sipe, Laurel",non-elite,1545,3078,4693,6351,8010,9753,11482,13142,1533,1615,1658,1659,1743,1729,1660
40776,"Kurylo, John C.",non-elite,1602,3201,4799,6389,7989,9697,11445,13120,1599,1598,1590,1600,1708,1748,1675
40777,"Raines, John G",non-elite,1410,2810,4243,5694,7163,8781,10666,12673,1400,1433,1451,1469,1618,1885,2007
40778,"Wians, David J",non-elite,1575,3165,4774,6399,8015,9683,11416,13110,1590,1609,1625,1616,1668,1733,1694
40779,"Darbinian, Silva",non-elite,1629,3247,4857,6500,8145,9816,11508,13150,1618,1610,1643,1645,1671,1692,1642
40780,"Sutton, Azniv",non-elite,1629,3247,4857,6501,8145,9815,11508,13150,1618,1610,1644,1644,1670,1693,1642
40781,"Hilton, David T",non-elite,1253,2528,3945,5484,7386,9250,11081,13088,1275,1417,1539,1902,1864,1831,2007
40782,"Hirshberg, Philip M.",non-elite,1592,3126,4705,6305,7917,9571,11366,13102,1534,1579,1600,1612,1654,1795,1736
40783,"Carrillo, Elizabeth",non-elite,1457,2923,4417,5953,7561,9399,11218,13097,1466,1494,1536,1608,1838,1819,1879
40784,"Pross, Colleen M.",non-elite,1635,3168,4676,6208,7768,9480,11229,13016,1533,1508,1532,1560,1712,1749,1787
40785,"Nepert, Dale L",non-elite,1584,3224,4835,6467,8107,9776,11477,13136,1640,1611,1632,1640,1669,1701,1659
40786,"Menon, Abhaya",non-elite,1286,2559,3844,5155,6609,8441,10490,12923,1273,1285,1311,1454,1832,2049,2433
40787,"Tom, Ailleth V",non-elite,1538,3085,4714,6299,7948,9705,11498,13107,1547,1629,1585,1649,1757,1793,1609
40788,"Taylor, Ruth F",non-elite,1497,2982,4562,6177,7852,9618,11427,13108,1485,1580,1615,1675,1766,1809,1681
40789,"Tucker, Don M.",non-elite,1605,3158,4734,6323,7919,9606,11374,13117,1553,1576,1589,1596,1687,1768,1743
40790,"Cash, Nicole L.",non-elite,1538,3086,4684,6324,7971,9692,11443,13124,1548,1598,1640,1647,1721,1751,1681
40791,"Kaufman, Jason S",non-elite,1382,2795,4296,5878,7494,9331,11242,13078,1413,1501,1582,1616,1837,1911,1836
40792,"Gamette, Kelli K",non-elite,1553,3125,4732,6365,7993,9696,11455,13116,1572,1607,1633,1628,1703,1759,1661
40793,"Dotoratos, James",non-elite,1553,3107,4672,6252,7828,9482,11233,13062,1554,1565,1580,1576,1654,1751,1829
40794,"Chang, Chun-Yu",non-elite,1553,3120,4710,6349,7975,9674,11397,13094,1567,1590,1639,1626,1699,1723,1697
40795,"Enright, Ryan",non-elite,1583,3116,4647,6219,7802,9528,11364,13141,1533,1531,1572,1583,1726,1836,1777
40796,"Lyons, Lesley-Anne M",non-elite,1535,3046,4543,6056,7580,9285,11132,13067,1511,1497,1513,1524,1705,1847,1935
40797,"Chan, Shun-Lai",non-elite,1581,3143,4719,6317,7943,9646,11382,13146,1562,1576,1598,1626,1703,1736,1764
40798,"Colombero, Jean Michel",non-elite,1670,3249,4841,6434,8016,9689,11370,13078,1579,1592,1593,1582,1673,1681,1708
40799,"Yoon, Peter",non-elite,1384,2799,4356,6016,7629,9344,11153,13082,1415,1557,1660,1613,1715,1809,1929
40800,"Killingsworth, Elle",non-elite,1366,2748,4210,5857,7536,9327,11227,13086,1382,1462,1647,1679,1791,1900,1859
40801,"Norrell, Jenny",non-elite,1511,3008,4509,6040,7617,9240,11251,13150,1497,1501,1531,1577,1623,2011,1899
40802,"Miller, Ann M.",non-elite,1539,3123,4770,6420,8062,9781,11506,13145,1584,1647,1650,1642,1719,1725,1639
40803,"Tripp, Alison L",non-elite,1539,3099,4698,6336,7988,9665,11448,13140,1560,1599,1638,1652,1677,1783,1692
40804,"Brown, Daryl",non-elite,1386,2771,4146,5568,7094,8922,10736,12915,1385,1375,1422,1526,1828,1814,2179
40805,"Lee, Kelsey",non-elite,1512,3008,4508,6041,7617,9241,11252,13151,1496,1500,1533,1576,1624,2011,1899
40806,"Hepola, Ann K",non-elite,1489,2989,4503,6172,7829,9564,11334,13122,1500,1514,1669,1657,1735,1770,1788
40807,"Lemahieu, Anna",non-elite,1561,3121,4676,6235,7767,9424,11289,13111,1560,1555,1559,1532,1657,1865,1822
40808,"Thornhill, Alison",non-elite,1501,3017,4565,6212,7881,9591,11432,13148,1516,1548,1647,1669,1710,1841,1716
40809,"Hoole, Greg",non-elite,1602,3182,4790,6488,8138,9836,11539,13177,1580,1608,1698,1650,1698,1703,1638
40810,"Ebert, Steve M",non-elite,1602,3182,4788,6489,8136,9832,11538,13178,1580,1606,1701,1647,1696,1706,1640
40811,"Wilkinson, Elizabeth M",non-elite,1438,2895,4440,6124,7795,9526,11326,13093,1457,1545,1684,1671,1731,1800,1767
40812,"Durkan, Bill",non-elite,1577,3171,4792,6321,7855,9481,11230,13038,1594,1621,1529,1534,1626,1749,1808
40813,"Hoole, Kelly",non-elite,1603,3182,4790,6490,8139,9837,11539,13178,1579,1608,1700,1649,1698,1702,1639
40814,"Wallace, Sarah M",non-elite,1453,2962,4536,6201,7772,9531,11412,13112,1509,1574,1665,1571,1759,1881,1700
40815,"Callahan, Kimberly",non-elite,1537,3072,4626,6210,7778,9609,11443,13174,1535,1554,1584,1568,1831,1834,1731
40816,"Deroo, Brad B.",non-elite,1542,3107,4664,6234,7810,9480,11288,13048,1565,1557,1570,1576,1670,1808,1760
40817,"Latta, Ashley R",non-elite,1527,3077,4631,6199,7792,9484,11304,13105,1550,1554,1568,1593,1692,1820,1801
40818,"Ayala, Jesus",non-elite,1430,2870,4328,5924,7647,9507,11391,13119,1440,1458,1596,1723,1860,1884,1728
40819,"Jamain, Stephanie",non-elite,1599,3214,4822,6432,8053,9737,11461,13133,1615,1608,1610,1621,1684,1724,1672
40820,"Duhamel, Ed",non-elite,1487,2915,4382,5852,7382,9188,11076,13000,1428,1467,1470,1530,1806,1888,1924
40821,"Frankland, Todd A",non-elite,1466,2965,4493,6077,7672,9389,11224,13043,1499,1528,1584,1595,1717,1835,1819
40822,"Christensen, Melissa K",non-elite,1514,3064,4623,6217,7865,9592,11447,13169,1550,1559,1594,1648,1727,1855,1722
40823,"Viola, Isabella S.",non-elite,1673,3217,4764,6389,7938,9588,11397,13183,1544,1547,1625,1549,1650,1809,1786
40824,"Warburg, Shannon",non-elite,1499,3061,4631,6245,7888,9648,11387,13112,1562,1570,1614,1643,1760,1739,1725
40825,"James, John P",non-elite,1411,2852,4404,6057,7760,9526,11401,13147,1441,1552,1653,1703,1766,1875,1746
40826,"Wallin, Jeffrey S",non-elite,1404,2850,4325,5830,7383,8983,10876,13048,1446,1475,1505,1553,1600,1893,2172
40827,"Tawaki, Shinji",non-elite,1523,3046,4585,6150,7805,9551,11348,13079,1523,1539,1565,1655,1746,1797,1731
40828,"Oros, Abe Q.",non-elite,1621,3240,4829,6428,8017,9680,11352,12972,1619,1589,1599,1589,1663,1672,1620
40829,"Eckman, Tara",non-elite,1475,3011,4559,6168,7795,9534,11399,13132,1536,1548,1609,1627,1739,1865,1733
40830,"Font, Lara",non-elite,1502,3003,4517,6051,7622,9244,10935,13014,1501,1514,1534,1571,1622,1691,2079
40831,"Crowe, Fidelma",non-elite,1507,3033,4624,6250,7878,9573,11364,13098,1526,1591,1626,1628,1695,1791,1734
40832,"Mason, Sam",non-elite,1623,3260,4893,6528,8120,9736,11367,13042,1637,1633,1635,1592,1616,1631,1675
40833,"Schmidt, Albert",non-elite,1521,3142,4717,6329,7900,9587,11355,13087,1621,1575,1612,1571,1687,1768,1732
40834,"Assegnati, Francesco",non-elite,1308,2661,4036,5452,6942,8558,10614,12819,1353,1375,1416,1490,1616,2056,2205
40835,"Mccahill, Mark P",non-elite,1633,3247,4864,6482,8094,9782,11482,13121,1614,1617,1618,1612,1688,1700,1639
40836,"Garges, Lauren",non-elite,1633,3268,4902,6505,8120,9806,11495,13197,1635,1634,1603,1615,1686,1689,1702
40837,"Brzezicki, Carolyn",non-elite,1633,3268,4902,6505,8120,9807,11495,13197,1635,1634,1603,1615,1687,1688,1702
40838,"Smith, Helen D",non-elite,1504,3014,4608,6280,7943,9686,11458,13147,1510,1594,1672,1663,1743,1772,1689
40839,"Anderson, Derek D",non-elite,1443,2922,4406,5934,7734,9573,11400,13158,1479,1484,1528,1800,1839,1827,1758
40840,"Ashe, Steve P",non-elite,1446,2934,4430,6013,7647,9350,11238,13119,1488,1496,1583,1634,1703,1888,1881
40841,"Engels, Adriana N",non-elite,1609,3199,4801,6410,8010,9651,11430,13130,1590,1602,1609,1600,1641,1779,1700
40842,"Salim, Jill S",non-elite,1516,3028,4583,6170,7781,9468,11250,13055,1512,1555,1587,1611,1687,1782,1805
40843,"Colmenares, Jesus A",non-elite,1394,2779,4226,5842,7487,9277,11182,13046,1385,1447,1616,1645,1790,1905,1864
40844,"Smanz, Lyndsay",non-elite,1486,2994,4525,6129,7797,9543,11359,13155,1508,1531,1604,1668,1746,1816,1796
40845,"Butler, James",non-elite,1485,2982,4482,6011,7594,9310,11084,13103,1497,1500,1529,1583,1716,1774,2019
40846,"Patton, James J",non-elite,1481,2974,4481,6036,7631,9318,11139,13023,1493,1507,1555,1595,1687,1821,1884
40847,"Pine, William L.",non-elite,1405,2864,4409,5961,7546,9239,11071,12991,1459,1545,1552,1585,1693,1832,1920
40848,"Mccoy, Charles",non-elite,1381,2754,4178,5697,7331,9123,11099,13022,1373,1424,1519,1634,1792,1976,1923
40849,"Poole, Vernessa",non-elite,1651,3198,4765,6326,7956,9653,11451,13115,1547,1567,1561,1630,1697,1798,1664
40850,"Levandoski, Kim",non-elite,1448,2936,4506,6235,7876,9698,11474,13162,1488,1570,1729,1641,1822,1776,1688
40851,"London, Suzanne",non-elite,1492,3001,4612,6201,7790,9474,11225,13138,1509,1611,1589,1589,1684,1751,1913
40852,"Grimes, Kristi",non-elite,1609,3200,4801,6410,8010,9651,11430,13130,1591,1601,1609,1600,1641,1779,1700
40853,"Loftis, George",non-elite,1343,2716,4170,6013,7679,9602,11404,13202,1373,1454,1843,1666,1923,1802,1798
40854,"Hemond, Rudy",non-elite,1451,2908,4432,6112,7754,9507,11356,13117,1457,1524,1680,1642,1753,1849,1761
40855,"Crehan, Lauren M.",non-elite,1590,3109,4651,6264,7888,9638,11413,13154,1519,1542,1613,1624,1750,1775,1741
40856,"Palamara, Christopher K.",non-elite,1586,3132,4746,6278,7799,9538,11333,13150,1546,1614,1532,1521,1739,1795,1817
40857,"Tomko, Jaime",non-elite,1412,2884,4478,6191,7892,9639,11409,13110,1472,1594,1713,1701,1747,1770,1701
40858,"Stuckey, James",non-elite,1436,2851,4323,5990,7630,9374,11237,13084,1415,1472,1667,1640,1744,1863,1847
40859,"Blackard, Michelle",non-elite,1411,2825,4251,5716,7321,9180,11061,12991,1414,1426,1465,1605,1859,1881,1930
40860,"Leavy, Cathy",non-elite,1550,3149,4777,6421,8052,9737,11464,13121,1599,1628,1644,1631,1685,1727,1657
40861,"Herren, Tiffany",non-elite,1450,2903,4457,6124,7776,9503,11324,13102,1453,1554,1667,1652,1727,1821,1778
40862,"Park, Richard L.",non-elite,1438,2889,4415,6006,7588,9331,11174,13015,1451,1526,1591,1582,1743,1843,1841
40863,"Gartrell, Rebecca X",non-elite,1551,3082,4646,6218,7789,9544,11356,13106,1531,1564,1572,1571,1755,1812,1750
40864,"Stratton, Alexandra C",non-elite,1463,2917,4385,5987,7671,9404,11278,13108,1454,1468,1602,1684,1733,1874,1830
40865,"Rochman, Paula",non-elite,1548,3105,4686,6279,7909,9604,11370,13099,1557,1581,1593,1630,1695,1766,1729
40866,"Studebaker, John M",non-elite,1411,2825,4251,5716,7321,9180,11057,12992,1414,1426,1465,1605,1859,1877,1935
40867,"Riley, Andrea",non-elite,1589,3180,4787,6410,8033,9729,11460,13130,1591,1607,1623,1623,1696,1731,1670
40868,"Dunklee, Jesse B.",non-elite,1677,3272,4893,6432,8039,9738,11421,13137,1595,1621,1539,1607,1699,1683,1716
40869,"Puig-De-Morales, Maria-Teresa",non-elite,1736,3352,4922,6545,8147,9788,11510,13142,1616,1570,1623,1602,1641,1722,1632
40870,"Bushore, Rick",non-elite,1567,3103,4643,6211,7801,9490,11241,13087,1536,1540,1568,1590,1689,1751,1846
40871,"Mercier, Serge",non-elite,1557,3081,4603,6143,7806,9488,11298,13090,1524,1522,1540,1663,1682,1810,1792
40872,"Britt, Faye",non-elite,1532,3106,4699,6320,7932,9661,11423,13139,1574,1593,1621,1612,1729,1762,1716
40873,"Mccallum, Martie Gail",non-elite,1548,3132,4742,6372,7976,9638,11342,13033,1584,1610,1630,1604,1662,1704,1691
40874,"Duggan, Stephanie L.",non-elite,1600,3199,4801,6411,8023,9705,11440,13140,1599,1602,1610,1612,1682,1735,1700
40875,"Brixey, Emily R",non-elite,1486,2980,4503,6111,7742,9422,11237,13054,1494,1523,1608,1631,1680,1815,1817
40876,"Ryan-Lloyd, Kate",non-elite,1546,3115,4739,6399,8047,9757,11498,13158,1569,1624,1660,1648,1710,1741,1660
40877,"Macias, Eduardo M Sr.",non-elite,1452,2883,4355,5886,7461,9108,10982,12903,1431,1472,1531,1575,1647,1874,1921
40878,"Otani, Mika",non-elite,1543,3090,4666,6280,7923,9651,11426,13130,1547,1576,1614,1643,1728,1775,1704
40879,"Gagnon, Jules",non-elite,1566,3121,4688,6307,7933,9642,11414,13113,1555,1567,1619,1626,1709,1772,1699
40880,"Peddy, Haley N",non-elite,1436,2867,4308,5858,7387,9008,10917,13040,1431,1441,1550,1529,1621,1909,2123
40881,"Auricchio, Amanda",non-elite,1485,3004,4583,6188,7875,9621,11393,13139,1519,1579,1605,1687,1746,1772,1746
40882,"Connell, Kerri B",non-elite,1523,3056,4623,6225,7832,9606,11399,13129,1533,1567,1602,1607,1774,1793,1730
40883,"Gruber, Michelle",non-elite,1536,3091,4729,6380,8097,9813,11558,13173,1555,1638,1651,1717,1716,1745,1615
40884,"Steinberg, John B",non-elite,1570,3135,4687,6267,7867,9557,11298,13090,1565,1552,1580,1600,1690,1741,1792
40885,"Martinez, Maria J",non-elite,1546,3150,4709,6306,7924,9663,11485,13184,1604,1559,1597,1618,1739,1822,1699
40886,"Lenehan, Nicola",non-elite,1464,2933,4460,6068,7749,9500,11327,13120,1469,1527,1608,1681,1751,1827,1793
40887,"Baker, Jennifer R",non-elite,1604,3215,4838,6468,8098,9746,11486,13165,1611,1623,1630,1630,1648,1740,1679
40888,"Roen, Todd",non-elite,1474,2969,4524,6145,7772,9503,11295,13118,1495,1555,1621,1627,1731,1792,1823
40889,"Butler, Renee M.",non-elite,1586,3169,4750,6342,7932,9609,11313,13030,1583,1581,1592,1590,1677,1704,1717
40890,"Lafave, Darci A",non-elite,1491,3074,4719,6347,8054,9762,11484,13144,1583,1645,1628,1707,1708,1722,1660
40891,"Yamaji, Hirofumi",non-elite,1515,3089,4715,6389,8073,9794,11518,13159,1574,1626,1674,1684,1721,1724,1641
40892,"Yeung, Philip S.",non-elite,1218,2438,3652,4872,6091,7576,10696,12980,1220,1214,1220,1219,1485,3120,2284
40893,"Rayner, Agustina",non-elite,1440,2911,4400,5955,7605,9399,11297,13106,1471,1489,1555,1650,1794,1898,1809
40894,"Milius, Eryn",non-elite,1483,2988,4535,6118,7723,9513,11255,13113,1505,1547,1583,1605,1790,1742,1858
40895,"Escobar, Isabel",non-elite,1557,3126,4724,6341,7967,9685,11452,13138,1569,1598,1617,1626,1718,1767,1686
40896,"Laros, Francis",non-elite,1440,2888,4383,6049,7773,9523,11262,13128,1448,1495,1666,1724,1750,1739,1866
40897,"Rau, Jeff",non-elite,1399,2829,4349,6006,7626,9331,11223,13094,1430,1520,1657,1620,1705,1892,1871
40898,"Bracco, Tim",non-elite,1449,2929,4476,6042,7624,9357,11196,13028,1480,1547,1566,1582,1733,1839,1832
40899,"Hill, Lisa",non-elite,1514,3024,4564,6138,7745,9477,11260,13088,1510,1540,1574,1607,1732,1783,1828
40900,"Belrose, Tanya L.",non-elite,1379,2789,4329,5969,7709,9456,11285,13084,1410,1540,1640,1740,1747,1829,1799
40901,"Wilson, Robyn M",non-elite,1547,3118,4734,6384,8024,9701,11424,13110,1571,1616,1650,1640,1677,1723,1686
40902,"Theron, Willem J",non-elite,1631,3266,4893,6525,8141,9836,11499,13151,1635,1627,1632,1616,1695,1663,1652
40903,"Geary, Timothy F.",non-elite,1583,3183,4807,6419,8038,9697,11434,13133,1600,1624,1612,1619,1659,1737,1699
40904,"Jones, Jedd",non-elite,1447,2920,4412,5993,7643,9318,11175,13029,1473,1492,1581,1650,1675,1857,1854
40905,"Maccuish, Ken A.",non-elite,1672,3213,4733,6264,7805,9469,11143,12888,1541,1520,1531,1541,1664,1674,1745
40906,"Hammond, Nancy",non-elite,1614,3217,4820,6445,8072,9756,11441,13147,1603,1603,1625,1627,1684,1685,1706
40907,"Teichert, Mary",non-elite,1471,2976,4601,6188,7872,9535,11357,13112,1505,1625,1587,1684,1663,1822,1755
40908,"Jimenez-Price, Lourdes",non-elite,1562,3140,4738,6374,8004,9720,11478,13166,1578,1598,1636,1630,1716,1758,1688
40909,"Schroer, Anne",non-elite,1584,3132,4701,6296,7906,9589,11434,13165,1548,1569,1595,1610,1683,1845,1731
40910,"Murdoch, Celine",non-elite,1592,3209,4826,6454,8085,9777,11481,13146,1617,1617,1628,1631,1692,1704,1665
40911,"Atkinson, Neil T.",non-elite,1354,2744,4178,5744,7391,9282,11141,13047,1390,1434,1566,1647,1891,1859,1906
40912,"Gauthier, Chantalle",non-elite,1489,2972,4554,6242,7885,9611,11435,13144,1483,1582,1688,1643,1726,1824,1709
40913,"Vaughn, Michael",non-elite,1512,3109,4716,6333,8014,9732,11487,13142,1597,1607,1617,1681,1718,1755,1655
40914,"Munno, Katherine",non-elite,1525,3081,4680,6313,7952,9675,11435,13148,1556,1599,1633,1639,1723,1760,1713
40915,"Best, Michael P",non-elite,1526,3080,4655,6297,7972,9674,11439,13108,1554,1575,1642,1675,1702,1765,1669
40916,"McSorley, Aileen",non-elite,1656,3216,4820,6443,8066,9743,11480,13141,1560,1604,1623,1623,1677,1737,1661
40917,"Durante, Karen A.",non-elite,1586,3167,4735,6298,7859,9552,11355,13091,1581,1568,1563,1561,1693,1803,1736
40918,"Gilman, Matthew S.",non-elite,1409,2847,4301,5874,7662,9455,11305,13102,1438,1454,1573,1788,1793,1850,1797
40919,"Craig, Joyce H",non-elite,1565,3143,4737,6361,8024,9732,11456,13151,1578,1594,1624,1663,1708,1724,1695
40920,"Weber-Peters, Sonya",non-elite,1614,3240,4861,6491,8113,9763,11466,13158,1626,1621,1630,1622,1650,1703,1692
40921,"Ody, Bryan",non-elite,1433,2879,4343,5832,7378,9091,10911,13037,1446,1464,1489,1546,1713,1820,2126
40922,"Fallon, Kevin P",non-elite,1285,2617,4030,5632,7471,9340,11323,13176,1332,1413,1602,1839,1869,1983,1853
40923,"Maher-Widen, Ashley L.",non-elite,1508,3078,4678,6316,7956,9630,11376,13104,1570,1600,1638,1640,1674,1746,1728
40924,"O'Neil, Jonathan A",non-elite,1518,3050,4586,6146,7694,9347,11168,13192,1532,1536,1560,1548,1653,1821,2024
40925,"Vossenberg, Cynthia V.",non-elite,1632,3252,4861,6496,8115,9797,11498,13136,1620,1609,1635,1619,1682,1701,1638
40926,"Cotter, Bill",non-elite,1539,3089,4629,6188,7757,9394,11214,13076,1550,1540,1559,1569,1637,1820,1862
40927,"Och, Henry J.",non-elite,1687,3285,4879,6489,8109,9764,11459,13131,1598,1594,1610,1620,1655,1695,1672
40928,"Giddens, Angela",non-elite,1535,3041,4573,6154,7753,9466,11261,13090,1506,1532,1581,1599,1713,1795,1829
40929,"Johnson, Sarah E",non-elite,1549,3121,4688,6271,7861,9541,11312,13112,1572,1567,1583,1590,1680,1771,1800
40930,"Pepin, Megan",non-elite,1562,3122,4706,6314,7937,9657,11433,13150,1560,1584,1608,1623,1720,1776,1717
40931,"Cass, Mary",non-elite,1519,2995,4543,6189,7863,9599,11394,13134,1476,1548,1646,1674,1736,1795,1740
40932,"Weatherston, Alex",non-elite,1585,3179,4772,6386,7993,9668,11385,13123,1594,1593,1614,1607,1675,1717,1738
40933,"Cosenza, Michael C",non-elite,1576,3164,4800,6421,8060,9745,11470,13143,1588,1636,1621,1639,1685,1725,1673
40934,"McDonough, Meghan",non-elite,1562,3137,4732,6363,7995,9682,11430,13137,1575,1595,1631,1632,1687,1748,1707
40935,"Piggott, Shanna M",non-elite,1506,3030,4659,6267,7915,9649,11415,13138,1524,1629,1608,1648,1734,1766,1723
40936,"Swistak, Julian P.",non-elite,1602,3125,4658,6234,7830,9549,11338,13100,1523,1533,1576,1596,1719,1789,1762
40937,"Brix-Nielsen, Tracey L.",non-elite,1599,3180,4767,6372,8013,9726,11429,13146,1581,1587,1605,1641,1713,1703,1717
40938,"Barry, Kristie",non-elite,1590,3175,4798,6439,8102,9801,11515,13165,1585,1623,1641,1663,1699,1714,1650
40939,"Ung, Mardiny C",non-elite,1527,3091,4672,6276,7898,9607,11397,13127,1564,1581,1604,1622,1709,1790,1730
40940,"Swartz, Stacy L",non-elite,1456,3001,4808,6447,8065,9758,11488,13158,1545,1807,1639,1618,1693,1730,1670
40941,"Carmichael, Quentin L. III",non-elite,1687,3285,4879,6489,8110,9776,11467,13154,1598,1594,1610,1621,1666,1691,1687
40942,"McDowell, Andrew R.",non-elite,1480,2978,4478,5958,7474,9096,11024,12933,1498,1500,1480,1516,1622,1928,1909
40943,"Figueroa Toro, Marta",non-elite,1694,3315,4914,6503,8097,9795,11481,13172,1621,1599,1589,1594,1698,1686,1691
40944,"Walker, Gwen",non-elite,1474,3010,4529,6101,7740,9505,11312,13094,1536,1519,1572,1639,1765,1807,1782
40945,"Worley, Melanie",non-elite,1542,3047,4559,6115,7707,9428,11334,13184,1505,1512,1556,1592,1721,1906,1850
40946,"Garvey, Crystal",non-elite,1593,3194,4809,6440,8049,9716,11439,13122,1601,1615,1631,1609,1667,1723,1683
40947,"Soltren, Tim",non-elite,1296,2618,3994,5570,7286,9175,11047,13033,1322,1376,1576,1716,1889,1872,1986
40948,"Reeves, Elizabeth",non-elite,1581,3172,4774,6365,7967,9649,11437,13115,1591,1602,1591,1602,1682,1788,1678
40949,"Wilkinson, Laura N.",non-elite,1576,3190,4845,6528,8156,9837,11541,13193,1614,1655,1683,1628,1681,1704,1652
40950,"Goldman, Alan J",non-elite,1567,3126,4683,6282,7875,9541,11284,13107,1559,1557,1599,1593,1666,1743,1823
40951,"Groesch, Walter",non-elite,1515,3075,4672,6254,7878,9572,11386,13144,1560,1597,1582,1624,1694,1814,1758
40952,"Zheng, Jie",non-elite,1617,3241,4874,6528,8175,9844,11559,13185,1624,1633,1654,1647,1669,1715,1626
40953,"Malley, Rita E.",non-elite,1558,3086,4607,6297,7987,9724,11476,13162,1528,1521,1690,1690,1737,1752,1686
40954,"Imboywa, Glenn M.",non-elite,1759,3468,5120,6768,8342,9930,11563,13173,1709,1652,1648,1574,1588,1633,1610
40955,"Bassin, Scott I",non-elite,1605,3202,4811,6455,8076,9774,11511,13158,1597,1609,1644,1621,1698,1737,1647
40956,"Regnier, Isabelle",non-elite,1575,3168,4763,6352,7934,9610,11352,13105,1593,1595,1589,1582,1676,1742,1753
40957,"Rodriguez, Monica",non-elite,1580,3091,4656,6282,7892,9582,11392,13164,1511,1565,1626,1610,1690,1810,1772
40958,"Huang, Yan",non-elite,1589,3190,4800,6426,8057,9771,11499,13149,1601,1610,1626,1631,1714,1728,1650
40959,"Sargent, Carmen",non-elite,1481,2965,4469,6039,7647,9435,11362,13144,1484,1504,1570,1608,1788,1927,1782
40960,"Proulx, Lise",non-elite,1588,3143,4713,6302,7918,9639,11399,13135,1555,1570,1589,1616,1721,1760,1736
40961,"Goguen, Aline",non-elite,1512,3025,4537,6100,7699,9522,11407,13162,1513,1512,1563,1599,1823,1885,1755
40962,"Cohen, Howard S",non-elite,1544,3080,4664,6257,7862,9557,11364,13144,1536,1584,1593,1605,1695,1807,1780
40963,"Wigler, Mark T.",non-elite,1502,3000,4552,6163,7791,9506,11305,13091,1498,1552,1611,1628,1715,1799,1786
40964,"O'Loughlin, Paul",non-elite,1675,3245,4751,6280,7826,9502,11307,13148,1570,1506,1529,1546,1676,1805,1841
40965,"Bohrer, Molly E",non-elite,1521,3016,4503,6040,7664,9459,11353,13128,1495,1487,1537,1624,1795,1894,1775
40966,"Quinn, Claudine S",non-elite,1608,3147,4754,6386,8041,9789,11541,13190,1539,1607,1632,1655,1748,1752,1649
40967,"Larson, Piper N",non-elite,1519,3032,4546,6098,7772,9451,11267,13117,1513,1514,1552,1674,1679,1816,1850
40968,"Schmiedebusch, Frederick A.",non-elite,1226,2517,3856,5355,6914,8656,10667,12835,1291,1339,1499,1559,1742,2011,2168
40969,"Barron, Robert Ted",non-elite,1505,3008,4538,6101,7668,9378,11259,13091,1503,1530,1563,1567,1710,1881,1832
40970,"Parks, Stevie",non-elite,1537,3083,4650,6267,7917,9673,11450,13142,1546,1567,1617,1650,1756,1777,1692
40971,"Baker, Jane M.",non-elite,1529,3002,4561,6159,7781,9516,11321,13133,1473,1559,1598,1622,1735,1805,1812
40972,"Kodanaz, Rachel",non-elite,1595,3212,4842,6458,8074,9739,11444,13148,1617,1630,1616,1616,1665,1705,1704
40973,"Shorter, Jason",non-elite,1310,2593,3877,5138,6468,8436,11255,13191,1283,1284,1261,1330,1968,2819,1936
40974,"Kennedy, Richard P",non-elite,1549,3109,4657,6233,7871,9561,11327,13121,1560,1548,1576,1638,1690,1766,1794
40975,"Wheeler, Kathleen",non-elite,1577,3155,4716,6316,7923,9589,11320,13121,1578,1561,1600,1607,1666,1731,1801
40976,"MacBride, Philip",non-elite,1525,3028,4541,6105,7704,9417,11167,13004,1503,1513,1564,1599,1713,1750,1837
40977,"Sipat, Fred",non-elite,1501,2984,4504,6025,7538,9147,10981,13074,1483,1520,1521,1513,1609,1834,2093
40978,"Kerr, Abbe",non-elite,1582,3128,4676,6256,7844,9548,11365,13146,1546,1548,1580,1588,1704,1817,1781
40979,"Wagoner, Tory N",non-elite,1452,2935,4451,6017,7656,9350,11189,13018,1483,1516,1566,1639,1694,1839,1829
40980,"Fahey, Paul F. III",non-elite,1496,2971,4468,6028,7630,9379,11232,13090,1475,1497,1560,1602,1749,1853,1858
40981,"Hickey, Brian",non-elite,1441,2876,4337,5897,7519,9261,11180,13061,1435,1461,1560,1622,1742,1919,1881
40982,"Pardy, Jeannie A.",non-elite,1608,3195,4809,6488,8117,9815,11559,13171,1587,1614,1679,1629,1698,1744,1612
40983,"McLellan, David",non-elite,1526,3009,4494,5994,7555,9192,11031,13061,1483,1485,1500,1561,1637,1839,2030
40984,"Maass, Corinna",non-elite,1462,3008,4619,6228,7823,9511,11232,13128,1546,1611,1609,1595,1688,1721,1896
40985,"Sayers, Scooter",non-elite,1517,3015,4518,6059,7609,9303,11122,13023,1498,1503,1541,1550,1694,1819,1901
40986,"Reasoner, Nadine A",non-elite,1394,2894,4470,6139,7854,9619,11429,13168,1500,1576,1669,1715,1765,1810,1739
40987,"Morgan, Don A.",non-elite,1440,2907,4373,5865,7390,9022,11056,13104,1467,1466,1492,1525,1632,2034,2048
40988,"Oda, Yasuo",non-elite,1425,2845,4234,5681,7357,9094,10931,12952,1420,1389,1447,1676,1737,1837,2021
40989,"Kazmierski, Stefan",non-elite,1600,3191,4802,6456,8071,9764,11451,13171,1591,1611,1654,1615,1693,1687,1720
40990,"Podgorski, Natalie",non-elite,1539,3201,4811,6492,8159,9871,11547,13196,1662,1610,1681,1667,1712,1676,1649
40991,"Hart, Angela",non-elite,1530,3066,4654,6294,7925,9635,11403,13146,1536,1588,1640,1631,1710,1768,1743
40992,"Buerger, Todd",non-elite,1519,3053,4566,6087,7627,9242,10978,13062,1534,1513,1521,1540,1615,1736,2084
40993,"Dawson, Brian C",non-elite,1456,2887,4386,5966,7630,9406,11236,13003,1431,1499,1580,1664,1776,1830,1767
40994,"Adolph, Cathy",non-elite,1539,3201,4811,6492,8159,9871,11548,13196,1662,1610,1681,1667,1712,1677,1648
40995,"Babcock, Brianne",non-elite,1456,2904,4392,6002,7662,9423,11277,13152,1448,1488,1610,1660,1761,1854,1875
40996,"Lucas, Charles",non-elite,1416,2848,4285,5755,7245,8894,10938,13047,1432,1437,1470,1490,1649,2044,2109
40997,"Hardy, David A",non-elite,1455,2919,4401,5944,7566,9341,11229,13106,1464,1482,1543,1622,1775,1888,1877
40998,"Wild, Heather J",non-elite,1662,3240,4822,6433,8090,9767,11494,13160,1578,1582,1611,1657,1677,1727,1666
40999,"Sly, Susan",non-elite,1552,3111,4689,6344,7998,9730,11488,13184,1559,1578,1655,1654,1732,1758,1696
41000,"Jarecki, Hilary J",non-elite,1654,3276,4893,6527,8161,9849,11542,13190,1622,1617,1634,1634,1688,1693,1648
41001,"Noseworthy, Ron",non-elite,1581,3169,4775,6390,7999,9705,11454,13160,1588,1606,1615,1609,1706,1749,1706
41002,"Shapiro, Jodi A",non-elite,1568,3161,4713,6285,7878,9556,11330,13119,1593,1552,1572,1593,1678,1774,1789
41003,"Valcovic, Kyla A.",non-elite,1569,3098,4663,6272,7937,9747,11517,13184,1529,1565,1609,1665,1810,1770,1667
41004,"Barry, Jen",non-elite,1535,3093,4594,6195,7897,9694,11582,13256,1558,1501,1601,1702,1797,1888,1674
41005,"Kuhn, Maria Cristina A.",non-elite,1587,3192,4784,6400,8017,9714,11449,13131,1605,1592,1616,1617,1697,1735,1682
41006,"Pisecki, Jerry",non-elite,1493,3003,4557,6160,7757,9456,11277,13061,1510,1554,1603,1597,1699,1821,1784
41007,"Carr, Kevin",non-elite,1377,2762,4172,5650,7147,8863,11140,13170,1385,1410,1478,1497,1716,2277,2030
41008,"Johnston, Randy",non-elite,1385,2804,4283,5855,7427,9228,11092,12993,1419,1479,1572,1572,1801,1864,1901
41009,"Walz, Jenna",non-elite,1528,3007,4534,6113,7759,9538,11357,13162,1479,1527,1579,1646,1779,1819,1805
41010,"Gigant, Christelle",non-elite,1466,2971,4532,6200,7901,9654,11429,13133,1505,1561,1668,1701,1753,1775,1704
41011,"Schneck, Fred P.",non-elite,1547,3137,4722,6352,7959,9708,11453,13146,1590,1585,1630,1607,1749,1745,1693
41012,"Weingart, Heather",non-elite,1746,3349,4964,6608,8230,9892,11588,13202,1603,1615,1644,1622,1662,1696,1614
41013,"Hughes, Brian P.",non-elite,1334,2724,4125,5579,7099,8723,10598,12724,1390,1401,1454,1520,1624,1875,2126
41014,"Fons, Terry",non-elite,1521,3098,4657,6286,7943,9646,11431,13143,1577,1559,1629,1657,1703,1785,1712
41015,"Oehler, Jena",non-elite,1530,3093,4661,6310,7924,9645,11439,13160,1563,1568,1649,1614,1721,1794,1721
41016,"Weiner, Shoshana",non-elite,1667,3276,4898,6454,8062,9743,11450,13157,1609,1622,1556,1608,1681,1707,1707
41017,"Bowen, Kalee",non-elite,1533,3061,4577,6142,7776,9488,11333,13122,1528,1516,1565,1634,1712,1845,1789
41018,"Larocco, Charles",non-elite,1610,3249,4882,6479,8091,9742,11426,13100,1639,1633,1597,1612,1651,1684,1674
41019,"Pryor, Jennifer M",non-elite,1530,3052,4603,6204,7852,9611,11407,13125,1522,1551,1601,1648,1759,1796,1718
41020,"Coon, Jay",non-elite,1550,3078,4613,6190,7840,9554,11331,13094,1528,1535,1577,1650,1714,1777,1763
41021,"Good, Kristin",non-elite,1669,3327,4968,6629,8273,9905,11567,13208,1658,1641,1661,1644,1632,1662,1641
41022,"Klein, Kelly",non-elite,1577,3179,4803,6402,8029,9717,11451,13165,1602,1624,1599,1627,1688,1734,1714
41023,"Zimmerman, Kris",non-elite,1563,3133,4705,6324,7937,9627,11396,13150,1570,1572,1619,1613,1690,1769,1754
41024,"Mullen, Beth R",non-elite,1596,3161,4717,6272,7816,9754,11355,13095,1565,1556,1555,1544,1938,1601,1740
41025,"Smeltzer, Gretchen",non-elite,1580,3120,4673,6280,7893,9581,11432,13142,1540,1553,1607,1613,1688,1851,1710
41026,"Fogarty, Karen",non-elite,1587,3192,4790,6387,7988,9659,11414,13170,1605,1598,1597,1601,1671,1755,1756
41027,"King, Heather L.",non-elite,1554,3168,4806,6478,8120,9819,11526,13200,1614,1638,1672,1642,1699,1707,1674
41028,"Mayes, Jonathan O.",non-elite,1560,3171,4809,6483,8147,9867,11633,13250,1611,1638,1674,1664,1720,1766,1617
41029,"McGinnis, William M.",non-elite,1473,3048,4643,6291,8033,9803,11574,13190,1575,1595,1648,1742,1770,1771,1616
41030,"Mutz, Jenna",non-elite,1333,2666,4023,5513,8765,10265,11787,13266,1333,1357,1490,3252,1500,1522,1479
41031,"Woolston, Crispin J",non-elite,1489,3010,4561,6135,7736,9415,11266,13117,1521,1551,1574,1601,1679,1851,1851
41032,"Donley, Kelly",non-elite,1580,3184,4776,6396,8009,9659,11414,13154,1604,1592,1620,1613,1650,1755,1740
41033,"Champagne, Kathleen A",non-elite,1583,3187,4777,6411,8050,9793,11512,13199,1604,1590,1634,1639,1743,1719,1687
41034,"You, Nithi",non-elite,1544,3107,4711,6360,8011,9754,11525,13197,1563,1604,1649,1651,1743,1771,1672
41035,"Chomet, Daniel",non-elite,1548,3079,4651,6225,7831,9544,11323,13122,1531,1572,1574,1606,1713,1779,1799
41036,"Delonge, Megan",non-elite,1469,2946,4397,5962,7546,9270,11230,13126,1477,1451,1565,1584,1724,1960,1896
41037,"Land, Jacqueline G",non-elite,1541,3059,4573,6108,7669,9396,11164,12987,1518,1514,1535,1561,1727,1768,1823
41038,"Zakerski, Debbie L.",non-elite,1533,3146,4791,6438,8074,9800,11550,13184,1613,1645,1647,1636,1726,1750,1634
41039,"Fleming, Thomas E",non-elite,1557,3125,4690,6305,7930,9641,11424,13168,1568,1565,1615,1625,1711,1783,1744
41040,"Rattee, Helen M.",non-elite,1596,3194,4787,6402,8019,9722,11476,13200,1598,1593,1615,1617,1703,1754,1724
41041,"Schiller, Jeff",non-elite,1570,3135,4709,6319,7927,9651,11415,13130,1565,1574,1610,1608,1724,1764,1715
41042,"Poulis, Greg J",non-elite,1529,3073,4614,6195,7762,9420,11194,13002,1544,1541,1581,1567,1658,1774,1808
41043,"Dahlgran, Roger A",non-elite,1584,3191,4796,6399,8015,9690,11424,13140,1607,1605,1603,1616,1675,1734,1716
41044,"Bergeyova, Lucie",non-elite,1385,2806,4310,5951,7597,9357,11275,13121,1421,1504,1641,1646,1760,1918,1846
41045,"Crocker, Eliza M",non-elite,1443,2916,4460,6026,7695,9494,11436,13219,1473,1544,1566,1669,1799,1942,1783
41046,"McGrath, Mimi",non-elite,1517,3072,4686,6347,7994,9746,11559,13202,1555,1614,1661,1647,1752,1813,1643
41047,"Clement, Kirsten",non-elite,1539,3129,4808,6484,8144,9836,11543,13221,1590,1679,1676,1660,1692,1707,1678
41048,"Gagnon, Andree",non-elite,1666,3313,4956,6596,8213,9861,11515,13169,1647,1643,1640,1617,1648,1654,1654
41049,"Wehrum, William L.",non-elite,1403,2897,4397,5895,7440,9114,10893,13126,1494,1500,1498,1545,1674,1779,2233
41050,"Huberman, Gloria",non-elite,1579,3176,4780,6395,8032,9744,11479,13171,1597,1604,1615,1637,1712,1735,1692
41051,"Collingwood, Tara G.",non-elite,1608,3268,4963,6673,8353,9996,11631,13205,1660,1695,1710,1680,1643,1635,1574
41052,"Conlon, Carolyn J",non-elite,1578,3125,4696,6299,7913,9614,11385,13164,1547,1571,1603,1614,1701,1771,1779
41053,"Insua Lehoux, Federico Sr.",non-elite,1340,2735,4198,5861,7760,9569,11452,13150,1395,1463,1663,1899,1809,1883,1698
41054,"Schafer, Paul A",non-elite,1491,2960,4431,5954,7608,9391,11218,13099,1469,1471,1523,1654,1783,1827,1881
41055,"Hill, Peter",non-elite,1585,3174,4771,6400,8061,9741,11463,13159,1589,1597,1629,1661,1680,1722,1696
41056,"Lambert, Christian M",non-elite,1382,2769,4245,5847,7510,9303,11194,13172,1387,1476,1602,1663,1793,1891,1978
41057,"Adam, Margaret E",non-elite,1583,3186,4799,6428,8069,9769,11490,13176,1603,1613,1629,1641,1700,1721,1686
41058,"McKenzie, Gabrielle",non-elite,1311,2763,4251,6020,7874,9607,11473,13228,1452,1488,1769,1854,1733,1866,1755
41059,"Crothers, Holly K.",non-elite,1584,3193,4814,6456,8106,9794,11521,13176,1609,1621,1642,1650,1688,1727,1655
41060,"Pelchat, Louis",non-elite,1447,2918,4381,5877,7380,9252,11107,12989,1471,1463,1496,1503,1872,1855,1882
41061,"Lambert, Martin A.",non-elite,1439,2906,4410,6078,7802,9618,11416,13159,1467,1504,1668,1724,1816,1798,1743
41062,"Roy, Julie",non-elite,1515,3054,4634,6249,7871,9587,11440,13157,1539,1580,1615,1622,1716,1853,1717
41063,"Miller, Nicole",non-elite,1677,3299,4914,6515,8094,9789,11483,13168,1622,1615,1601,1579,1695,1694,1685
41064,"Shah, Sandeep A",non-elite,1508,3046,4560,6218,7728,9328,11336,13094,1538,1514,1658,1510,1600,2008,1758
41065,"Moore, Laura S",non-elite,1375,2796,4302,5912,7560,9334,11299,13152,1421,1506,1610,1648,1774,1965,1853
41066,"Gonzalez, Daniel A.",non-elite,1591,3236,4913,6582,8244,9910,11595,13211,1645,1677,1669,1662,1666,1685,1616
41067,"Van Deursen, Jan M",non-elite,1380,2749,4182,5759,7378,9176,11151,13071,1369,1433,1577,1619,1798,1975,1920
41068,"Barrett, Heather D.",non-elite,1512,3046,4574,6179,7868,9644,11474,13193,1534,1528,1605,1689,1776,1830,1719
41069,"Beiter, Carmel",non-elite,1573,3174,4743,6375,7967,9646,11397,13143,1601,1569,1632,1592,1679,1751,1746
41070,"Mario, Christopher M.",non-elite,1679,3262,4827,6418,8054,9744,11450,13176,1583,1565,1591,1636,1690,1706,1726
41071,"Schiavone, Jennifer",non-elite,1624,3212,4833,6495,8163,9838,11544,13227,1588,1621,1662,1668,1675,1706,1683
41072,"O'Donoghue, Mark T.",non-elite,1694,3362,4983,6633,8270,9912,11558,13198,1668,1621,1650,1637,1642,1646,1640
41073,"Holland, James T.",non-elite,1457,2928,4414,5937,7560,9330,11286,13106,1471,1486,1523,1623,1770,1956,1820
41074,"Storto, Maxwell E.",non-elite,1519,3043,4625,6188,7737,9531,11438,13196,1524,1582,1563,1549,1794,1907,1758
41075,"Parker, Luann B",non-elite,1542,3072,4630,6217,7847,9540,11325,13140,1530,1558,1587,1630,1693,1785,1815
41076,"Girard, Christine",non-elite,1612,3215,4818,6457,8096,9781,11519,13191,1603,1603,1639,1639,1685,1738,1672
41077,"Tucker, Brian A.",non-elite,1563,3165,4784,6361,7936,9588,11354,13139,1602,1619,1577,1575,1652,1766,1785
41078,"Glenn, Ashley C",non-elite,1482,2972,4434,5896,7380,9073,10965,13001,1490,1462,1462,1484,1693,1892,2036
41079,"Murphy, Michelle M.",non-elite,1536,3063,4625,6324,7885,9557,11468,13176,1527,1562,1699,1561,1672,1911,1708
41080,"Bergeron, Madeleine",non-elite,1576,3145,4719,6376,8013,9711,11468,13176,1569,1574,1657,1637,1698,1757,1708
41081,"Hobbs, Mary-Anne K",non-elite,1566,3137,4730,6368,8010,9738,11481,13182,1571,1593,1638,1642,1728,1743,1701
41082,"Gubitz, Allison",non-elite,1519,3055,4599,6200,7857,9587,11401,13230,1536,1544,1601,1657,1730,1814,1829
41083,"Forgue, Brian P",non-elite,1424,2868,4315,5909,7521,9210,11169,13130,1444,1447,1594,1612,1689,1959,1961
41084,"Martino, Richard A.",non-elite,1576,3050,4495,5958,7605,9212,11036,12963,1474,1445,1463,1647,1607,1824,1927
41085,"Wagner, Tim",non-elite,1429,2895,4507,6222,7845,9545,11397,13151,1466,1612,1715,1623,1700,1852,1754
41086,"Palmer, Chelsea",non-elite,1593,3223,4841,6501,8171,9875,11572,13213,1630,1618,1660,1670,1704,1697,1641
41087,"O'Sullivan, Kristin G.",non-elite,1728,3337,4881,6494,8138,9852,11508,13174,1609,1544,1613,1644,1714,1656,1666
41088,"Lamb, Lee",non-elite,1579,3137,4708,6330,8000,9699,11437,13166,1558,1571,1622,1670,1699,1738,1729
41089,"Williams, Kaelynn",non-elite,1565,3160,4773,6370,7992,9679,11419,13156,1595,1613,1597,1622,1687,1740,1737
41090,"Carwin, Mindi",non-elite,1565,3160,4773,6370,7992,9679,11419,13156,1595,1613,1597,1622,1687,1740,1737
41091,"Michel, Kyndal",non-elite,1458,2953,4473,6096,7697,9395,11229,13135,1495,1520,1623,1601,1698,1834,1906
41092,"Springer, Misty A",non-elite,1559,3156,4782,6475,8225,9957,11596,13214,1597,1626,1693,1750,1732,1639,1618
41093,"Svatek, Mandie T",non-elite,1561,3120,4687,6275,7864,9540,11331,13131,1559,1567,1588,1589,1676,1791,1800
41094,"Crane, Sonia",non-elite,1475,2976,4536,6217,7800,9491,11286,13048,1501,1560,1681,1583,1691,1795,1762
41095,"Konvalin, Tony",non-elite,1576,3112,4628,6177,7814,9579,11452,13239,1536,1516,1549,1637,1765,1873,1787
41096,"McCarthy, Maggie",non-elite,1447,2926,4446,6105,7856,9640,11433,13184,1479,1520,1659,1751,1784,1793,1751
41097,"Hutton Weaver, Andrea N.",non-elite,1640,3284,4920,6608,8281,10022,11763,13282,1644,1636,1688,1673,1741,1741,1519
41098,"Carney, Courtney",non-elite,1629,3300,4936,6525,8114,9722,11477,13174,1671,1636,1589,1589,1608,1755,1697
41099,"Futrell, Dan",non-elite,1231,2523,3993,5561,7261,9065,11051,13037,1292,1470,1568,1700,1804,1986,1986
41100,"Mohorn, Christina M",non-elite,1549,3053,4559,6157,7929,9691,11464,13193,1504,1506,1598,1772,1762,1773,1729
41101,"Dove, Yukiko",non-elite,1530,3066,4635,6231,7822,9580,11388,13140,1536,1569,1596,1591,1758,1808,1752
41102,"Kall, Lisa A.",non-elite,1521,3063,4650,6291,8011,9745,11520,13202,1542,1587,1641,1720,1734,1775,1682
41103,"Skarulis, Teresa K",non-elite,1466,2929,4408,5947,7501,9162,11035,13044,1463,1479,1539,1554,1661,1873,2009
41104,"Foret, Kenneth A Jr.",non-elite,1471,2988,4505,6074,7717,9428,11274,13135,1517,1517,1569,1643,1711,1846,1861
41105,"Flora, Joel",non-elite,1527,3097,4750,6428,8093,9837,11551,13210,1570,1653,1678,1665,1744,1714,1659
41106,"Brinkman, Dan",non-elite,1374,2762,4196,5679,7229,8855,10810,12961,1388,1434,1483,1550,1626,1955,2151
41107,"Ralph, Maria",non-elite,1564,3119,4695,6325,7950,9657,11446,13158,1555,1576,1630,1625,1707,1789,1712
41108,"Levy, Wayne A.",non-elite,1136,2286,3472,4662,5906,7268,8954,12407,1150,1186,1190,1244,1362,1686,3453
41109,"Hernandez Rodriguez, Flor De Maria",non-elite,1436,2935,4569,6294,8009,9769,11586,13227,1499,1634,1725,1715,1760,1817,1641
41110,"Welch, Lisa",non-elite,1561,3114,4680,6261,7895,9564,11361,13120,1553,1566,1581,1634,1669,1797,1759
41111,"Schwartz, Benjamin",non-elite,1275,2567,3902,5521,7017,9177,11094,13141,1292,1335,1619,1496,2160,1917,2047
41112,"Hagstrom, Jennifer L.",non-elite,1558,3201,4792,6439,8170,9850,11501,13154,1643,1591,1647,1731,1680,1651,1653
41113,"Tang, Benjamin C.",non-elite,1450,2909,4361,5843,7336,8852,10550,13078,1459,1452,1482,1493,1516,1698,2528
41114,"Tremblay, Alain",non-elite,1387,2816,4261,5704,7234,8967,10928,13008,1429,1445,1443,1530,1733,1961,2080
41115,"Schenk, Beat",non-elite,1308,2678,4149,5744,7394,9188,11186,13115,1370,1471,1595,1650,1794,1998,1929
41116,"Townsend, Kimberly D.",non-elite,1512,3028,4536,6078,7669,9313,11118,13115,1516,1508,1542,1591,1644,1805,1997
41117,"Hunt, Theresa A",non-elite,1614,3229,4837,6444,8041,9687,11436,13153,1615,1608,1607,1597,1646,1749,1717
41118,"Morrison, Kathryn",non-elite,1626,3256,4900,6541,8245,9906,11627,13241,1630,1644,1641,1704,1661,1721,1614
41119,"Criswell, Michael E.",non-elite,1549,3125,4686,6261,7840,9482,11203,13093,1576,1561,1575,1579,1642,1721,1890
41120,"Barringer, Mark W",non-elite,1285,2609,4017,5510,7055,8782,10736,12885,1324,1408,1493,1545,1727,1954,2149
41121,"Macknair, Andrew",non-elite,1698,3279,4838,6434,8036,9712,11434,13159,1581,1559,1596,1602,1676,1722,1725
41122,"Trytek, Tom W.",non-elite,1627,3256,4900,6541,8245,9906,11627,13241,1629,1644,1641,1704,1661,1721,1614
41123,"Hopkin, Justin L.",non-elite,1670,3309,4947,6625,8290,9873,11557,13146,1639,1638,1678,1665,1583,1684,1589
41124,"Leyte, Amy",non-elite,1561,3150,4748,6349,7973,9697,11474,13186,1589,1598,1601,1624,1724,1777,1712
41125,"Carl, Katrina",non-elite,1567,3155,4763,6393,7987,9655,11435,13172,1588,1608,1630,1594,1668,1780,1737
41126,"Stone, Rachel E.",non-elite,1474,2954,4468,6060,7709,9507,11364,13179,1480,1514,1592,1649,1798,1857,1815
41127,"Griffin, Laura",non-elite,1470,2973,4597,6265,7947,9694,11461,13167,1503,1624,1668,1682,1747,1767,1706
41128,"Andriano, Patrick T",non-elite,1445,2905,4366,5967,7595,9416,11259,13171,1460,1461,1601,1628,1821,1843,1912
41129,"Coffey, Liz",non-elite,1484,2975,4475,6006,7561,9226,11108,13092,1491,1500,1531,1555,1665,1882,1984
41130,"Collins, Bill A.",non-elite,1542,3171,4755,6409,8022,9709,11436,13177,1629,1584,1654,1613,1687,1727,1741
41132,"Policelli, Neil",non-elite,1598,3213,4901,6538,8149,9827,11529,13215,1615,1688,1637,1611,1678,1702,1686
41133,"Mohr, Stacey M",non-elite,1580,3256,4854,6493,8141,9814,11527,13203,1676,1598,1639,1648,1673,1713,1676
41134,"Lin, Charrissa",non-elite,1567,3169,4787,6431,8055,9745,11481,13189,1602,1618,1644,1624,1690,1736,1708
41135,"Tuck, Corey S",non-elite,1410,2814,4274,5778,7359,9192,11134,13095,1404,1460,1504,1581,1833,1942,1961
41136,"Kramer, Dana",non-elite,1583,3170,4760,6385,8008,9674,11436,13164,1587,1590,1625,1623,1666,1762,1728
41137,"Machlus, Robert",non-elite,1558,3116,4698,6282,7869,9577,11403,13141,1558,1582,1584,1587,1708,1826,1738
41138,"Hwang, Hyuncheol",non-elite,1287,2590,3952,5426,6989,9389,11287,13058,1303,1362,1474,1563,2400,1898,1771
41139,"Inaba, Yuichi",non-elite,1425,2831,4263,5754,7283,8976,11366,13183,1406,1432,1491,1529,1693,2390,1817
41140,"Stephens, Mike",non-elite,1598,3138,4964,6521,8173,9838,11590,13251,1540,1826,1557,1652,1665,1752,1661
41141,"Schumacher, James J III",non-elite,1292,2618,3998,5477,7039,8806,10884,13098,1326,1380,1479,1562,1767,2078,2214
41142,"Barclay, Leslie L",non-elite,1589,3193,4809,6438,8052,9737,11488,13162,1604,1616,1629,1614,1685,1751,1674
41143,"Wilderman-Hay, Mary-Ellen",non-elite,1613,3222,4844,6459,8073,9760,11493,13189,1609,1622,1615,1614,1687,1733,1696
41144,"Manley, Sandra L",non-elite,1568,3144,4752,6402,8054,9749,11480,13180,1576,1608,1650,1652,1695,1731,1700
41145,"Caggiano, Kristi F",non-elite,1548,3113,4685,6298,7935,9648,11475,13218,1565,1572,1613,1637,1713,1827,1743
41146,"Kirton, Alan J",non-elite,1566,3165,4779,6425,8061,9763,11476,13183,1599,1614,1646,1636,1702,1713,1707
41147,"Keller, Lauren M",non-elite,1399,2890,4477,6240,7876,9780,11617,13223,1491,1587,1763,1636,1904,1837,1606
41148,"Gibbons, Joseph B.",non-elite,1490,2981,4466,5975,7512,9204,11090,13062,1491,1485,1509,1537,1692,1886,1972
41149,"Bolstad, Jennifer",non-elite,1587,3130,4696,6296,7898,9605,11393,13155,1543,1566,1600,1602,1707,1788,1762
41150,"Zaharoff, Steven",non-elite,1656,3313,4956,6606,8255,9916,11552,13204,1657,1643,1650,1649,1661,1636,1652
41151,"Cohen, Allison M",non-elite,1541,3085,4656,6267,7889,9581,11376,13139,1544,1571,1611,1622,1692,1795,1763
41152,"Taylor, Susan R.",non-elite,1536,3098,4689,6323,7974,9650,11411,13155,1562,1591,1634,1651,1676,1761,1744
41153,"Martucci, Marylee M.",non-elite,1525,3053,4614,6213,7947,9677,11436,13223,1528,1561,1599,1734,1730,1759,1787
41154,"Knight, Denise J",non-elite,1540,3058,4576,6102,7627,9194,10810,13128,1518,1518,1526,1525,1567,1616,2318
41155,"Heaphy, Alison",non-elite,1531,3015,4537,6139,7789,9541,11403,13176,1484,1522,1602,1650,1752,1862,1773
41156,"Pennymon, Charlene",non-elite,1595,3207,4819,6495,8167,9876,11585,13228,1612,1612,1676,1672,1709,1709,1643
41157,"Thompson, David L",non-elite,1437,2935,4474,6069,7678,9402,11203,13135,1498,1539,1595,1609,1724,1801,1932
41158,"Hutcherson, Susan M",non-elite,1587,3173,4768,6378,8007,9733,11501,13217,1586,1595,1610,1629,1726,1768,1716
41159,"Pitkin, Lawrence",non-elite,1264,2519,3787,5218,6948,8962,11079,13150,1255,1268,1431,1730,2014,2117,2071
41160,"Miraflor, Marlena",non-elite,1520,3038,4623,6210,7824,9529,11322,13128,1518,1585,1587,1614,1705,1793,1806
41161,"Golden, Jonathan",non-elite,1454,2895,4342,5814,7351,9041,10869,13167,1441,1447,1472,1537,1690,1828,2298
41162,"Huprich, Don",non-elite,1493,2985,4502,6055,7637,9297,11089,13119,1492,1517,1553,1582,1660,1792,2030
41163,"Mumford, Alison",non-elite,1584,3198,4811,6435,8067,9770,11468,13169,1614,1613,1624,1632,1703,1698,1701
41164,"Jewczyk, Liisa A",non-elite,1580,3200,4813,6442,8075,9811,11591,13209,1620,1613,1629,1633,1736,1780,1618
41165,"Peters, Maureen",non-elite,1570,3133,4697,6274,7886,9586,11401,13199,1563,1564,1577,1612,1700,1815,1798
41166,"Paton, Brian",non-elite,1400,2793,4207,5666,7172,8826,10759,12833,1393,1414,1459,1506,1654,1933,2074
41167,"Bedard, Nicole G",non-elite,1450,2948,4489,6090,7816,9610,11384,13148,1498,1541,1601,1726,1794,1774,1764
41168,"Bucknall, Lynn",non-elite,1579,3179,4806,6461,8137,9825,11560,13213,1600,1627,1655,1676,1688,1735,1653
41169,"Dobrzynski, Gary M",non-elite,1520,3016,4621,6367,7961,9714,11495,13180,1496,1605,1746,1594,1753,1781,1685
41170,"Sinnott, Katie E",non-elite,1500,2964,4469,6017,7599,9285,11099,13153,1464,1505,1548,1582,1686,1814,2054
41171,"Burke, Jason",non-elite,1307,2682,4252,5857,7467,9193,11136,13118,1375,1570,1605,1610,1726,1943,1982
41172,"Dula, Kenzie L",non-elite,1509,3088,4708,6379,8039,9793,11544,13218,1579,1620,1671,1660,1754,1751,1674
41173,"Rose, Jennifer B",non-elite,1510,3038,4620,6221,7841,9566,11384,13143,1528,1582,1601,1620,1725,1818,1759
41174,"Jezik, Scot",non-elite,1581,3199,4789,6422,8051,9713,11472,13164,1618,1590,1633,1629,1662,1759,1692
41175,"Gidevall, Anders",non-elite,1480,2993,4562,6182,7803,9523,11450,13207,1513,1569,1620,1621,1720,1927,1757
41176,"Comment, Kristen",non-elite,1541,3099,4662,6264,7872,9551,11378,13158,1558,1563,1602,1608,1679,1827,1780
41177,"Shoemaker, Sarah",non-elite,1596,3180,4766,6373,7980,9631,11431,13201,1584,1586,1607,1607,1651,1800,1770
41178,"Solorzano, Lilian",non-elite,1539,3089,4646,6237,7894,9652,11437,13202,1550,1557,1591,1657,1758,1785,1765
41179,"Backstrom, Margaret P",non-elite,1439,2935,4501,6159,7794,9503,11298,13197,1496,1566,1658,1635,1709,1795,1899
41180,"Baird, Kristin",non-elite,1542,3136,4724,6334,7970,9708,11511,13212,1594,1588,1610,1636,1738,1803,1701
41181,"Langer, Nora M",non-elite,1499,3023,4576,6151,7732,9352,11135,13176,1524,1553,1575,1581,1620,1783,2041
41182,"Lavergne, Line",non-elite,1514,3103,4776,6437,8064,9811,11575,13194,1589,1673,1661,1627,1747,1764,1619
41183,"Cornejo, Amy",non-elite,1589,3169,4809,6458,8111,9864,11608,13216,1580,1640,1649,1653,1753,1744,1608
41184,"Jarbeau, Jennifer F.",non-elite,1631,3219,4824,6455,8087,9815,11558,13219,1588,1605,1631,1632,1728,1743,1661
41185,"Balentine, Jennifer M",non-elite,1620,3240,4872,6516,8106,9751,11484,13182,1620,1632,1644,1590,1645,1733,1698
41186,"Dangerfield, Mark",non-elite,1621,3240,4872,6515,8107,9769,11516,13191,1619,1632,1643,1592,1662,1747,1675
41187,"Dickinson, Maia D",non-elite,1442,2887,4323,5819,7466,9264,11127,13119,1445,1436,1496,1647,1798,1863,1992
41188,"Carnes, Donald F",non-elite,1565,3124,4681,6270,7896,9592,11374,13117,1559,1557,1589,1626,1696,1782,1743
41189,"Seidel, Adrianne",non-elite,1519,3034,4585,6183,7800,9466,11231,13086,1515,1551,1598,1617,1666,1765,1855
41190,"Marron, Margaret A",non-elite,1519,3050,4596,6210,7876,9611,11417,13191,1531,1546,1614,1666,1735,1806,1774
41191,"Childs, Raymond",non-elite,1545,3092,4667,6277,7918,9657,11470,13202,1547,1575,1610,1641,1739,1813,1732
41192,"Kilcoin, Caitlin",non-elite,1502,3024,4615,6249,7894,9656,11439,13191,1522,1591,1634,1645,1762,1783,1752
41193,"Navarre, Andrea",non-elite,1518,3028,4544,6105,7678,9358,11210,13088,1510,1516,1561,1573,1680,1852,1878
41194,"Massa, Gabriela C",non-elite,1542,3106,4711,6391,8034,9750,11490,13197,1564,1605,1680,1643,1716,1740,1707
41195,"Barton, Richard",non-elite,1612,3233,4896,6554,8167,9835,11530,13188,1621,1663,1658,1613,1668,1695,1658
41196,"Dong, Baoping",non-elite,1391,2775,4243,5793,7400,9192,11146,13089,1384,1468,1550,1607,1792,1954,1943
41197,"Chirico, Daniel",non-elite,1442,2869,4298,5771,7261,9026,11105,13085,1427,1429,1473,1490,1765,2079,1980
41198,"Beltran, Alberto",non-elite,1453,2974,4615,6315,7910,9701,11487,13177,1521,1641,1700,1595,1791,1786,1690
41199,"Lopez-Pineda, Bokil T.",non-elite,1388,2804,4286,5842,7501,9368,11318,13175,1416,1482,1556,1659,1867,1950,1857
41200,"Snizek, Brenda",non-elite,1563,3181,4792,6463,8105,9851,11584,13214,1618,1611,1671,1642,1746,1733,1630
41201,"Sequeda, Yisel",non-elite,1574,3160,4732,6388,8064,9867,11555,13224,1586,1572,1656,1676,1803,1688,1669
41202,"Booth, Sheree",non-elite,1579,3183,4840,6494,8172,9898,11615,13246,1604,1657,1654,1678,1726,1717,1631
41203,"Sun, Peter H.",non-elite,1352,2724,4109,5767,7449,9099,11130,13025,1372,1385,1658,1682,1650,2031,1895
41204,"Phillips, Kate A",non-elite,1534,3090,4640,6201,7774,9469,11303,13124,1556,1550,1561,1573,1695,1834,1821
41205,"Baranauskas, George C",non-elite,1568,3159,4793,6438,8155,9878,11611,13234,1591,1634,1645,1717,1723,1733,1623
41206,"Bradley, Raymond P",non-elite,1415,2832,4272,5770,7293,9017,10798,13079,1417,1440,1498,1523,1724,1781,2281
41207,"Wiechelt, Katie",non-elite,1588,3108,4643,6196,7811,9540,11397,13237,1520,1535,1553,1615,1729,1857,1840
41208,"Hinojosa, Robert",non-elite,1599,3142,4730,6350,7988,9715,11518,13202,1543,1588,1620,1638,1727,1803,1684
41209,"Bartolomei, Ignacio",non-elite,1486,2940,4418,5985,7595,9387,11289,13147,1454,1478,1567,1610,1792,1902,1858
41210,"Boccone, Clark",non-elite,1545,3131,4711,6308,7920,9681,11432,13201,1586,1580,1597,1612,1761,1751,1769
41211,"Earl, Ryan J.",non-elite,1468,2944,4432,6021,7736,9476,11330,13169,1476,1488,1589,1715,1740,1854,1839
41212,"Ashmun, Robert",non-elite,1450,2924,4431,5999,7630,9334,11161,13119,1474,1507,1568,1631,1704,1827,1958
41213,"Boccone, Christy",non-elite,1546,3132,4711,6309,7921,9682,11433,13201,1586,1579,1598,1612,1761,1751,1768
41214,"McCarty, L. Pearce III",non-elite,1398,2781,4160,5578,7057,8755,10848,13016,1383,1379,1418,1479,1698,2093,2168
41215,"Rupprecht, Brad",non-elite,1368,2758,4160,5770,7494,9352,11269,13140,1390,1402,1610,1724,1858,1917,1871
41216,"Anthony, Suzanne M.",non-elite,1564,3147,4715,6302,7903,9615,11394,13154,1583,1568,1587,1601,1712,1779,1760
41217,"Dall, Anke",non-elite,1543,3100,4679,6297,7964,9728,11487,13131,1557,1579,1618,1667,1764,1759,1644
41218,"Hilal, Susan",non-elite,1528,3040,4557,6122,7701,9442,11290,13159,1512,1517,1565,1579,1741,1848,1869
41219,"Morin, Dominique",non-elite,1613,3248,4878,6501,8108,9794,11522,13192,1635,1630,1623,1607,1686,1728,1670
41220,"Serafy, Joseph",non-elite,1614,3237,4851,6457,8079,9759,11497,13212,1623,1614,1606,1622,1680,1738,1715
41221,"Slager, Emily J",non-elite,1507,3042,4575,6141,7738,9455,11273,13110,1535,1533,1566,1597,1717,1818,1837
41222,"Leblanc, Lisa M",non-elite,1521,3028,4506,5995,7509,9102,10964,13036,1507,1478,1489,1514,1593,1862,2072
41223,"Gomez, Catherine E",non-elite,1485,2989,4589,6270,7934,9584,11381,13149,1504,1600,1681,1664,1650,1797,1768
41224,"Granski, Jacqueline",non-elite,1549,3096,4666,6284,7912,9640,11454,13188,1547,1570,1618,1628,1728,1814,1734
41225,"Cortes Munoz, Maricela",non-elite,1518,3083,4668,6296,7929,9664,11471,13186,1565,1585,1628,1633,1735,1807,1715
41226,"Mendez Karr, Cynthia",non-elite,1386,2775,4264,5935,7684,9529,11540,13249,1389,1489,1671,1749,1845,2011,1709
41227,"Hazilla, Jon",non-elite,1543,3110,4696,6330,7971,9762,11627,13257,1567,1586,1634,1641,1791,1865,1630
41228,"Sakai, Taichi",non-elite,1289,2571,3903,5358,6894,8602,10672,13063,1282,1332,1455,1536,1708,2070,2391
41229,"Sigurdsson, Martin I.",non-elite,1629,3210,4790,6380,7999,9713,11467,13182,1581,1580,1590,1619,1714,1754,1715
41230,"Köthe, Noël",non-elite,1380,2766,4226,5791,7405,9128,11034,12908,1386,1460,1565,1614,1723,1906,1874
41231,"Storto, John C",non-elite,1495,3048,4623,6250,7887,9619,11410,13187,1553,1575,1627,1637,1732,1791,1777
41232,"Joel, Brian F",non-elite,1605,3202,4783,6376,7961,9590,11337,13157,1597,1581,1593,1585,1629,1747,1820
41233,"Moore, Lynne",non-elite,1633,3249,4871,6503,8110,9789,11514,13205,1616,1622,1632,1607,1679,1725,1691
41234,"White, Patty Ann",non-elite,1558,3122,4675,6267,7852,9487,11214,13165,1564,1553,1592,1585,1635,1727,1951
41235,"Daher, Nicholas",non-elite,1546,3129,4721,6312,7898,9555,11255,13102,1583,1592,1591,1586,1657,1700,1847
41236,"Bisaillon, Jane E.",non-elite,1496,3063,4588,6129,7730,9384,11131,12872,1567,1525,1541,1601,1654,1747,1741
41237,"Moulton, Anthony R.",non-elite,1443,2875,4396,5948,7535,9437,11211,13066,1432,1521,1552,1587,1902,1774,1855
41238,"Wraber, Andrej",non-elite,1435,2905,4437,6021,7662,9464,11353,13142,1470,1532,1584,1641,1802,1889,1789
41239,"Widdecombe, Jane C.",non-elite,1498,3005,4554,6155,7922,9666,11504,13241,1507,1549,1601,1767,1744,1838,1737
41240,"Fitch, Greg",non-elite,1605,3199,4761,6344,7934,9590,11290,12959,1594,1562,1583,1590,1656,1700,1669
41241,"Finlay, Ross",non-elite,1581,3208,4821,6468,8125,9795,11503,13220,1627,1613,1647,1657,1670,1708,1717
41242,"Griffith, Julie",non-elite,1527,3080,4697,6329,7987,9670,11458,13201,1553,1617,1632,1658,1683,1788,1743
41243,"Vysny, Nicholas",non-elite,1309,2678,4111,5664,7344,9146,11105,13114,1369,1433,1553,1680,1802,1959,2009
41244,"Kreutz, Wendi",non-elite,1514,3080,4675,6298,7907,9625,11394,13178,1566,1595,1623,1609,1718,1769,1784
41245,"Shearer, Andy J",non-elite,1439,2869,4317,5838,7410,9122,11072,13164,1430,1448,1521,1572,1712,1950,2092
41246,"Wallum, Connie",non-elite,1657,3291,4889,6525,8135,9812,11522,13227,1634,1598,1636,1610,1677,1710,1705
41247,"Johnson, Donna",non-elite,1563,3164,4769,6421,8033,9716,11460,13185,1601,1605,1652,1612,1683,1744,1725
41248,"Hall, Mandy J.",non-elite,1486,3047,4583,6269,7931,9696,11488,13248,1561,1536,1686,1662,1765,1792,1760
41249,"Cox, Jason",non-elite,1334,2704,4153,5643,7308,9186,11093,13092,1370,1449,1490,1665,1878,1907,1999
41250,"Cohen, Julie",non-elite,1764,3410,4989,6576,8197,9895,11601,13256,1646,1579,1587,1621,1698,1706,1655
41251,"McGonigle, Brendan O.",non-elite,1607,3161,4700,6244,7817,9449,11194,13142,1554,1539,1544,1573,1632,1745,1948
41252,"Jones, Elissa",non-elite,1619,3240,4874,6514,8187,9870,11560,13239,1621,1634,1640,1673,1683,1690,1679
41253,"Boland, Paula M.",non-elite,1556,3102,4681,6280,7906,9601,11481,13197,1546,1579,1599,1626,1695,1880,1716
41254,"Spoor, Karen M",non-elite,1504,3065,4659,6286,7946,9660,11445,13192,1561,1594,1627,1660,1714,1785,1747
41255,"Borden, Maggie",non-elite,1453,2952,4478,6131,7812,9594,11422,13190,1499,1526,1653,1681,1782,1828,1768
41256,"Letuppe, Dominique",non-elite,1563,3165,4794,6445,8086,9794,11540,13217,1602,1629,1651,1641,1708,1746,1677
41257,"Briggs, Scott D",non-elite,1712,3427,5118,6822,8516,10168,11740,13300,1715,1691,1704,1694,1652,1572,1560
41258,"Windham, Chad",non-elite,1442,2918,4419,5973,7585,9407,11322,13223,1476,1501,1554,1612,1822,1915,1901
41259,"Malinowski, Patti",non-elite,1449,2959,4528,6172,7848,9586,11430,13182,1510,1569,1644,1676,1738,1844,1752
41260,"Price Mccoy, Cassie",non-elite,1584,3182,4808,6438,8068,9804,11541,13220,1598,1626,1630,1630,1736,1737,1679
41261,"Searle, Suzanne M",non-elite,1567,3143,4731,6351,7969,9674,11428,13205,1576,1588,1620,1618,1705,1754,1777
41262,"Patterson, Nisha C",non-elite,1645,3284,4908,6538,8161,9823,11535,13210,1639,1624,1630,1623,1662,1712,1675
41263,"Gauthier, Marie-Sophie",non-elite,1624,3235,4855,6492,8140,9832,11511,13193,1611,1620,1637,1648,1692,1679,1682
41264,"Laper, Jim",non-elite,1474,3035,4595,6230,7846,9679,11453,13186,1561,1560,1635,1616,1833,1774,1733
41265,"Gause, Hadyn",non-elite,1620,3188,4725,6271,7837,9476,11256,13186,1568,1537,1546,1566,1639,1780,1930
41266,"Tanski, Michele",non-elite,1589,3183,4817,6479,8134,9842,11563,13236,1594,1634,1662,1655,1708,1721,1673
41267,"Ochoa, George",non-elite,1538,3023,4559,6123,7722,9419,11202,13159,1485,1536,1564,1599,1697,1783,1957
41268,"Allen, Amanda C",non-elite,1593,3233,4869,6518,8144,9815,11527,13221,1640,1636,1649,1626,1671,1712,1694
41269,"Stern, Mike D",non-elite,1432,2853,4299,5863,7533,9397,11385,13172,1421,1446,1564,1670,1864,1988,1787
41270,"Christy, Kristin B",non-elite,1626,3272,4918,6581,8234,9930,11638,13277,1646,1646,1663,1653,1696,1708,1639
41271,"Lamarca, Catherine",non-elite,1592,3213,4888,6505,8116,9797,11541,13212,1621,1675,1617,1611,1681,1744,1671
41272,"Dufault, Amber L",non-elite,1502,3036,4596,6213,7847,9553,11385,13162,1534,1560,1617,1634,1706,1832,1777
41273,"Mauer, Joseph P",non-elite,1560,3069,4606,6199,7848,9597,11471,13209,1509,1537,1593,1649,1749,1874,1738
41274,"Stein, Jeff",non-elite,1406,2820,4236,5709,7220,8953,11039,13242,1414,1416,1473,1511,1733,2086,2203
41275,"Simmons, Amy M",non-elite,1600,3170,4746,6338,7942,9688,11503,13205,1570,1576,1592,1604,1746,1815,1702
41276,"Fincher, Kevin",non-elite,1458,2947,4501,6170,7902,9710,11414,13218,1489,1554,1669,1732,1808,1704,1804
41277,"Cole, Jim",non-elite,1373,2706,4088,5615,7223,9010,11057,13185,1333,1382,1527,1608,1787,2047,2128
41278,"Glover, Song M.",non-elite,1612,3220,4826,6467,8100,9882,11649,13272,1608,1606,1641,1633,1782,1767,1623
41279,"Boone, Anna W",non-elite,1425,2895,4412,5970,7631,9406,11278,13161,1470,1517,1558,1661,1775,1872,1883
41280,"Bolton, Megan",non-elite,1488,3029,4585,6268,7884,9648,11431,13224,1541,1556,1683,1616,1764,1783,1793
41281,"Hughes, Terry E.",non-elite,1400,2842,4303,5873,7502,9250,11181,13095,1442,1461,1570,1629,1748,1931,1914
41282,"Reed, Franklin",non-elite,1621,3217,4838,6427,8055,9803,11562,13231,1596,1621,1589,1628,1748,1759,1669
41283,"Grobstein, Judy N.",non-elite,1531,3048,4569,6100,7662,9349,11209,13131,1517,1521,1531,1562,1687,1860,1922
41284,"Krimsky, Shira L.",non-elite,1698,3312,4916,6557,8210,9902,11618,13268,1614,1604,1641,1653,1692,1716,1650
41285,"Smith, Gary S.",non-elite,1723,3322,4936,6578,8236,9898,11590,13242,1599,1614,1642,1658,1662,1692,1652
41286,"Wirtz, Dennis C.",non-elite,1572,3143,4777,6375,7999,9684,11440,13186,1571,1634,1598,1624,1685,1756,1746
41287,"Hintz, Mike C",non-elite,1433,2913,4361,5842,7343,8938,10635,12622,1480,1448,1481,1501,1595,1697,1987
41288,"Belzile, Diane",non-elite,1605,3192,4795,6423,8057,9758,11489,13191,1587,1603,1628,1634,1701,1731,1702
41289,"Vannostrand, David",non-elite,1352,2738,4184,5674,7205,8901,10671,12867,1386,1446,1490,1531,1696,1770,2196
41290,"Chok, Rozalyn Y",non-elite,1491,3028,4612,6253,7921,9687,11484,13215,1537,1584,1641,1668,1766,1797,1731
41291,"Kelley, Rebecca",non-elite,1497,3019,4574,6149,7769,9514,11371,13166,1522,1555,1575,1620,1745,1857,1795
41292,"Woodward, Sallie",non-elite,1523,3080,4640,6228,7826,9504,11255,13105,1557,1560,1588,1598,1678,1751,1850
41293,"Langarica, Claudia",non-elite,1530,3049,4594,6136,7748,9510,11352,13166,1519,1545,1542,1612,1762,1842,1814
41294,"Zimmerman, Malissa",non-elite,1522,3078,4675,6311,7959,9681,11459,13207,1556,1597,1636,1648,1722,1778,1748
41295,"Burns, Rusty A",non-elite,1412,2823,4248,5707,7240,8978,11025,13157,1411,1425,1459,1533,1738,2047,2132
41296,"Ordman, Beth",non-elite,1650,3283,4931,6595,8249,9936,11629,13259,1633,1648,1664,1654,1687,1693,1630
41297,"Marino-Gabrielli, Jennifer A",non-elite,1499,2993,4540,6126,7720,9415,11172,13019,1494,1547,1586,1594,1695,1757,1847
41298,"McKenzie, Luke",non-elite,1440,2894,4347,5850,7374,9025,11297,13172,1454,1453,1503,1524,1651,2272,1875
41299,"Jardine, Sarah M",non-elite,1583,3180,4773,6387,7995,9680,11400,13141,1597,1593,1614,1608,1685,1720,1741
41300,"Morain, Mindy",non-elite,1504,2978,4571,6372,8071,9794,11559,13261,1474,1593,1801,1699,1723,1765,1702
41301,"Lussier, Danielle B",non-elite,1509,3035,4593,6161,7756,9437,11217,13112,1526,1558,1568,1595,1681,1780,1895
41302,"Kahn, Dan E.",non-elite,1405,2836,4279,5786,7323,9128,11110,13047,1431,1443,1507,1537,1805,1982,1937
41303,"Schimmel, Johan",non-elite,1489,3007,4632,6207,7822,9648,11441,13202,1518,1625,1575,1615,1826,1793,1761
41304,"Butcher-Pope, Kimberly A",non-elite,1572,3128,4713,6329,7916,9605,11434,13198,1556,1585,1616,1587,1689,1829,1764
41305,"Reed, Matthew",non-elite,1411,2822,4256,5749,7305,9061,11235,13197,1411,1434,1493,1556,1756,2174,1962
41306,"Mcneely, Heather",non-elite,1558,3104,4642,6210,7790,9475,11272,13147,1546,1538,1568,1580,1685,1797,1875
41307,"Allen-Bard, Sandy",non-elite,1531,3090,4675,6360,7974,9679,11443,13197,1559,1585,1685,1614,1705,1764,1754
41308,"Russell, Sue R",non-elite,1621,3274,4908,6538,8171,9818,11545,13218,1653,1634,1630,1633,1647,1727,1673
41310,"Graves, Sarah",non-elite,1544,3106,4701,6351,8006,9735,11509,13210,1562,1595,1650,1655,1729,1774,1701
41311,"Champagne, Renee",non-elite,1628,3257,4843,6446,8078,9787,11498,13220,1629,1586,1603,1632,1709,1711,1722
41312,"Gerlinger, Michelle M",non-elite,1472,2952,4475,6068,7697,9468,11312,13166,1480,1523,1593,1629,1771,1844,1854
41313,"Harris, David P",non-elite,1637,3290,4915,6555,8186,9873,11542,13231,1653,1625,1640,1631,1687,1669,1689
41314,"Strange, Dale",non-elite,1369,2748,4180,5728,7466,9333,11316,13150,1379,1432,1548,1738,1867,1983,1834
41315,"Pierce, Wallis H.",non-elite,1575,3117,4731,6344,7986,9691,11456,13243,1542,1614,1613,1642,1705,1765,1787
41316,"Cooper, Hilary",non-elite,1501,3003,4544,6140,7774,9454,11284,13189,1502,1541,1596,1634,1680,1830,1905
41317,"Tavolacci, John",non-elite,1466,2984,4579,6225,7893,9655,11461,13256,1518,1595,1646,1668,1762,1806,1795
41318,"Tavolacci, Michael J.",non-elite,1466,2984,4579,6225,7893,9655,11461,13256,1518,1595,1646,1668,1762,1806,1795
41319,"Morin, Pam",non-elite,1567,3164,4767,6430,8105,9798,11539,13231,1597,1603,1663,1675,1693,1741,1692
41320,"Edwards, Bill S Jr.",non-elite,1506,3033,4596,6197,7846,9529,11319,13154,1527,1563,1601,1649,1683,1790,1835
41321,"Thielbar, Chris L",non-elite,1524,3035,4582,6229,7899,9669,11433,13197,1511,1547,1647,1670,1770,1764,1764
41322,"Ballesteros, Maria",non-elite,1561,3106,4671,6282,7916,9650,11482,13198,1545,1565,1611,1634,1734,1832,1716
41323,"Cload, Sharon T",non-elite,1571,3175,4795,6418,8047,9716,11501,13227,1604,1620,1623,1629,1669,1785,1726
41324,"Leclerc, Daniel",non-elite,1441,2863,4298,5754,7216,8827,10859,12921,1422,1435,1456,1462,1611,2032,2062
41325,"Gingras, Amy J",non-elite,1426,2996,4632,6341,8072,9825,11569,13251,1570,1636,1709,1731,1753,1744,1682
41326,"Lerario, Amira J",non-elite,1636,3254,4922,6574,8228,9925,11621,13269,1618,1668,1652,1654,1697,1696,1648
41327,"Blazing, Elisabeth",non-elite,1550,3108,4659,6202,7744,9322,10989,13076,1558,1551,1543,1542,1578,1667,2087
41328,"Brough, Lydia G",non-elite,1436,2871,4332,5894,7550,9934,11607,13242,1435,1461,1562,1656,2384,1673,1635
41329,"Free, Heather A",non-elite,1606,3184,4772,6454,8125,9863,11632,13253,1578,1588,1682,1671,1738,1769,1621
41330,"Schneider, Randy",non-elite,1501,3016,4536,6115,7732,9464,11357,13214,1515,1520,1579,1617,1732,1893,1857
41331,"Gilroy, Sean E.",non-elite,1652,3189,4712,6241,7756,9336,11227,13256,1537,1523,1529,1515,1580,1891,2029
41332,"Cousens, Alexandria",non-elite,1457,2922,4435,6019,7655,9444,11305,13195,1465,1513,1584,1636,1789,1861,1890
41333,"Balmer, Steven W.",non-elite,1660,3225,4736,6266,7864,9530,11397,13170,1565,1511,1530,1598,1666,1867,1773
41334,"Cogdall, Thomas E III",non-elite,1450,2939,4448,6039,7637,9423,11286,13157,1489,1509,1591,1598,1786,1863,1871
41335,"Lammert, Dawn",non-elite,1419,2841,4311,5854,7614,9413,11304,13162,1422,1470,1543,1760,1799,1891,1858
41336,"Siegel, Stephen",non-elite,1613,3274,4932,6589,8279,10007,11739,13302,1661,1658,1657,1690,1728,1732,1563
41337,"Kulig, Nicole",non-elite,1476,2971,4540,6155,7789,9573,11396,13191,1495,1569,1615,1634,1784,1823,1795
41338,"Scollo, Valerio",non-elite,1374,2830,4424,6069,7650,9340,11236,13162,1456,1594,1645,1581,1690,1896,1926
41339,"Allen, Scott",non-elite,1439,2914,4382,5887,7406,9004,10913,12897,1475,1468,1505,1519,1598,1909,1984
41340,"Adame, Carlos",non-elite,1293,2616,4029,5606,7493,9742,11464,13223,1323,1413,1577,1887,2249,1722,1759
41341,"Hunt, Nicole J",non-elite,1531,3090,4677,6290,7910,9624,11449,13185,1559,1587,1613,1620,1714,1825,1736
41342,"Cable, Darin",non-elite,1418,2855,4320,5921,7530,9350,11232,13113,1437,1465,1601,1609,1820,1882,1881
41343,"Suchecki, Maureen",non-elite,1520,3037,4536,6138,7794,9510,11292,13166,1517,1499,1602,1656,1716,1782,1874
41344,"Robertson, Lamar",non-elite,1462,2951,4466,6027,7625,9329,11125,13090,1489,1515,1561,1598,1704,1796,1965
41345,"Richardson, William R.",non-elite,1575,3179,4786,6394,8010,9710,11456,13184,1604,1607,1608,1616,1700,1746,1728
41346,"Bishop, Melissa",non-elite,1525,3081,4665,6279,7933,9664,11476,13218,1556,1584,1614,1654,1731,1812,1742
41347,"Ballard, Rachel",non-elite,1560,3139,4738,6366,7999,9762,11551,13221,1579,1599,1628,1633,1763,1789,1670
41348,"Lajoie, John G",non-elite,1427,2893,4397,5970,7557,9243,11090,13082,1466,1504,1573,1587,1686,1847,1992
41349,"Miller, Roger",non-elite,1534,3067,4612,6212,7825,9561,11447,13228,1533,1545,1600,1613,1736,1886,1781
41350,"Ayala, Mateo",non-elite,1422,2833,4249,5698,7378,9293,11232,13207,1411,1416,1449,1680,1915,1939,1975
41351,"Loughran, Lisa",non-elite,1505,3174,4775,6448,8081,9845,11619,13262,1669,1601,1673,1633,1764,1774,1643
41352,"Ventura, Daisy N",non-elite,1481,3016,4623,6330,7998,9746,11521,13231,1535,1607,1707,1668,1748,1775,1710
41353,"Makowski, Joan L",non-elite,1604,3222,4843,6481,8130,9823,11560,13250,1618,1621,1638,1649,1693,1737,1690
41354,"Audu, Alexandra K.",non-elite,1577,3129,4702,6335,8051,9772,11571,13303,1552,1573,1633,1716,1721,1799,1732
41355,"Coyle, Lisa G.",non-elite,1529,3011,4650,6219,7874,9684,11502,13246,1482,1639,1569,1655,1810,1818,1744
41356,"Abrams, Deborah",non-elite,1494,3022,4533,6082,7655,9328,11190,13132,1528,1511,1549,1573,1673,1862,1942
41357,"Koch, Glen A",non-elite,1560,3082,4633,6269,7934,9717,11512,13281,1522,1551,1636,1665,1783,1795,1769
41358,"Atkins, Brian",non-elite,1574,3156,4738,6333,7947,9621,11362,13131,1582,1582,1595,1614,1674,1741,1769
41359,"Atkins, Kelly",non-elite,1574,3157,4738,6333,7947,9621,11363,13131,1583,1581,1595,1614,1674,1742,1768
41360,"Munroe, Tanya M",non-elite,1626,3243,4859,6505,8109,9752,11508,13225,1617,1616,1646,1604,1643,1756,1717
41361,"Sanzani, Andrea",non-elite,1599,3196,4797,6411,8020,9709,11456,13157,1597,1601,1614,1609,1689,1747,1701
41362,"Halverson, Tom",non-elite,1548,3119,4708,6340,8016,9706,11481,13189,1571,1589,1632,1676,1690,1775,1708
41363,"Ferrara, Patricia",non-elite,1524,3073,4651,6365,8083,9929,11732,13309,1549,1578,1714,1718,1846,1803,1577
41364,"Simpson, Shaun W.",non-elite,1512,3096,4774,6444,8015,9671,11404,13199,1584,1678,1670,1571,1656,1733,1795
41365,"Scott, Rick",non-elite,1564,3132,4726,6314,7884,9578,11386,13154,1568,1594,1588,1570,1694,1808,1768
41366,"Houle, Gilles",non-elite,1476,2935,4388,5897,7444,9131,11085,13103,1459,1453,1509,1547,1687,1954,2018
41367,"Gaasch, Wade",non-elite,1596,3219,4838,6466,8113,9834,11601,13248,1623,1619,1628,1647,1721,1767,1647
41368,"Kuba, Meredith T.",non-elite,1422,2863,4334,5966,7648,9455,11329,13172,1441,1471,1632,1682,1807,1874,1843
41369,"Wargo, Eileen M",non-elite,1494,2996,4568,6207,7860,9644,11483,13212,1502,1572,1639,1653,1784,1839,1729
41370,"Hixon, Kate A.",non-elite,1487,2987,4556,6213,7857,9590,11434,13200,1500,1569,1657,1644,1733,1844,1766
41371,"Condon, Barb",non-elite,1564,3181,4808,6449,8084,9775,11508,13218,1617,1627,1641,1635,1691,1733,1710
41372,"Forman, Nik G.",non-elite,1563,3120,4666,6233,7809,9494,11362,13196,1557,1546,1567,1576,1685,1868,1834
41373,"Peters, Melissa (Missy)",non-elite,1547,3121,4756,6402,8074,9841,11597,13245,1574,1635,1646,1672,1767,1756,1648
41374,"Mulligan, Bryan",non-elite,1572,3150,4753,6376,7986,9675,11443,13189,1578,1603,1623,1610,1689,1768,1746
41375,"Trakimas, Chris",non-elite,1732,3331,4956,6615,8295,10002,11705,13293,1599,1625,1659,1680,1707,1703,1588
41376,"Hoben, Jennifer",non-elite,1640,3267,4883,6507,8136,9836,11559,13254,1627,1616,1624,1629,1700,1723,1695
41377,"Gliniecki, Shana",non-elite,1442,2910,4409,6010,7754,9500,11359,13244,1468,1499,1601,1744,1746,1859,1885
41378,"Garry, Christine M",non-elite,1560,3161,4734,6324,7912,9587,11396,13256,1601,1573,1590,1588,1675,1809,1860
41379,"Jock, Pamela A",non-elite,1675,3329,4965,6613,8267,9959,11667,13297,1654,1636,1648,1654,1692,1708,1630
41380,"Chu, Eugene",non-elite,1465,2931,4412,5926,7444,9048,11164,13083,1466,1481,1514,1518,1604,2116,1919
41381,"Barber, Alan T",non-elite,1539,3086,4683,6294,7917,9639,11372,13148,1547,1597,1611,1623,1722,1733,1776
41382,"Walsh, Rick M.",non-elite,1496,2971,4456,6139,7744,9552,11479,13248,1475,1485,1683,1605,1808,1927,1769
41383,"Bowling, Patricia R",non-elite,1459,2942,4461,6071,7679,9497,11400,13220,1483,1519,1610,1608,1818,1903,1820
41384,"Killius, Krista",non-elite,1606,3221,4846,6479,8105,9779,11503,13186,1615,1625,1633,1626,1674,1724,1683
41385,"Izsak, Jeffrey B",non-elite,1611,3233,4843,6467,8072,9737,11472,13231,1622,1610,1624,1605,1665,1735,1759
41386,"Scheflen, Katherine P",non-elite,1552,3115,4680,6283,7934,9673,11482,13220,1563,1565,1603,1651,1739,1809,1738
41387,"Kwok, Margaret",non-elite,1535,3088,4680,6298,7981,9727,11485,13218,1553,1592,1618,1683,1746,1758,1733
41388,"Wardlaw, Tina",non-elite,1396,2813,4272,5842,7476,9337,11153,13143,1417,1459,1570,1634,1861,1816,1990
41389,"Taveras, Maria A",non-elite,1569,3163,4750,6412,8006,9651,11367,13202,1594,1587,1662,1594,1645,1716,1835
41390,"Piendl, Cindy",non-elite,1461,2942,4492,6050,7655,9391,11266,13202,1481,1550,1558,1605,1736,1875,1936
41391,"Berger, Michael A",non-elite,1612,3367,4925,6526,8141,9866,11629,13296,1755,1558,1601,1615,1725,1763,1667
41392,"McKee, Ryan K.",non-elite,1572,3062,4585,6163,7835,9637,11468,13203,1490,1523,1578,1672,1802,1831,1735
41393,"Thomas, Tara L",non-elite,1534,3089,4683,6325,7987,9716,11476,13231,1555,1594,1642,1662,1729,1760,1755
41394,"Weidemann, Cathy H",non-elite,1549,3076,4584,6103,7596,9138,10806,13123,1527,1508,1519,1493,1542,1668,2317
41395,"Cheker, Margaret",non-elite,1549,3104,4692,6309,7932,9644,11477,13218,1555,1588,1617,1623,1712,1833,1741
41396,"Patton, Douglas",non-elite,1368,2820,4375,5974,7594,9355,11320,13167,1452,1555,1599,1620,1761,1965,1847
41397,"Markowitz, Lynn",non-elite,1554,3253,4879,6582,8172,9896,11614,13261,1699,1626,1703,1590,1724,1718,1647
41398,"Higgins, Molly C.",non-elite,1721,3321,4906,6496,8094,9773,11521,13220,1600,1585,1590,1598,1679,1748,1699
41399,"Murdaugh, Amanda",non-elite,1596,3163,4735,6311,7894,9591,11398,13161,1567,1572,1576,1583,1697,1807,1763
41400,"Cooper, James A",non-elite,1496,2975,4479,6035,7603,9392,11424,13201,1479,1504,1556,1568,1789,2032,1777
41401,"Hendriks, Pieter",non-elite,1352,2746,4168,5707,7345,9123,11045,13014,1394,1422,1539,1638,1778,1922,1969
41402,"Ruiz De La Pena Hiriart, Melissa",non-elite,1605,3243,4903,6556,8221,9943,11675,13316,1638,1660,1653,1665,1722,1732,1641
41403,"Prevost, Josee",non-elite,1583,3228,4840,6455,8093,9801,11566,13239,1645,1612,1615,1638,1708,1765,1673
41404,"Juster, Kenneth G.",non-elite,1571,3060,4546,6100,7713,9408,11198,13160,1489,1486,1554,1613,1695,1790,1962
41405,"Henning, Sonja",non-elite,1531,3083,4633,6218,7833,9512,11320,13143,1552,1550,1585,1615,1679,1808,1823
41406,"Kou, Wan Ho",non-elite,1398,2851,4383,6024,7732,9532,11406,13201,1453,1532,1641,1708,1800,1874,1795
41407,"Toutain, Matthew M.",non-elite,1654,3294,4930,6557,8207,9902,11628,13288,1640,1636,1627,1650,1695,1726,1660
41408,"Zunic, Maris",non-elite,1612,3209,4818,6457,8103,9826,11566,13249,1597,1609,1639,1646,1723,1740,1683
41409,"Dagdigian, Kelly C.",non-elite,1579,3157,4745,6356,7970,9652,11548,13239,1578,1588,1611,1614,1682,1896,1691
41410,"Filtz, Lawrence S",non-elite,1484,2971,4507,6086,7691,9404,11226,13113,1487,1536,1579,1605,1713,1822,1887
41411,"Li, Lucy G",non-elite,1613,3259,4914,6551,8176,9835,11528,13256,1646,1655,1637,1625,1659,1693,1728
41412,"Wolfe, Jamie T",non-elite,1475,2960,4533,6113,7837,9673,11488,13226,1485,1573,1580,1724,1836,1815,1738
41413,"Jackson, Christy A",non-elite,1614,3235,4851,6491,8111,9772,11458,13196,1621,1616,1640,1620,1661,1686,1738
41414,"McDowall, Regan",non-elite,1526,3001,4454,5946,7470,9298,11340,13182,1475,1453,1492,1524,1828,2042,1842
41415,"Gattini, Daniele",non-elite,1556,2975,4427,5927,7499,9227,11210,13227,1419,1452,1500,1572,1728,1983,2017
41416,"Gorman, John",non-elite,1478,2975,4491,6030,7681,9585,11545,13277,1497,1516,1539,1651,1904,1960,1732
41417,"Yoak, Jennifer",non-elite,1565,3188,4846,6479,8091,9763,11543,13235,1623,1658,1633,1612,1672,1780,1692
41418,"Young, Brenda L",non-elite,1579,3151,4740,6327,7926,9561,11378,13179,1572,1589,1587,1599,1635,1817,1801
41419,"Finley, Lana B.",non-elite,1607,3170,4766,6438,8124,9856,11602,13257,1563,1596,1672,1686,1732,1746,1655
41420,"Pulling, Phyllis A",non-elite,1582,3163,4755,6378,8001,9703,11475,13225,1581,1592,1623,1623,1702,1772,1750
41421,"Glotzbach, Brian M",non-elite,1648,3315,4973,6598,8209,9871,11561,13258,1667,1658,1625,1611,1662,1690,1697
41422,"Mischkot, Brooke F",non-elite,1527,3048,4563,6153,7912,9735,11479,13255,1521,1515,1590,1759,1823,1744,1776
41423,"Glotzbach, Carlo R",non-elite,1648,3315,4973,6598,8210,9871,11561,13258,1667,1658,1625,1612,1661,1690,1697
41424,"Corkum, Elizabeth J.",non-elite,1582,3172,4764,6400,8036,9772,11556,13244,1590,1592,1636,1636,1736,1784,1688
41425,"Kryczek, Piotr",non-elite,1464,2937,4463,6037,7651,9561,11446,13227,1473,1526,1574,1614,1910,1885,1781
41426,"Taskinen, Tuuli",non-elite,1417,2851,4335,5891,7502,9290,11346,13266,1434,1484,1556,1611,1788,2056,1920
41427,"Muccio, Christina R.",non-elite,1632,3106,4626,6181,7786,9611,11493,13253,1474,1520,1555,1605,1825,1882,1760
41428,"Zuniga Gonzalez, Juan Jose J. Sr.",non-elite,1404,2835,4370,5902,7492,9215,11194,13136,1431,1535,1532,1590,1723,1979,1942
41429,"Twomey, David P.",non-elite,1497,2957,4472,5990,7564,9311,11078,13071,1460,1515,1518,1574,1747,1767,1993
41430,"Redding, Jennifer",non-elite,1547,3096,4648,6252,7913,9700,11489,13224,1549,1552,1604,1661,1787,1789,1735
41431,"Mitchener, Lori J.",non-elite,1503,3037,4622,6241,7856,9623,11344,13196,1534,1585,1619,1615,1767,1721,1852
41432,"Warren, Christopher",non-elite,1486,3002,4573,6185,7817,9592,11362,13188,1516,1571,1612,1632,1775,1770,1826
41433,"Antunez, Erica V.",non-elite,1588,3193,4805,6426,8042,9725,11477,13223,1605,1612,1621,1616,1683,1752,1746
41434,"Schnepp, David J",non-elite,1403,2826,4262,5797,7444,9255,11273,13182,1423,1436,1535,1647,1811,2018,1909
41435,"Nasman, Anders",non-elite,1411,2892,4410,5996,7588,9344,11279,13198,1481,1518,1586,1592,1756,1935,1919
41436,"Guerrero, Maria B",non-elite,1398,2808,4338,5974,7656,9464,11390,13249,1410,1530,1636,1682,1808,1926,1859
41437,"Schulze, Elizabeth",non-elite,1485,2919,4453,6191,7838,9638,11463,13210,1434,1534,1738,1647,1800,1825,1747
41438,"Yun, Heeseok",non-elite,1479,2957,4442,5995,7553,9202,10957,12764,1478,1485,1553,1558,1649,1755,1807
41439,"Joyce, Patricia",non-elite,1536,3057,4611,6211,7842,9563,11388,13198,1521,1554,1600,1631,1721,1825,1810
41440,"Hodgson, Brittany",non-elite,1419,2854,4340,5977,7682,9573,11468,13252,1435,1486,1637,1705,1891,1895,1784
41441,"Ruhlman, Krisinda M.",non-elite,1570,3163,4765,6435,8072,9825,11636,13282,1593,1602,1670,1637,1753,1811,1646
41442,"Klotz, Juergen",non-elite,1441,2854,4314,5810,7344,9032,11155,13193,1413,1460,1496,1534,1688,2123,2038
41443,"Magnus, Debbie L",non-elite,1581,3174,4787,6422,8080,9802,11594,13252,1593,1613,1635,1658,1722,1792,1658
41444,"Velas, Andrea",non-elite,1568,3138,4721,6333,7950,9656,11448,13207,1570,1583,1612,1617,1706,1792,1759
41445,"Rodriguez, Juan P",non-elite,1567,3194,4807,6432,8044,9725,11512,13252,1627,1613,1625,1612,1681,1787,1740
41446,"Hensler, Emily D",non-elite,1520,3056,4623,6233,7970,9715,11532,13257,1536,1567,1610,1737,1745,1817,1725
41447,"Velas, Christopher J",non-elite,1568,3138,4721,6333,7950,9656,11447,13206,1570,1583,1612,1617,1706,1791,1759
41448,"Tamez, Roy P",non-elite,1570,3162,4787,6503,8228,9939,11702,13298,1592,1625,1716,1725,1711,1763,1596
41449,"Lloyd, Angela",non-elite,1530,3060,4606,6170,7781,9526,11442,13215,1530,1546,1564,1611,1745,1916,1773
41450,"Brengman, Pat",non-elite,1573,3152,4740,6400,8003,9703,11418,13196,1579,1588,1660,1603,1700,1715,1778
41451,"Cowell, Jenny L",non-elite,1608,3214,4808,6408,8018,9717,11477,13222,1606,1594,1600,1610,1699,1760,1745
41452,"O'Brien, Peggy",non-elite,1371,2791,4287,5929,7636,9484,11360,13176,1420,1496,1642,1707,1848,1876,1816
41453,"Cullen, Joseph J",non-elite,1519,3077,4652,6254,7844,9559,11387,13186,1558,1575,1602,1590,1715,1828,1799
41454,"Jackson, Jami",non-elite,1489,3059,4611,6219,7877,9594,11391,13175,1570,1552,1608,1658,1717,1797,1784
41455,"Tsoucas, Daphne",non-elite,1444,2892,4414,6035,7752,9803,11548,13283,1448,1522,1621,1717,2051,1745,1735
41456,"Goldberg, Margaret",non-elite,1568,3182,4798,6442,8092,9812,11559,13227,1614,1616,1644,1650,1720,1747,1668
41457,"Heslop, Claire L.",non-elite,1379,2935,4581,6282,7996,9765,11555,13259,1556,1646,1701,1714,1769,1790,1704
41459,"Mccamley, Gloria E.",non-elite,1607,3213,4825,6460,8081,9756,11478,13215,1606,1612,1635,1621,1675,1722,1737
41460,"Arciero, Rose",non-elite,1636,3285,4942,6610,8238,9906,11593,13237,1649,1657,1668,1628,1668,1687,1644
41461,"Worst, Taryn M",non-elite,1549,3105,4659,6234,7873,9624,11475,13215,1556,1554,1575,1639,1751,1851,1740
41462,"Hodgetts, Michael W",non-elite,1345,2709,4100,5541,7194,9214,11188,13177,1364,1391,1441,1653,2020,1974,1989
41463,"Aldrovandi, Ettore",non-elite,1486,3001,4572,6188,7821,9532,11434,13202,1515,1571,1616,1633,1711,1902,1768
41465,"Wang, Tzu-Yun",non-elite,1498,2982,4548,6168,7805,9549,11358,13201,1484,1566,1620,1637,1744,1809,1843
41466,"Padilla, Barry C.",non-elite,1421,2858,4331,5859,7416,9158,11150,13181,1437,1473,1528,1557,1742,1992,2031
41467,"Bergler, Sonia D",non-elite,1518,3076,4663,6289,7932,9686,11576,13276,1558,1587,1626,1643,1754,1890,1700
41468,"Goodnow, Samantha",non-elite,1447,2892,4406,5977,7563,9433,11375,13211,1445,1514,1571,1586,1870,1942,1836
41469,"Nordling, Carrie L",non-elite,1471,2962,4489,6062,7697,9450,11280,13149,1491,1527,1573,1635,1753,1830,1869
41470,"Dasso, Nancy A.",non-elite,1543,3088,4636,6204,7807,9512,11321,13194,1545,1548,1568,1603,1705,1809,1873
41471,"Kalmar, Kimberly A",non-elite,1526,3095,4689,6354,8047,9781,11549,13240,1569,1594,1665,1693,1734,1768,1691
41472,"Padilha, Afonso G Sr.",non-elite,1493,3064,4654,6299,7979,9713,11515,13244,1571,1590,1645,1680,1734,1802,1729
41473,"Sierakowski, Sandra",non-elite,1453,2946,4500,6214,7928,9774,11714,13341,1493,1554,1714,1714,1846,1940,1627
41474,"Nenadov, Jessica E.",non-elite,1542,3129,4767,6422,8128,9869,11581,13278,1587,1638,1655,1706,1741,1712,1697
41475,"Chebabe, Carlos Eduardo",non-elite,1555,3103,4635,6168,7802,9529,11377,13180,1548,1532,1533,1634,1727,1848,1803
41476,"Van Cleve, Jenna",non-elite,1453,2948,4464,6037,7638,9425,11340,13229,1495,1516,1573,1601,1787,1915,1889
41477,"Davis, Elizabeth",non-elite,1531,3075,4616,6226,7935,9660,11449,13263,1544,1541,1610,1709,1725,1789,1814
41478,"Couto, Bethany R",non-elite,1552,3093,4682,6305,7970,9707,11507,13255,1541,1589,1623,1665,1737,1800,1748
41479,"Meyer, Roberta",non-elite,1464,2977,4546,6189,7873,9649,11522,13295,1513,1569,1643,1684,1776,1873,1773
41480,"Chavez, Chris J.",non-elite,1605,3201,4787,6386,8002,9679,11368,13163,1596,1586,1599,1616,1677,1689,1795
41481,"Skrocki, Lindsey N.",non-elite,1552,3054,4549,6050,7554,9184,11420,13224,1502,1495,1501,1504,1630,2236,1804
41482,"Crews, Stephanie L",non-elite,1473,2923,4374,5836,7323,9012,11018,13181,1450,1451,1462,1487,1689,2006,2163
41483,"Lenke, Madeleine",non-elite,1653,3325,4902,6507,8106,9753,11466,13222,1672,1577,1605,1599,1647,1713,1756
41484,"Revels, Shannon M",non-elite,1417,2827,4272,5860,7522,9319,11275,13208,1410,1445,1588,1662,1797,1956,1933
41485,"Goodson, Megan",non-elite,1554,3077,4631,6209,7816,9524,11424,13211,1523,1554,1578,1607,1708,1900,1787
41486,"Faria, Mary F",non-elite,1587,3175,4752,6352,7961,9659,11457,13245,1588,1577,1600,1609,1698,1798,1788
41487,"Chabot, Marc",non-elite,1497,2984,4488,6013,7558,9155,10894,13022,1487,1504,1525,1545,1597,1739,2128
41488,"Sonnanstine, Amy",non-elite,1562,3138,4712,6315,7955,9765,11558,13301,1576,1574,1603,1640,1810,1793,1743
41489,"Marek, Dave",non-elite,1565,3120,4670,6244,7803,9413,11247,13125,1555,1550,1574,1559,1610,1834,1878
41490,"Chang, Jennifer",non-elite,1466,2968,4514,6090,7692,9429,11271,13142,1502,1546,1576,1602,1737,1842,1871
41491,"Prestwich, Jerianne",non-elite,1538,3058,4655,6369,8022,9766,11527,13213,1520,1597,1714,1653,1744,1761,1686
41492,"Roberts, Damie",non-elite,1627,3266,4914,6618,8202,9845,11552,13244,1639,1648,1704,1584,1643,1707,1692
41493,"MacDonald, Gordon B.",non-elite,1567,3076,4617,6246,7871,9615,11435,13199,1509,1541,1629,1625,1744,1820,1764
41494,"Painter, David C",non-elite,1538,3081,4627,6201,7783,9483,11377,13220,1543,1546,1574,1582,1700,1894,1843
41495,"Seibert, Monique",non-elite,1496,3015,4597,6214,7849,9582,11375,13176,1519,1582,1617,1635,1733,1793,1801
41496,"Doucet, Lorraine",non-elite,1488,2960,4491,6040,7664,9367,11294,13138,1472,1531,1549,1624,1703,1927,1844
41497,"Chin, Michelle",non-elite,1554,3076,4622,6152,7730,9387,11231,13144,1522,1546,1530,1578,1657,1844,1913
41498,"Neumann, Björn",non-elite,1574,3189,4800,6456,8206,9886,11586,13231,1615,1611,1656,1750,1680,1700,1645
41499,"Lebowitz, Benjamin",non-elite,1512,3013,4542,6094,7672,9436,11272,13149,1501,1529,1552,1578,1764,1836,1877
41500,"Dahler, Jennifer B.",non-elite,1434,2899,4430,6070,7774,9557,11390,13226,1465,1531,1640,1704,1783,1833,1836
41501,"Perez, Tammy",non-elite,1559,3140,4745,6438,8138,9897,11710,13328,1581,1605,1693,1700,1759,1813,1618
41502,"Leger, Kristin L",non-elite,1554,3117,4802,6442,8093,9787,11548,13161,1563,1685,1640,1651,1694,1761,1613
41503,"Chavez, Linda A",non-elite,1519,3040,4572,6134,7711,9390,11190,13107,1521,1532,1562,1577,1679,1800,1917
41504,"Finnegan, Edward",non-elite,1484,2952,4502,6147,7848,9692,11569,13286,1468,1550,1645,1701,1844,1877,1717
41505,"Shuler, Tamara L",non-elite,1524,3118,4782,6466,8129,9836,11547,13242,1594,1664,1684,1663,1707,1711,1695
41506,"Beinhauer, Malte",non-elite,1555,3173,4809,6418,8019,9735,11515,13217,1618,1636,1609,1601,1716,1780,1702
41507,"Johnston, Anthony",non-elite,1436,2879,4329,5798,7400,9307,11314,13165,1443,1450,1469,1602,1907,2007,1851
41508,"Simons, Laura W",non-elite,1600,3243,4875,6516,8173,9865,11584,13280,1643,1632,1641,1657,1692,1719,1696
41509,"Fortier, Helene",non-elite,1615,3219,4806,6424,8039,9763,11570,13277,1604,1587,1618,1615,1724,1807,1707
41510,"Seitzinger, Troy O",non-elite,1421,2909,4440,6058,7677,9382,11253,13173,1488,1531,1618,1619,1705,1871,1920
41511,"Taylor, Amy",non-elite,1596,3191,4809,6434,8066,9782,11530,13248,1595,1618,1625,1632,1716,1748,1718
41512,"Lestina, Lisa",non-elite,1398,2794,4221,5786,7384,9070,11029,13044,1396,1427,1565,1598,1686,1959,2015
41513,"Clarke, Valerie",non-elite,1494,3016,4537,6100,7676,9301,11260,13183,1522,1521,1563,1576,1625,1959,1923
41514,"Fagnan, David E.",non-elite,1301,2610,3942,5375,7034,8950,10960,13069,1309,1332,1433,1659,1916,2010,2109
41515,"Hamilton, Robert",non-elite,1212,2447,3709,5084,6490,7958,9518,13341,1235,1262,1375,1406,1468,1560,3823
41516,"Murnan, John A",non-elite,1391,2809,4279,5816,7374,9133,11057,13104,1418,1470,1537,1558,1759,1924,2047
41517,"Shumaker, Jacey",non-elite,1569,3102,4755,6424,8077,9789,11557,13250,1533,1653,1669,1653,1712,1768,1693
41518,"Rabenold, Kathleen",non-elite,1586,3209,4864,6521,8177,9866,11588,13258,1623,1655,1657,1656,1689,1722,1670
41519,"Fell, Lindsey",non-elite,1565,3146,4727,6331,7951,9647,11444,13235,1581,1581,1604,1620,1696,1797,1791
41520,"Martindale, Eileen",non-elite,1516,3047,4659,6283,7960,9722,11533,13274,1531,1612,1624,1677,1762,1811,1741
41521,"Bosch, Scott A",non-elite,1332,2657,3986,5345,6769,8325,10271,13180,1325,1329,1359,1424,1556,1946,2909
41522,"Grieco, Melissa M.",non-elite,1655,3298,4909,6565,8244,9955,11656,13299,1643,1611,1656,1679,1711,1701,1643
41523,"Fitch, Sarah L",non-elite,1516,3055,4648,6283,7919,9678,11487,13205,1539,1593,1635,1636,1759,1809,1718
41524,"Kikuchi, Erika",non-elite,1451,2887,4438,6130,7814,9579,11480,13232,1436,1551,1692,1684,1765,1901,1752
41525,"Mclaren, Erin",non-elite,1519,3056,4624,6249,7912,9665,11475,13214,1537,1568,1625,1663,1753,1810,1739
41526,"Arne, Gary R.",non-elite,1527,3105,4697,6353,8062,9774,11577,13268,1578,1592,1656,1709,1712,1803,1691
41527,"Lawrance, Kelli-An G.",non-elite,1663,3327,4987,6659,8306,9952,11629,13274,1664,1660,1672,1647,1646,1677,1645
41528,"Rainer, Reid L",non-elite,1480,2938,4395,5902,7441,9124,11037,13093,1458,1457,1507,1539,1683,1913,2056
41529,"Jarvis, Michael B",non-elite,1391,2795,4236,5827,7559,9405,11327,13189,1404,1441,1591,1732,1846,1922,1862
41530,"Laitman, Robert",non-elite,1658,3203,4889,6636,8330,9957,11638,13280,1545,1686,1747,1694,1627,1681,1642
41531,"Dietzel, Staci K",non-elite,1506,3029,4595,6210,7842,9599,11426,13219,1523,1566,1615,1632,1757,1827,1793
41532,"Van Der Fluit, Peter M",non-elite,1481,2957,4465,6063,7699,9449,11337,13211,1476,1508,1598,1636,1750,1888,1874
41533,"Humphrey, Nicole V",non-elite,1464,2939,4468,6097,7772,9533,11484,13282,1475,1529,1629,1675,1761,1951,1798
41534,"Tucker, Brad J.",non-elite,1417,2878,4369,5936,7542,9297,11315,13179,1461,1491,1567,1606,1755,2018,1864
41535,"Shepherd, Allison P",non-elite,1494,2982,4481,6083,7635,9282,11047,13294,1488,1499,1602,1552,1647,1765,2247
41536,"Norris, Joy W",non-elite,1649,3290,4965,6624,8289,9990,11677,13312,1641,1675,1659,1665,1701,1687,1635
41537,"Foley, Allison R.",non-elite,1617,3232,4825,6410,8028,9728,11497,13254,1615,1593,1585,1618,1700,1769,1757
41538,"Sweeney, Edward",non-elite,1459,2924,4406,5914,7461,9122,11015,13081,1465,1482,1508,1547,1661,1893,2066
41539,"Arsenault, Mark R",non-elite,1681,3288,4873,6474,8149,9871,11726,13341,1607,1585,1601,1675,1722,1855,1615
41540,"Kratochvil, Miroslav",non-elite,1439,2921,4438,6042,7697,9480,11355,13183,1482,1517,1604,1655,1783,1875,1828
41541,"Khubyar-Ebert, Jessica",non-elite,1448,2931,4440,5992,7571,9305,11125,13174,1483,1509,1552,1579,1734,1820,2049
41542,"Reynolds, Renee M",non-elite,1542,3043,4568,6134,7734,9431,11304,13186,1501,1525,1566,1600,1697,1873,1882
41543,"Cobak, Dawn",non-elite,1680,3288,4873,6476,8149,9871,11726,13341,1608,1585,1603,1673,1722,1855,1615
41544,"Mcguire, Christopher",non-elite,1589,3230,4878,6507,8114,9776,11507,13229,1641,1648,1629,1607,1662,1731,1722
41545,"Rivera, Lisa N.",non-elite,1546,3078,4650,6261,7848,9574,11479,13264,1532,1572,1611,1587,1726,1905,1785
41546,"Howard, Gillian M",non-elite,1568,3159,4775,6410,8067,9790,11522,13254,1591,1616,1635,1657,1723,1732,1732
41547,"Milek, Jose",non-elite,1599,3146,4707,6303,7978,9753,11538,13260,1547,1561,1596,1675,1775,1785,1722
41548,"Davis, Brooke E.",non-elite,1533,3082,4657,6297,7966,9700,11510,13267,1549,1575,1640,1669,1734,1810,1757
41549,"Bartosh, Sophia",non-elite,1604,3223,4867,6531,8192,9890,11612,13276,1619,1644,1664,1661,1698,1722,1664
41550,"Suckow, Quincy",non-elite,1586,3162,4764,6404,8057,9776,11510,13267,1576,1602,1640,1653,1719,1734,1757
41551,"Dellandrea, Allison",non-elite,1476,2967,4478,6172,7815,9612,11551,13224,1491,1511,1694,1643,1797,1939,1673
41552,"Westgarth, Ralph W II",non-elite,1573,3164,4786,6425,8087,9815,11544,13279,1591,1622,1639,1662,1728,1729,1735
41553,"Savage, Angela",non-elite,1628,3249,4911,6561,8194,9861,11568,13278,1621,1662,1650,1633,1667,1707,1710
41554,"Murakami, Sugata",non-elite,1601,3205,4801,6396,7998,9693,11477,13227,1604,1596,1595,1602,1695,1784,1750
41555,"Coffinieres, Sophie",non-elite,1537,3076,4642,6235,7812,9524,11337,13191,1539,1566,1593,1577,1712,1813,1854
41556,"Triest-Hallahan, Pam",non-elite,1535,3123,4723,6376,8016,9728,11497,13237,1588,1600,1653,1640,1712,1769,1740
41557,"Lalley, Audra L.",non-elite,1627,3254,4862,6484,8124,9938,11679,13323,1627,1608,1622,1640,1814,1741,1644
41558,"Lucas, Joanna K.",non-elite,1585,3178,4778,6413,8049,9760,11545,13252,1593,1600,1635,1636,1711,1785,1707
41559,"Holyday, Wendy",non-elite,1546,3117,4709,6339,7981,9683,11439,13196,1571,1592,1630,1642,1702,1756,1757
41560,"Burton, Heidi",non-elite,1585,3190,4827,6487,8148,9884,11636,13299,1605,1637,1660,1661,1736,1752,1663
41561,"Guetter, Ron J",non-elite,1585,3151,4736,6317,7920,9653,11487,13196,1566,1585,1581,1603,1733,1834,1709
41562,"Rivers, Sean D.",non-elite,1365,2736,4176,5700,7291,8988,10885,13226,1371,1440,1524,1591,1697,1897,2341
41563,"Allyn, Matthew",non-elite,1640,3193,4722,6233,7783,9547,11395,13253,1553,1529,1511,1550,1764,1848,1858
41564,"Florio, Nicholas M",non-elite,1434,2897,4430,6038,7724,9518,11476,13243,1463,1533,1608,1686,1794,1958,1767
41565,"Heinrichs, Jane G.",non-elite,1666,3319,4949,6599,8278,9999,11704,13331,1653,1630,1650,1679,1721,1705,1627
41566,"Dardis, Kate A.",non-elite,1471,3024,4546,6128,7827,9482,11353,13225,1553,1522,1582,1699,1655,1871,1872
41567,"Sorensen, Kim",non-elite,1604,3191,4802,6448,8078,9806,11519,13252,1587,1611,1646,1630,1728,1713,1733
41568,"Boles, Sally A",non-elite,1514,3084,4708,6401,8097,9844,11608,13285,1570,1624,1693,1696,1747,1764,1677
41569,"Smith, Brittany",non-elite,1466,2960,4518,6173,7847,9599,11439,13238,1494,1558,1655,1674,1752,1840,1799
41570,"Hein, Jonathan P.",non-elite,1571,3163,4763,6400,8032,9714,11502,13238,1592,1600,1637,1632,1682,1788,1736
41571,"Werner, Cassidy",non-elite,1536,3082,4774,6415,8062,9782,11538,13285,1546,1692,1641,1647,1720,1756,1747
41572,"Lander, Esther G",non-elite,1661,3290,4913,6540,8180,9868,11595,13280,1629,1623,1627,1640,1688,1727,1685
41573,"Moore, Roger T",non-elite,1457,2943,4571,6247,7917,9663,11404,13166,1486,1628,1676,1670,1746,1741,1762
41574,"Brookes, Jaime Z.",non-elite,1555,3144,4793,6403,8041,9777,11633,13306,1589,1649,1610,1638,1736,1856,1673
41575,"Ohlson, Marc V",non-elite,1581,3159,4745,6388,7992,9707,11492,13256,1578,1586,1643,1604,1715,1785,1764
41576,"Papillon, Catherine",non-elite,1466,2983,4549,6181,7815,9717,11584,13260,1517,1566,1632,1634,1902,1867,1676
41577,"Papillon, Jacques",non-elite,1466,2983,4549,6182,7815,9717,11584,13260,1517,1566,1633,1633,1902,1867,1676
41578,"Blake, Lynn L.",non-elite,1560,3172,4817,6468,8102,9801,11540,13243,1612,1645,1651,1634,1699,1739,1703
41579,"Todd, Karen",non-elite,1421,2897,4439,6113,7982,9841,11623,13283,1476,1542,1674,1869,1859,1782,1660
41580,"Zhang, Hong",non-elite,1484,2995,4586,6208,7872,9613,11431,13212,1511,1591,1622,1664,1741,1818,1781
41581,"Voigtman, Patrick E",non-elite,1538,3099,4668,6298,7888,9550,11294,13098,1561,1569,1630,1590,1662,1744,1804
41582,"Maccario, Taylor L.",non-elite,1653,3256,4866,6492,8127,9821,11556,13259,1603,1610,1626,1635,1694,1735,1703
41583,"Paganella, Mauro",non-elite,1500,2998,4531,6134,7676,9339,11185,13124,1498,1533,1603,1542,1663,1846,1939
41584,"Lupinacci, Melissa A.",non-elite,1547,3073,4682,6350,8009,9813,11619,13278,1526,1609,1668,1659,1804,1806,1659
41585,"Duca, Matthew A.",non-elite,1654,3257,4866,6491,8128,9821,11557,13260,1603,1609,1625,1637,1693,1736,1703
41586,"Iwata, Nahoko",non-elite,1588,3140,4708,6323,7971,9742,11517,13286,1552,1568,1615,1648,1771,1775,1769
41587,"Ashmann, Karie A",non-elite,1551,3135,4723,6343,8042,9699,11589,13280,1584,1588,1620,1699,1657,1890,1691
41588,"Ayuba, Keiko",non-elite,1655,3306,4952,6600,8227,9896,11604,13261,1651,1646,1648,1627,1669,1708,1657
41589,"Morton, Pamela",non-elite,1689,3347,5015,6695,8340,10005,11678,13313,1658,1668,1680,1645,1665,1673,1635
41590,"Hyams, Robert A",non-elite,1376,2771,4230,5877,7585,9440,11543,13286,1395,1459,1647,1708,1855,2103,1743
41591,"Byanna, Nikhil",non-elite,1319,2614,3906,5253,6683,8181,9997,12873,1295,1292,1347,1430,1498,1816,2876
41592,"Owen-Mccollum, Susan E",non-elite,1578,3149,4749,6383,8035,9789,11576,13314,1571,1600,1634,1652,1754,1787,1738
41593,"Lundin, Scott C.",non-elite,1358,2790,4278,5844,7401,9108,11530,13258,1432,1488,1566,1557,1707,2422,1728
41594,"Andersson, Leif",non-elite,1525,3073,4655,6331,8021,9793,11563,13284,1548,1582,1676,1690,1772,1770,1721
41595,"Fitzpatrick, Heather",non-elite,1652,3297,4936,6577,8223,9914,11640,13283,1645,1639,1641,1646,1691,1726,1643
41596,"Austin, Jeff J",non-elite,1471,2957,4447,6018,7586,9312,11218,13085,1486,1490,1571,1568,1726,1906,1867
41597,"Keller, Jennifer",non-elite,1507,3084,4745,6432,8117,9891,11687,13357,1577,1661,1687,1685,1774,1796,1670
41598,"Landon, John P",non-elite,1408,2871,4396,6137,7816,9649,11575,13316,1463,1525,1741,1679,1833,1926,1741
41599,"Poppen, Susan",non-elite,1585,3187,4802,6455,8096,9795,11550,13273,1602,1615,1653,1641,1699,1755,1723
41600,"Bauchan, Mickey",non-elite,1375,2786,4306,5933,7619,9348,11303,13198,1411,1520,1627,1686,1729,1955,1895
41601,"Falk, Thomas M",non-elite,1384,2780,4254,5933,7703,9546,11462,13294,1396,1474,1679,1770,1843,1916,1832
41602,"Adams, Pamela S",non-elite,1473,2924,4378,5898,7441,9090,11098,13170,1451,1454,1520,1543,1649,2008,2072
41603,"Gunn, Sayer",non-elite,1532,3089,4659,6252,7846,9515,11388,13185,1557,1570,1593,1594,1669,1873,1797
41604,"Gill, Kristen R",non-elite,1618,3231,4845,6496,8150,9805,11527,13250,1613,1614,1651,1654,1655,1722,1723
41605,"Kasamoto, Michael K.",non-elite,1646,3273,4890,6518,8131,9772,11466,13232,1627,1617,1628,1613,1641,1694,1766
41606,"Rounds, Amanda",non-elite,1521,3029,4522,6061,7654,9511,11393,13229,1508,1493,1539,1593,1857,1882,1836
41607,"Normand, Anne N.",non-elite,1488,2995,4544,6111,7723,9541,11476,13242,1507,1549,1567,1612,1818,1935,1766
41608,"Eisenhauer, Thomas L.",non-elite,1633,3181,4701,6218,7849,9529,11359,13222,1548,1520,1517,1631,1680,1830,1863
41609,"Harper, Courtney",non-elite,1609,3156,4722,6355,8016,9753,11535,13252,1547,1566,1633,1661,1737,1782,1717
41610,"Larose, Jean",non-elite,1620,3234,4859,6492,8093,9784,11539,13231,1614,1625,1633,1601,1691,1755,1692
41611,"Nelson, Fawn",non-elite,1602,3209,4822,6443,8090,9788,11549,13270,1607,1613,1621,1647,1698,1761,1721
41612,"Goldsmith, Emily E",non-elite,1467,2935,4413,5925,7480,9178,11188,13225,1468,1478,1512,1555,1698,2010,2037
41613,"Rueegger, Andrea",non-elite,1628,3248,4860,6482,8110,9792,11529,13247,1620,1612,1622,1628,1682,1737,1718
41614,"Sato, Osamu",non-elite,1422,2875,4352,5886,7471,9142,11026,13071,1453,1477,1534,1585,1671,1884,2045
41615,"Huebner, Stacey L.",non-elite,1541,3064,4590,6111,7700,9497,11356,13193,1523,1526,1521,1589,1797,1859,1837
41616,"Sykes, Nicholas J",non-elite,1406,2868,4442,6095,7851,9674,11541,13277,1462,1574,1653,1756,1823,1867,1736
41617,"Bowman, Stacey",non-elite,1569,3148,4763,6403,8057,9759,11523,13255,1579,1615,1640,1654,1702,1764,1732
41618,"Tiscareno, Martha",non-elite,1586,3159,4739,6337,7953,9670,11501,13249,1573,1580,1598,1616,1717,1831,1748
41619,"Poerner, Martin F.",non-elite,1545,3115,4766,6363,8056,9726,11556,13267,1570,1651,1597,1693,1670,1830,1711
41620,"Hanright, Jillian",non-elite,1539,3121,4735,6398,8130,9946,11751,13352,1582,1614,1663,1732,1816,1805,1601
41621,"Blanchard, Chris",non-elite,1321,2698,4198,5845,7534,9336,11258,13196,1377,1500,1647,1689,1802,1922,1938
41622,"Clifford, Oceanna E.",non-elite,1570,3117,4735,6330,7939,9619,11452,13247,1547,1618,1595,1609,1680,1833,1795
41623,"Teren, Rob",non-elite,1702,3374,5011,6662,8314,9981,11660,13323,1672,1637,1651,1652,1667,1679,1663
41624,"Sanborn, Hannah L",non-elite,1455,2940,4465,6139,7959,9774,11557,13319,1485,1525,1674,1820,1815,1783,1762
41625,"Turner, Brian C.",non-elite,1568,3170,4770,6399,8034,9745,11505,13255,1602,1600,1629,1635,1711,1760,1750
41626,"Byrne, David",non-elite,1487,2958,4455,6048,7706,9482,11298,13195,1471,1497,1593,1658,1776,1816,1897
41627,"Balsam, Jessica",non-elite,1502,3022,4587,6182,7794,9470,11277,13160,1520,1565,1595,1612,1676,1807,1883
41628,"Vest, Anna",non-elite,1469,2981,4565,6170,7809,9647,11560,13281,1512,1584,1605,1639,1838,1913,1721
41629,"Pannone, Cheryl",non-elite,1578,3176,4790,6435,8085,9774,11617,13285,1598,1614,1645,1650,1689,1843,1668
41630,"Demas, Rosanne",non-elite,1572,3169,4825,6462,8116,9796,11541,13272,1597,1656,1637,1654,1680,1745,1731
41631,"Gudzak, Robert P",non-elite,1434,2858,4377,5986,7629,9367,11205,13138,1424,1519,1609,1643,1738,1838,1933
41632,"Smith, Jeffrey S.",non-elite,1332,2743,4279,5837,7392,9100,11139,13119,1411,1536,1558,1555,1708,2039,1980
41633,"Brewer, Erin M",non-elite,1570,3150,4752,6387,8012,9731,11519,13252,1580,1602,1635,1625,1719,1788,1733
41634,"Gonzalez, Veronica M",non-elite,1572,3169,4825,6462,8116,9796,11541,13272,1597,1656,1637,1654,1680,1745,1731
41635,"Feldman, Rachel C",non-elite,1626,3287,4905,6549,8193,9892,11599,13272,1661,1618,1644,1644,1699,1707,1673
41636,"Chong, Junko Y",non-elite,1522,3011,4532,6086,7672,9358,11232,13235,1489,1521,1554,1586,1686,1874,2003
41637,"Smith, Brian S.",non-elite,1419,2895,4394,5940,7546,9331,11238,13170,1476,1499,1546,1606,1785,1907,1932
41638,"Vaillancourt, Brian R",non-elite,1389,2760,4157,5621,7134,8866,11030,13134,1371,1397,1464,1513,1732,2164,2104
41639,"Ayer, Scott D",non-elite,1444,2894,4368,5891,7458,9057,10942,13192,1450,1474,1523,1567,1599,1885,2250
41640,"Fulkerson, Dan",non-elite,1617,3203,4801,6418,8019,9703,11540,13265,1586,1598,1617,1601,1684,1837,1725
41641,"Cox, Kristine J.",non-elite,1634,3295,4960,6624,8298,9966,11755,13338,1661,1665,1664,1674,1668,1789,1583
41642,"Padar, Bart",non-elite,1362,2715,4127,5633,7204,8953,10988,13076,1353,1412,1506,1571,1749,2035,2088
41643,"Mechetti, Carlos A",non-elite,1398,2818,4197,5609,7018,8540,10711,13031,1420,1379,1412,1409,1522,2171,2320
41644,"Ramos Fernandez, Humberto",non-elite,1588,3131,4655,6220,7850,9592,11439,13282,1543,1524,1565,1630,1742,1847,1843
41645,"Troester, Kerry",non-elite,1572,3151,4751,6368,7982,9694,11504,13247,1579,1600,1617,1614,1712,1810,1743
41646,"Bianco, Laura J.",non-elite,1511,3088,4710,6354,7997,9713,11538,13269,1577,1622,1644,1643,1716,1825,1731
41647,"Krusell, Jay",non-elite,1464,2922,4368,5885,7501,9252,11137,13274,1458,1446,1517,1616,1751,1885,2137
41648,"Yoest, Janet A",non-elite,1610,3243,4896,6540,8182,9911,11650,13297,1633,1653,1644,1642,1729,1739,1647
41649,"Kresky-Griffin, Lisa A",non-elite,1440,2903,4428,6259,8106,9878,11664,13387,1463,1525,1831,1847,1772,1786,1723
41650,"Buccino, Joseph",non-elite,1609,3249,4851,6472,8091,9747,11563,13225,1640,1602,1621,1619,1656,1816,1662
41651,"Market-Sullivan, Heather",non-elite,1548,3096,4664,6271,7884,9569,11424,13269,1548,1568,1607,1613,1685,1855,1845
41652,"Drohan, Colleen E.",non-elite,1529,3028,4515,6045,7641,9392,11330,13200,1499,1487,1530,1596,1751,1938,1870
41653,"Nelson, Sharon M.",non-elite,1498,3048,4647,6307,7985,9695,11546,13267,1550,1599,1660,1678,1710,1851,1721
41654,"Anderson, Darren",non-elite,1537,3116,4699,6328,7981,9711,11485,13259,1579,1583,1629,1653,1730,1774,1774
41655,"Denton, Carrie M",non-elite,1522,3030,4591,6196,7874,9618,11445,13216,1508,1561,1605,1678,1744,1827,1771
41656,"Pitocco, Kristin",non-elite,1515,3060,4625,6277,7970,9729,11564,13322,1545,1565,1652,1693,1759,1835,1758
41657,"Hollingsworth, Whitney",non-elite,1543,3097,4694,6309,7950,9683,11482,13241,1554,1597,1615,1641,1733,1799,1759
41658,"Williams, Sara",non-elite,1616,3217,4818,6446,8155,9859,11600,13312,1601,1601,1628,1709,1704,1741,1712
41659,"Fisher, Katherine",non-elite,1577,3135,4703,6329,7994,9746,11539,13272,1558,1568,1626,1665,1752,1793,1733
41660,"Gibson, Jolynn M.",non-elite,1581,3189,4826,6484,8124,9835,11642,13300,1608,1637,1658,1640,1711,1807,1658
41661,"Paine, A. R.",non-elite,1333,2681,4372,5951,7719,9597,11379,13242,1348,1691,1579,1768,1878,1782,1863
41662,"Johnson, Andrew V",non-elite,1604,3221,4864,6518,8197,9875,11568,13239,1617,1643,1654,1679,1678,1693,1671
41663,"Smith, Joanne",non-elite,1543,3113,4739,6584,8232,9963,11721,13337,1570,1626,1845,1648,1731,1758,1616
41664,"Stader, Ute",non-elite,1533,3078,4635,6291,7937,9682,11492,13253,1545,1557,1656,1646,1745,1810,1761
41665,"Stewart, Chelsie R",non-elite,1541,3064,4661,6319,7978,9697,11511,13260,1523,1597,1658,1659,1719,1814,1749
41666,"Madigan, Mark M",non-elite,1379,2759,4233,5829,7509,9370,11322,13202,1380,1474,1596,1680,1861,1952,1880
41667,"Wible, Rachel A.",non-elite,1486,2955,4471,6090,7737,9519,11476,13266,1469,1516,1619,1647,1782,1957,1790
41668,"Shilling, Aimee",non-elite,1534,2998,4516,6108,8028,9717,11461,13204,1464,1518,1592,1920,1689,1744,1743
41669,"Barbaret, Claire M. V",non-elite,1484,3041,4644,6300,7973,9722,11515,13253,1557,1603,1656,1673,1749,1793,1738
41670,"Sohboff, David",non-elite,1580,3093,4642,6327,7950,9691,11497,13265,1513,1549,1685,1623,1741,1806,1768
41671,"Campbell, Stephen J",non-elite,1454,2923,4430,5984,7582,9348,11323,13231,1469,1507,1554,1598,1766,1975,1908
41672,"Thompson, Susan A.",non-elite,1352,2755,4210,5689,7261,9035,10937,13118,1403,1455,1479,1572,1774,1902,2181
41673,"Mcguire, Colleen",non-elite,1570,3163,4765,6405,8050,9752,11593,13273,1593,1602,1640,1645,1702,1841,1680
41674,"Barrantes, Alexander Sr.",non-elite,1377,2794,4315,5883,7447,9233,11156,13179,1417,1521,1568,1564,1786,1923,2023
41675,"Seaholm, Anna K.",non-elite,1557,3189,4782,6577,8195,9895,11645,13331,1632,1593,1795,1618,1700,1750,1686
41676,"Delgado, Haley I.",non-elite,1436,2904,4633,6301,8082,9764,11618,13358,1468,1729,1668,1781,1682,1854,1740
41677,"Daley, Brenda",non-elite,1529,3067,4623,6230,7879,9681,11543,13279,1538,1556,1607,1649,1802,1862,1736
41678,"Johnson, Emily B.",non-elite,1539,3063,4643,6300,8000,9780,11556,13287,1524,1580,1657,1700,1780,1776,1731
41679,"Verderame, Jyoti",non-elite,1541,3114,4741,6354,7962,9638,11437,13230,1573,1627,1613,1608,1676,1799,1793
41680,"Saims, Tina A",non-elite,1570,3138,4724,6352,7992,9719,11522,13297,1568,1586,1628,1640,1727,1803,1775
41681,"Denham, Alistair",non-elite,1509,3018,4561,6163,7772,9513,11341,13212,1509,1543,1602,1609,1741,1828,1871
41682,"Nielson, Katherine J",non-elite,1655,3324,4980,6633,8266,9911,11545,13250,1669,1656,1653,1633,1645,1634,1705
41683,"Williston, Ralph W",non-elite,1470,2937,4426,6005,7663,9496,11428,13269,1467,1489,1579,1658,1833,1932,1841
41684,"Fowler, Scott T.",non-elite,1510,3073,4664,6305,7948,9705,11534,13276,1563,1591,1641,1643,1757,1829,1742
41685,"Letourneau, Claude",non-elite,1591,3195,4814,6465,8097,9768,11482,13238,1604,1619,1651,1632,1671,1714,1756
41686,"Coles, Melissa A",non-elite,1581,3160,4758,6352,7913,9691,11482,13234,1579,1598,1594,1561,1778,1791,1752
41687,"Tonge, Jacob V",non-elite,1381,2765,4185,5940,7647,9485,11421,13237,1384,1420,1755,1707,1838,1936,1816
41688,"Carlisle, Jim",non-elite,1413,2840,4320,5850,7325,8954,10744,13278,1427,1480,1530,1475,1629,1790,2534
41689,"Arias, Jorge E.",non-elite,1514,3084,4690,6318,7980,9770,11529,13285,1570,1606,1628,1662,1790,1759,1756
41690,"Carson, Rob",non-elite,1440,2896,4396,6000,7728,9514,11418,13314,1456,1500,1604,1728,1786,1904,1896
41691,"Macdonald, Jill M",non-elite,1556,3134,4750,6435,8103,9835,11602,13284,1578,1616,1685,1668,1732,1767,1682
41692,"Yelton, Scott",non-elite,1653,3179,4707,6272,7834,9473,11282,13135,1526,1528,1565,1562,1639,1809,1853
41693,"Mcenroe, Douglas",non-elite,1440,2875,4337,5844,7418,9173,11231,13254,1435,1462,1507,1574,1755,2058,2023
41694,"Freemantle, James",non-elite,1472,2939,4406,5946,7510,9282,11251,13204,1467,1467,1540,1564,1772,1969,1953
41695,"Aoki-Salinas, Ikuko",non-elite,1562,3145,4693,6289,7901,9606,11372,13186,1583,1548,1596,1612,1705,1766,1814
41696,"Cassidy, Brittany E.",non-elite,1567,3136,4742,6363,8039,9756,11538,13266,1569,1606,1621,1676,1717,1782,1728
41697,"Rhine, Thomas K.",non-elite,1604,3197,4815,6446,8081,9874,11694,13373,1593,1618,1631,1635,1793,1820,1679
41698,"Hartje, Tammy L",non-elite,1526,3120,4799,6434,8151,9885,11624,13316,1594,1679,1635,1717,1734,1739,1692
41699,"Easterling, Ray J.",non-elite,1434,3006,4584,6453,8316,9975,11650,13306,1572,1578,1869,1863,1659,1675,1656
41700,"Franklin, Stacy",non-elite,1594,3173,4764,6386,8024,9718,11506,13263,1579,1591,1622,1638,1694,1788,1757
41701,"Haddad, Rita",non-elite,1594,3173,4764,6385,8024,9719,11505,13263,1579,1591,1621,1639,1695,1786,1758
41702,"Lawrence, Michael G.",non-elite,1524,3113,4741,6398,8055,9825,11551,13235,1589,1628,1657,1657,1770,1726,1684
41703,"Dobson, Derek",non-elite,1376,2749,4167,5655,7208,8946,10874,13139,1373,1418,1488,1553,1738,1928,2265
41704,"Albano, Bryan F.",non-elite,1566,3080,4615,6175,7744,9401,11194,13184,1514,1535,1560,1569,1657,1793,1990
41705,"Watson, Rand",non-elite,1526,3054,4604,6133,7713,9439,11311,13206,1528,1550,1529,1580,1726,1872,1895
41706,"Hession, Laura",non-elite,1550,3089,4626,6209,7865,9623,11483,13251,1539,1537,1583,1656,1758,1860,1768
41707,"Moschella, Krystina N.",non-elite,1662,3264,4868,6499,8117,9843,11605,13320,1602,1604,1631,1618,1726,1762,1715
41708,"Purow, Tammie",non-elite,1599,3222,4849,6494,8123,9826,11593,13320,1623,1627,1645,1629,1703,1767,1727
41709,"Jacob, Amanda R",non-elite,1412,2903,4438,6053,7717,9447,11271,13205,1491,1535,1615,1664,1730,1824,1934
41710,"Odell, Jennifer",non-elite,1583,3189,4833,6452,8117,9816,11618,13298,1606,1644,1619,1665,1699,1802,1680
41711,"Dedeo, Carrie-Anne",non-elite,1510,3075,4709,6371,8030,9742,11552,13273,1565,1634,1662,1659,1712,1810,1721
41712,"Kallback, Tammy R",non-elite,1646,3331,5021,6658,8349,9990,11692,13349,1685,1690,1637,1691,1641,1702,1657
41713,"Koch, Shelley A",non-elite,1458,2926,4502,6153,7790,9645,11431,13257,1468,1576,1651,1637,1855,1786,1826
41714,"Fahrmann, Rikki J",non-elite,1631,3333,4961,6556,8133,9831,11558,13299,1702,1628,1595,1577,1698,1727,1741
41715,"Dionne, Irene",non-elite,1603,3241,4849,6454,8094,9833,11623,13320,1638,1608,1605,1640,1739,1790,1697
41716,"Casey, Melissa K.",non-elite,1646,3332,5021,6658,8350,9990,11692,13350,1686,1689,1637,1692,1640,1702,1658
41717,"Meacham, Randy P.",non-elite,1531,3088,4659,6283,7923,9631,11406,13233,1557,1571,1624,1640,1708,1775,1827
41718,"Van Strien, Maarten J.",non-elite,1465,2941,4437,6060,7598,9270,11228,13230,1476,1496,1623,1538,1672,1958,2002
41719,"Milord, Francois",non-elite,1383,2825,4399,6019,7532,9341,11366,13294,1442,1574,1620,1513,1809,2025,1928
41720,"Green, Gearin",non-elite,1593,3105,4658,6267,7914,9643,11456,13266,1512,1553,1609,1647,1729,1813,1810
41721,"Feliciano, Rose V",non-elite,1493,3092,4685,6328,7929,9614,11392,13224,1599,1593,1643,1601,1685,1778,1832
41722,"Campano, Susan F",non-elite,1525,3129,4770,6437,8110,9842,11602,13304,1604,1641,1667,1673,1732,1760,1702
41723,"Aviles, Kelley A",non-elite,1568,3135,4771,6408,8089,9840,11568,13283,1567,1636,1637,1681,1751,1728,1715
41724,"Caruso, Roger",non-elite,1546,3109,4682,6272,7844,9466,11199,13144,1563,1573,1590,1572,1622,1733,1945
41725,"Frederickson, Will",non-elite,1419,2857,4307,5862,7380,9203,11087,13139,1438,1450,1555,1518,1823,1884,2052
41726,"Wilderotter, Lindsey",non-elite,1463,2951,4504,6073,7733,9459,11251,13227,1488,1553,1569,1660,1726,1792,1976
41727,"Boys, David A II",non-elite,1475,2996,4505,6096,7694,9353,11111,13148,1521,1509,1591,1598,1659,1758,2037
41728,"Werner, Emily B",non-elite,1625,3256,4891,6524,8158,9880,11611,13301,1631,1635,1633,1634,1722,1731,1690
41729,"Dixon, Anna",non-elite,1593,3178,4800,6510,8156,9837,11563,13260,1585,1622,1710,1646,1681,1726,1697
41730,"Dow, Philip C.",non-elite,1596,3123,4657,6218,7830,9564,11387,13225,1527,1534,1561,1612,1734,1823,1838
41731,"Hilles, Diza M",non-elite,1581,3209,4826,6460,8106,9799,11554,13311,1628,1617,1634,1646,1693,1755,1757
41732,"Nowak, Krystle A.",non-elite,1700,3342,4996,6651,8396,10057,11690,13318,1642,1654,1655,1745,1661,1633,1628
41733,"Rosenberger, Tina-Marie",non-elite,1425,2927,4513,6189,7858,9618,11509,13294,1502,1586,1676,1669,1760,1891,1785
41734,"Feder, Cheryl",non-elite,1655,3294,4932,6571,8214,9906,11628,13303,1639,1638,1639,1643,1692,1722,1675
41735,"Rice, Jeannie",non-elite,1447,2962,4533,6147,7760,9499,11391,13220,1515,1571,1614,1613,1739,1892,1829
41736,"Moore, Macey R",non-elite,1614,3215,4802,6407,8144,9858,11583,13306,1601,1587,1605,1737,1714,1725,1723
41737,"Kim, Hyon S.",non-elite,1581,3159,4755,6392,8068,9829,11597,13266,1578,1596,1637,1676,1761,1768,1669
41738,"Nicholls, Brittany A",non-elite,1614,3215,4802,6408,8144,9858,11583,13306,1601,1587,1606,1736,1714,1725,1723
41739,"Sheely, Jennifer",non-elite,1466,2989,4544,6163,7815,9678,11514,13279,1523,1555,1619,1652,1863,1836,1765
41740,"Dyer, Stephanie M",non-elite,1555,3132,4724,6373,8028,9773,11590,13316,1577,1592,1649,1655,1745,1817,1726
41741,"Lawrence-Gomez, Rebeka",non-elite,1661,3269,4878,6492,8112,9808,11541,13285,1608,1609,1614,1620,1696,1733,1744
41742,"Schneider, Sharon A",non-elite,1561,3130,4728,6380,8043,9796,11607,13282,1569,1598,1652,1663,1753,1811,1675
41743,"Clark, Katelyn",non-elite,1518,3019,4521,6088,7747,9556,11429,13262,1501,1502,1567,1659,1809,1873,1833
41744,"West, Lucinda",non-elite,1515,3089,4713,6329,8085,9785,11529,13274,1574,1624,1616,1756,1700,1744,1745
41745,"Brown, Gerald",non-elite,1648,3281,4973,6666,8332,10002,11682,13307,1633,1692,1693,1666,1670,1680,1625
41746,"Baehman, Susan M.",non-elite,1638,3262,4890,6525,8134,9822,11575,13296,1624,1628,1635,1609,1688,1753,1721
41747,"Winger, Alisha",non-elite,1505,3036,4622,6230,7866,9725,11493,13289,1531,1586,1608,1636,1859,1768,1796
41748,"Dahlgren, Lauren E",non-elite,1716,3425,5115,6795,8434,10106,11762,13370,1709,1690,1680,1639,1672,1656,1608
41749,"Hodges, Sheila A",non-elite,1536,3105,4694,6307,7971,9751,11567,13279,1569,1589,1613,1664,1780,1816,1712
41750,"Laney, Erin L",non-elite,1548,3099,4663,6273,7913,9689,11492,13316,1551,1564,1610,1640,1776,1803,1824
41751,"Cronin, Christopher P",non-elite,1443,2903,4390,6151,7820,9562,11399,13258,1460,1487,1761,1669,1742,1837,1859
41752,"Webster, Caroline",non-elite,1396,2837,4317,5897,7520,9371,11295,13211,1441,1480,1580,1623,1851,1924,1916
41753,"Bass, Ramon N",non-elite,1261,2576,4214,5902,7625,9465,11483,13307,1315,1638,1688,1723,1840,2018,1824
41754,"Feeney, Nancy",non-elite,1485,2989,4561,6178,7858,9638,11468,13253,1504,1572,1617,1680,1780,1830,1785
41755,"Wilson, Chris L.",non-elite,1636,3274,4995,6671,8343,10055,11738,13343,1638,1721,1676,1672,1712,1683,1605
41756,"Sha, Di",non-elite,1460,2920,4514,6270,7963,9875,11702,13373,1460,1594,1756,1693,1912,1827,1671
41757,"Raiff, Catherine",non-elite,1580,3187,4832,6469,8123,9818,11554,13273,1607,1645,1637,1654,1695,1736,1719
41758,"Tucker, Brittney N",non-elite,1433,2897,4423,6133,7874,9756,11561,13318,1464,1526,1710,1741,1882,1805,1757
41759,"Banet, Nate",non-elite,1215,2453,3706,5038,6697,8820,11012,13135,1238,1253,1332,1659,2123,2192,2123
41760,"Paurus, Robin",non-elite,1616,3257,4894,6554,8198,9884,11614,13304,1641,1637,1660,1644,1686,1730,1690
41761,"Kozielski, Gary",non-elite,1575,3183,4779,6422,8057,9730,11460,13267,1608,1596,1643,1635,1673,1730,1807
41762,"Marks, Brian D",non-elite,1373,2750,4162,5651,7342,9102,11114,13198,1377,1412,1489,1691,1760,2012,2084
41763,"Clemmer, Steve",non-elite,1609,3235,4839,6472,8103,9834,11637,13340,1626,1604,1633,1631,1731,1803,1703
41764,"Braun, George H",non-elite,1564,3131,4720,6355,8010,9757,11535,13318,1567,1589,1635,1655,1747,1778,1783
41765,"Melbourne, John H",non-elite,1501,2966,4431,5901,7397,9017,11001,13021,1465,1465,1470,1496,1620,1984,2020
41766,"Raeber, Heinz J.",non-elite,1462,2936,4455,6035,7647,9415,11324,13287,1474,1519,1580,1612,1768,1909,1963
41767,"Pearce, Cathy",non-elite,1535,3143,4796,6468,8139,9840,11585,13319,1608,1653,1672,1671,1701,1745,1734
41768,"Mitchell, Roger",non-elite,1645,3328,5047,6704,8367,9982,11685,13314,1683,1719,1657,1663,1615,1703,1629
41769,"Landry, Diane",non-elite,1610,3218,4833,6571,8220,9897,11643,13311,1608,1615,1738,1649,1677,1746,1668
41770,"Rak, Pavol",non-elite,1650,3187,4744,6338,7976,9711,11498,13276,1537,1557,1594,1638,1735,1787,1778
41771,"Deberry, Herb",non-elite,1574,3127,4725,6356,7999,9758,11560,13274,1553,1598,1631,1643,1759,1802,1714
41772,"Trummel, Kipp K",non-elite,1598,3171,4743,6351,7953,9612,11445,13244,1573,1572,1608,1602,1659,1833,1799
41773,"Smart, Miranda E",non-elite,1504,3041,4600,6225,7858,9658,11510,13274,1537,1559,1625,1633,1800,1852,1764
41774,"Richards, Jeannette",non-elite,1491,3053,4675,6437,8209,9959,11732,13357,1562,1622,1762,1772,1750,1773,1625
41775,"Lueders, Steven D",non-elite,1449,2854,4307,5764,7353,9123,11330,13256,1405,1453,1457,1589,1770,2207,1926
41776,"Laltoo, Hans H",non-elite,1437,2914,4416,6001,7611,9402,11268,13291,1477,1502,1585,1610,1791,1866,2023
41777,"Wood, Rebecca D",non-elite,1522,3053,4646,6291,7931,9698,11546,13302,1531,1593,1645,1640,1767,1848,1756
41778,"Mendoza, Michael",non-elite,1374,2702,4069,5490,7092,8812,11246,13262,1328,1367,1421,1602,1720,2434,2016
41779,"Wamhoff, Theresa",non-elite,1648,3278,4917,6558,8218,9920,11621,13299,1630,1639,1641,1660,1702,1701,1678
41780,"Lane, Emily",non-elite,1547,3106,4694,6332,8011,9769,11525,13301,1559,1588,1638,1679,1758,1756,1776
41781,"Hasencamp, Bill",non-elite,1425,2858,4297,5811,7348,9010,10914,13132,1433,1439,1514,1537,1662,1904,2218
41782,"Mueller, Alexander Augustin",non-elite,1605,3082,4587,6137,7777,9569,11464,13268,1477,1505,1550,1640,1792,1895,1804
41783,"Ryle, Jack",non-elite,1420,2854,4291,5756,7351,9392,11292,13366,1434,1437,1465,1595,2041,1900,2074
41784,"Davidson, Kelly M",non-elite,1476,2950,4479,6065,7671,9382,11203,13191,1474,1529,1586,1606,1711,1821,1988
41785,"Gasper, Caroline M.",non-elite,1590,3176,4773,6390,8025,9747,11543,13283,1586,1597,1617,1635,1722,1796,1740
41786,"Weeks, Kirsten",non-elite,1485,2979,4486,6011,7621,9386,11305,13247,1494,1507,1525,1610,1765,1919,1942
41787,"Leal, Juana",non-elite,1534,3059,4634,6263,7953,9729,11557,13298,1525,1575,1629,1690,1776,1828,1741
41788,"Andretta, Antonio",non-elite,1585,3160,4759,6381,8016,9745,11562,13365,1575,1599,1622,1635,1729,1817,1803
41789,"Young, Melissa",non-elite,1550,3095,4661,6259,7858,9545,11323,13142,1545,1566,1598,1599,1687,1778,1819
41790,"Sepulveda, Judith",non-elite,1562,3146,4735,6411,8083,9837,11603,13298,1584,1589,1676,1672,1754,1766,1695
41791,"Benros, John E.",non-elite,1595,3190,4779,6373,7972,9646,11388,13184,1595,1589,1594,1599,1674,1742,1796
41792,"Gregg, Jeff",non-elite,1337,2744,4210,5791,7450,9281,11218,13227,1407,1466,1581,1659,1831,1937,2009
41793,"Wilkinson, Alan",non-elite,1511,3028,4561,6126,7731,9495,11358,13274,1517,1533,1565,1605,1764,1863,1916
41794,"Jackson, Melissa L.",non-elite,1567,3153,4751,6382,7985,9632,11419,13180,1586,1598,1631,1603,1647,1787,1761
41795,"Dennis, Laura J",non-elite,1578,3187,4785,6410,8039,9731,11441,13228,1609,1598,1625,1629,1692,1710,1787
41796,"Earley, Gregory D.",non-elite,1529,3019,4533,6112,7685,9385,11327,13213,1490,1514,1579,1573,1700,1942,1886
41797,"Schmiech, Edward",non-elite,1465,2931,4424,5909,7406,9033,10847,13070,1466,1493,1485,1497,1627,1814,2223
41798,"Waltrip, Robert",non-elite,1476,2973,4488,6041,7633,9337,11155,13131,1497,1515,1553,1592,1704,1818,1976
41799,"Ellis, Dave",non-elite,1433,2948,4499,6097,7711,9448,11245,13202,1515,1551,1598,1614,1737,1797,1957
41800,"Sullivan, Don",non-elite,1334,2677,4057,5551,7331,9163,11212,13171,1343,1380,1494,1780,1832,2049,1959
41801,"Wallace, Jeanette D",non-elite,1529,3070,4634,6291,7976,9755,11537,13298,1541,1564,1657,1685,1779,1782,1761
41802,"Macmillan, John A",non-elite,1413,2860,4314,5847,7476,9311,11359,13250,1447,1454,1533,1629,1835,2048,1891
41803,"Faulkner, Susan",non-elite,1588,3189,4797,6421,8053,9759,11632,13345,1601,1608,1624,1632,1706,1873,1713
41804,"Sakats, Mallory",non-elite,1559,3086,4603,6131,7707,9422,11395,13236,1527,1517,1528,1576,1715,1973,1841
41805,"McCorry, Brad P.",non-elite,1538,3086,4640,6266,7933,9684,11550,13345,1548,1554,1626,1667,1751,1866,1795
41806,"Harrap, Stephanie J.",non-elite,1549,3061,4577,6131,7774,9571,11476,13285,1512,1516,1554,1643,1797,1905,1809
41807,"Linardi, Maurizio",non-elite,1528,3031,4550,6098,7665,9476,11373,13251,1503,1519,1548,1567,1811,1897,1878
41808,"Mcguire, Devon M",non-elite,1549,3113,4684,6286,7890,9640,11476,13285,1564,1571,1602,1604,1750,1836,1809
41809,"Brown, Megan",non-elite,1549,3113,4684,6286,7890,9640,11475,13285,1564,1571,1602,1604,1750,1835,1810
41810,"Ewen, Brynn",non-elite,1514,3060,4618,6215,7862,9616,11451,13276,1546,1558,1597,1647,1754,1835,1825
41811,"Pieterse, Hans",non-elite,1583,3217,4920,6552,8182,9864,11556,13318,1634,1703,1632,1630,1682,1692,1762
41812,"Lilly, Laura",non-elite,1531,3050,4607,6214,7842,9565,11480,13300,1519,1557,1607,1628,1723,1915,1820
41813,"Tharp, Tommy H",non-elite,1552,3095,4649,6196,7735,9336,11140,13138,1543,1554,1547,1539,1601,1804,1998
41814,"Lockwood, Travis C",non-elite,1306,2760,4304,6010,7702,9500,11384,13267,1454,1544,1706,1692,1798,1884,1883
41815,"Schwieters-Wander, Caroline",non-elite,1551,3094,4637,6241,7840,9569,11363,13252,1543,1543,1604,1599,1729,1794,1889
41816,"Bingham, Scott D",non-elite,1407,2824,4282,5890,7601,9374,11344,13273,1417,1458,1608,1711,1773,1970,1929
41817,"Correa, Luciana G.",non-elite,1577,3158,4745,6347,7963,9677,11442,13246,1581,1587,1602,1616,1714,1765,1804
41818,"Dunyon, Jennifer",non-elite,1441,2995,4613,6249,7909,9719,11573,13313,1554,1618,1636,1660,1810,1854,1740
41819,"Kautz, Reva R",non-elite,1596,3233,4884,6523,8228,9994,11716,13372,1637,1651,1639,1705,1766,1722,1656
41820,"Campbell, Jamie",non-elite,1407,2824,4283,5890,7601,9375,11344,13273,1417,1459,1607,1711,1774,1969,1929
41821,"Garner, Kirsten M",non-elite,1520,3051,4637,6245,7880,9654,11508,13303,1531,1586,1608,1635,1774,1854,1795
41822,"Perry, Sylvia K",non-elite,1534,3093,4716,6339,7982,9724,11515,13330,1559,1623,1623,1643,1742,1791,1815
41823,"Kwong, Angela",non-elite,1554,3149,4772,6407,8087,9815,11592,13331,1595,1623,1635,1680,1728,1777,1739
41824,"Mikhail, Amy",non-elite,1571,3141,4696,6290,7900,9606,11439,13256,1570,1555,1594,1610,1706,1833,1817
41825,"Pepe, Paul A",non-elite,1328,2679,4109,5685,7284,9232,11149,13179,1351,1430,1576,1599,1948,1917,2030
41826,"Wood, Suzi",non-elite,1637,3282,4958,6654,8337,10057,11762,13419,1645,1676,1696,1683,1720,1705,1657
41827,"Giesler, David J",non-elite,1561,3204,4775,6365,7921,9574,11353,13230,1643,1571,1590,1556,1653,1779,1877
41828,"Peng, Jieh-Ping",non-elite,1529,3067,4646,6286,7910,9649,11497,13270,1538,1579,1640,1624,1739,1848,1773
41829,"Giesler, Karen R",non-elite,1561,3204,4775,6367,7923,9577,11354,13230,1643,1571,1592,1556,1654,1777,1876
41830,"Doman, Dolores K.",non-elite,1498,3001,4570,6257,7952,9712,11550,13314,1503,1569,1687,1695,1760,1838,1764
41831,"Horwitz, Jeffrey D",non-elite,1506,3115,4715,6320,7931,9541,11323,13199,1609,1600,1605,1611,1610,1782,1876
41832,"Sheesley, James P II",non-elite,1470,2942,4442,5994,7574,9278,11135,13239,1472,1500,1552,1580,1704,1857,2104
41833,"Goessling, Molly C.",non-elite,1455,2945,4497,6129,7800,9565,11435,13279,1490,1552,1632,1671,1765,1870,1844
41834,"Ellsworth, Edward M.",non-elite,1339,2678,4067,5607,7349,9307,11314,13298,1339,1389,1540,1742,1958,2007,1984
41835,"Robertson, Jessica L",non-elite,1533,3079,4690,6334,7965,9716,11477,13286,1546,1611,1644,1631,1751,1761,1809
41836,"Elam, April Xinxin",non-elite,1442,2944,4540,6183,7841,9659,11542,13297,1502,1596,1643,1658,1818,1883,1755
41837,"Witalec, Glenn",non-elite,1578,3168,4766,6384,7998,9687,11468,13261,1590,1598,1618,1614,1689,1781,1793
41838,"Barranti, Pete",non-elite,1556,3066,4683,6386,8116,9927,11625,13350,1510,1617,1703,1730,1811,1698,1725
41839,"Shereda, Gina",non-elite,1503,3061,4665,6303,7981,9740,11532,13287,1558,1604,1638,1678,1759,1792,1755
41840,"Han, Seung",non-elite,1534,3086,4663,6299,7980,9739,11536,13303,1552,1577,1636,1681,1759,1797,1767
41841,"Dragsbaek, Ann-Michele",non-elite,1586,3190,4788,6422,8077,9805,11559,13325,1604,1598,1634,1655,1728,1754,1766
41842,"Blesch, Chris",non-elite,1395,2828,4290,5833,7446,9181,11188,13248,1433,1462,1543,1613,1735,2007,2060
41843,"Holmes, Lindsay",non-elite,1547,3153,4783,6478,8146,9872,11644,13329,1606,1630,1695,1668,1726,1772,1685
41844,"Daniels, Tina T",non-elite,1609,3219,4879,6533,8223,9912,11663,13331,1610,1660,1654,1690,1689,1751,1668
41845,"Schiefer, Dene M.",non-elite,1609,3218,4880,6533,8223,9912,11663,13331,1609,1662,1653,1690,1689,1751,1668
41846,"Foil, Jennifer",non-elite,1520,3055,4681,6354,8097,9815,11614,13320,1535,1626,1673,1743,1718,1799,1706
41847,"Norris, Heather",non-elite,1453,2926,4414,5960,7596,9413,11509,13337,1473,1488,1546,1636,1817,2096,1828
41848,"Bermingham, Nessan",non-elite,1760,3379,4970,6584,8168,9770,11553,13291,1619,1591,1614,1584,1602,1783,1738
41849,"Green, Martin",non-elite,1379,2765,4184,5729,7353,9180,11166,13230,1386,1419,1545,1624,1827,1986,2064
41850,"Bryer, Julie",non-elite,1596,3180,4743,6359,7968,9700,11528,13299,1584,1563,1616,1609,1732,1828,1771
41851,"Camp, Allison",non-elite,1596,3180,4743,6359,7968,9699,11528,13299,1584,1563,1616,1609,1731,1829,1771
41852,"Becker, Kevin",non-elite,1422,2832,4281,5855,7472,9250,11223,13165,1410,1449,1574,1617,1778,1973,1942
41853,"Carbajal, Jaime",non-elite,1464,2959,4489,6240,7878,9584,11507,13286,1495,1530,1751,1638,1706,1923,1779
41854,"Cogdill, Ann M.",non-elite,1603,3217,4847,6492,8143,9866,11606,13313,1614,1630,1645,1651,1723,1740,1707
41855,"Hinken, Kraig A.",non-elite,1525,3102,4684,6290,7946,9712,11539,13307,1577,1582,1606,1656,1766,1827,1768
41856,"Tushla, Nicol",non-elite,1581,3169,4829,6528,8225,9977,11744,13391,1588,1660,1699,1697,1752,1767,1647
41857,"Tessaro, Maria Luisa",non-elite,1598,3165,4771,6394,8044,9805,11628,13315,1567,1606,1623,1650,1761,1823,1687
41858,"Viviano, Susan L",non-elite,1589,3181,4782,6435,8110,9840,11592,13334,1592,1601,1653,1675,1730,1752,1742
41859,"Rodriguez, Jesse A.",non-elite,1557,3107,4704,6425,8075,9834,11615,13327,1550,1597,1721,1650,1759,1781,1712
41860,"Taylor, Tom",non-elite,1479,2990,4485,6001,7557,9327,11294,13241,1511,1495,1516,1556,1770,1967,1947
41861,"McComisky, Craig",non-elite,1357,2720,4111,5619,7176,8818,10683,12886,1363,1391,1508,1557,1642,1865,2203
41862,"Ceniceros, Francisco Javier Sr.",non-elite,1495,2977,4506,6267,8041,9685,11429,13248,1482,1529,1761,1774,1644,1744,1819
41863,"Stanton, Courtney",non-elite,1392,2865,4548,6200,7852,9615,11469,13341,1473,1683,1652,1652,1763,1854,1872
41864,"Johnson, Reva E.",non-elite,1507,3090,4693,6323,7912,9547,11375,13262,1583,1603,1630,1589,1635,1828,1887
41865,"Neilson, Tara L.",non-elite,1548,3070,4626,6201,7824,9595,11392,13234,1522,1556,1575,1623,1771,1797,1842
41866,"Whitmore, Bernard M.",non-elite,1724,3422,5112,6798,8474,10191,11850,13421,1698,1690,1686,1676,1717,1659,1571
41867,"Beard, Eric G",non-elite,1396,2799,4270,5796,7361,9093,11199,13238,1403,1471,1526,1565,1732,2106,2039
41868,"Bradbury, Stan",non-elite,1604,3244,4891,6549,8196,9885,11610,13322,1640,1647,1658,1647,1689,1725,1712
41869,"Battino, Ben",non-elite,1445,2921,4409,5930,7441,9038,10855,13016,1476,1488,1521,1511,1597,1817,2161
41870,"Fine, Courtney",non-elite,1664,3272,4888,6508,8149,9826,11536,13302,1608,1616,1620,1641,1677,1710,1766
41871,"Wilhite, Benjamin M",non-elite,1471,2975,4503,6085,7652,9260,11338,13295,1504,1528,1582,1567,1608,2078,1957
41872,"Stehouwer, Elizabeth",non-elite,1509,3079,4715,6380,8060,9813,11606,13310,1570,1636,1665,1680,1753,1793,1704
41873,"Billings, Curt",non-elite,1440,2883,4335,5821,7348,8975,10856,13075,1443,1452,1486,1527,1627,1881,2219
41874,"Saad, Gabriel J.",non-elite,1540,3053,4548,6069,7605,9226,11090,13082,1513,1495,1521,1536,1621,1864,1992
41875,"Smyre, Jill R",non-elite,1540,3055,4611,6212,7894,9663,11474,13276,1515,1556,1601,1682,1769,1811,1802
41876,"O'Brien, Stephanie",non-elite,1593,3182,4743,6313,7924,9665,11516,13324,1589,1561,1570,1611,1741,1851,1808
41877,"Brown, Alison P.",non-elite,1600,3244,4960,6584,8232,9984,11704,13370,1644,1716,1624,1648,1752,1720,1666
41878,"Muti, Jeffrey",non-elite,1567,3138,4727,6375,8022,9761,11566,13306,1571,1589,1648,1647,1739,1805,1740
41879,"Verleyen, Mathieu",non-elite,1518,2897,4360,5914,7625,9781,11664,13300,1379,1463,1554,1711,2156,1883,1636
41880,"Dahl, Roger J.",non-elite,1551,3087,4625,6220,7817,9545,11343,13202,1536,1538,1595,1597,1728,1798,1859
41881,"Hall, Robert A",non-elite,1429,2888,4392,5963,7619,9388,11278,13208,1459,1504,1571,1656,1769,1890,1930
41882,"Mok, Kelly",non-elite,1567,3208,4844,6516,8127,9840,11631,13344,1641,1636,1672,1611,1713,1791,1713
41883,"White, Jill",non-elite,1567,3139,4728,6376,8022,9762,11568,13307,1572,1589,1648,1646,1740,1806,1739
41884,"Nieto, Rafael",non-elite,1358,2731,4156,5722,7570,9271,11158,13180,1373,1425,1566,1848,1701,1887,2022
41885,"Davis, Christine",non-elite,1489,2953,4413,5931,7464,9118,11055,13189,1464,1460,1518,1533,1654,1937,2134
41886,"Bischoff, Charlie",non-elite,1533,3019,4536,6088,7670,9430,11288,13257,1486,1517,1552,1582,1760,1858,1969
41887,"Klyce, Melissa",non-elite,1583,3139,4701,6364,8099,9915,11682,13384,1556,1562,1663,1735,1816,1767,1702
41888,"Martinez, Britney",non-elite,1555,3086,4642,6253,7912,9641,11465,13281,1531,1556,1611,1659,1729,1824,1816
41889,"Roth, Lauren C.",non-elite,1497,2993,4503,6151,7890,9756,11548,13325,1496,1510,1648,1739,1866,1792,1777
41890,"Hanssen, Walter O.",non-elite,1291,2615,4026,5509,7149,8871,11075,13199,1324,1411,1483,1640,1722,2204,2124
41891,"Sceery, Sarah M.",non-elite,1639,3206,4799,6448,8107,9902,11680,13369,1567,1593,1649,1659,1795,1778,1689
41892,"Slack, Carina",non-elite,1426,2972,4575,6332,8059,9824,11706,13354,1546,1603,1757,1727,1765,1882,1648
41893,"Hepp, Heather",non-elite,1553,3113,4710,6422,8091,9817,11626,13330,1560,1597,1712,1669,1726,1809,1704
41894,"Metcalf, Jen",non-elite,1619,3242,4880,6534,8201,9940,11685,13352,1623,1638,1654,1667,1739,1745,1667
41895,"Furey, Diana M",non-elite,1600,3235,4974,6629,8331,10069,11783,13380,1635,1739,1655,1702,1738,1714,1597
41896,"Fang, Lei",non-elite,1553,3119,4695,6294,7907,9665,11464,13279,1566,1576,1599,1613,1758,1799,1815
41897,"Ballinger, Richard H",non-elite,1532,3105,4712,6353,7997,9726,11507,13273,1573,1607,1641,1644,1729,1781,1766
41898,"Doherty, Kerryn",non-elite,1734,3409,5054,6736,8404,10170,11878,13442,1675,1645,1682,1668,1766,1708,1564
41899,"Schumacher, Mark",non-elite,1677,3316,4942,6576,8203,9911,11663,13349,1639,1626,1634,1627,1708,1752,1686
41900,"Currell, Ann E",non-elite,1492,3050,4650,6269,7915,9657,11475,13280,1558,1600,1619,1646,1742,1818,1805
41901,"Macneil, Maryann",non-elite,1651,3276,5058,6673,8340,10017,11714,13351,1625,1782,1615,1667,1677,1697,1637
41902,"Bolton, Natalie",non-elite,1530,3047,4591,6255,7912,9592,11428,13374,1517,1544,1664,1657,1680,1836,1946
41903,"Yard, Susan M",non-elite,1587,3169,4776,6398,8041,9782,11580,13316,1582,1607,1622,1643,1741,1798,1736
41904,"Shimamoto, Darlene A.",non-elite,1612,3258,4904,6573,8236,9981,11717,13358,1646,1646,1669,1663,1745,1736,1641
41905,"Graves, Emily",non-elite,1579,3162,4747,6367,8022,9737,11497,13293,1583,1585,1620,1655,1715,1760,1796
41906,"Lunt, Meg S.",non-elite,1659,3328,4999,6674,8341,10057,11763,13360,1669,1671,1675,1667,1716,1706,1597
41907,"Mergl, Anita K",non-elite,1577,3147,4759,6423,8092,9816,11590,13330,1570,1612,1664,1669,1724,1774,1740
41908,"Trevino, Jeffery M",non-elite,1416,2843,4299,5878,7574,9444,11351,13272,1427,1456,1579,1696,1870,1907,1921
41909,"Bolduc, Sharon",non-elite,1607,3191,4763,6386,8046,9785,11579,13315,1584,1572,1623,1660,1739,1794,1736
41910,"Uhde, Janet C",non-elite,1618,3259,4909,6589,8244,9970,11704,13381,1641,1650,1680,1655,1726,1734,1677
41911,"Meyers, Michelle",non-elite,1613,3230,4866,6494,8130,9840,11609,13351,1617,1636,1628,1636,1710,1769,1742
41912,"Gonsorcik, William J.",non-elite,1618,3181,4788,6406,8015,9722,11423,13237,1563,1607,1618,1609,1707,1701,1814
41913,"Loper, Susan",non-elite,1544,3134,4764,6412,8071,9792,11569,13309,1590,1630,1648,1659,1721,1777,1740
41914,"Konicek, Ken A.",non-elite,1457,2933,4445,6020,7672,9474,11488,13325,1476,1512,1575,1652,1802,2014,1837
41915,"Witt, Tom M",non-elite,1561,3111,4688,6293,7940,9637,11487,13322,1550,1577,1605,1647,1697,1850,1835
41916,"Quesnay, Virginie",non-elite,1346,2710,4197,5828,7562,9475,11486,13307,1364,1487,1631,1734,1913,2011,1821
41917,"Swezey, Bill B",non-elite,1547,3079,4643,6319,7949,9739,11563,13274,1532,1564,1676,1630,1790,1824,1711
41918,"Mancini, Kimberly A.",non-elite,1474,2967,4519,6102,7693,9442,11308,13231,1493,1552,1583,1591,1749,1866,1923
41919,"Bender, Laura",non-elite,1566,3130,4701,6292,7884,9615,11397,13272,1564,1571,1591,1592,1731,1782,1875
41920,"Dilorenzo, Sheilah M",non-elite,1513,3092,4736,6430,8105,9867,11677,13395,1579,1644,1694,1675,1762,1810,1718
41921,"Hemenway, Andy J",non-elite,1262,2555,3930,5460,7118,8889,10839,13124,1293,1375,1530,1658,1771,1950,2285
41922,"Gust, Jeffrey",non-elite,1627,3255,4862,6490,8099,9938,11617,13328,1628,1607,1628,1609,1839,1679,1711
41923,"Villa, Fidel",non-elite,1325,2678,4072,5542,7231,9140,11148,13134,1353,1394,1470,1689,1909,2008,1986
41924,"Mammano, Lisa A",non-elite,1621,3232,4839,6462,8249,9902,11650,13351,1611,1607,1623,1787,1653,1748,1701
41925,"Martin, Lynn",non-elite,1499,3046,4622,6257,7917,9710,11540,13294,1547,1576,1635,1660,1793,1830,1754
41926,"Brown, Hannah",non-elite,1584,3155,4762,6393,8005,9750,11554,13322,1571,1607,1631,1612,1745,1804,1768
41927,"Wheeler, Robert A.",non-elite,1470,2882,4486,6118,7782,9722,11545,13329,1412,1604,1632,1664,1940,1823,1784
41928,"DeBord, Sara D.",non-elite,1500,3081,4666,6300,7937,9605,11470,13264,1581,1585,1634,1637,1668,1865,1794
41929,"Bishop, Danielle",non-elite,1553,3140,4756,6404,8056,9763,11540,13292,1587,1616,1648,1652,1707,1777,1752
41930,"Dordick, Lisa",non-elite,1626,3255,4863,6489,8157,9869,11617,13329,1629,1608,1626,1668,1712,1748,1712
41931,"Harms, Krista",non-elite,1590,3189,4758,6360,7979,9707,11543,13296,1599,1569,1602,1619,1728,1836,1753
41932,"Chuu, Wenmin",non-elite,1566,3138,4774,6426,8146,9849,11621,13322,1572,1636,1652,1720,1703,1772,1701
41933,"Fooks, Kathy",non-elite,1471,3009,4593,6248,7851,9532,11313,13219,1538,1584,1655,1603,1681,1781,1906
41934,"Malloy, Shelley",non-elite,1487,2960,4576,6239,7995,9801,11664,13361,1473,1616,1663,1756,1806,1863,1697
41935,"Gaba, Vijay",non-elite,1516,3079,4672,6313,7967,9742,11582,13324,1563,1593,1641,1654,1775,1840,1742
41936,"Jeong, Seokgeun",non-elite,1141,2480,3768,5152,6516,9102,11493,13161,1339,1288,1384,1364,2586,2391,1668
41937,"Redner, Janie A",non-elite,1480,2977,4477,6042,7762,9738,11615,13372,1497,1500,1565,1720,1976,1877,1757
41938,"Falco, Michael",non-elite,1581,3146,4717,6315,7932,9623,11428,13216,1565,1571,1598,1617,1691,1805,1788
41939,"Rippcondi, Robert",non-elite,1492,3025,4569,6164,7784,9519,11354,13229,1533,1544,1595,1620,1735,1835,1875
41940,"Shirley, John",non-elite,1445,2900,4450,6071,7722,9519,11392,13253,1455,1550,1621,1651,1797,1873,1861
41941,"Kieley, Samantha",non-elite,1675,3328,4964,6613,8267,9959,11677,13347,1653,1636,1649,1654,1692,1718,1670
41942,"Chauncey, Dorie",non-elite,1560,3139,4775,6432,8089,9799,11656,13356,1579,1636,1657,1657,1710,1857,1700
41943,"Oelfke, Dana",non-elite,1502,3049,4636,6257,7932,9710,11552,13324,1547,1587,1621,1675,1778,1842,1772
41944,"Meehan, Madison",non-elite,1434,2873,4444,6139,8008,9845,11637,13335,1439,1571,1695,1869,1837,1792,1698
41945,"Vezeau, Nathalie",non-elite,1535,3105,4706,6375,8104,9847,11660,13359,1570,1601,1669,1729,1743,1813,1699
41946,"Goldstone, Michael",non-elite,1598,3193,4786,6404,8052,9789,11550,13295,1595,1593,1618,1648,1737,1761,1745
41947,"Birmingham, Christy E",non-elite,1516,3065,4694,6356,8017,9786,11585,13288,1549,1629,1662,1661,1769,1799,1703
41948,"Gentelin, Sarah J",non-elite,1602,3199,4806,6406,8008,9661,11381,13276,1597,1607,1600,1602,1653,1720,1895
41949,"Dombroski, Laura",non-elite,1524,3091,4670,6267,7884,9615,11422,13232,1567,1579,1597,1617,1731,1807,1810
41950,"Polansky, Francis",non-elite,1553,3173,4861,6546,8232,9977,11711,13370,1620,1688,1685,1686,1745,1734,1659
41951,"Krieg, Arthur M.",non-elite,1576,3128,4701,6334,8050,9771,11571,13302,1552,1573,1633,1716,1721,1800,1731
41952,"Pelletier, Sorcha",non-elite,1563,3141,4777,6434,8091,9801,11659,13359,1578,1636,1657,1657,1710,1858,1700
41953,"Dakai, Carol M",non-elite,1631,3218,4814,6448,8070,9828,11633,13332,1587,1596,1634,1622,1758,1805,1699
41954,"Horn, Michelle",non-elite,1657,3296,4928,6545,8156,9940,11711,13365,1639,1632,1617,1611,1784,1771,1654
41955,"Powell, Kelly",non-elite,1527,3075,4626,6177,7738,9365,11149,13205,1548,1551,1551,1561,1627,1784,2056
41956,"Conmy, Mark D.",non-elite,1324,2696,4117,5594,7101,8775,10788,13108,1372,1421,1477,1507,1674,2013,2320
41957,"Sheets, Laura L",non-elite,1560,3109,4626,6233,7929,9684,11511,13341,1549,1517,1607,1696,1755,1827,1830
41958,"Dorsky, Kristen A.",non-elite,1598,3158,4740,6351,7979,9733,11532,13323,1560,1582,1611,1628,1754,1799,1791
41959,"Lindau, Alyssa R.",non-elite,1571,3120,4680,6264,7929,9738,11583,13351,1549,1560,1584,1665,1809,1845,1768
41960,"Edmonds, Katie",non-elite,1424,2857,4317,5839,7408,9095,11577,13328,1433,1460,1522,1569,1687,2482,1751
41961,"White, Suzanne R",non-elite,1543,3077,4693,6343,7991,9726,11484,13333,1534,1616,1650,1648,1735,1758,1849
41962,"Doyle, Jason J.",non-elite,1459,2951,4501,6078,7674,9400,11305,13236,1492,1550,1577,1596,1726,1905,1931
41963,"Mullan, Louise M",non-elite,1624,3263,4912,6560,8210,9922,11667,13359,1639,1649,1648,1650,1712,1745,1692
41964,"Michelson, Dan",non-elite,1362,2742,4137,5553,6999,8745,10891,13063,1380,1395,1416,1446,1746,2146,2172
41965,"Malovos, Heather",non-elite,1582,3144,4699,6261,7829,9456,11321,13260,1562,1555,1562,1568,1627,1865,1939
41966,"Gay, Chari M",non-elite,1571,3134,4716,6419,8169,9903,11707,13375,1563,1582,1703,1750,1734,1804,1668
41967,"Brosnan, Conor",non-elite,1550,3100,4628,6192,7798,9563,11434,13311,1550,1528,1564,1606,1765,1871,1877
41968,"Loens, George L.",non-elite,1524,3048,4611,6225,7924,9697,11505,13337,1524,1563,1614,1699,1773,1808,1832
41969,"Brosnan, Siobhan",non-elite,1550,3100,4628,6192,7798,9564,11435,13312,1550,1528,1564,1606,1766,1871,1877
41970,"Kosugi, Yuko",non-elite,1411,2871,4535,6267,8047,9842,11731,13401,1460,1664,1732,1780,1795,1889,1670
41971,"North, Simon",non-elite,1409,2863,4468,6130,7748,9554,11497,13322,1454,1605,1662,1618,1806,1943,1825
41972,"Puschinsky, Melissa J.",non-elite,1589,3177,4771,6392,8050,9795,11645,13310,1588,1594,1621,1658,1745,1850,1665
41973,"Gissel, Nancy L",non-elite,1582,3210,4826,6460,8245,9907,11645,13327,1628,1616,1634,1785,1662,1738,1682
41974,"Thornton, Dj",non-elite,1214,2468,3818,5327,6955,8969,11146,13332,1254,1350,1509,1628,2014,2177,2186
41975,"Junio, Racquel O.",non-elite,1526,3016,4570,6174,7905,9739,11615,13376,1490,1554,1604,1731,1834,1876,1761
41976,"Westrick, Kristin K",non-elite,1590,3168,4771,6366,8003,9638,11359,13238,1578,1603,1595,1637,1635,1721,1879
41977,"Jones, Donna H",non-elite,1503,3059,4680,6364,8061,9834,11624,13341,1556,1621,1684,1697,1773,1790,1717
41978,"Munyon, Maria C",non-elite,1751,3403,5040,6667,8300,9987,11720,13371,1652,1637,1627,1633,1687,1733,1651
41979,"Varner, Carrie G",non-elite,1465,2917,4393,5951,7589,9520,11489,13296,1452,1476,1558,1638,1931,1969,1807
41980,"Henicke, Bradley J.",non-elite,1842,3428,4956,6489,8075,9746,11518,13324,1586,1528,1533,1586,1671,1772,1806
41981,"Andrews, David C",non-elite,1623,3136,4636,6208,7827,9530,11345,13289,1513,1500,1572,1619,1703,1815,1944
41982,"Deleseleuc, Francois",non-elite,1610,3201,4804,6438,8085,9787,11549,13305,1591,1603,1634,1647,1702,1762,1756
41983,"Jo, Yoshiko",non-elite,1625,3246,4883,6559,8233,9967,11728,13367,1621,1637,1676,1674,1734,1761,1639
41984,"Rubinstein, Esther",non-elite,1633,3254,4886,6529,8141,9822,11574,13336,1621,1632,1643,1612,1681,1752,1762
41985,"Osma Torres, Antonio Sr.",non-elite,1449,2930,4437,6136,7734,9447,11502,13318,1481,1507,1699,1598,1713,2055,1816
41986,"Walker, Kelsey",non-elite,1327,2717,4116,5583,7119,9041,11063,13201,1390,1399,1467,1536,1922,2022,2138
41987,"Keller, Jen H.",non-elite,1570,3165,4790,6497,8160,9898,11658,13362,1595,1625,1707,1663,1738,1760,1704
41988,"Matosziuk, Lauren",non-elite,1470,2988,4540,6173,7829,9641,11493,13317,1518,1552,1633,1656,1812,1852,1824
41989,"Lynch, Elizabeth M",non-elite,1624,3263,4914,6561,8213,9923,11668,13359,1639,1651,1647,1652,1710,1745,1691
41990,"Paige, Daniel L.",non-elite,1662,3261,4823,6371,7944,9673,11529,13314,1599,1562,1548,1573,1729,1856,1785
41991,"Von Reusner, Matthias",non-elite,1414,2857,4326,5892,7502,9271,11281,13307,1443,1469,1566,1610,1769,2010,2026
41992,"O'Donnell, Timothy",non-elite,1501,2973,4501,6122,7802,9631,11466,13309,1472,1528,1621,1680,1829,1835,1843
41993,"Carrithers, Kelly J",non-elite,1601,3204,4824,6465,8122,9871,11639,13330,1603,1620,1641,1657,1749,1768,1691
41994,"Stahlecker, Brad O",non-elite,1623,3240,4845,6461,8065,9771,11504,13252,1617,1605,1616,1604,1706,1733,1748
41995,"Kellheim, Tom",non-elite,1484,2937,4460,6114,7745,9440,11333,13222,1453,1523,1654,1631,1695,1893,1889
41996,"Wells, Mandy L.",non-elite,1430,2878,4345,5905,7545,9290,11192,13279,1448,1467,1560,1640,1745,1902,2087
41997,"Kindred, Kristin B.",non-elite,1475,2946,4432,5929,7484,9170,11241,13327,1471,1486,1497,1555,1686,2071,2086
41998,"Adams, Lisa",non-elite,1537,3094,4662,6253,7878,9610,11455,13290,1557,1568,1591,1625,1732,1845,1835
41999,"Ryan, Kevin M.",non-elite,1766,3376,4955,6553,8120,9757,11525,13345,1610,1579,1598,1567,1637,1768,1820
42000,"Miller, Kimberly",non-elite,1572,3175,4787,6428,8093,9836,11609,13337,1603,1612,1641,1665,1743,1773,1728
42001,"Schroeder, Marylee",non-elite,1494,3038,4694,6388,8057,9812,11570,13313,1544,1656,1694,1669,1755,1758,1743
42002,"Crouse, Edward R. Jr.",non-elite,1460,2962,4484,6066,7668,9378,11243,13238,1502,1522,1582,1602,1710,1865,1995
42003,"Cooper, Madeline",non-elite,1470,2927,4694,6341,7967,9817,11593,13360,1457,1767,1647,1626,1850,1776,1767
42004,"Roustemis, Pellayia C",non-elite,1574,3131,4730,6384,8029,9760,11557,13314,1557,1599,1654,1645,1731,1797,1757
42005,"Vidoli, Karen T",non-elite,1558,3163,4774,6445,8163,9883,11627,13356,1605,1611,1671,1718,1720,1744,1729
42006,"Miller, Art L",non-elite,1572,3202,4786,6428,8093,9836,11610,13337,1630,1584,1642,1665,1743,1774,1727
42007,"Knighton, Nicky",non-elite,1617,3204,4763,6335,8070,9767,11576,13334,1587,1559,1572,1735,1697,1809,1758
42008,"Wilson, Mike",non-elite,1498,3026,4584,6158,7757,9454,11365,13275,1528,1558,1574,1599,1697,1911,1910
42009,"Hawkins, Nicole L.",non-elite,1565,3154,4780,6461,8172,9918,11751,13404,1589,1626,1681,1711,1746,1833,1653
42010,"Cormier, Missy A",non-elite,1617,3204,4762,6335,8071,9767,11576,13334,1587,1558,1573,1736,1696,1809,1758
42011,"Howe, Mark",non-elite,1587,3402,5065,6624,8332,9984,11659,13355,1815,1663,1559,1708,1652,1675,1696
42012,"McCormick, Lea Anne",non-elite,1584,3128,4648,6193,7739,9418,11337,13266,1544,1520,1545,1546,1679,1919,1929
42013,"Forner, Dale A.",non-elite,1507,3021,4566,6161,7782,9510,11361,13276,1514,1545,1595,1621,1728,1851,1915
42014,"Villarreal, Marin Sr.",non-elite,1317,2691,4131,5684,7317,9070,11045,13269,1374,1440,1553,1633,1753,1975,2224
42015,"Hunt, Nadine A.",non-elite,1450,2938,4422,5956,7567,9271,11146,13165,1488,1484,1534,1611,1704,1875,2019
42016,"Kerrisk, Jerry",non-elite,1595,3225,4889,6559,8209,9909,11654,13387,1630,1664,1670,1650,1700,1745,1733
42017,"Decapua, Rich",non-elite,1488,3098,4677,6378,7986,9712,11548,13343,1610,1579,1701,1608,1726,1836,1795
42018,"Zahn, David L",non-elite,1555,3117,4723,6403,8072,9823,11653,13362,1562,1606,1680,1669,1751,1830,1709
42019,"Linnane, Martha T.",non-elite,1539,3159,4834,6539,8256,10017,11800,13408,1620,1675,1705,1717,1761,1783,1608
42020,"Zahn, Meghan E.",non-elite,1555,3117,4724,6403,8073,9823,11654,13363,1562,1607,1679,1670,1750,1831,1709
42021,"Nowacki, Laura",non-elite,1623,3242,4872,6513,8179,9870,11568,13262,1619,1630,1641,1666,1691,1698,1694
42022,"Isaac, Marilyn J",non-elite,1649,3314,4955,6704,8373,10090,11792,13435,1665,1641,1749,1669,1717,1702,1643
42023,"Prioli, Simone",non-elite,1400,2828,4315,6017,7633,9393,11286,13234,1428,1487,1702,1616,1760,1893,1948
42024,"Woods, Madeleine",non-elite,1409,2871,4370,5946,7600,9377,11437,13310,1462,1499,1576,1654,1777,2060,1873
42025,"Villaverde, Alejandro Sr.",non-elite,1347,2764,4236,5777,7423,9225,11134,13248,1417,1472,1541,1646,1802,1909,2114
42026,"Poplawski, Wade A.",non-elite,1628,3235,4872,6501,8104,9840,11601,13354,1607,1637,1629,1603,1736,1761,1753
42027,"Santos, Joao",non-elite,1513,3028,4605,6221,7903,9642,11493,13258,1515,1577,1616,1682,1739,1851,1765
42028,"Farabelli, Jill P",non-elite,1591,3185,4804,6477,8141,9892,11610,13378,1594,1619,1673,1664,1751,1718,1768
42029,"White, John A",non-elite,1507,3045,4663,6308,7963,9678,11582,13343,1538,1618,1645,1655,1715,1904,1761
42030,"Dworecki, Amie I",non-elite,1549,3137,4725,6339,7986,9703,11483,13302,1588,1588,1614,1647,1717,1780,1819
42031,"Doane, Jay J",non-elite,1310,2662,4281,5879,7576,9518,11450,13378,1352,1619,1598,1697,1942,1932,1928
42032,"Angeleri, Davide",non-elite,1326,2615,3913,5519,7031,9104,11147,13399,1289,1298,1606,1512,2073,2043,2252
42033,"Osaka, Akemii",non-elite,1430,2931,4510,6109,7737,9437,11341,13406,1501,1579,1599,1628,1700,1904,2065
42034,"Krajewski, Taylor N",non-elite,1530,3053,4565,6118,7805,9657,11481,13236,1523,1512,1553,1687,1852,1824,1755
42035,"Johnson, Dirk",non-elite,1445,2918,4416,5955,7644,9455,11508,13323,1473,1498,1539,1689,1811,2053,1815
42036,"Stailey, Judson E",non-elite,1567,3179,4837,6522,8167,9902,11674,13374,1612,1658,1685,1645,1735,1772,1700
42037,"Kasper, Terrence W.",non-elite,1528,3109,4714,6359,8030,9740,11562,13356,1581,1605,1645,1671,1710,1822,1794
42038,"Borges, Gustavo Sr.",non-elite,1449,2902,4334,5820,7380,9076,11110,13316,1453,1432,1486,1560,1696,2034,2206
42039,"Wenderoth, Lisa",non-elite,1631,3268,4869,6501,8112,9810,11562,13303,1637,1601,1632,1611,1698,1752,1741
42040,"Lund, Travis",non-elite,1439,2929,4459,6075,7770,9551,11462,13289,1490,1530,1616,1695,1781,1911,1827
42041,"Oeztuerk, Mehmet",non-elite,1515,3020,4512,6245,7982,9900,11738,13427,1505,1492,1733,1737,1918,1838,1689
42042,"Sanford, Kip",non-elite,1671,3302,4876,6487,8122,9902,11633,13342,1631,1574,1611,1635,1780,1731,1709
42043,"Youniss, Maddy",non-elite,1641,3196,4742,6320,7947,9747,11542,13363,1555,1546,1578,1627,1800,1795,1821
42044,"Webb, Adrien A",non-elite,1559,3153,4773,6401,8059,9781,11574,13364,1594,1620,1628,1658,1722,1793,1790
42045,"Soussi, Sid Ahmed",non-elite,1558,3173,4773,6448,8115,9879,11668,13350,1615,1600,1675,1667,1764,1789,1682
42046,"Mannetta, Michael",non-elite,1648,3212,4783,6384,8010,9731,11520,13315,1564,1571,1601,1626,1721,1789,1795
42047,"Johnson, Bekah D",non-elite,1558,3153,4770,6401,8060,9781,11573,13364,1595,1617,1631,1659,1721,1792,1791
42048,"Stauble, Cherise",non-elite,1587,3145,4705,6274,7883,9646,11493,13258,1558,1560,1569,1609,1763,1847,1765
42049,"Fehr, Lisa M",non-elite,1639,3285,4932,6643,8297,9991,11715,13398,1646,1647,1711,1654,1694,1724,1683
42050,"Dicker, Christina",non-elite,1578,3150,4732,6349,7972,9681,11417,13306,1572,1582,1617,1623,1709,1736,1889
42051,"Beatenhead, Hayley",non-elite,1475,3003,4581,6202,7885,9692,11518,13359,1528,1578,1621,1683,1807,1826,1841
42052,"Cauble, Lynnette G.",non-elite,1534,3093,4723,6390,8052,9799,11637,13351,1559,1630,1667,1662,1747,1838,1714
42053,"Desrosiers, Helene",non-elite,1378,2860,4548,6213,7970,9869,11630,13376,1482,1688,1665,1757,1899,1761,1746
42054,"Hughes, Juliana Aparecida G.",non-elite,1559,3120,4697,6299,7931,9701,11499,13256,1561,1577,1602,1632,1770,1798,1757
42055,"Chiles, Jeffery T",non-elite,1566,3139,4713,6298,7869,9523,11404,13284,1573,1574,1585,1571,1654,1881,1880
42056,"Mccarty, Michele",non-elite,1499,3060,4683,6333,7967,9764,11598,13387,1561,1623,1650,1634,1797,1834,1789
42057,"Zwiesler, Kimberly",non-elite,1616,3244,4877,6585,8206,9920,11701,13392,1628,1633,1708,1621,1714,1781,1691
42058,"Johnson, Ellie K.",non-elite,1638,3229,4812,6406,8022,9939,11729,13395,1591,1583,1594,1616,1917,1790,1666
42059,"Kaplan, Jacquelyn S.",non-elite,1691,3344,4989,6680,8361,10051,11758,13423,1653,1645,1691,1681,1690,1707,1665
42060,"Carignan, Tammy M",non-elite,1655,3270,4902,6559,8241,9987,11718,13395,1615,1632,1657,1682,1746,1731,1677
42061,"Bocko, Laura E",non-elite,1517,3042,4593,6225,7940,9895,11708,13393,1525,1551,1632,1715,1955,1813,1685
42062,"Jacobson, Brian A.",non-elite,1622,3187,4714,6262,7836,9572,11466,13385,1565,1527,1548,1574,1736,1894,1919
42063,"Lopez, Lauren",non-elite,1563,3101,4736,6306,7866,9693,11590,13340,1538,1635,1570,1560,1827,1897,1750
42064,"Viterise, Michael J",non-elite,1443,2927,4483,6141,7867,9629,11509,13361,1484,1556,1658,1726,1762,1880,1852
42065,"Brazzale, Kristen",non-elite,1588,3138,4689,6275,7898,9677,11533,13328,1550,1551,1586,1623,1779,1856,1795
42066,"Gavulic, Dean",non-elite,1437,2873,4338,5831,7471,9281,11342,13333,1436,1465,1493,1640,1810,2061,1991
42067,"Stumpf, Kendra D",non-elite,1527,3079,4687,6330,7996,9724,11555,13361,1552,1608,1643,1666,1728,1831,1806
42068,"Hamlin, Bob Jr.",non-elite,1599,3218,4844,6499,8136,9813,11552,13318,1619,1626,1655,1637,1677,1739,1766
42069,"Haigh, Betsy",non-elite,1479,3006,4563,6200,7886,9641,11442,13307,1527,1557,1637,1686,1755,1801,1865
42070,"Machowski, Audrey",non-elite,1506,3048,4618,6231,7853,9574,11408,13294,1542,1570,1613,1622,1721,1834,1886
42071,"Mittermayr, Markus A",non-elite,1592,3192,4781,6397,8017,9719,11495,13301,1600,1589,1616,1620,1702,1776,1806
42072,"Hamilton, Lauren P.",non-elite,1607,3236,4883,6538,8203,10022,11703,13373,1629,1647,1655,1665,1819,1681,1670
42073,"Mcginness, Laura J",non-elite,1568,3129,4695,6329,7970,9707,11553,13353,1561,1566,1634,1641,1737,1846,1800
42074,"Ketchem, Jeraine C",non-elite,1606,3233,4857,6490,8128,9846,11594,13332,1627,1624,1633,1638,1718,1748,1738
42075,"Tamashiro, Cheryl M",non-elite,1583,3164,4757,6386,8019,9749,11538,13327,1581,1593,1629,1633,1730,1789,1789
42077,"Krone, Andreas",non-elite,1538,3147,4771,6419,8091,9875,11619,13331,1609,1624,1648,1672,1784,1744,1712
42078,"Bonilla, Billy",non-elite,1468,2904,4485,6019,7648,9458,11355,13272,1436,1581,1534,1629,1810,1897,1917
42079,"Bolduc, Sonia",non-elite,1589,3194,4840,6545,8244,9951,11688,13412,1605,1646,1705,1699,1707,1737,1724
42080,"Yu, Fu-Shin",non-elite,1421,2921,4422,5949,7569,9373,11281,13223,1500,1501,1527,1620,1804,1908,1942
42081,"Money, Laura",non-elite,1547,3154,4828,6518,8190,9940,11744,13419,1607,1674,1690,1672,1750,1804,1675
42082,"Wilkas, Christine M",non-elite,1536,3099,4711,6318,7998,9747,11564,13362,1563,1612,1607,1680,1749,1817,1798
42083,"Miller Friant, Stacey A",non-elite,1547,3115,4733,6386,8050,9822,11635,13378,1568,1618,1653,1664,1772,1813,1743
42084,"Kachnowski, Kristin K",non-elite,1627,3257,4847,6458,8132,9881,11684,13397,1630,1590,1611,1674,1749,1803,1713
42085,"Ferguson, Dawn B",non-elite,1607,3216,4828,6477,8133,9859,11628,13361,1609,1612,1649,1656,1726,1769,1733
42086,"Trevino, Samuel A",non-elite,1342,2718,4145,5731,7351,9124,11196,13294,1376,1427,1586,1620,1773,2072,2098
42087,"Spragg, Adriana",non-elite,1563,3168,4805,6425,8353,10048,11776,13393,1605,1637,1620,1928,1695,1728,1617
42088,"Kuzma, Melissa S",non-elite,1507,3040,4615,6232,7895,9600,11470,13329,1533,1575,1617,1663,1705,1870,1859
42089,"Croonquist, Paula",non-elite,1575,3167,4778,6430,8094,9843,11635,13359,1592,1611,1652,1664,1749,1792,1724
42090,"Hung, Violet",non-elite,1562,3119,4748,6402,8050,9806,11651,13394,1557,1629,1654,1648,1756,1845,1743
42091,"Mazur, Jordan D",non-elite,1412,2873,4340,5849,7632,9498,11383,13254,1461,1467,1509,1783,1866,1885,1871
42092,"Prebeg, Nicholas",non-elite,1382,2870,4484,6311,7905,9734,11521,13314,1488,1614,1827,1594,1829,1787,1793
42093,"Rathje, Jason M.",non-elite,1661,3261,4842,6448,8073,9770,11528,13340,1600,1581,1606,1625,1697,1758,1812
42094,"Degrazia, Martha C",non-elite,1494,3107,4792,6469,8145,9891,11671,13373,1613,1685,1677,1676,1746,1780,1702
42095,"Vermeulen, Maria",non-elite,1437,2901,4379,5885,7430,9255,11313,13325,1464,1478,1506,1545,1825,2058,2012
42096,"Menn, Jennifer",non-elite,1501,3054,4658,6298,7967,9711,11543,13332,1553,1604,1640,1669,1744,1832,1789
42097,"Vanlue, Julie",non-elite,1607,3239,4849,6492,8147,9870,11635,13378,1632,1610,1643,1655,1723,1765,1743
42098,"Johnson, Glenn C",non-elite,1414,2827,4429,6115,7852,9644,11539,13328,1413,1602,1686,1737,1792,1895,1789
42099,"Butticci, Joan",non-elite,1619,3235,4846,6472,8101,9822,11577,13343,1616,1611,1626,1629,1721,1755,1766
42100,"Pricher, Terrence D",non-elite,1372,2755,4192,5711,7268,9116,11172,13297,1383,1437,1519,1557,1848,2056,2125
42101,"Blair, Mark D.",non-elite,1599,3155,4725,6286,7893,9586,11409,13317,1556,1570,1561,1607,1693,1823,1908
42102,"Rall, Tammy J.",non-elite,1614,3240,4904,6595,8272,9998,11743,13416,1626,1664,1691,1677,1726,1745,1673
42103,"Sanchez, Ciro Jose",non-elite,1597,3190,4786,6376,7986,9660,11518,13368,1593,1596,1590,1610,1674,1858,1850
42104,"Vue, Anna",non-elite,1562,3137,4738,6375,8029,9855,11699,13390,1575,1601,1637,1654,1826,1844,1691
42105,"Garza, Gerardo Sr.",non-elite,1295,2661,4076,5477,7048,8841,10996,13116,1366,1415,1401,1571,1793,2155,2120
42106,"Andras, Lindsay",non-elite,1515,3047,4613,6243,7890,9635,11479,13331,1532,1566,1630,1647,1745,1844,1852
42107,"Harnedy, Jean",non-elite,1553,3117,4723,6338,8121,9873,11665,13359,1564,1606,1615,1783,1752,1792,1694
42108,"Myrick, Sarah A.",non-elite,1462,2875,4355,5950,7683,9533,11451,13320,1413,1480,1595,1733,1850,1918,1869
42109,"Solo, Carolyn A",non-elite,1668,3383,5070,6755,8427,10126,11805,13435,1715,1687,1685,1672,1699,1679,1630
42110,"Cohen, Wendy L",non-elite,1645,3272,4938,6580,8228,9927,11643,13331,1627,1666,1642,1648,1699,1716,1688
42111,"Holleran, Stephen",non-elite,1668,3383,5078,6756,8428,10126,11805,13435,1715,1695,1678,1672,1698,1679,1630
42112,"Thomas, Edward D",non-elite,1435,2863,4338,5919,7596,9464,11423,13359,1428,1475,1581,1677,1868,1959,1936
42113,"Bassett, Debbie A",non-elite,1596,3201,4776,6514,8215,9958,11708,13376,1605,1575,1738,1701,1743,1750,1668
42114,"Kauffman, Gina",non-elite,1465,2952,4502,6086,7700,9450,11338,13246,1487,1550,1584,1614,1750,1888,1908
42115,"Satin, Cheryl",non-elite,1605,3221,4864,6516,8158,9850,11613,13355,1616,1643,1652,1642,1692,1763,1742
42116,"Larsen, Martin",non-elite,1305,2690,4192,5756,7356,9251,11346,13309,1385,1502,1564,1600,1895,2095,1963
42117,"Kent, Diane M.",non-elite,1588,3142,4747,6360,8009,9744,11550,13353,1554,1605,1613,1649,1735,1806,1803
42118,"Regan, Dan",non-elite,1531,3051,4558,6107,7675,9383,11226,13305,1520,1507,1549,1568,1708,1843,2079
42119,"Greaney, Katherine M.",non-elite,1664,3290,4916,6540,8190,9934,11703,13388,1626,1626,1624,1650,1744,1769,1685
42120,"Campos, Donald D. Jr.",non-elite,1473,3013,4531,6091,7646,9426,11447,13331,1540,1518,1560,1555,1780,2021,1884
42121,"Judy, Melonie A",non-elite,1674,3327,4995,6610,8228,9905,11865,13472,1653,1668,1615,1618,1677,1960,1607
42122,"Demeyer, Pascal",non-elite,1654,3301,4995,6619,8263,9926,11638,13387,1647,1694,1624,1644,1663,1712,1749
42123,"Newell, Jaclyn M",non-elite,1340,2736,4292,5945,7731,9632,11503,13436,1396,1556,1653,1786,1901,1871,1933
42124,"Lee, Karen L",non-elite,1398,2790,4276,5862,7522,9435,11359,13313,1392,1486,1586,1660,1913,1924,1954
42125,"Wickham, Marie",non-elite,1593,3182,4814,6472,8130,9871,11679,13388,1589,1632,1658,1658,1741,1808,1709
42126,"Sparks, Jenny",non-elite,1461,2919,4396,5922,7590,9363,11336,13275,1458,1477,1526,1668,1773,1973,1939
42127,"Acevedo, Liliana",non-elite,1546,3124,4703,6321,7931,9647,11516,13349,1578,1579,1618,1610,1716,1869,1833
42128,"Mason, Bruce",non-elite,1535,3125,4744,6395,8054,9832,11626,13385,1590,1619,1651,1659,1778,1794,1759
42129,"Walker, Dougin",non-elite,1582,3180,4776,6432,8067,9797,11635,13365,1598,1596,1656,1635,1730,1838,1730
42130,"Furey, Mary-Ann E",non-elite,1504,2995,4564,6231,7947,9774,11632,13376,1491,1569,1667,1716,1827,1858,1744
42131,"Kim, Soohan",non-elite,1466,2959,4426,5923,7398,8960,10600,13265,1493,1467,1497,1475,1562,1640,2665
42132,"Butrico, Charles J.",non-elite,1759,3448,4999,6544,8066,9954,11616,13425,1689,1551,1545,1522,1888,1662,1809
42133,"Hanson, Liz",non-elite,1564,3131,4709,6343,8031,9827,11701,13401,1567,1578,1634,1688,1796,1874,1700
42134,"Person, Karen",non-elite,1603,3189,4794,6407,8032,9736,11528,13304,1586,1605,1613,1625,1704,1792,1776
42135,"Purks, Susan A",non-elite,1397,2851,4448,6099,7734,9571,11478,13344,1454,1597,1651,1635,1837,1907,1866
42136,"Macdonald, Debbie M",non-elite,1649,3298,4939,6587,8230,9941,11687,13391,1649,1641,1648,1643,1711,1746,1704
42137,"Corelli, John",non-elite,1370,2755,4171,5642,7256,9090,11351,13281,1385,1416,1471,1614,1834,2261,1930
42138,"Tekin, Ismail",non-elite,1367,2885,4475,6073,7701,9499,11439,13317,1518,1590,1598,1628,1798,1940,1878
42139,"Jenkin, Elizabeth A",non-elite,1413,2906,4514,6171,7906,9700,11586,13357,1493,1608,1657,1735,1794,1886,1771
42140,"Kratzer, Jill E",non-elite,1592,3208,4849,6515,8197,9917,11666,13402,1616,1641,1666,1682,1720,1749,1736
42141,"Thomas, Michael J.",non-elite,1561,2961,4333,5762,7237,8893,11117,13240,1400,1372,1429,1475,1656,2224,2123
42142,"Newman, Ann",non-elite,1648,3271,4909,6562,8204,9891,11638,13357,1623,1638,1653,1642,1687,1747,1719
42143,"Winton, Sue",non-elite,1586,3167,4751,6368,8010,9723,11567,13340,1581,1584,1617,1642,1713,1844,1773
42144,"Sandoval, Arturo A. Sr.",non-elite,1382,2700,4032,5403,6957,8855,11061,13020,1318,1332,1371,1554,1898,2206,1959
42145,"Lafortune, Luc",non-elite,1524,3052,4620,6247,7907,9695,11510,13387,1528,1568,1627,1660,1788,1815,1877
42146,"Cantlin, Cheryl E",non-elite,1563,3141,4762,6443,8197,9953,11726,13435,1578,1621,1681,1754,1756,1773,1709
42147,"Derkevorkian, Lisa",non-elite,1532,3107,4687,6280,7896,9634,11463,13261,1575,1580,1593,1616,1738,1829,1798
42148,"Norcia, Julia M.",non-elite,1611,3322,4962,6636,8323,10015,11737,13431,1711,1640,1674,1687,1692,1722,1694
42149,"Ercanbrack, Monica",non-elite,1656,3303,4950,6599,8240,9930,11672,13378,1647,1647,1649,1641,1690,1742,1706
42150,"Christian, Jeffrey",non-elite,1372,2747,4141,5548,6946,8455,10973,13365,1375,1394,1407,1398,1509,2518,2392
42151,"Aguirre, Analia",non-elite,1589,3218,4878,6556,8219,9955,11715,13384,1629,1660,1678,1663,1736,1760,1669
42152,"Berryman, Joyce",non-elite,1609,3226,4838,6450,8067,9760,11542,13318,1617,1612,1612,1617,1693,1782,1776
42153,"Yates, Greg R",non-elite,1445,2902,4349,5868,7418,9138,11288,13324,1457,1447,1519,1550,1720,2150,2036
42154,"Jensen, Beth E",non-elite,1563,3148,4761,6401,8061,9794,11593,13360,1585,1613,1640,1660,1733,1799,1767
42155,"Fuller, Dorothee S.",non-elite,1615,3220,4822,6451,8083,9819,11564,13325,1605,1602,1629,1632,1736,1745,1761
42156,"Bute, Jp",non-elite,1769,3561,5258,7174,8919,10592,12176,13566,1792,1697,1916,1745,1673,1584,1390
42157,"Bordner, Autumn S",non-elite,1476,2984,4510,6108,7746,9518,11421,13322,1508,1526,1598,1638,1772,1903,1901
42158,"Steil, Heiko",non-elite,1444,2981,4526,6178,7890,9667,11529,13361,1537,1545,1652,1712,1777,1862,1832
42159,"Tanapipatkulchai, Chatchanop",non-elite,1408,2835,4301,5901,7638,9498,11417,13342,1427,1466,1600,1737,1860,1919,1925
42160,"Rabelo, Gerardo",non-elite,1273,2497,3730,5072,6596,8643,10913,13167,1224,1233,1342,1524,2047,2270,2254
42161,"Allin-Hall, Lynn",non-elite,1621,3242,4857,6496,8134,9828,11623,13349,1621,1615,1639,1638,1694,1795,1726
42162,"Parker, Kerry",non-elite,1463,2911,4449,6058,7674,9498,11402,13307,1448,1538,1609,1616,1824,1904,1905
42163,"Sweeney, Maxine",non-elite,1630,3263,4923,6585,8244,9945,11694,13393,1633,1660,1662,1659,1701,1749,1699
42164,"Leslie, Gretchen A",non-elite,1621,3199,4784,6393,8016,9748,11545,13327,1578,1585,1609,1623,1732,1797,1782
42165,"Baker, Amy J",non-elite,1551,3103,4649,6281,7904,9589,11443,13315,1552,1546,1632,1623,1685,1854,1872
42166,"Kinch, Jared",non-elite,1412,2754,4219,5809,7448,9352,11388,13366,1342,1465,1590,1639,1904,2036,1978
42167,"Geoffroy, Chloe",non-elite,1600,3213,4807,6446,8057,9826,11647,13392,1613,1594,1639,1611,1769,1821,1745
42168,"Dimmig, Dean D",non-elite,1462,2935,4412,5921,7492,9347,11375,13373,1473,1477,1509,1571,1855,2028,1998
42169,"Verrill, Kelly",non-elite,1626,3187,4824,6475,8163,9910,11689,13402,1561,1637,1651,1688,1747,1779,1713
42170,"Wilmot, Kristin F",non-elite,1579,3162,4747,6367,8022,9740,11495,13333,1583,1585,1620,1655,1718,1755,1838
42171,"Jones, Craig R.",non-elite,1679,3240,4765,6337,7873,9588,11438,13285,1561,1525,1572,1536,1715,1850,1847
42172,"Furukawa, Toshiharu",non-elite,1631,3240,4872,6518,8165,9886,11648,13356,1609,1632,1646,1647,1721,1762,1708
42173,"Beardow, Nicholas",non-elite,1373,2799,4266,5873,7852,9746,11585,13351,1426,1467,1607,1979,1894,1839,1766
42174,"Forbes, Robert A",non-elite,1482,2928,4484,6082,7718,9523,11432,13303,1446,1556,1598,1636,1805,1909,1871
42175,"McCarthy, Kimberly L.",non-elite,1480,3008,4649,6268,7917,9652,11494,13281,1528,1641,1619,1649,1735,1842,1787
42176,"Gendron, Kathleen",non-elite,1571,3173,4788,6434,8089,9822,11616,13368,1602,1615,1646,1655,1733,1794,1752
42177,"Zimmermann, Barry J.",non-elite,1672,3363,4998,6639,8290,9966,11693,13356,1691,1635,1641,1651,1676,1727,1663
42178,"Chan, Chi Kwan Peter",non-elite,1329,2737,4188,5748,7419,9287,11291,13296,1408,1451,1560,1671,1868,2004,2005
42179,"James, Megan E.",non-elite,1636,3313,4962,6612,8349,10038,11763,13438,1677,1649,1650,1737,1689,1725,1675
42180,"Gevry, Germain",non-elite,1491,3014,4663,6333,7996,9799,11611,13315,1523,1649,1670,1663,1803,1812,1704
42181,"Park, Sarah L",non-elite,1583,3169,4797,6425,8097,9813,11560,13333,1586,1628,1628,1672,1716,1747,1773
42182,"Slattery, Patrick M.",non-elite,1562,3102,4615,6142,7678,9313,11269,13239,1540,1513,1527,1536,1635,1956,1970
42183,"Dellett, Steve",non-elite,1560,3209,4814,6536,8164,9912,11698,13399,1649,1605,1722,1628,1748,1786,1701
42184,"Newland, Ernie",non-elite,1428,2880,4395,6030,7713,9450,11412,13358,1452,1515,1635,1683,1737,1962,1946
42185,"Kaylor, Tom",non-elite,1424,2865,4312,5827,7463,9433,11503,13389,1441,1447,1515,1636,1970,2070,1886
42186,"Mcilrath, Brian M",non-elite,1589,3170,4788,6447,8088,9886,11659,13377,1581,1618,1659,1641,1798,1773,1718
42187,"Bear, Brittany A.",non-elite,1394,2812,4375,6155,7926,9757,11764,13423,1418,1563,1780,1771,1831,2007,1659
42188,"Finley, Traci W",non-elite,1560,3159,4775,6427,8132,9851,11612,13380,1599,1616,1652,1705,1719,1761,1768
42189,"Curson, Christopher",non-elite,1324,2674,4102,5623,7268,9172,11184,13301,1350,1428,1521,1645,1904,2012,2117
42190,"Stepler, Joan T",non-elite,1577,3231,4892,6552,8215,9960,11725,13415,1654,1661,1660,1663,1745,1765,1690
42191,"Keenan, Michael",non-elite,1259,2537,3842,5199,6657,8489,10553,13052,1278,1305,1357,1458,1832,2064,2499
42192,"Tartaglia, Carmela",non-elite,1573,3196,4846,6545,8222,9954,11715,13396,1623,1650,1699,1677,1732,1761,1681
42193,"Casterline, John",non-elite,1485,2969,4450,5977,7523,9211,11130,13258,1484,1481,1527,1546,1688,1919,2128
42194,"Anderson, Tim P",non-elite,1447,2895,4337,5832,7388,9107,11017,13268,1448,1442,1495,1556,1719,1910,2251
42195,"Baguley, Katie",non-elite,1511,3052,4642,6278,7921,9671,11491,13315,1541,1590,1636,1643,1750,1820,1824
42196,"Fanger, Janell",non-elite,1552,3116,4692,6284,7871,9540,11518,13363,1564,1576,1592,1587,1669,1978,1845
42197,"Cavicchi, Richard",non-elite,1424,2864,4323,5862,7459,9205,11125,13191,1440,1459,1539,1597,1746,1920,2066
42198,"Smith, Stephen H",non-elite,1563,3150,4757,6410,8076,9824,11618,13355,1587,1607,1653,1666,1748,1794,1737
42199,"O'Brien, Michael P",non-elite,1452,2929,4399,5933,7506,9205,11085,13208,1477,1470,1534,1573,1699,1880,2123
42200,"Taylor, Steve",non-elite,1557,3079,4611,6165,7699,9321,11173,13250,1522,1532,1554,1534,1622,1852,2077
42201,"Mahady, Patrick E.",non-elite,1761,3462,5107,6773,8459,10140,11827,13431,1701,1645,1666,1686,1681,1687,1604
42202,"Walk, Gary",non-elite,1571,3152,4737,6352,7995,9732,11518,13326,1581,1585,1615,1643,1737,1786,1808
42203,"Van Gulijk, Beth",non-elite,1618,3289,5042,6809,8365,9986,11841,13477,1671,1753,1767,1556,1621,1855,1636
42204,"Zobler, Marian",non-elite,1616,3265,4906,6564,8210,9925,11695,13407,1649,1641,1658,1646,1715,1770,1712
42205,"Viano, Kim M",non-elite,1644,3297,4945,6583,8250,9941,11727,13413,1653,1648,1638,1667,1691,1786,1686
42206,"Chobot, Thomas M",non-elite,1524,3062,4626,6184,7720,9372,11161,13181,1538,1564,1558,1536,1652,1789,2020
42207,"Geshay, Meg A",non-elite,1515,2994,4514,6095,7848,9690,11497,13401,1479,1520,1581,1753,1842,1807,1904
42208,"Sullivan, Angela",non-elite,1662,3332,4997,6656,8326,10000,11696,13388,1670,1665,1659,1670,1674,1696,1692
42209,"Davidson, Amanda W.",non-elite,1592,3176,4744,6341,8029,9863,11604,13399,1584,1568,1597,1688,1834,1741,1795
42210,"Lawton, Katherine K",non-elite,1530,3106,4797,6485,8191,9974,11745,13440,1576,1691,1688,1706,1783,1771,1695
42211,"Henriksen, Beth",non-elite,1585,3200,4818,6436,8067,9749,11526,13335,1615,1618,1618,1631,1682,1777,1809
42212,"Rafanelli, Bryan",non-elite,1698,3205,4743,6349,7988,9707,11489,13314,1507,1538,1606,1639,1719,1782,1825
42213,"McDonald, Matthew F.",non-elite,1594,3160,4874,6568,8328,10008,11701,13387,1566,1714,1694,1760,1680,1693,1686
42214,"Hanlin, Michelle",non-elite,1575,3148,4681,6270,7891,9612,11459,13330,1573,1533,1589,1621,1721,1847,1871
42215,"Craddock, Michele",non-elite,1580,3182,4802,6427,8080,9799,11598,13338,1602,1620,1625,1653,1719,1799,1740
42216,"Weibel, Kim M",non-elite,1573,3185,4812,6463,8145,9898,11670,13388,1612,1627,1651,1682,1753,1772,1718
42217,"Mutter, Katie",non-elite,1261,2541,3826,5221,6701,8348,10277,12939,1280,1285,1395,1480,1647,1929,2662
42218,"Kennedy, Natasha",non-elite,1532,3115,4749,6432,8105,9861,11632,13371,1583,1634,1683,1673,1756,1771,1739
42219,"Hart, Kumiko",non-elite,1635,3279,4940,6615,8263,9963,11693,13402,1644,1661,1675,1648,1700,1730,1709
42220,"Windt, Carly E",non-elite,1366,2727,4201,5881,7586,9545,11720,13469,1361,1474,1680,1705,1959,2175,1749
42221,"Wagner, Julie",non-elite,1610,3238,4866,6504,8146,9869,11679,13385,1628,1628,1638,1642,1723,1810,1706
42222,"Spaulding, Tracy",non-elite,1444,2902,4359,5845,7329,8962,11088,13213,1458,1457,1486,1484,1633,2126,2125
42223,"Williams, Kristin L.",non-elite,1527,3078,4677,6297,7925,9671,11479,13313,1551,1599,1620,1628,1746,1808,1834
42224,"Brenner, Samuel M.",non-elite,1573,3068,4564,6077,7645,9493,11590,13426,1495,1496,1513,1568,1848,2097,1836
42225,"Warren, Kersten D",non-elite,1503,3006,4538,6170,7804,9550,11341,13244,1503,1532,1632,1634,1746,1791,1903
42226,"Crone, Shannon",non-elite,1441,2937,4562,6263,7928,9658,11544,13363,1496,1625,1701,1665,1730,1886,1819
42227,"Richards, Erin T",non-elite,1526,3096,4706,6362,8049,9798,11603,13368,1570,1610,1656,1687,1749,1805,1765
42228,"Deavila, Peter",non-elite,1226,2504,4028,5579,7385,9090,11474,13393,1278,1524,1551,1806,1705,2384,1919
42229,"Welch, Merrily J",non-elite,1528,3082,4672,6309,8123,9845,11682,13399,1554,1590,1637,1814,1722,1837,1717
42230,"Sotelo, Alvin",non-elite,1382,2795,4252,5913,7631,9545,11394,13312,1413,1457,1661,1718,1914,1849,1918
42231,"Rietzke, Jenna L.",non-elite,1419,2850,4312,5839,7473,9306,11415,13416,1431,1462,1527,1634,1833,2109,2001
42232,"Deardorff, Bill",non-elite,1530,3067,4619,6261,7920,9679,11513,13352,1537,1552,1642,1659,1759,1834,1839
42233,"Yeates, Bill",non-elite,1537,3107,4673,6281,7907,9648,11526,13361,1570,1566,1608,1626,1741,1878,1835
42234,"Zlatic, Kelly",non-elite,1625,3260,4939,6608,8244,9949,11674,13413,1635,1679,1669,1636,1705,1725,1739
42235,"Smith, Laura",non-elite,1408,2840,4392,6065,7894,9660,11510,13348,1432,1552,1673,1829,1766,1850,1838
42236,"Sanchez, Francisco",non-elite,1538,3072,4641,6234,7827,9517,11312,13254,1534,1569,1593,1593,1690,1795,1942
42237,"Preisinger, Sabine",non-elite,1373,2806,4346,6014,7700,9553,11626,13375,1433,1540,1668,1686,1853,2073,1749
42238,"Murphy, Amy B",non-elite,1418,2825,4272,5885,7932,9861,11631,13462,1407,1447,1613,2047,1929,1770,1831
42239,"Emmerich, Melissa",non-elite,1502,3022,4563,6150,7809,9612,11511,13398,1520,1541,1587,1659,1803,1899,1887
42240,"Klein, Marjorie",non-elite,1578,3180,4803,6435,8084,9818,11615,13401,1602,1623,1632,1649,1734,1797,1786
42241,"Bennett, Andrea L",non-elite,1575,3205,4879,6556,8246,9936,11700,13419,1630,1674,1677,1690,1690,1764,1719
42242,"Magee, Jessie",non-elite,1552,3116,4719,6346,7991,9712,11536,13342,1564,1603,1627,1645,1721,1824,1806
42243,"Kallenbach, Marcus",non-elite,1353,2748,4173,5643,7183,8910,10913,13279,1395,1425,1470,1540,1727,2003,2366
42244,"Kania, Christie L.",non-elite,1556,3126,4725,6501,8101,9780,11551,13387,1570,1599,1776,1600,1679,1771,1836
42245,"Arvizu, Marcela",non-elite,1519,3027,4555,6133,7731,9353,11599,13460,1508,1528,1578,1598,1622,2246,1861
42246,"Aguilar-Ramirez, Laura",non-elite,1558,3163,4786,6558,8196,9935,11646,13295,1605,1623,1772,1638,1739,1711,1649
42247,"Turner, Steve R.",non-elite,1649,3183,4715,6351,8055,9858,11706,13421,1534,1532,1636,1704,1803,1848,1715
42248,"Bullerjahn, Lucas S.",non-elite,1618,3201,4779,6406,8056,9845,11597,13396,1583,1578,1627,1650,1789,1752,1799
42249,"Glazier, Cheree",non-elite,1595,3192,4816,6476,8143,9873,11695,13444,1597,1624,1660,1667,1730,1822,1749
42250,"Bullerjahn, Kyle",non-elite,1618,3201,4778,6406,8034,9845,11597,13396,1583,1577,1628,1628,1811,1752,1799
42251,"Sutton, Morris A.",non-elite,1691,3328,4959,6600,8315,10062,11768,13418,1637,1631,1641,1715,1747,1706,1650
42252,"Kolsrud, Racquel L",non-elite,1470,2970,4488,6001,7563,9443,11291,13344,1500,1518,1513,1562,1880,1848,2053
42253,"Mcgrady, Kevin R",non-elite,1405,2876,4658,6384,8198,9966,11769,13426,1471,1782,1726,1814,1768,1803,1657
42254,"Hallowell, Samantha",non-elite,1596,3197,4801,6425,8088,9825,11634,13416,1601,1604,1624,1663,1737,1809,1782
42255,"Friedrich, Donna",non-elite,1723,3451,5189,6970,8661,10344,11972,13464,1728,1738,1781,1691,1683,1628,1492
42256,"Guenther, Julia",non-elite,1417,2849,4338,5918,7653,9379,11326,13241,1432,1489,1580,1735,1726,1947,1915
42257,"Laframboise, Christine",non-elite,1646,3312,4973,6639,8311,10026,11755,13417,1666,1661,1666,1672,1715,1729,1662
42258,"Windsor, Sol K",non-elite,1533,3137,4770,6433,8105,9868,11703,13402,1604,1633,1663,1672,1763,1835,1699
42259,"Boyt, Crystal L",non-elite,1541,3028,4546,6145,7840,9656,11575,13348,1487,1518,1599,1695,1816,1919,1773
42260,"Mower, Clark",non-elite,1370,2745,4373,6018,7653,9542,11545,13359,1375,1628,1645,1635,1889,2003,1814
42261,"Ohm, Sarah N",non-elite,1513,3016,4559,6179,7832,9589,11419,13315,1503,1543,1620,1653,1757,1830,1896
42262,"Radke, Christy C",non-elite,1588,3180,4772,6402,8050,9794,11664,13390,1592,1592,1630,1648,1744,1870,1726
42263,"Howe, Bobby D",non-elite,1528,3050,4616,6223,8107,9792,11654,13420,1522,1566,1607,1884,1685,1862,1766
42264,"Nieves, Lizbeth",non-elite,1570,3134,4711,6313,7978,9717,11593,13350,1564,1577,1602,1665,1739,1876,1757
42265,"Wittbold, Kiernan M.",non-elite,1883,3595,5153,6693,8216,9846,11560,13345,1712,1558,1540,1523,1630,1714,1785
42266,"Kovacs, Gregory S.",non-elite,1398,2856,4398,6034,7787,9631,11528,13389,1458,1542,1636,1753,1844,1897,1861
42267,"Tokarska, Sylwia L.",non-elite,1550,3099,4708,6366,8060,9889,11728,13414,1549,1609,1658,1694,1829,1839,1686
42268,"Warshaw, Erin",non-elite,1479,3033,4665,6310,7973,9723,11561,13364,1554,1632,1645,1663,1750,1838,1803
42269,"Gauthier, Sandra",non-elite,1597,3216,4872,6552,8246,10015,11776,13445,1619,1656,1680,1694,1769,1761,1669
42270,"Grzybinski, Mary A.",non-elite,1606,3190,4763,6385,8045,9784,11580,13354,1584,1573,1622,1660,1739,1796,1774
42271,"Karrigan, Erin C",non-elite,1583,3182,4807,6435,8127,9883,11661,13399,1599,1625,1628,1692,1756,1778,1738
42272,"Faulk, Andrea",non-elite,1638,3297,4964,6654,8342,10058,11768,13434,1659,1667,1690,1688,1716,1710,1666
42273,"Liu-Stenger, Su-Nin",non-elite,1561,3128,4734,6400,8052,9816,11632,13373,1567,1606,1666,1652,1764,1816,1741
42274,"Hunter, Allison",non-elite,1467,2919,4423,6039,7787,9577,11539,13412,1452,1504,1616,1748,1790,1962,1873
42275,"Rose, Carol A.",non-elite,1501,3031,4610,6235,7907,9645,11599,13356,1530,1579,1625,1672,1738,1954,1757
42276,"Thomas, Rick L.",non-elite,1480,2915,4381,5896,7473,9206,11119,13383,1435,1466,1515,1577,1733,1913,2264
42277,"Holley, Lecia",non-elite,1614,3216,4859,6529,8228,9973,11785,13454,1602,1643,1670,1699,1745,1812,1669
42278,"Wimmer, Michael",non-elite,1332,2786,4344,6040,7808,9683,11569,13387,1454,1558,1696,1768,1875,1886,1818
42279,"Berk, Jennifer",non-elite,1567,3135,4723,6373,8029,9747,11565,13402,1568,1588,1650,1656,1718,1818,1837
42280,"Kim, Kwangho",non-elite,1480,2984,4496,6056,7670,9382,11160,13033,1504,1512,1560,1614,1712,1778,1873
42281,"Carter, Diana",non-elite,1597,3204,4828,6453,8108,9862,11675,13400,1607,1624,1625,1655,1754,1813,1725
42282,"Crnkovic, Bryan R",non-elite,1453,2946,4480,6075,7701,9480,11356,13338,1493,1534,1595,1626,1779,1876,1982
42283,"Hamby, Scott A",non-elite,1529,3077,4684,6426,8092,9849,11641,13393,1548,1607,1742,1666,1757,1792,1752
42284,"Adachi, Tomoki",non-elite,1750,3378,4993,6601,8201,9900,11631,13363,1628,1615,1608,1600,1699,1731,1732
42285,"Funk, Jennifer R",non-elite,1529,3077,4684,6430,8093,9850,11641,13394,1548,1607,1746,1663,1757,1791,1753
42286,"Nayar, Michelle",non-elite,1541,3087,4674,6309,7958,9652,11492,13335,1546,1587,1635,1649,1694,1840,1843
42287,"Solmos, Michael J.",non-elite,1503,2955,4400,5915,7699,9655,11479,13477,1452,1445,1515,1784,1956,1824,1998
42288,"Davis, Denise",non-elite,1574,3187,4820,6461,8125,9824,11609,13358,1613,1633,1641,1664,1699,1785,1749
42289,"Haffey, William J.",non-elite,1577,3184,4778,6529,8123,9847,11613,13353,1607,1594,1751,1594,1724,1766,1740
42290,"Van Delft, Bas P.",non-elite,1326,2709,4181,5794,7429,9378,11313,13266,1383,1472,1613,1635,1949,1935,1953
42291,"Prasuhn, Jay",non-elite,1603,3136,4674,6217,7819,9671,11618,13392,1533,1538,1543,1602,1852,1947,1774
42292,"Smith, Thane",non-elite,1469,2972,4454,6163,7751,9386,11112,13101,1503,1482,1709,1588,1635,1726,1989
42293,"Branton, Benjamin T.",non-elite,1677,3165,4667,6244,7874,9567,11521,13345,1488,1502,1577,1630,1693,1954,1824
42294,"Gibian, Karen L",non-elite,1666,3319,4949,6599,8277,9999,11703,13410,1653,1630,1650,1678,1722,1704,1707
42295,"Tam, Megan E",non-elite,1562,3143,4716,6311,7979,9702,11526,13383,1581,1573,1595,1668,1723,1824,1857
42296,"Kerr, Don",non-elite,1583,3160,4745,6314,7923,9622,11442,13318,1577,1585,1569,1609,1699,1820,1876
42297,"Cannon, Lisa",non-elite,1572,3175,4803,6469,8139,9900,11679,13424,1603,1628,1666,1670,1761,1779,1745
42298,"Bloomquist, David V.",non-elite,1671,3332,5007,6689,8365,10043,11742,13411,1661,1675,1682,1676,1678,1699,1669
42299,"Beckwith, Tina",non-elite,1649,3302,4939,6568,8195,9865,11571,13409,1653,1637,1629,1627,1670,1706,1838
42300,"O'Toole, Diane M.",non-elite,1575,3149,4738,6352,7991,9734,11594,13369,1574,1589,1614,1639,1743,1860,1775
42301,"Howe, Catherine L",non-elite,1518,3088,4735,7388,8930,10497,12046,13531,1570,1647,2653,1542,1567,1549,1485
42302,"Abrahamson, Dale",non-elite,1586,3202,4869,6595,8259,9989,11742,13422,1616,1667,1726,1664,1730,1753,1680
42303,"Marsh, Cynthia",non-elite,1539,3035,4562,6149,7734,9842,11641,13375,1496,1527,1587,1585,2108,1799,1734
42304,"Sypek, Steve",non-elite,1696,3270,4905,6468,8021,9653,11427,13324,1574,1635,1563,1553,1632,1774,1897
42305,"Keane, Michele",non-elite,1579,3200,4881,6511,8119,9782,11573,13326,1621,1681,1630,1608,1663,1791,1753
42306,"Humphrey, Robyn",non-elite,1542,3048,4525,6022,7556,9266,11302,13337,1506,1477,1497,1534,1710,2036,2035
42307,"Sachar, Sherre M.",non-elite,1502,3008,4569,6194,7870,9634,11494,13389,1506,1561,1625,1676,1764,1860,1895
42308,"Parenti, Dion",non-elite,1382,2792,4222,5773,7391,9071,11044,13250,1410,1430,1551,1618,1680,1973,2206
42309,"Shaffer, Kathrine",non-elite,1437,2899,4398,6014,7737,9478,11345,13339,1462,1499,1616,1723,1741,1867,1994
42310,"Voss, Christopher",non-elite,1572,3104,4616,6227,7826,9559,11337,13397,1532,1512,1611,1599,1733,1778,2060
42311,"Rice, Don W",non-elite,1600,3195,4786,6404,8040,9781,11609,13379,1595,1591,1618,1636,1741,1828,1770
42312,"Lysniak, Ula",non-elite,1578,3189,4857,6576,8243,9985,11754,13432,1611,1668,1719,1667,1742,1769,1678
42313,"Wilson, Timothy D",non-elite,1420,2891,4381,5942,7562,9364,11331,13276,1471,1490,1561,1620,1802,1967,1945
42314,"Caris, David C.",non-elite,1579,3167,4757,6381,8005,9722,11550,13359,1588,1590,1624,1624,1717,1828,1809
42315,"Dube, Carole",non-elite,1640,3259,4899,6560,8213,9909,11673,13415,1619,1640,1661,1653,1696,1764,1742
42316,"Faith, Michelle L",non-elite,1605,3245,4866,6497,8148,9848,11635,13409,1640,1621,1631,1651,1700,1787,1774
42317,"Resney, Romney",non-elite,1477,3021,4632,6309,7990,9782,11613,13382,1544,1611,1677,1681,1792,1831,1769
42318,"Zamperini, John P",non-elite,1487,3044,4603,6192,7801,9515,11384,13301,1557,1559,1589,1609,1714,1869,1917
42319,"Huston, Jodi",non-elite,1505,2968,4428,5946,7645,9425,11449,13424,1463,1460,1518,1699,1780,2024,1975
42320,"Saunders, Michelle",non-elite,1595,3225,4889,6557,8198,9942,11710,13426,1630,1664,1668,1641,1744,1768,1716
42321,"Cave, Stephen F.",non-elite,1504,2973,4463,6051,7726,9565,11588,13396,1469,1490,1588,1675,1839,2023,1808
42322,"Vella, Gail P",non-elite,1550,3113,4699,6361,8023,9738,11610,13414,1563,1586,1662,1662,1715,1872,1804
42323,"Wagner, C J",non-elite,1498,3061,4626,6252,7918,9685,11602,13381,1563,1565,1626,1666,1767,1917,1779
42324,"Hahn, Roger",non-elite,1619,3237,4877,6519,8143,9785,11464,13225,1618,1640,1642,1624,1642,1679,1761
42325,"Castillo, John C.",non-elite,1436,2976,4565,6239,7961,9822,11617,13401,1540,1589,1674,1722,1861,1795,1784
42326,"Brown, James R.",non-elite,1494,3032,4583,6174,7801,9584,11472,13304,1538,1551,1591,1627,1783,1888,1832
42327,"Solomine, Kim",non-elite,1584,3209,4891,6600,8279,9999,11766,13449,1625,1682,1709,1679,1720,1767,1683
42328,"Bolivar Carreno, Pilar",non-elite,1654,3264,4888,6512,8155,9810,11488,13250,1610,1624,1624,1643,1655,1678,1762
42329,"Hodak, Michael J.",non-elite,1486,3055,4672,6323,7967,9718,11556,13358,1569,1617,1651,1644,1751,1838,1802
42330,"Goolsby, Regina M",non-elite,1546,3146,4773,6409,8056,9778,11580,13374,1600,1627,1636,1647,1722,1802,1794
42331,"Huyffer, Eric",non-elite,1460,2941,4471,6077,7714,9482,11382,13341,1481,1530,1606,1637,1768,1900,1959
42332,"Gagnier, Brooke",non-elite,1706,3389,5042,6673,8414,10112,11814,13472,1683,1653,1631,1741,1698,1702,1658
42333,"Saul, Jeff",non-elite,1308,2617,3933,5320,6806,8560,10399,13152,1309,1316,1387,1486,1754,1839,2753
42334,"Ming, Wisdom",non-elite,1642,3264,4863,6520,8237,9931,11689,13431,1622,1599,1657,1717,1694,1758,1742
42335,"Bouton, Richard",non-elite,1517,3113,4709,6340,7978,9690,11470,13326,1596,1596,1631,1638,1712,1780,1856
42336,"Burchett, Melissa L.",non-elite,1489,2953,4413,5992,7892,9753,11666,13478,1464,1460,1579,1900,1861,1913,1812
42337,"Chase, Hazel",non-elite,1526,3053,4625,6290,7987,9888,11717,13466,1527,1572,1665,1697,1901,1829,1749
42338,"Wilson, Clinton",non-elite,1313,2650,4114,5645,7205,8998,10869,13264,1337,1464,1531,1560,1793,1871,2395
42339,"Williams, Jennifer",non-elite,1407,2794,4206,5642,7226,9746,11709,13464,1387,1412,1436,1584,2520,1963,1755
42340,"Mulcahy, Jacqueline",non-elite,1553,3150,4773,6428,8074,9823,11615,13397,1597,1623,1655,1646,1749,1792,1782
42341,"Gaudet, Timothy J",non-elite,1557,3150,4761,6413,8038,9755,11568,13351,1593,1611,1652,1625,1717,1813,1783
42342,"Allen, Bryan F",non-elite,1409,2984,4731,6449,8086,9914,11688,13412,1575,1747,1718,1637,1828,1774,1724
42343,"Sviergula, Susanne M",non-elite,1653,3275,4898,6530,8185,9889,11677,13421,1622,1623,1632,1655,1704,1788,1744
42344,"Tiemann, Kevin",non-elite,1338,2677,4039,5497,7073,8850,11003,13288,1339,1362,1458,1576,1777,2153,2285
42345,"Bowman, Chris",non-elite,1448,2914,4383,5953,7517,9283,11240,13320,1466,1469,1570,1564,1766,1957,2080
42346,"Malm, James R.",non-elite,1454,2881,4373,5906,7513,9274,11395,13353,1427,1492,1533,1607,1761,2121,1958
42347,"Wyman, Lisa A.",non-elite,1655,3307,4957,6610,8256,9974,11723,13439,1652,1650,1653,1646,1718,1749,1716
42348,"Buckheit, Richard A",non-elite,1421,2853,4289,5796,7339,9161,11142,13288,1432,1436,1507,1543,1822,1981,2146
42349,"Gagnon, Melanie",non-elite,1625,3270,4936,6607,8268,10002,11749,13442,1645,1666,1671,1661,1734,1747,1693
42350,"Malik, Vinu P.",non-elite,1680,3223,4757,6253,7743,9673,11688,13428,1543,1534,1496,1490,1930,2015,1740
42351,"Castronuovo, Lynne A",non-elite,1593,3216,4819,6425,8090,9743,11499,13396,1623,1603,1606,1665,1653,1756,1897
42352,"Ohrenberger, Anne",non-elite,1586,3174,4786,6400,8021,9826,11714,13518,1588,1612,1614,1621,1805,1888,1804
42353,"Kolster, Kristin P.",non-elite,1587,3152,4767,6378,7999,9695,11507,13356,1565,1615,1611,1621,1696,1812,1849
42354,"O'Donnel, Marjorie",non-elite,1636,3303,4976,6639,8293,9988,11745,13444,1667,1673,1663,1654,1695,1757,1699
42355,"Zeldin, Jessica",non-elite,1585,3197,4846,6534,8201,9953,11734,13428,1612,1649,1688,1667,1752,1781,1694
42356,"Martin, Rick",non-elite,1636,3265,4902,6577,8237,9973,11761,13442,1629,1637,1675,1660,1736,1788,1681
42357,"Guzman, Jorge",non-elite,1594,3171,4758,6356,7978,9675,11527,13376,1577,1587,1598,1622,1697,1852,1849
42358,"Callow, Dawn G",non-elite,1649,3307,4968,6652,8352,10069,11809,13482,1658,1661,1684,1700,1717,1740,1673
42359,"Ruetz, Ed",non-elite,1542,3100,4654,6221,7816,9523,11401,13326,1558,1554,1567,1595,1707,1878,1925
42360,"Baxter, Rebecca M.",non-elite,1640,3300,4960,6639,8292,9996,11739,13430,1660,1660,1679,1653,1704,1743,1691
42361,"White, Dennis",non-elite,1584,3269,4994,6700,8400,10148,11882,13470,1685,1725,1706,1700,1748,1734,1588
42362,"Steinmann, Alysia R",non-elite,1468,2980,4518,6088,7676,9333,11486,13449,1512,1538,1570,1588,1657,2153,1963
42363,"Hidenfelter, Mindy H",non-elite,1582,3195,4778,6392,8021,9710,11483,13335,1613,1583,1614,1629,1689,1773,1852
42364,"Ivy, Lea",non-elite,1437,2890,4343,5990,7520,9353,11425,13467,1453,1453,1647,1530,1833,2072,2042
42365,"An, Kenzo",non-elite,1736,3349,4981,6623,8296,10007,11715,13437,1613,1632,1642,1673,1711,1708,1722
42366,"Howe, George H",non-elite,1506,3046,4622,6317,7923,9654,11577,13385,1540,1576,1695,1606,1731,1923,1808
42367,"Wienecke, David L.",non-elite,1455,2935,4479,6058,7659,9339,11268,13218,1480,1544,1579,1601,1680,1929,1950
42368,"Kok, Irene A.",non-elite,1478,3078,4761,6466,8146,9881,11691,13450,1600,1683,1705,1680,1735,1810,1759
42369,"Spencer, David",non-elite,1493,3006,4588,6211,7922,9681,11528,13417,1513,1582,1623,1711,1759,1847,1889
42370,"Heacock, Roger R",non-elite,1647,3307,4970,6638,8288,10011,11743,13415,1660,1663,1668,1650,1723,1732,1672
42371,"Lauer, Jonathan L",non-elite,1422,2874,4355,5900,7551,9247,11273,13382,1452,1481,1545,1651,1696,2026,2109
42372,"Horner, Katie A",non-elite,1429,2867,4341,5973,7589,9329,11263,13236,1438,1474,1632,1616,1740,1934,1973
42373,"Korell, Monica",non-elite,1584,3193,4851,6540,8231,9984,11780,13463,1609,1658,1689,1691,1753,1796,1683
42374,"Stewart, Bonnie",non-elite,1680,3333,4978,6596,8220,9926,11662,13405,1653,1645,1618,1624,1706,1736,1743
42375,"Miksch, Linda R",non-elite,1630,3236,4864,6488,8147,9857,11656,13425,1606,1628,1624,1659,1710,1799,1769
42376,"Lacount, Catherine A",non-elite,1522,3044,4658,6212,7898,9574,11455,13360,1522,1614,1554,1686,1676,1881,1905
42377,"Hogue, Heather",non-elite,1519,3060,4646,6289,7934,9678,11590,13388,1541,1586,1643,1645,1744,1912,1798
42378,"Savacool, Julia A",non-elite,1437,2965,4594,6272,7939,9721,11580,13376,1528,1629,1678,1667,1782,1859,1796
42379,"Lodigiani, Molly R.",non-elite,1804,3532,5092,6755,8426,10203,11886,13531,1728,1560,1663,1671,1777,1683,1645
42380,"Miller, Raymond",non-elite,1543,3159,4772,6447,8147,9873,11671,13421,1616,1613,1675,1700,1726,1798,1750
42381,"Mcguiggan, Paula",non-elite,1591,3203,4808,6436,8071,9783,11586,13377,1612,1605,1628,1635,1712,1803,1791
42382,"Hatch, Heather",non-elite,1604,3243,4874,6519,8184,9893,11662,13424,1639,1631,1645,1665,1709,1769,1762
42383,"Nicholas, Jennifer",non-elite,1554,3142,4753,6394,8073,9843,11683,13440,1588,1611,1641,1679,1770,1840,1757
42384,"Jordan, Chris",non-elite,1306,2649,4021,5478,7118,9171,11300,13348,1343,1372,1457,1640,2053,2129,2048
42385,"Reina, Laura",non-elite,1599,3215,4863,6512,8159,9843,11603,13420,1616,1648,1649,1647,1684,1760,1817
42386,"Makinen, Raimo J.",non-elite,1606,3227,4863,6528,8180,9894,11650,13406,1621,1636,1665,1652,1714,1756,1756
42387,"Donnelly, Pamela J",non-elite,1588,3183,4765,6371,7985,9702,11519,13359,1595,1582,1606,1614,1717,1817,1840
42388,"Bechthold, Julie E.",non-elite,1604,3243,4874,6521,8184,9901,11663,13424,1639,1631,1647,1663,1717,1762,1761
42389,"Duke, Nancy M",non-elite,1519,3073,4724,6414,8121,9869,11694,13419,1554,1651,1690,1707,1748,1825,1725
42390,"Smith, Kathy",non-elite,1542,3115,4797,6420,8099,9862,11717,13427,1573,1682,1623,1679,1763,1855,1710
42391,"Ran, Qian",non-elite,1557,3128,4737,6429,8137,9904,11767,13422,1571,1609,1692,1708,1767,1863,1655
42392,"O'Brien, James",non-elite,1500,3001,4517,6070,7608,9200,10891,13386,1501,1516,1553,1538,1592,1691,2495
42393,"Chaulet, Lorna M.",non-elite,1616,3235,4886,6515,8171,9927,11701,13437,1619,1651,1629,1656,1756,1774,1736
42394,"Staph, Josh",non-elite,1614,3195,4743,6330,7952,9668,11493,13371,1581,1548,1587,1622,1716,1825,1878
42395,"Buderwitz, Geri",non-elite,1535,3076,4641,6256,7909,9695,11559,13405,1541,1565,1615,1653,1786,1864,1846
42396,"Schoenholz, Christine T",non-elite,1624,3226,4847,6517,8221,9951,11762,13441,1602,1621,1670,1704,1730,1811,1679
42397,"Lustenberger, Johann",non-elite,1644,3305,4971,6647,8300,10007,11727,13432,1661,1666,1676,1653,1707,1720,1705
42398,"Marsico, Michael A",non-elite,1574,3165,4777,6415,8075,9817,11600,13396,1591,1612,1638,1660,1742,1783,1796
42399,"Dibernardo, Dino",non-elite,1467,2959,4493,6096,7736,9490,11341,13294,1492,1534,1603,1640,1754,1851,1953
42400,"Rayburn, Michaele",non-elite,1451,2925,4419,6070,7841,9719,11705,13502,1474,1494,1651,1771,1878,1986,1797
42401,"Howe, Stephen C.",non-elite,1616,3240,4877,6572,8241,9963,11769,13480,1624,1637,1695,1669,1722,1806,1711
42402,"Syska, Samantha J.",non-elite,1668,3265,4879,6509,8144,9841,11620,13408,1597,1614,1630,1635,1697,1779,1788
42403,"MacPherson, Kristina",non-elite,1542,3136,4724,6371,8121,9919,11731,13433,1594,1588,1647,1750,1798,1812,1702
42404,"Williamson, Sarah A",non-elite,1385,2764,4202,5942,7783,9686,11590,13391,1379,1438,1740,1841,1903,1904,1801
42405,"Allocco, Danielle",non-elite,1447,2882,4317,5837,7436,9147,10968,13149,1435,1435,1520,1599,1711,1821,2181
42406,"Boyd, Bruce C",non-elite,1553,3116,4660,6217,7777,9397,11282,13297,1563,1544,1557,1560,1620,1885,2015
42407,"Marciello, Jordan M.",non-elite,1668,3266,4879,6509,8144,9842,11621,13409,1598,1613,1630,1635,1698,1779,1788
42408,"Moore, Cowan H",non-elite,1386,2765,4223,6029,7784,9687,11590,13392,1379,1458,1806,1755,1903,1903,1802
42409,"Koepke, Rolf",non-elite,1447,2928,4438,6039,7677,9422,11379,13314,1481,1510,1601,1638,1745,1957,1935
42410,"Kent, Chris",non-elite,1411,2875,4411,6061,7787,9666,11589,13430,1464,1536,1650,1726,1879,1923,1841
42411,"Brockway, Laurie",non-elite,1558,3126,4719,6331,7985,9732,11575,13403,1568,1593,1612,1654,1747,1843,1828
42412,"Carter, Jennifer L.",non-elite,1616,3259,4880,6518,8238,9959,11711,13445,1643,1621,1638,1720,1721,1752,1734
42413,"O'Leary, Amy L.",non-elite,1612,3259,4921,6607,8290,10015,11766,13436,1647,1662,1686,1683,1725,1751,1670
42414,"Diaz-Acevedo, Zenaida",non-elite,1623,3258,4879,6533,8178,9918,11717,13446,1635,1621,1654,1645,1740,1799,1729
42415,"Hebert, Sophie",non-elite,1562,3191,4867,6585,8263,10008,11773,13444,1629,1676,1718,1678,1745,1765,1671
42416,"Jessee, Kris M.",non-elite,1559,3122,4704,6349,8017,9779,11599,13393,1563,1582,1645,1668,1762,1820,1794
42417,"Burger, Devorah",non-elite,1580,3146,4810,6485,8179,9923,11705,13416,1566,1664,1675,1694,1744,1782,1711
42418,"Colleran, Tim",non-elite,1591,3194,4802,6459,8096,9850,11654,13430,1603,1608,1657,1637,1754,1804,1776
42419,"Rush, Mark T",non-elite,1470,2987,4573,6219,7918,9760,11619,13414,1517,1586,1646,1699,1842,1859,1795
42420,"McCready, Sheri L.",non-elite,1599,3236,4893,6564,8226,9954,11735,13442,1637,1657,1671,1662,1728,1781,1707
42421,"Randall, Keith T.",non-elite,1270,2578,3917,5303,6722,8499,10368,12928,1308,1339,1386,1419,1777,1869,2560
42422,"Grover, Emily",non-elite,1746,3380,5039,6727,8434,10142,11861,13500,1634,1659,1688,1707,1708,1719,1639
42423,"Toledo, Ronald D.",non-elite,1392,2842,4324,5958,7781,9719,11784,13554,1450,1482,1634,1823,1938,2065,1770
42424,"Tetrault, Kristin S.",non-elite,1537,3135,4738,6379,8073,9869,11710,13475,1598,1603,1641,1694,1796,1841,1765
42425,"Walston, Noemi J",non-elite,1591,3216,4984,6649,8321,10019,11780,13453,1625,1768,1665,1672,1698,1761,1673
42426,"Cheung, Pui Ling Pauline",non-elite,1532,3137,4824,6570,8264,9966,11706,13453,1605,1687,1746,1694,1702,1740,1747
42427,"Robbins, Amy",non-elite,1445,2915,4456,6092,7785,9570,11527,13387,1470,1541,1636,1693,1785,1957,1860
42428,"Desilva, Mary",non-elite,1622,3265,4923,6593,8259,9972,11747,13446,1643,1658,1670,1666,1713,1775,1699
42429,"Cuahuizo, Ricardo",non-elite,1206,2448,3853,5435,7260,9151,11153,13271,1242,1405,1582,1825,1891,2002,2118
42430,"Hoobler, Meghan",non-elite,1644,3293,4933,6597,8262,9980,11729,13458,1649,1640,1664,1665,1718,1749,1729
42431,"Alves, Tania R. Sr.",non-elite,1514,3059,4631,6266,7957,9788,11694,13406,1545,1572,1635,1691,1831,1906,1712
42432,"Rozental, Tamara D.",non-elite,1683,3377,5045,6687,8355,10044,11777,13479,1694,1668,1642,1668,1689,1733,1702
42433,"Schlereth, Joe",non-elite,1597,3173,4812,6468,8150,9894,11705,13432,1576,1639,1656,1682,1744,1811,1727
42434,"Katson, Mery-Angela",non-elite,1625,3266,4918,6577,8274,9996,11750,13449,1641,1652,1659,1697,1722,1754,1699
42435,"Caldwell, James A.",non-elite,1732,3239,4768,6464,8090,9860,11692,13429,1507,1529,1696,1626,1770,1832,1737
42436,"Medernach, Jennifer",non-elite,1569,3181,4809,6437,8092,9820,11651,13423,1612,1628,1628,1655,1728,1831,1772
42437,"Ramirez, Elizabeth",non-elite,1668,3312,4963,6619,8281,9994,11755,13410,1644,1651,1656,1662,1713,1761,1655
42438,"Abbott, Glenn",non-elite,1435,2866,4351,5938,7597,9392,11357,13286,1431,1485,1587,1659,1795,1965,1929
42439,"Abounader, Ileana",non-elite,1625,3256,4887,6518,8165,9885,11655,13422,1631,1631,1631,1647,1720,1770,1767
42440,"Keefe, Andrew J.",non-elite,1742,3426,5109,6788,8451,10134,11797,13472,1684,1683,1679,1663,1683,1663,1675
42441,"Gay, Glenn",non-elite,1419,2865,4331,5845,7441,9276,11197,13263,1446,1466,1514,1596,1835,1921,2066
42442,"Tiernan, Jena L",non-elite,1436,2860,4317,5825,7599,9638,11524,13478,1424,1457,1508,1774,2039,1886,1954
42443,"Kadowaki, Misao",non-elite,1473,2972,4505,6236,7955,9708,11650,13409,1499,1533,1731,1719,1753,1942,1759
42444,"Lambert, Zoila M",non-elite,1586,3145,4777,6366,7996,9759,11564,13386,1559,1632,1589,1630,1763,1805,1822
42445,"Mccarthy, Erin",non-elite,1530,3074,4723,6448,8280,10091,11863,13519,1544,1649,1725,1832,1811,1772,1656
42446,"Lepp, Harry",non-elite,1572,3202,4861,6550,8227,9964,11739,13428,1630,1659,1689,1677,1737,1775,1689
42447,"Morinville, Anne",non-elite,1584,3190,4807,6479,8133,9857,11646,13403,1606,1617,1672,1654,1724,1789,1757
42448,"Miller, Philip",non-elite,1504,3021,4587,6245,7877,9709,11597,13354,1517,1566,1658,1632,1832,1888,1757
42449,"Carlson, Kelcey",non-elite,1430,2891,4354,5841,7377,9239,11261,13253,1461,1463,1487,1536,1862,2022,1992
42450,"Hollnagel, Norma",non-elite,1483,2956,4444,5979,7549,9252,11247,13361,1473,1488,1535,1570,1703,1995,2114
42451,"Helfman, Lester",non-elite,1561,3148,4729,6322,7916,9587,11360,13308,1587,1581,1593,1594,1671,1773,1948
42452,"Engquist, Jonathan W.",non-elite,1653,3250,4880,6534,8189,9916,11703,13431,1597,1630,1654,1655,1727,1787,1728
42453,"Rusert, Lynette A",non-elite,1573,3166,4777,6416,8078,9817,11640,13406,1593,1611,1639,1662,1739,1823,1766
42454,"Kanai, Ryoshin",non-elite,1610,3214,4803,6437,8071,9811,11643,13396,1604,1589,1634,1634,1740,1832,1753
42455,"Pearson, Norris",non-elite,1504,3006,4551,6160,7771,9459,11292,13445,1502,1545,1609,1611,1688,1833,2153
42456,"Kanwischer, Kathy A",non-elite,1524,3077,4708,6404,8110,9889,11682,13419,1553,1631,1696,1706,1779,1793,1737
42457,"Tsuboi, Masayo",non-elite,1614,3198,4799,6464,8163,9992,11809,13474,1584,1601,1665,1699,1829,1817,1665
42458,"Niswander, Susan",non-elite,1571,3168,4791,6451,8111,9885,11713,13431,1597,1623,1660,1660,1774,1828,1718
42459,"Manser, Erich",non-elite,1577,3084,4562,6094,7676,9448,11369,13317,1507,1478,1532,1582,1772,1921,1948
42460,"Klink, Laura J",non-elite,1541,3122,4666,6361,8100,9907,11725,13416,1581,1544,1695,1739,1807,1818,1691
42461,"Lansky, Aly",non-elite,1486,2980,4490,6041,7591,9303,11190,13200,1494,1510,1551,1550,1712,1887,2010
42462,"Reed, Murphy",non-elite,1382,2780,4242,5884,7462,9306,11410,13316,1398,1462,1642,1578,1844,2104,1906
42463,"Butler, Michael E",non-elite,1486,3018,4549,6108,7709,9509,11440,13306,1532,1531,1559,1601,1800,1931,1866
42464,"Gerhart, Jennifer",non-elite,1575,3187,4823,6475,8138,9876,11681,13478,1612,1636,1652,1663,1738,1805,1797
42465,"Ganning, John F",non-elite,1581,3167,4756,6354,7960,9670,11495,13376,1586,1589,1598,1606,1710,1825,1881
42466,"Nevergold, Monika G.",non-elite,1666,3325,4986,6655,8334,10060,11795,13481,1659,1661,1669,1679,1726,1735,1686
42467,"Marquis, Allie",non-elite,1422,2858,4345,5967,7608,9384,11392,13326,1436,1487,1622,1641,1776,2008,1934
42468,"Pescosolido, Terry A",non-elite,1562,3146,4772,6448,8115,9848,11658,13429,1584,1626,1676,1667,1733,1810,1771
42469,"Condon, Kieran",non-elite,1170,2339,3517,4748,6084,7682,9837,12988,1169,1178,1231,1336,1598,2155,3151
42470,"Frondorf, James D.",non-elite,1527,3104,4782,6465,8140,9905,11699,13423,1577,1678,1683,1675,1765,1794,1724
42471,"Flynn, John P",non-elite,1445,3009,4600,6195,7842,9738,11545,13459,1564,1591,1595,1647,1896,1807,1914
42472,"Aspe, Karen",non-elite,1555,3097,4633,6144,7724,9437,11384,13336,1542,1536,1511,1580,1713,1947,1952
42473,"Maguire, Grace",non-elite,1593,3183,4814,6472,8189,9932,11731,13460,1590,1631,1658,1717,1743,1799,1729
42474,"Phillips, Coleen M.",non-elite,1637,3262,4919,6597,8271,9981,11731,13435,1625,1657,1678,1674,1710,1750,1704
42475,"Medina, Richard L.",non-elite,1605,3149,4662,6217,7893,9731,11591,13433,1544,1513,1555,1676,1838,1860,1842
42476,"Skole, Stacey D",non-elite,1587,3182,4794,6460,8127,9877,11701,13455,1595,1612,1666,1667,1750,1824,1754
42477,"Deady, Lauren B",non-elite,1576,3165,4858,6498,8265,9998,11775,13478,1589,1693,1640,1767,1733,1777,1703
42478,"Hosier, Greg A",non-elite,1511,3034,4546,6069,7629,9294,11222,13288,1523,1512,1523,1560,1665,1928,2066
42479,"Reyes Durazo, Laura",non-elite,1649,3299,4961,6622,8330,10069,11797,13479,1650,1662,1661,1708,1739,1728,1682
42480,"Jefson, Kirk S",non-elite,1527,3093,4738,6375,8035,9743,11518,13354,1566,1645,1637,1660,1708,1775,1836
42481,"Sloan, Amanda R.",non-elite,1390,2913,4539,6271,7971,9753,11607,13409,1523,1626,1732,1700,1782,1854,1802
42482,"Bellows, Jennifer W",non-elite,1477,2935,4400,5883,7361,8869,11744,13475,1458,1465,1483,1478,1508,2875,1731
42483,"Okimoto, Kyle",non-elite,1475,3147,4893,6522,8174,9904,11658,13398,1672,1746,1629,1652,1730,1754,1740
42484,"Gatzemeier, Bernadette",non-elite,1604,3247,4857,6518,8205,9956,11748,13452,1643,1610,1661,1687,1751,1792,1704
42485,"Penalver, Jose G Sr.",non-elite,1496,3001,4513,6109,7746,9471,11349,13242,1505,1512,1596,1637,1725,1878,1893
42486,"Mehler, Laurel J",non-elite,1582,3151,4762,6470,8138,9913,11730,13461,1569,1611,1708,1668,1775,1817,1731
42487,"King, Taylor A.",non-elite,1451,2905,4369,6201,7867,9596,11637,13474,1454,1464,1832,1666,1729,2041,1837
42488,"Marble, Taylor",non-elite,1499,3031,4743,6453,8134,9992,11786,13536,1532,1712,1710,1681,1858,1794,1750
42489,"Melby, Eric",non-elite,1581,3152,4743,6386,8034,9802,11670,13448,1571,1591,1643,1648,1768,1868,1778
42490,"Hogan, Kelly S",non-elite,1482,3028,4656,6356,8044,9785,11593,13418,1546,1628,1700,1688,1741,1808,1825
42491,"McLoughlin, Patricia",non-elite,1466,3009,4605,6243,7933,9730,11651,13458,1543,1596,1638,1690,1797,1921,1807
42492,"Bell, Patricia",non-elite,1444,2976,4587,6197,7791,9489,11244,13365,1532,1611,1610,1594,1698,1755,2121
42493,"Nisius, Barb J.",non-elite,1650,3310,4989,6672,8351,10060,11809,13464,1660,1679,1683,1679,1709,1749,1655
42494,"Mah, Claudia Y",non-elite,1645,3312,5008,6707,8376,10108,11882,13506,1667,1696,1699,1669,1732,1774,1624
42495,"Smith, Lisa M.",non-elite,1497,3025,4588,6180,7789,9503,11370,13292,1528,1563,1592,1609,1714,1867,1922
42496,"Sugrue, Nicolle",non-elite,1575,3115,4644,6174,7699,9286,11143,13329,1540,1529,1530,1525,1587,1857,2186
42497,"Li, Liguang",non-elite,1371,2832,4380,6093,7804,9600,11584,13470,1461,1548,1713,1711,1796,1984,1886
42498,"Gornall, Kirsty",non-elite,1708,3362,5009,6661,8318,10020,11755,13468,1654,1647,1652,1657,1702,1735,1713
42499,"Hevey, Debra L",non-elite,1564,3129,4760,6417,8062,9788,11558,13371,1565,1631,1657,1645,1726,1770,1813
42500,"Wan, Yongbing",non-elite,1614,3242,4919,6609,8310,10051,11785,13488,1628,1677,1690,1701,1741,1734,1703
42501,"Ordzowialy, Julia",non-elite,1644,3326,5023,6714,8383,10043,11794,13476,1682,1697,1691,1669,1660,1751,1682
42502,"Sullivan, James",non-elite,1603,3188,4793,6414,8064,9802,11618,13447,1585,1605,1621,1650,1738,1816,1829
42503,"Murphy, Randolph",non-elite,1585,3153,4722,6320,7952,9715,11580,13411,1568,1569,1598,1632,1763,1865,1831
42504,"Soloway, Jennifer March",non-elite,1661,3264,4862,6473,8084,9826,11643,13424,1603,1598,1611,1611,1742,1817,1781
42505,"Beckstead, Brian",non-elite,1472,3013,4729,6404,7973,9747,11555,13556,1541,1716,1675,1569,1774,1808,2001
42506,"Felty, James A.",non-elite,1528,3105,4689,6274,7837,9599,11494,13419,1577,1584,1585,1563,1762,1895,1925
42507,"Reisz, Monica",non-elite,1464,2982,4544,6199,7956,9850,11802,13460,1518,1562,1655,1757,1894,1952,1658
42508,"Wendell, Joel P.",non-elite,1386,2814,4279,5813,7389,9144,11178,13374,1428,1465,1534,1576,1755,2034,2196
42509,"Leinauer, Bernd",non-elite,1596,3153,4733,6360,8025,9731,11579,13406,1557,1580,1627,1665,1706,1848,1827
42510,"Miner, Kristen",non-elite,1419,2953,4651,6331,8027,9840,11648,13429,1534,1698,1680,1696,1813,1808,1781
42511,"Mcclellan, Jennifer",non-elite,1580,3156,4750,6391,8055,9802,11626,13431,1576,1594,1641,1664,1747,1824,1805
42512,"Morton, Cathy K",non-elite,1653,3303,4989,6709,8408,10159,11892,13525,1650,1686,1720,1699,1751,1733,1633
42513,"White, Sean H.",non-elite,1433,2889,4395,5944,7498,9262,11254,13293,1456,1506,1549,1554,1764,1992,2039
42514,"Marquez, Horacio J",non-elite,1539,3120,4708,6339,7976,9816,11633,13408,1581,1588,1631,1637,1840,1817,1775
42515,"Ott, Jessica",non-elite,1649,3297,4961,6616,8276,10041,11797,13494,1648,1664,1655,1660,1765,1756,1697
42516,"Peel, Nicole",non-elite,1614,3239,4872,6512,8162,9873,11636,13395,1625,1633,1640,1650,1711,1763,1759
42517,"Scott, David M",non-elite,1317,2643,4157,5805,7695,9608,11491,13456,1326,1514,1648,1890,1913,1883,1965
42518,"Basque, Robert",non-elite,1451,2897,4352,5839,7392,9312,11381,13401,1446,1455,1487,1553,1920,2069,2020
42519,"Melim, Joseph P",non-elite,1380,2820,4336,6084,7893,9789,11736,13467,1440,1516,1748,1809,1896,1947,1731
42520,"Ryan, Karyn A",non-elite,1496,3001,4534,6155,7887,9712,11612,13467,1505,1533,1621,1732,1825,1900,1855
42521,"Betani, Melvin B.",non-elite,1609,3234,4896,6547,8230,9941,11667,13395,1625,1662,1651,1683,1711,1726,1728
42522,"Acevedo, Jennifer L",non-elite,1536,3086,4651,6269,7863,9716,11449,13338,1550,1565,1618,1594,1853,1733,1889
42523,"Murphy, Mike D",non-elite,1436,2854,4332,5967,7703,9635,11533,13464,1418,1478,1635,1736,1932,1898,1931
42524,"Raymond, Jaime",non-elite,1499,3060,4681,6306,7956,9733,11559,13400,1561,1621,1625,1650,1777,1826,1841
42525,"Brown, Jeremy",non-elite,1396,2815,4262,5738,7247,9045,11022,13253,1419,1447,1476,1509,1798,1977,2231
42526,"Yoder, Stephanie L.",non-elite,1548,3112,4701,6349,8143,9892,11757,13470,1564,1589,1648,1794,1749,1865,1713
42527,"Cleminson, Abby G",non-elite,1634,3305,5003,6724,8389,10093,11812,13491,1671,1698,1721,1665,1704,1719,1679
42528,"Yu, Rok",non-elite,1384,2809,4295,5887,7657,9484,11477,13436,1425,1486,1592,1770,1827,1993,1959
42529,"Dodd, Glenn R",non-elite,1422,2878,4407,6213,7991,9818,11674,13473,1456,1529,1806,1778,1827,1856,1799
42531,"Snodgrass, Bobbi A.",non-elite,1560,3171,4896,6583,8283,10037,11789,13477,1611,1725,1687,1700,1754,1752,1688
42532,"Ng, Connie",non-elite,1612,3255,4904,6563,8223,9937,11723,13487,1643,1649,1659,1660,1714,1786,1764
42533,"Pentenero, Chelsea",non-elite,1483,2941,4423,5999,7663,9434,11338,13298,1458,1482,1576,1664,1771,1904,1960
42534,"Gosselin, Jaimie L.",non-elite,1428,2886,4437,6670,8304,9983,11740,13465,1458,1551,2233,1634,1679,1757,1725
42535,"Kavelar, Johannes",non-elite,1630,3191,4758,6393,8041,9829,11652,13431,1561,1567,1635,1648,1788,1823,1779
42536,"Davis, Dan",non-elite,1427,2870,4394,6055,7690,9571,11472,13471,1443,1524,1661,1635,1881,1901,1999
42537,"Wright, Larry P",non-elite,1461,2978,4496,6125,7742,9569,11524,13374,1517,1518,1629,1617,1827,1955,1850
42538,"Bensley, Christine M.",non-elite,1573,3137,4687,6230,7808,9520,11404,13513,1564,1550,1543,1578,1712,1884,2109
42539,"Bartek, William",non-elite,1552,3125,4706,6315,7947,9677,11540,13379,1573,1581,1609,1632,1730,1863,1839
42540,"Alveberg, Fredrik",non-elite,1266,2541,4199,5904,7641,9557,11470,13362,1275,1658,1705,1737,1916,1913,1892
42541,"Bair, John",non-elite,1626,3286,4950,6605,8275,10035,11761,13443,1660,1664,1655,1670,1760,1726,1682
42542,"Nusblat, Michael",non-elite,1537,3120,4678,6332,8029,9773,11614,13411,1583,1558,1654,1697,1744,1841,1797
42543,"Meyers, Steven",non-elite,1584,3220,4871,6541,8205,9930,11700,13458,1636,1651,1670,1664,1725,1770,1758
42544,"Goplerud, Brad D.",non-elite,1578,3315,4897,6519,8262,9974,11776,13480,1737,1582,1622,1743,1712,1802,1704
42545,"Killeen, Doug",non-elite,1428,2890,4369,5967,7633,9461,11351,13326,1462,1479,1598,1666,1828,1890,1975
42546,"Egberg, Matthew D.",non-elite,1778,3400,4987,6540,8120,9793,11594,13422,1622,1587,1553,1580,1673,1801,1828
42547,"Cohen, Adam",non-elite,1644,3282,4944,6586,8236,9978,11777,13493,1638,1662,1642,1650,1742,1799,1716
42548,"McNamara, Melissa E.",non-elite,1433,2906,4533,6527,8178,9952,11729,13532,1473,1627,1994,1651,1774,1777,1803
42549,"Resnick, Jonathan",non-elite,1718,3415,5086,6753,8409,10103,11802,13450,1697,1671,1667,1656,1694,1699,1648
42550,"Pacheco, Alberto J.",non-elite,1579,3194,4800,6422,8043,9766,11580,13351,1615,1606,1622,1621,1723,1814,1771
42551,"Miura, Satoshi",non-elite,1431,2896,4425,6019,7636,9480,11607,13413,1465,1529,1594,1617,1844,2127,1806
42552,"Proulx, Tara L",non-elite,1517,3065,4733,6470,8178,9916,11720,13439,1548,1668,1737,1708,1738,1804,1719
42553,"Lee, Steven P",non-elite,1470,2936,4400,5883,7358,9304,11506,13482,1466,1464,1483,1475,1946,2202,1976
42554,"Blakesley, Catherine A.",non-elite,1719,3416,5087,6754,8410,10104,11804,13452,1697,1671,1667,1656,1694,1700,1648
42555,"Simmons, Cameron D",non-elite,1434,2902,4421,6099,7769,9601,11555,13432,1468,1519,1678,1670,1832,1954,1877
42556,"May, Julia C.",non-elite,1424,2856,4356,5954,7578,9374,11406,13382,1432,1500,1598,1624,1796,2032,1976
42557,"Case, Lauren",non-elite,1532,3080,4658,6329,8013,9907,11706,13435,1548,1578,1671,1684,1894,1799,1729
42558,"Cooper, Mary K",non-elite,1555,3106,4657,6250,7849,9588,11470,13417,1551,1551,1593,1599,1739,1882,1947
42559,"Grenier, Kevin",non-elite,1434,2842,4263,5811,7497,9352,11491,13520,1408,1421,1548,1686,1855,2139,2029
42560,"Batchelder, William",non-elite,1576,3135,4698,6275,7894,9626,11549,13490,1559,1563,1577,1619,1732,1923,1941
42561,"Gonzalez, Genaro",non-elite,1602,3193,4814,6452,8118,9828,11713,13442,1591,1621,1638,1666,1710,1885,1729
42562,"Batchelder, Holly",non-elite,1576,3136,4699,6275,7895,9627,11550,13490,1560,1563,1576,1620,1732,1923,1940
42563,"Laufer, Steven",non-elite,1308,2671,4107,5634,7225,8968,10917,13075,1363,1436,1527,1591,1743,1949,2158
42564,"Arnold, Andrea M.",non-elite,1644,3211,4736,6450,8204,10014,11794,13486,1567,1525,1714,1754,1810,1780,1692
42565,"Stehlar, Kimberly L.",non-elite,1731,3371,5002,6633,8273,9942,11644,13413,1640,1631,1631,1640,1669,1702,1769
42566,"Lohk, Lea",non-elite,1527,3122,4714,6371,8044,9821,11678,13431,1595,1592,1657,1673,1777,1857,1753
42567,"Backman, Carrie",non-elite,1486,2980,4522,6139,7732,9393,11891,13505,1494,1542,1617,1593,1661,2498,1614
42568,"Monroe, Miranda S",non-elite,1626,3265,4913,6572,8224,9971,11739,13470,1639,1648,1659,1652,1747,1768,1731
42569,"Bolich, Danielle E",non-elite,1570,3180,4802,6459,8141,9864,11651,13467,1610,1622,1657,1682,1723,1787,1816
42570,"Mondin, Derek",non-elite,1474,2803,4229,5718,7351,9646,11552,13477,1329,1426,1489,1633,2295,1906,1925
42571,"Hidle, Unn",non-elite,1491,2999,4510,6069,7764,9612,11582,13429,1508,1511,1559,1695,1848,1970,1847
42572,"Lindstrom, Derek",non-elite,1466,2912,4379,5918,7519,9285,11241,13390,1446,1467,1539,1601,1766,1956,2149
42573,"Beckius, Angie",non-elite,1533,3053,4592,6169,7769,9471,11307,13375,1520,1539,1577,1600,1702,1836,2068
42574,"Mayer, Tomoko",non-elite,1494,2997,4539,6155,7858,9682,11554,13422,1503,1542,1616,1703,1824,1872,1868
42575,"Bantz, Victoria B",non-elite,1609,3238,4894,6582,8298,10042,11888,13478,1629,1656,1688,1716,1744,1846,1590
42576,"Bybee, Cristina",non-elite,1509,3121,4839,6478,8131,9860,11742,13455,1612,1718,1639,1653,1729,1882,1713
42577,"Morin, Kristen",non-elite,1595,3190,4835,6531,8243,9978,11735,13441,1595,1645,1696,1712,1735,1757,1706
42578,"Leboeuf, Nicole R.",non-elite,1620,3270,4925,6614,8319,10008,11730,13462,1650,1655,1689,1705,1689,1722,1732
42579,"Reed, Charmaine",non-elite,1617,3278,4933,6592,8262,9985,11778,13473,1661,1655,1659,1670,1723,1793,1695
42580,"Choy, Lynna",non-elite,1562,3113,4699,6325,8033,9817,11640,13451,1551,1586,1626,1708,1784,1823,1811
42581,"Coye, Lynda",non-elite,1704,3380,5041,6708,8375,10083,11812,13481,1676,1661,1667,1667,1708,1729,1669
42582,"Githens, Peter C.",non-elite,1463,2903,4367,5950,7678,9560,11564,13421,1440,1464,1583,1728,1882,2004,1857
42583,"Schubert-Akin, Jennifer",non-elite,1676,3350,5025,6709,8393,10085,11773,13444,1674,1675,1684,1684,1692,1688,1671
42584,"Harris, Sarah E",non-elite,1528,3064,4625,6244,7890,9666,11497,13379,1536,1561,1619,1646,1776,1831,1882
42585,"Swaim, Tomi A.",non-elite,1485,3041,4609,6191,7770,9459,11325,13291,1556,1568,1582,1579,1689,1866,1966
42586,"Demuth, Lelia",non-elite,1545,3089,4698,6346,8019,9770,11604,13412,1544,1609,1648,1673,1751,1834,1808
42587,"Hu, Wei-Chung B.",non-elite,1668,3232,4827,6475,8141,9908,11721,13469,1564,1595,1648,1666,1767,1813,1748
42588,"Ortiz, Estela",non-elite,1540,3125,4744,6412,8118,9900,11715,13431,1585,1619,1668,1706,1782,1815,1716
42589,"Duffie, Trisha",non-elite,1571,3162,4699,6244,7795,9511,11419,13373,1591,1537,1545,1551,1716,1908,1954
42590,"Laughton, Kimberly",non-elite,1569,3160,4786,6439,8101,9858,11664,13423,1591,1626,1653,1662,1757,1806,1759
42591,"Charloteaux, Stephane",non-elite,1564,2996,4442,5962,7524,9301,11322,13317,1432,1446,1520,1562,1777,2021,1995
42592,"Wickersty, Jennifer L",non-elite,1526,3104,4829,6572,8360,10052,11878,13498,1578,1725,1743,1788,1692,1826,1620
42593,"Deuillet, Heather N",non-elite,1481,2975,4559,6220,7873,9774,11688,13483,1494,1584,1661,1653,1901,1914,1795
42594,"Chase, Lisa",non-elite,1551,3149,4890,6610,8307,10053,11771,13470,1598,1741,1720,1697,1746,1718,1699
42595,"Pieczonka, Suzanne F",non-elite,1522,3082,4703,6386,8075,9838,11662,13432,1560,1621,1683,1689,1763,1824,1770
42596,"Busch, Joni",non-elite,1504,3034,4569,6192,8057,10015,11828,13541,1530,1535,1623,1865,1958,1813,1713
42597,"Whetung, Misty L.",non-elite,1570,3190,4895,6512,8161,9896,11710,13482,1620,1705,1617,1649,1735,1814,1772
42598,"Cardon, Raeanna M",non-elite,1469,2930,4412,5949,7617,9513,11471,13428,1461,1482,1537,1668,1896,1958,1957
42599,"Lee, Z-Hye",non-elite,1493,3011,4620,6270,7940,9718,11557,13404,1518,1609,1650,1670,1778,1839,1847
42600,"Eaton, Elizabeth E",non-elite,1589,3236,4960,6644,8340,10065,11825,13500,1647,1724,1684,1696,1725,1760,1675
42601,"Donahue, Angela N",non-elite,1506,3042,4649,6313,7979,9747,11578,13392,1536,1607,1664,1666,1768,1831,1814
42602,"Hardcastle, Fran L.",non-elite,1702,3391,5078,6762,8406,10122,11860,13503,1689,1687,1684,1644,1716,1738,1643
42603,"Verdin, Gillian J.",non-elite,1588,3236,4886,6558,8216,9938,11725,13520,1648,1650,1672,1658,1722,1787,1795
42604,"Alello, Troy A",non-elite,1396,2790,4236,5855,7605,9766,11674,13435,1394,1446,1619,1750,2161,1908,1761
42605,"Raymond, Susan L",non-elite,1629,3248,4879,6525,8169,9903,11752,13472,1619,1631,1646,1644,1734,1849,1720
42606,"Parente, Ida M",non-elite,1464,2944,4502,6188,7957,9726,11646,13451,1480,1558,1686,1769,1769,1920,1805
42607,"Berrouard, Martha",non-elite,1456,3077,4675,6375,8064,9847,11689,13447,1621,1598,1700,1689,1783,1842,1758
42608,"Olivier, Candice D",non-elite,1468,2975,4533,6176,7854,9649,11542,13395,1507,1558,1643,1678,1795,1893,1853
42609,"Corvalan, Waldo J.",non-elite,1701,3328,4908,6482,8061,9736,11489,13377,1627,1580,1574,1579,1675,1753,1888
42610,"Gilpin, John W.",non-elite,1653,3330,5012,6679,8343,10068,11786,13481,1677,1682,1667,1664,1725,1718,1695
42611,"Leh, Morgan E.",non-elite,1476,3006,4613,6260,7948,9752,11610,13443,1530,1607,1647,1688,1804,1858,1833
42612,"Chu, Lee W",non-elite,1597,3255,4899,6576,8180,9898,11693,13428,1658,1644,1677,1604,1718,1795,1735
42613,"Alario, Michael T.",non-elite,1623,3181,4718,6295,7905,9704,11656,13502,1558,1537,1577,1610,1799,1952,1846
42614,"Wilson, Brian E",non-elite,1388,2829,4298,5840,7478,9380,11291,13365,1441,1469,1542,1638,1902,1911,2074
42615,"O'Leary, Hannah M",non-elite,1574,3246,4872,6546,8259,9976,11752,13460,1672,1626,1674,1713,1717,1776,1708
42616,"David, Carol A",non-elite,1485,2979,4522,6162,7777,9563,11547,13384,1494,1543,1640,1615,1786,1984,1837
42617,"Martinez, Ramon",non-elite,1574,3246,4872,6546,8259,9976,11753,13460,1672,1626,1674,1713,1717,1777,1707
42618,"Burton, Erin H",non-elite,1564,3172,4818,6493,8174,9908,11689,13462,1608,1646,1675,1681,1734,1781,1773
42619,"Delaney, Nancy",non-elite,1527,3097,4716,6393,8096,9896,11820,13547,1570,1619,1677,1703,1800,1924,1727
42620,"Mabuchi, Chiharu",non-elite,1623,3243,4889,6560,8267,10018,11746,13487,1620,1646,1671,1707,1751,1728,1741
42621,"Griffin, Gary F.",non-elite,1585,3183,4796,6448,8106,9821,11607,13399,1598,1613,1652,1658,1715,1786,1792
42622,"Arnold, Janeen S",non-elite,1531,3162,4837,6521,8211,9976,11770,13496,1631,1675,1684,1690,1765,1794,1726
42623,"Pierson, Kris",non-elite,1319,2637,3953,5311,6791,8914,11175,13243,1318,1316,1358,1480,2123,2261,2068
42624,"Ball, Ann M",non-elite,1468,2965,4583,6339,8121,9929,11775,13497,1497,1618,1756,1782,1808,1846,1722
42625,"Shea, Kevin J.",non-elite,1705,3365,4964,6551,8149,9852,11640,13471,1660,1599,1587,1598,1703,1788,1831
42626,"McCarthy, Jackie",non-elite,1669,3332,5004,6681,8330,10034,11875,13539,1663,1672,1677,1649,1704,1841,1664
42627,"Bruckmann, Carolyn Z.",non-elite,1605,3200,4817,6449,8094,9867,11688,13504,1595,1617,1632,1645,1773,1821,1816
42628,"Choi, Sean H",non-elite,1581,3159,4755,6387,8063,9829,11596,13335,1578,1596,1632,1676,1766,1767,1739
42629,"Battistella, Marisa",non-elite,1503,3082,4703,6340,8003,9747,11613,13431,1579,1621,1637,1663,1744,1866,1818
42630,"Joseph, Rebecca K.",non-elite,1580,3135,4669,6209,7749,9392,11401,13370,1555,1534,1540,1540,1643,2009,1969
42631,"Jones, Amy",non-elite,1565,3129,4701,6292,7947,9647,11568,13446,1564,1572,1591,1655,1700,1921,1878
42632,"Somers, Lee Ann",non-elite,1524,3070,4650,6296,8057,10016,11777,13492,1546,1580,1646,1761,1959,1761,1715
42633,"Jow, Kim",non-elite,1580,3147,4737,6356,7953,9720,11637,13483,1567,1590,1619,1597,1767,1917,1846
42634,"Primis, Mary",non-elite,1393,2982,4623,6346,8013,9871,11739,13486,1589,1641,1723,1667,1858,1868,1747
42635,"Sidey, Kim O",non-elite,1574,3180,4799,6470,8142,9881,11707,13467,1606,1619,1671,1672,1739,1826,1760
42636,"Penson-Boucher, Joanne",non-elite,1491,3072,4716,6395,8090,9885,11721,13461,1581,1644,1679,1695,1795,1836,1740
42637,"Warshaw, Cecile",non-elite,1556,3110,4698,6370,8091,9870,11707,13451,1554,1588,1672,1721,1779,1837,1744
42638,"Safford, Hannah R",non-elite,1446,2933,4487,6176,7874,9678,11599,13493,1487,1554,1689,1698,1804,1921,1894
42639,"Kroll, Stephanie",non-elite,1607,3215,4846,6493,8164,9908,11707,13453,1608,1631,1647,1671,1744,1799,1746
42640,"Skinner, Denise M",non-elite,1632,3261,4888,6530,8191,9901,11703,13449,1629,1627,1642,1661,1710,1802,1746
42641,"Amundsen, Rachel D",non-elite,1514,3054,4597,6219,7882,9672,11542,13416,1540,1543,1622,1663,1790,1870,1874
42642,"Yu, Monica",non-elite,1551,3025,4516,6099,7867,9825,11808,13510,1474,1491,1583,1768,1958,1983,1702
42643,"Guzman, Michelle",non-elite,1461,2928,4419,5971,7587,9351,11151,13429,1467,1491,1552,1616,1764,1800,2278
42644,"Sidloski, Myron G",non-elite,1527,3062,4643,6242,7893,9654,11528,13392,1535,1581,1599,1651,1761,1874,1864
42645,"Stoesz, Mandy R",non-elite,1472,2986,4575,6218,7898,9745,11662,13559,1514,1589,1643,1680,1847,1917,1897
42646,"Landes, Jean",non-elite,1571,3168,4802,6438,8112,9857,11658,13425,1597,1634,1636,1674,1745,1801,1767
42647,"Adams, David R",non-elite,1657,3342,5045,6689,8356,10100,11858,13534,1685,1703,1644,1667,1744,1758,1676
42648,"Cunningham, Amy V.",non-elite,1566,3195,4854,6560,8243,9966,11750,13466,1629,1659,1706,1683,1723,1784,1716
42649,"Gonsalves, Sarah",non-elite,1419,2901,4451,6190,7925,9822,11687,13474,1482,1550,1739,1735,1897,1865,1787
42650,"Heriot, Sandra A.",non-elite,1539,3095,4694,6350,8014,9770,11649,13449,1556,1599,1656,1664,1756,1879,1800
42651,"Halford, Beth A",non-elite,1568,3143,4736,6372,8010,9777,11627,13456,1575,1593,1636,1638,1767,1850,1829
42652,"Hooper, Curtis",non-elite,1447,2887,4335,5814,7537,9361,11409,13314,1440,1448,1479,1723,1824,2048,1905
42653,"Erickson, Elizabeth A",non-elite,1502,3012,4513,6019,7526,9485,11519,13363,1510,1501,1506,1507,1959,2034,1844
42654,"Young, David F.",non-elite,1636,3220,4823,6472,8127,9860,11659,13445,1584,1603,1649,1655,1733,1799,1786
42655,"Estrada, Gina L",non-elite,1524,3064,4689,6338,8047,9863,11679,13462,1540,1625,1649,1709,1816,1816,1783
42656,"Meneley, Amber",non-elite,1571,3178,4902,6571,8250,9999,11817,13505,1607,1724,1669,1679,1749,1818,1688
42657,"Crowley, Barbara J",non-elite,1574,3147,4736,6321,7950,9783,11643,13425,1573,1589,1585,1629,1833,1860,1782
42658,"Zephir-Thomason, Sarah H.",non-elite,1505,3054,4637,6288,7956,9741,11608,13458,1549,1583,1651,1668,1785,1867,1850
42659,"Roy, Sylvain",non-elite,1424,2862,4320,5849,7556,9527,11534,13422,1438,1458,1529,1707,1971,2007,1888
42660,"Meunier, Laurent",non-elite,1585,3175,4838,6456,8043,9777,11664,13499,1590,1663,1618,1587,1734,1887,1835
42661,"Barrett, Joanne M.",non-elite,1615,3267,4917,6571,8226,9994,11793,13498,1652,1650,1654,1655,1768,1799,1705
42662,"Eilers, Robert P",non-elite,1600,3187,4782,6443,8095,9862,11698,13452,1587,1595,1661,1652,1767,1836,1754
42663,"Hu, Rong",non-elite,1585,3176,4817,6449,8150,9909,11722,13485,1591,1641,1632,1701,1759,1813,1763
42664,"Van Wie, Tory E.",non-elite,1573,3180,4801,6462,8159,9949,11785,13500,1607,1621,1661,1697,1790,1836,1715
42665,"Marsh, Adam R.",non-elite,1601,3133,4803,6417,8109,9868,11742,13502,1532,1670,1614,1692,1759,1874,1760
42666,"Fahey, Gordon T. Jr.",non-elite,1488,3027,4609,6237,7890,9645,11547,13439,1539,1582,1628,1653,1755,1902,1892
42667,"Browne, Tiffanie L.",non-elite,1475,3062,4697,6395,8111,9944,11797,13478,1587,1635,1698,1716,1833,1853,1681
42668,"Ferrell, Erica L.",non-elite,1560,3137,4766,6465,8138,10054,11859,13541,1577,1629,1699,1673,1916,1805,1682
42669,"Gravitt, Glenn W",non-elite,1587,3179,4797,6410,8025,9692,11429,13378,1592,1618,1613,1615,1667,1737,1949
42670,"Vanburen, Rick",non-elite,1436,2897,4389,6047,7846,9620,11477,13391,1461,1492,1658,1799,1774,1857,1914
42671,"Amezcua, Beatriz Sr.",non-elite,1615,3254,4897,6558,8224,9951,11735,13488,1639,1643,1661,1666,1727,1784,1753
42672,"Ryu, Jongseob",non-elite,1278,2634,4096,5716,7447,9421,11586,13514,1356,1462,1620,1731,1974,2165,1928
42673,"Vansickle, Roger C",non-elite,1585,3184,4818,6458,8108,9871,11715,13474,1599,1634,1640,1650,1763,1844,1759
42674,"Havlik, Siobhan R",non-elite,1555,3122,4693,6312,8033,9772,11629,13499,1567,1571,1619,1721,1739,1857,1870
42675,"Griffith, Jason C",non-elite,1477,2975,4470,5985,7540,9238,11133,13379,1498,1495,1515,1555,1698,1895,2246
42676,"Simms, Robert",non-elite,1362,2726,4203,5816,7531,9377,11296,13379,1364,1477,1613,1715,1846,1919,2083
42677,"Mitzel, Steven M.",non-elite,1583,3170,4759,6413,8109,9924,11826,13509,1587,1589,1654,1696,1815,1902,1683
42678,"Willcox, Joanne",non-elite,1576,3207,4880,6576,8282,10047,11828,13504,1631,1673,1696,1706,1765,1781,1676
42679,"Bowden, Katie H",non-elite,1431,2891,4423,6021,7690,9460,11370,13420,1460,1532,1598,1669,1770,1910,2050
42680,"Murtagh, Neil G.",non-elite,1631,3311,4961,6599,8218,9942,11740,13497,1680,1650,1638,1619,1724,1798,1757
42681,"Lindhorst, Kasia",non-elite,1588,3196,4838,6489,8166,9941,11736,13490,1608,1642,1651,1677,1775,1795,1754
42682,"Snider-Rodriguez, Jessica",non-elite,1398,2771,4144,5532,6924,8336,11749,13449,1373,1373,1388,1392,1412,3413,1700
42683,"Turbek, Steve",non-elite,1733,3376,4960,6579,8199,9938,11699,13468,1643,1584,1619,1620,1739,1761,1769
42684,"Smith, Kennedy",non-elite,1452,2941,4471,6036,7756,9472,11475,13397,1489,1530,1565,1720,1716,2003,1922
42685,"Boswell, Jeff T.",non-elite,1403,2861,4370,5925,7529,9346,11362,13349,1458,1509,1555,1604,1817,2016,1987
42686,"Helms, Rory",non-elite,1333,2712,4093,5541,7099,8746,10770,13241,1379,1381,1448,1558,1647,2024,2471
42687,"Kraus, Lisa A",non-elite,1631,3291,4971,6621,8271,9999,11761,13488,1660,1680,1650,1650,1728,1762,1727
42688,"Bodjiak, Brian",non-elite,1790,3412,4929,6521,8090,9808,11657,13448,1622,1517,1592,1569,1718,1849,1791
42689,"Gerow, Warren H III",non-elite,1517,3034,4588,6207,7864,9730,11531,13404,1517,1554,1619,1657,1866,1801,1873
42690,"Hundley, Kelley C",non-elite,1575,3172,4767,6408,8059,9808,11624,13479,1597,1595,1641,1651,1749,1816,1855
42691,"Hatch, Rebecca",non-elite,1607,3283,4955,6660,8317,10015,11766,13497,1676,1672,1705,1657,1698,1751,1731
42692,"Brown, Timothy M",non-elite,1549,3150,4794,6447,8117,9846,11646,13424,1601,1644,1653,1670,1729,1800,1778
42693,"Flowers, Sarah",non-elite,1481,2955,4474,6115,7758,9609,11612,13439,1474,1519,1641,1643,1851,2003,1827
42694,"Connor, Patrick J",non-elite,1571,3134,4752,6421,8110,9891,11726,13489,1563,1618,1669,1689,1781,1835,1763
42695,"Finneran, Tom",non-elite,1110,2229,3364,4673,6450,8476,11073,13360,1119,1135,1309,1777,2026,2597,2287
42696,"Lauritsen, Keith",non-elite,1479,2978,4479,6065,7728,9498,11398,13431,1499,1501,1586,1663,1770,1900,2033
42697,"Joseph, Wendi E.",non-elite,1626,3240,4892,6567,8255,9995,11771,13488,1614,1652,1675,1688,1740,1776,1717
42698,"Sorrels, Leanorra L",non-elite,1522,3059,4604,6172,7731,9561,11516,13440,1537,1545,1568,1559,1830,1955,1924
42699,"Duggan, Mary E.",non-elite,1800,3479,5073,6674,8300,10062,11849,13513,1679,1594,1601,1626,1762,1787,1664
42700,"Hyun, Miki",non-elite,1603,3234,4883,6548,8184,9883,11650,13409,1631,1649,1665,1636,1699,1767,1759
42701,"Hensel, Karl A.",non-elite,1308,2658,4087,5571,7150,9011,10999,13465,1350,1429,1484,1579,1861,1988,2466
42702,"Bannon, Alyssa N.",non-elite,1480,2939,4432,5969,7641,9399,11310,13282,1459,1493,1537,1672,1758,1911,1972
42703,"Shipp, Trey",non-elite,1467,2989,4637,6394,8143,9950,11775,13509,1522,1648,1757,1749,1807,1825,1734
42704,"McBride, Benjamin",non-elite,1632,3160,4671,6188,7756,9458,11425,13394,1528,1511,1517,1568,1702,1967,1969
42705,"Simonsen, Peter L.",non-elite,1623,3269,4876,6611,8325,10089,11899,13533,1646,1607,1735,1714,1764,1810,1634
42706,"Hall, James M",non-elite,1572,3174,4826,6516,8192,9931,11778,13498,1602,1652,1690,1676,1739,1847,1720
42707,"Carlson, Ryann",non-elite,1355,2768,4202,5717,7393,9238,11179,13297,1413,1434,1515,1676,1845,1941,2118
42708,"Henneberger, James W.",non-elite,1612,3256,4898,6552,8191,9847,11624,13407,1644,1642,1654,1639,1656,1777,1783
42709,"Watson, Don",non-elite,1462,2913,4418,5974,7594,9368,11417,13376,1451,1505,1556,1620,1774,2049,1959
42710,"Braley, Debbie J",non-elite,1545,3128,4767,6450,8138,9899,11728,13495,1583,1639,1683,1688,1761,1829,1767
42711,"Herring, Jennifer",non-elite,1534,3042,4578,6107,7695,9523,11326,13337,1508,1536,1529,1588,1828,1803,2011
42712,"Jenkins, Kristin M.",non-elite,1295,2645,4098,6820,8395,10071,11822,13577,1350,1453,2722,1575,1676,1751,1755
42713,"Streetman, Dan",non-elite,1535,3042,4578,6107,7696,9524,11326,13337,1507,1536,1529,1589,1828,1802,2011
42714,"Guenther, Rebecca L.",non-elite,1611,3227,4905,6589,8245,9959,11759,13508,1616,1678,1684,1656,1714,1800,1749
42715,"Fu, Eric",non-elite,1813,3615,5420,7085,8665,10295,11972,13580,1802,1805,1665,1580,1630,1677,1608
42716,"Domingo, Ruben",non-elite,1648,3271,4903,6558,8219,9940,11740,13504,1623,1632,1655,1661,1721,1800,1764
42717,"Osenbaugh, Liz",non-elite,1458,2972,4576,6254,8082,10034,11870,13528,1514,1604,1678,1828,1952,1836,1658
42718,"Fritz, Charles",non-elite,1355,2735,4197,6045,7758,9612,11586,13462,1380,1462,1848,1713,1854,1974,1876
42719,"Wang, Chi Tien",non-elite,1326,2629,3954,5364,6832,8420,10728,13250,1303,1325,1410,1468,1588,2308,2522
42720,"Moore, Heather",non-elite,1533,3055,4593,6147,7855,9646,11428,13426,1522,1538,1554,1708,1791,1782,1998
42721,"Miller, Dale",non-elite,1767,3440,5118,6779,8429,10085,11784,13497,1673,1678,1661,1650,1656,1699,1713
42722,"Miller, Lindsey",non-elite,1379,2988,4847,6561,8269,10004,11765,13526,1609,1859,1714,1708,1735,1761,1761
42723,"Hawthorne, Jason G",non-elite,1284,2567,3898,5312,6911,8664,10677,13003,1283,1331,1414,1599,1753,2013,2326
42724,"Gilyalova, Svetlana",non-elite,1500,2996,4507,6129,7762,9462,11382,13429,1496,1511,1622,1633,1700,1920,2047
42725,"Vent, Alexandra",non-elite,1547,3073,4665,6326,8008,9792,11645,13473,1526,1592,1661,1682,1784,1853,1828
42726,"Cafferty, Vincent",non-elite,1574,3138,4724,6325,8204,9919,11782,13478,1564,1586,1601,1879,1715,1863,1696
42727,"Hooper-Stanley, Kim",non-elite,1598,3181,4799,6434,8088,9834,11680,13469,1583,1618,1635,1654,1746,1846,1789
42728,"Monies, Laura",non-elite,1594,3198,4815,6443,8062,9751,11557,13403,1604,1617,1628,1619,1689,1806,1846
42729,"Wollin Craker, Loretta J.",non-elite,1534,3069,4648,6255,7886,9614,11513,13424,1535,1579,1607,1631,1728,1899,1911
42730,"Roberts, Joanne",non-elite,1514,3046,4640,6249,7865,9594,11462,13383,1532,1594,1609,1616,1729,1868,1921
42731,"Klein, Teresa L",non-elite,1602,3231,4876,6542,8211,9916,11670,13509,1629,1645,1666,1669,1705,1754,1839
42732,"Hatcher, Denise",non-elite,1557,3136,4738,6375,8014,9718,11617,13478,1579,1602,1637,1639,1704,1899,1861
42733,"Williams, Allan",non-elite,1426,2882,4411,6020,7819,9668,11554,13462,1456,1529,1609,1799,1849,1886,1908
42734,"Zegarra Hurtado, Pedro Antonio Sr.",non-elite,1459,2944,4453,6003,7608,9346,11279,13361,1485,1509,1550,1605,1738,1933,2082
42735,"Plassmann, Joe",non-elite,1491,2990,4534,6215,7916,9763,11650,13486,1499,1544,1681,1701,1847,1887,1836
42736,"Lam, Johnny F",non-elite,1407,2818,4215,5680,7183,8868,10774,13414,1411,1397,1465,1503,1685,1906,2640
42737,"Ojile, Ann",non-elite,1606,3127,4665,6224,7814,9556,11451,13371,1521,1538,1559,1590,1742,1895,1920
42738,"Stewart, Phil",non-elite,1619,3270,4916,6585,8251,9951,11727,13485,1651,1646,1669,1666,1700,1776,1758
42739,"Yager, Nancy T",non-elite,1613,3246,4873,6516,8171,9899,11698,13488,1633,1627,1643,1655,1728,1799,1790
42740,"Carnabucci, Kevin",non-elite,1265,2559,3960,5597,7294,9168,11200,13371,1294,1401,1637,1697,1874,2032,2171
42741,"Bovardi, Keith",non-elite,1681,3256,4792,6329,7924,9688,11582,13434,1575,1536,1537,1595,1764,1894,1852
42742,"Miranda, Melissa J.",non-elite,1519,3054,4677,6401,8102,9864,11705,13493,1535,1623,1724,1701,1762,1841,1788
42743,"O'Brien, Daniel",non-elite,1598,3215,4821,6533,8210,9926,11693,13502,1617,1606,1712,1677,1716,1767,1809
42744,"Menzione, Ralph A. II",non-elite,1637,3169,4684,6248,7824,9520,11392,13423,1532,1515,1564,1576,1696,1872,2031
42745,"Leedom, Dennis J.",non-elite,1601,3161,4736,6344,7999,9832,11682,13484,1560,1575,1608,1655,1833,1850,1802
42746,"Stopyak, George H.",non-elite,1404,2830,4261,5732,7275,8965,11049,13296,1426,1431,1471,1543,1690,2084,2247
42747,"Bongard, Anton",non-elite,1597,3173,4777,6379,8038,9791,11660,13485,1576,1604,1602,1659,1753,1869,1825
42748,"Ferreira, Eric J.",non-elite,1854,3523,5108,6715,8326,10028,11707,13490,1669,1585,1607,1611,1702,1679,1783
42749,"Cook, Don R.",non-elite,1527,3105,4697,6391,8033,9781,11662,13482,1578,1592,1694,1642,1748,1881,1820
42750,"Lankford, Jillian A",non-elite,1654,3289,4931,6580,8252,10021,11824,13531,1635,1642,1649,1672,1769,1803,1707
42751,"Hathaway, Dan",non-elite,1313,2659,4037,5524,7199,9224,11446,13527,1346,1378,1487,1675,2025,2222,2081
42752,"Blakney, Luz A.",non-elite,1474,2979,4567,6225,7928,9741,11641,13476,1505,1588,1658,1703,1813,1900,1835
42753,"Lucas, Heather A",non-elite,1369,2802,4674,6400,8050,9740,11558,13533,1433,1872,1726,1650,1690,1818,1975
42754,"Currie, Paul A",non-elite,1420,2865,4299,5788,7314,9038,10984,13540,1445,1434,1489,1526,1724,1946,2556
42755,"Jones, Todd J.",non-elite,1493,3053,4646,6293,7981,9804,11682,13508,1560,1593,1647,1688,1823,1878,1826
42756,"Gauthier, Stephanie",non-elite,1537,3106,4686,6326,8070,9830,11684,13417,1569,1580,1640,1744,1760,1854,1733
42757,"Brown, Alan",non-elite,1679,3349,5008,6681,8358,10075,11802,13527,1670,1659,1673,1677,1717,1727,1725
42758,"Whiting, Patricia",non-elite,1565,3086,4629,6275,8024,9823,11770,13528,1521,1543,1646,1749,1799,1947,1758
42759,"Wysock, Kurt",non-elite,1421,2838,4229,5699,7250,8978,11082,13303,1417,1391,1470,1551,1728,2104,2221
42760,"Perkins-Howland, Janet",non-elite,1662,3334,4985,6652,8333,10058,11785,13497,1672,1651,1667,1681,1725,1727,1712
42761,"Rivera, George R",non-elite,1392,2823,4356,6024,7834,9657,11538,13486,1431,1533,1668,1810,1823,1881,1948
42762,"Chang, Jen-Lu",non-elite,1507,3019,4552,6250,7840,9567,11592,13414,1512,1533,1698,1590,1727,2025,1822
42763,"Boulware, Jason B.",non-elite,1606,3238,4854,6482,8150,9871,11718,13524,1632,1616,1628,1668,1721,1847,1806
42764,"Byerly, Patrick S",non-elite,1473,2975,4466,5981,7502,9207,11106,13247,1502,1491,1515,1521,1705,1899,2141
42765,"Aubil, Mindy L",non-elite,1427,2870,4417,6180,7905,9796,11671,13520,1443,1547,1763,1725,1891,1875,1849
42766,"Kolodenker, Liana",non-elite,1416,2836,4410,5963,7674,9646,11527,13546,1420,1574,1553,1711,1972,1881,2019
42767,"Christie, Allison",non-elite,1628,3266,4873,6520,8193,9923,11704,13490,1638,1607,1647,1673,1730,1781,1786
42768,"Yappen, Melanie",non-elite,1520,3077,4638,6274,7972,9744,11630,13465,1557,1561,1636,1698,1772,1886,1835
42769,"Carter, Elinor P",non-elite,1541,3083,4648,6249,7904,9817,11633,13448,1542,1565,1601,1655,1913,1816,1815
42770,"Selina, Rachel",non-elite,1689,3476,5113,6773,8433,10124,11835,13542,1787,1637,1660,1660,1691,1711,1707
42771,"Guertin, Douglas P.",non-elite,1456,2908,4400,6090,7777,9619,11711,13559,1452,1492,1690,1687,1842,2092,1848
42772,"Johnson, Dallas J.",non-elite,1568,3193,4851,6505,8172,9911,11725,13485,1625,1658,1654,1667,1739,1814,1760
42773,"Kocsi, Patrick",non-elite,1411,2827,4247,5689,7277,8979,11064,13284,1416,1420,1442,1588,1702,2085,2220
42774,"Cho, Hidong",non-elite,1585,3242,4972,6669,8329,10077,12030,13573,1657,1730,1697,1660,1748,1953,1543
42775,"Schlabach, Duane",non-elite,1426,2893,4410,5969,7629,9455,11515,13459,1467,1517,1559,1660,1826,2060,1944
42776,"Sloat, Julia A",non-elite,1631,3270,4929,6601,8281,10023,11811,13514,1639,1659,1672,1680,1742,1788,1703
42777,"Kaplan, Samantha",non-elite,1518,3015,4488,6187,7891,9724,11608,13448,1497,1473,1699,1704,1833,1884,1840
42778,"Renwick, Alister S",non-elite,1485,2925,4426,5948,7522,9227,11132,13235,1440,1501,1522,1574,1705,1905,2103
42779,"Simpson, David",non-elite,1524,3007,4535,6151,7847,9695,11660,13438,1483,1528,1616,1696,1848,1965,1778
42780,"Hague, David M",non-elite,1609,3199,4801,6410,8009,9651,11625,13467,1590,1602,1609,1599,1642,1974,1842
42781,"O'Donnell, Erin",non-elite,1609,3242,4876,6530,8196,9928,11723,13476,1633,1634,1654,1666,1732,1795,1753
42782,"Stafford, Douglas C.",non-elite,1580,3186,4867,6504,8120,9856,11682,13450,1606,1681,1637,1616,1736,1826,1768
42783,"White, Jeffrey P.",non-elite,1631,3270,4929,6602,8281,10023,11811,13512,1639,1659,1673,1679,1742,1788,1701
42784,"Sit, Stan",non-elite,1599,3216,4834,6451,8092,9806,11706,13497,1617,1618,1617,1641,1714,1900,1791
42785,"Atkinson, Laurie K.",non-elite,1622,3268,4986,6653,8294,10034,11805,13512,1646,1718,1667,1641,1740,1771,1707
42786,"Doxzon, Daniel",non-elite,1787,3429,5001,6589,8209,9952,11788,13518,1642,1572,1588,1620,1743,1836,1730
42787,"Kaul, Megan",non-elite,1657,3279,4898,6561,8249,10039,11857,13553,1622,1619,1663,1688,1790,1818,1696
42788,"Igboekwe, Emmeline E",non-elite,1555,3123,4702,6300,7946,9700,11576,13405,1568,1579,1598,1646,1754,1876,1829
42789,"Ulloa, Patricio",non-elite,1405,2799,4325,5768,7550,9250,11158,13344,1394,1526,1443,1782,1700,1908,2186
42790,"Oldridge, Lisa",non-elite,1645,3242,5047,6692,8322,10154,11841,13519,1597,1805,1645,1630,1832,1687,1678
42791,"Chahal, Surat",non-elite,1642,3264,4874,6504,8172,9925,11727,13507,1622,1610,1630,1668,1753,1802,1780
42792,"Paulson, Rochell J",non-elite,1585,3178,4753,6360,8006,9742,11624,13484,1593,1575,1607,1646,1736,1882,1860
42793,"Jones, Jennifer A",non-elite,1644,3294,4933,6598,8274,10038,11859,13569,1650,1639,1665,1676,1764,1821,1710
42794,"Voto, Angela",non-elite,1689,3292,4937,6580,8245,9967,11703,13506,1603,1645,1643,1665,1722,1736,1803
42795,"Abrams, Kirstin A.",non-elite,1510,3059,4616,6267,7888,9635,11713,13521,1549,1557,1651,1621,1747,2078,1808
42796,"Smith, Joseph X.",non-elite,1527,3083,4637,6233,7905,9716,11580,13413,1556,1554,1596,1672,1811,1864,1833
42797,"Hibler, Margaret",non-elite,1618,3221,4878,6549,8284,9998,11839,13532,1603,1657,1671,1735,1714,1841,1693
42798,"Smith, Sean",non-elite,1470,2950,4459,6179,7939,9788,11674,13526,1480,1509,1720,1760,1849,1886,1852
42799,"North, John",non-elite,1630,3290,4934,6599,8295,10078,11851,13545,1660,1644,1665,1696,1783,1773,1694
42800,"Wicht, Manfred",non-elite,1566,3192,4858,6509,8210,9949,11799,13528,1626,1666,1651,1701,1739,1850,1729
42801,"Tanaka, Manabu",non-elite,1604,3200,4822,6479,8127,9874,11669,13461,1596,1622,1657,1648,1747,1795,1792
42802,"Beaton, Tammy",non-elite,1752,3339,4878,6453,8036,9872,11701,13476,1587,1539,1575,1583,1836,1829,1775
42803,"Smith, William",non-elite,1381,2752,4176,5688,7336,9330,11243,13313,1371,1424,1512,1648,1994,1913,2070
42804,"Yarrow, Chris",non-elite,1474,2960,4472,6023,7598,9392,11442,13423,1486,1512,1551,1575,1794,2050,1981
42805,"Hunter, Edward",non-elite,1553,3028,4531,6046,7604,9335,11288,13323,1475,1503,1515,1558,1731,1953,2035
42806,"Moore, Dwight E",non-elite,1417,2782,4128,5499,6874,8289,9743,11362,1365,1346,1371,1375,1415,1454,1619
42807,"Otterbein, Gina P",non-elite,1528,3026,4546,6119,7838,9612,11512,13543,1498,1520,1573,1719,1774,1900,2031
42808,"Sorrell, Jennifer",non-elite,1559,3127,4750,6409,8127,9921,11724,13522,1568,1623,1659,1718,1794,1803,1798
42809,"Brehe, Michael",non-elite,1501,3085,4770,6527,8273,10097,11913,13575,1584,1685,1757,1746,1824,1816,1662
42810,"Vandermark, John M.",non-elite,1427,2937,4526,6191,7842,9662,11548,13556,1510,1589,1665,1651,1820,1886,2008
42811,"Christensen, Soren A.",non-elite,1483,2976,4482,6048,7676,9531,11487,13421,1493,1506,1566,1628,1855,1956,1934
42812,"Purciello, Marla M.",non-elite,1690,3312,4955,6619,8269,10008,11770,13515,1622,1643,1664,1650,1739,1762,1745
42813,"Rivera, Carlos M",non-elite,1395,2800,4300,6009,7794,9648,11583,13507,1405,1500,1709,1785,1854,1935,1924
42814,"Cormano, Enrico",non-elite,1680,3380,5049,6718,8396,10083,11782,13502,1700,1669,1669,1678,1687,1699,1720
42815,"Meldrum, Kara L",non-elite,1605,3189,4807,6446,8114,9827,11635,13447,1584,1618,1639,1668,1713,1808,1812
42816,"Capelle, Laura",non-elite,1527,3095,4716,6423,8123,9946,11775,13543,1568,1621,1707,1700,1823,1829,1768
42817,"Lee, Hyun Joong",non-elite,1414,2857,4445,6081,7748,9553,11293,13429,1443,1588,1636,1667,1805,1740,2136
42818,"Fish, John M",non-elite,1595,3251,4943,6683,8443,10347,11985,13571,1656,1692,1740,1760,1904,1638,1586
42819,"James, Mark",non-elite,1457,2977,4539,6165,7782,9460,11341,13429,1520,1562,1626,1617,1678,1881,2088
42820,"Cummings, Jessica L",non-elite,1517,3015,4574,6307,8080,9962,11771,13543,1498,1559,1733,1773,1882,1809,1772
42821,"Gallus, Martin",non-elite,1727,3377,4996,6664,8317,10041,11789,13514,1650,1619,1668,1653,1724,1748,1725
42822,"Tuttle, Tony J.",non-elite,1603,3258,4934,6623,8326,10081,11820,13532,1655,1676,1689,1703,1755,1739,1712
42823,"Frentzel, Kristen",non-elite,1451,2955,4477,6094,7823,9689,11659,13478,1504,1522,1617,1729,1866,1970,1819
42824,"Grabowski, Steven M.",non-elite,1794,3462,5137,6775,8443,10167,11894,13568,1668,1675,1638,1668,1724,1727,1674
42825,"Bogousslavsky, Julien",non-elite,1507,3025,4553,6093,7682,9419,11370,13415,1518,1528,1540,1589,1737,1951,2045
42826,"Mastrianni, James",non-elite,1864,3666,5401,7116,8659,10332,11942,13540,1802,1735,1715,1543,1673,1610,1598
42827,"Hamelink, Krijn L.",non-elite,1593,3253,4898,6541,8241,10035,11849,13536,1660,1645,1643,1700,1794,1814,1687
42828,"Wolfson, Ira L.",non-elite,1754,3443,5135,6842,8488,10180,11990,13640,1689,1692,1707,1646,1692,1810,1650
42829,"Horikawa, Francois M",non-elite,1476,2951,4443,6001,7661,9510,11508,13424,1475,1492,1558,1660,1849,1998,1916
42830,"Spitzer, Julie B.",non-elite,1595,3243,4865,6527,8209,9923,11739,13523,1648,1622,1662,1682,1714,1816,1784
42831,"Quenneville, Terry C",non-elite,1558,3116,4693,6284,7902,9646,11521,13447,1558,1577,1591,1618,1744,1875,1926
42832,"Mallory, Michele F",non-elite,1507,2999,4552,6263,7996,9878,11846,13564,1492,1553,1711,1733,1882,1968,1718
42833,"Irvine, Heather V",non-elite,1551,3101,4694,6310,7983,9793,11555,13402,1550,1593,1616,1673,1810,1762,1847
42834,"Robinson, Kimberly M",non-elite,1589,3195,4813,6436,8065,9771,11650,13541,1606,1618,1623,1629,1706,1879,1891
42835,"Elzinga, Erin E",non-elite,1539,3100,4685,6324,7996,9780,11680,13518,1561,1585,1639,1672,1784,1900,1838
42836,"Lazaro, Sara",non-elite,1546,3022,4684,6252,7829,9480,11456,13392,1476,1662,1568,1577,1651,1976,1936
42837,"Mangine, Danielle",non-elite,1539,3103,4677,6303,7949,9800,11678,13484,1564,1574,1626,1646,1851,1878,1806
42838,"Rahn, Kristen A",non-elite,1455,2926,4419,5997,7658,9507,11480,13413,1471,1493,1578,1661,1849,1973,1933
42839,"Silva-Bischoff, Rachel C",non-elite,1600,3172,4760,6377,8056,9789,11667,13505,1572,1588,1617,1679,1733,1878,1838
42840,"Cass, Murray L",non-elite,1614,3257,4909,6612,8334,10151,11892,13552,1643,1652,1703,1722,1817,1741,1660
42841,"MacDonald, Robert",non-elite,1534,3062,4551,6100,7789,9698,11549,13452,1528,1489,1549,1689,1909,1851,1903
42842,"Qaqish, Roula",non-elite,1635,3289,4966,6638,8314,10081,11862,13539,1654,1677,1672,1676,1767,1781,1677
42843,"Daniels, Evelyn L",non-elite,1657,3306,4946,6595,8238,9968,11746,13519,1649,1640,1649,1643,1730,1778,1773
42844,"Dhodapkar, Sonia",non-elite,1432,2922,4585,6262,7972,9646,11591,13531,1490,1663,1677,1710,1674,1945,1940
42845,"Shaw, Catherine",non-elite,1671,3392,5049,6719,8381,10153,11871,13540,1721,1657,1670,1662,1772,1718,1669
42846,"Head, Stephen P.",non-elite,1611,3271,4940,6616,8281,10002,11784,13516,1660,1669,1676,1665,1721,1782,1732
42847,"Luke, Michael",non-elite,1551,3137,4760,6434,8101,9836,11649,13470,1586,1623,1674,1667,1735,1813,1821
42848,"Cross, Michelle A",non-elite,1610,3242,4871,6503,8154,9902,11718,13508,1632,1629,1632,1651,1748,1816,1790
42849,"Burke, Mark A.",non-elite,1614,3229,4855,6495,8128,9876,11745,13535,1615,1626,1640,1633,1748,1869,1790
42850,"Chaffin, Carolyn",non-elite,1678,3347,5032,6706,8380,10114,11842,13545,1669,1685,1674,1674,1734,1728,1703
42851,"Ellsworth, Marcy L",non-elite,1569,3174,4780,6537,8130,9890,11719,13527,1605,1606,1757,1593,1760,1829,1808
42852,"Kanzler, Robert P",non-elite,1408,2865,4357,5932,7790,9848,11705,13505,1457,1492,1575,1858,2058,1857,1800
42853,"Steinberg, Susan",non-elite,1424,2872,4336,5835,7393,9190,11129,13274,1448,1464,1499,1558,1797,1939,2145
42854,"Steen-Patterson, Laura",non-elite,1623,3237,4889,6564,8234,9945,11711,13479,1614,1652,1675,1670,1711,1766,1768
42855,"Pavlick, John P.",non-elite,1612,3232,4842,6520,8181,9927,11729,13488,1620,1610,1678,1661,1746,1802,1759
42856,"Howe, Christopher",non-elite,1402,2774,4160,5671,7260,9185,11484,13462,1372,1386,1511,1589,1925,2299,1978
42857,"Block, Andrew D.",non-elite,1604,3149,4705,6265,7849,9564,11546,13445,1545,1556,1560,1584,1715,1982,1899
42858,"Hood, Leanne M",non-elite,1590,3196,4814,6437,8065,9771,11651,13542,1606,1618,1623,1628,1706,1880,1891
42859,"Maltz, Rich",non-elite,1611,3249,4909,6597,8263,9999,11744,13511,1638,1660,1688,1666,1736,1745,1767
42860,"Myers, April E.",non-elite,1455,2962,4569,6249,7949,9778,11685,13498,1507,1607,1680,1700,1829,1907,1813
42861,"Barrera Munoz, Ruben Dario",non-elite,1105,2243,3439,5120,6817,8719,11086,13303,1138,1196,1681,1697,1902,2367,2217
42862,"Rossi, Adam",non-elite,1542,3083,4642,6253,7878,9644,11484,13343,1541,1559,1611,1625,1766,1840,1859
42863,"Hvidt, Thomas",non-elite,1447,2947,4507,6192,7874,9689,11530,13498,1500,1560,1685,1682,1815,1841,1968
42864,"Tang, Pauline",non-elite,1543,3109,4728,6384,8085,9878,11740,13501,1566,1619,1656,1701,1793,1862,1761
42865,"Marn, Allison",non-elite,1429,2902,4488,6282,7932,9676,11660,13529,1473,1586,1794,1650,1744,1984,1869
42866,"Lemieux, Alice J",non-elite,1665,3325,4995,6668,8345,10055,11818,13525,1660,1670,1673,1677,1710,1763,1707
42867,"Engler, Loretta M",non-elite,1589,3200,4824,6480,8128,9882,11699,13488,1611,1624,1656,1648,1754,1817,1789
42868,"Halvorsen, Nicole M.",non-elite,1598,3227,4853,6508,8161,9877,11670,13451,1629,1626,1655,1653,1716,1793,1781
42869,"Arce, Steve J.",non-elite,1541,3083,4642,6253,7877,9644,11486,13344,1542,1559,1611,1624,1767,1842,1858
42870,"LeBlanc, Keith A.",non-elite,1326,2700,4149,5778,7544,9512,11488,13477,1374,1449,1629,1766,1968,1976,1989
42871,"Pendergast, Kelley",non-elite,1439,2932,4509,6153,7813,9640,11527,13479,1493,1577,1644,1660,1827,1887,1952
42872,"Rosdeitcher, Elizabeth A",non-elite,1608,3254,4891,6564,8245,9987,11816,13559,1646,1637,1673,1681,1742,1829,1743
42873,"Scott, Monika V.",non-elite,1536,3094,4702,6344,8239,10024,11824,13510,1558,1608,1642,1895,1785,1800,1686
42874,"Tackett, William B. Jr.",non-elite,1413,2846,4287,5808,7381,9220,11233,13449,1433,1441,1521,1573,1839,2013,2216
42875,"Schimke, Stephen P.",non-elite,1568,3158,4770,6424,8086,9841,11692,13521,1590,1612,1654,1662,1755,1851,1829
42876,"Mcewen, Kevin W.",non-elite,1612,3228,4891,6536,8183,9946,11799,13571,1616,1663,1645,1647,1763,1853,1772
42877,"Scheyer, Summer N",non-elite,1554,3098,4649,6311,7999,9814,11691,13500,1544,1551,1662,1688,1815,1877,1809
42878,"Teed, Carmen",non-elite,1502,3046,4677,6418,8108,9855,11678,13472,1544,1631,1741,1690,1747,1823,1794
42879,"Chang, Byung Joon",non-elite,1432,2899,4405,5983,7610,9438,11600,13495,1467,1506,1578,1627,1828,2162,1895
42880,"Gleason, Meg",non-elite,1622,3265,4962,6612,8295,10032,11819,13523,1643,1697,1650,1683,1737,1787,1704
42881,"Mackenzie, Mark C",non-elite,1504,3003,4519,6106,7712,9393,11362,13372,1499,1516,1587,1606,1681,1969,2010
42882,"Erdmann, Angela M",non-elite,1407,2946,4596,6379,8061,9939,11793,13567,1539,1650,1783,1682,1878,1854,1774
42883,"Nickerson, Damara",non-elite,1533,3079,4667,6429,8153,9957,11808,13548,1546,1588,1762,1724,1804,1851,1740
42884,"Chase, Thomas M",non-elite,1379,2776,4271,5919,7670,9620,11551,13444,1397,1495,1648,1751,1950,1931,1893
42885,"Lambert, Jennifer",non-elite,1454,2927,4480,6445,8157,9911,11668,13560,1473,1553,1965,1712,1754,1757,1892
42886,"Struger, Stephen A.",non-elite,1622,3250,4881,6512,8143,9824,11581,13460,1628,1631,1631,1631,1681,1757,1879
42887,"Wass-Martineau, Courtney R.",non-elite,1755,3409,5010,6635,8266,9985,11775,13500,1654,1601,1625,1631,1719,1790,1725
42888,"Peterson, Nohelia",non-elite,1563,3128,4693,6270,7867,9557,11404,13378,1565,1565,1577,1597,1690,1847,1974
42889,"Dematteo, Natalia F.",non-elite,1721,3326,4939,6564,8200,9864,11638,13493,1605,1613,1625,1636,1664,1774,1855
42890,"Paterson, Keith E",non-elite,1611,3255,4892,6560,8222,9957,11744,13470,1644,1637,1668,1662,1735,1787,1726
42891,"Jackson, Fiona J.",non-elite,1427,2898,4513,6252,7975,9826,11712,13512,1471,1615,1739,1723,1851,1886,1800
42892,"Johnstone, Rich",non-elite,1513,3029,4535,6061,7593,9340,11368,13324,1516,1506,1526,1532,1747,2028,1956
42893,"Curto, Colleen K",non-elite,1641,3285,4920,6611,8282,10024,11798,13557,1644,1635,1691,1671,1742,1774,1759
42894,"Stephens, Randall",non-elite,1412,2822,4232,5690,7269,9067,11024,13374,1410,1410,1458,1579,1798,1957,2350
42895,"Loeding, Nicole",non-elite,1482,2991,4571,6162,7823,9533,11427,13443,1509,1580,1591,1661,1710,1894,2016
42896,"Tallon, Daniel J.",non-elite,1579,3188,4834,6533,8208,9953,11745,13555,1609,1646,1699,1675,1745,1792,1810
42897,"Reyburn, Nayeli E",non-elite,1546,3062,4588,6163,7889,9724,11647,13507,1516,1526,1575,1726,1835,1923,1860
42898,"Newman, Lisa A",non-elite,1657,3318,4973,6650,8341,10090,11877,13581,1661,1655,1677,1691,1749,1787,1704
42899,"Link, Elizabeth",non-elite,1697,3375,5021,6672,8331,10060,11820,13536,1678,1646,1651,1659,1729,1760,1716
42900,"Li, Mei",non-elite,1558,3146,4804,6461,8116,9887,11723,13488,1588,1658,1657,1655,1771,1836,1765
42901,"Hu, Xiaoxi",non-elite,1424,2831,4286,5789,7357,9197,11478,13454,1407,1455,1503,1568,1840,2281,1976
42902,"Smith, Ronald H.",non-elite,1639,3276,4912,6537,8162,9884,11693,13497,1637,1636,1625,1625,1722,1809,1804
42903,"Ladwig, Elissa",non-elite,1667,3276,4898,6454,8062,9840,11785,13523,1609,1622,1556,1608,1778,1945,1738
42904,"Mcconville, Colleen M.",non-elite,1336,2687,4225,5974,7828,9663,11641,13543,1351,1538,1749,1854,1835,1978,1902
42905,"Schlosser, Wayne",non-elite,1622,3255,4848,6472,8094,9762,11529,13428,1633,1593,1624,1622,1668,1767,1899
42906,"Ruffin, Stephen",non-elite,1467,2947,4439,5993,7572,9335,11465,13489,1480,1492,1554,1579,1763,2130,2024
42907,"Fabiny, Anne R.",non-elite,1567,3144,4735,6370,8117,9878,11690,13493,1577,1591,1635,1747,1761,1812,1803
42908,"Koch, Brian M",non-elite,1383,2808,4284,6037,7869,9738,11687,13546,1425,1476,1753,1832,1869,1949,1859
42909,"Wood, David",non-elite,1527,3120,4733,6423,8007,9752,11588,13430,1593,1613,1690,1584,1745,1836,1842
42910,"Del Giorgio, Stephanie",non-elite,1572,3147,4735,6343,7972,9706,11670,13517,1575,1588,1608,1629,1734,1964,1847
42911,"Bunt, Richard C",non-elite,1456,2925,4422,6035,7711,9552,11578,13602,1469,1497,1613,1676,1841,2026,2024
42912,"Ramon, Yuval",non-elite,1604,3210,4797,6411,8050,9777,11669,13552,1606,1587,1614,1639,1727,1892,1883
42913,"Barnert, Paul",non-elite,1476,2948,4432,5943,7490,9304,11355,13564,1472,1484,1511,1547,1814,2051,2209
42914,"Lee, Byunghak",non-elite,1788,3481,5121,6751,8429,10108,11839,13560,1693,1640,1630,1678,1679,1731,1721
42915,"Chin Shue, Kevin A.",non-elite,1267,2571,3917,5345,6911,8720,10613,13396,1304,1346,1428,1566,1809,1893,2783
42916,"Rosen, Gary",non-elite,1574,3166,4809,6491,8180,9977,11776,13517,1592,1643,1682,1689,1797,1799,1741
42917,"Lanford, Jane",non-elite,1553,3205,4897,6599,8325,10093,11872,13563,1652,1692,1702,1726,1768,1779,1691
42918,"Moore, Nancy",non-elite,1589,3155,4755,6404,8157,9931,11743,13515,1566,1600,1649,1753,1774,1812,1772
42919,"Fitzhardinge, Callum",non-elite,1481,2887,4449,5974,7587,9692,11393,13505,1406,1562,1525,1613,2105,1701,2112
42920,"Wheatcroft, Don",non-elite,1516,3024,4536,6097,7820,9646,11603,13461,1508,1512,1561,1723,1826,1957,1858
42921,"O'Neil, Stephen",non-elite,1569,3157,4744,6342,7952,9796,11651,13510,1588,1587,1598,1610,1844,1855,1859
42922,"Wateland, Elizabeth",non-elite,1466,2941,4431,5982,7625,9386,11407,13430,1475,1490,1551,1643,1761,2021,2023
42923,"St Clair, Steve R",non-elite,1504,2977,4562,6197,7998,9792,11710,13542,1473,1585,1635,1801,1794,1918,1832
42924,"Macdonald, Renee",non-elite,1572,3137,4732,6335,7982,9778,11597,13481,1565,1595,1603,1647,1796,1819,1884
42925,"Mckee, Abbie",non-elite,1574,3176,4884,6630,8364,10215,11946,13591,1602,1708,1746,1734,1851,1731,1645
42926,"Moura Moutinho, Vitor",non-elite,1194,2402,3698,5014,6373,7852,9950,13236,1208,1296,1316,1359,1479,2098,3286
42927,"Cohen, Bridget L",non-elite,1629,3250,4868,6516,8189,9943,11739,13521,1621,1618,1648,1673,1754,1796,1782
42928,"Chamberlain, Jason J.",non-elite,1505,3073,4647,6269,7932,9699,11588,13502,1568,1574,1622,1663,1767,1889,1914
42929,"Melen, Bo",non-elite,1479,3003,4583,6250,7963,9779,11666,13499,1524,1580,1667,1713,1816,1887,1833
42930,"Annis, Michelle R.",non-elite,1590,3181,4818,6503,8211,9887,11708,13552,1591,1637,1685,1708,1676,1821,1844
42931,"Birschbach, Donna J.",non-elite,1472,2951,4474,6147,7852,9633,11548,13449,1479,1523,1673,1705,1781,1915,1901
42932,"Luo, Christopher",non-elite,1344,2682,4035,5427,6859,8654,10889,13506,1338,1353,1392,1432,1795,2235,2617
42933,"Franckowiak, Trisha",non-elite,1593,3214,4866,6544,8238,9988,11749,13522,1621,1652,1678,1694,1750,1761,1773
42934,"Morikawa, Suzuko",non-elite,1629,3281,4946,6630,8301,10031,11828,13552,1652,1665,1684,1671,1730,1797,1724
42935,"Tessier, Kelley",non-elite,1446,2895,4334,5827,7393,9157,11052,13277,1449,1439,1493,1566,1764,1895,2225
42936,"Choundalas, Antonios",non-elite,1451,2901,4372,5889,7438,9110,11277,13224,1450,1471,1517,1549,1672,2167,1947
42937,"Jakobcic, Gary",non-elite,1552,3120,4688,6285,7929,9666,11553,13429,1568,1568,1597,1644,1737,1887,1876
42938,"Hammel, Dawn M",non-elite,1648,3298,4947,6641,8338,10111,11881,13575,1650,1649,1694,1697,1773,1770,1694
42939,"Rancourt, Helene",non-elite,1582,3233,4875,6523,8198,9964,11760,13528,1651,1642,1648,1675,1766,1796,1768
42940,"Pisano, Jeannie",non-elite,1521,3061,4617,6225,7894,9729,11707,13523,1540,1556,1608,1669,1835,1978,1816
42941,"Shields, Michael",non-elite,1365,2759,4230,5801,7450,9314,11361,13524,1394,1471,1571,1649,1864,2047,2163
42942,"Hellinger, Harry",non-elite,1661,3309,4975,6643,8324,10067,11829,13545,1648,1666,1668,1681,1743,1762,1716
42943,"Peterson, Luke D",non-elite,1550,3107,4687,6291,7925,9624,11443,13566,1557,1580,1604,1634,1699,1819,2123
42944,"Peterson, Thaddeus W",non-elite,1549,3107,4686,6291,7924,9624,11443,13565,1558,1579,1605,1633,1700,1819,2122
42945,"Harwell, Trey",non-elite,1435,2877,4339,5883,7449,9140,10911,13401,1442,1462,1544,1566,1691,1771,2490
42946,"Rosenblum, Lee",non-elite,1614,3221,4829,6445,8075,9792,11621,13450,1607,1608,1616,1630,1717,1829,1829
42947,"Kase, Masakazu",non-elite,1436,2869,4313,5820,7389,9144,11334,13446,1433,1444,1507,1569,1755,2190,2112
42948,"Galasso, Steven",non-elite,1704,3326,4937,6571,8216,9943,11736,13528,1622,1611,1634,1645,1727,1793,1792
42949,"Jin, Yuqing",non-elite,1367,2787,4307,5910,7591,9539,11537,13519,1420,1520,1603,1681,1948,1998,1982
42950,"Earle, Elizabeth",non-elite,1717,3311,4897,6528,8240,9985,11736,13512,1594,1586,1631,1712,1745,1751,1776
42951,"Hughes, Julie A.",non-elite,1537,3095,4739,6437,8136,9932,11800,13562,1558,1644,1698,1699,1796,1868,1762
42952,"Bierbrauer, David",non-elite,1274,2566,3939,5361,7033,8902,11135,13329,1292,1373,1422,1672,1869,2233,2194
42953,"Ho, Jo-Chun",non-elite,1519,3108,4795,6523,8245,10104,11904,13569,1589,1687,1728,1722,1859,1800,1665
42954,"Hunter, Kaori",non-elite,1607,3228,4878,6534,8170,9876,11690,13487,1621,1650,1656,1636,1706,1814,1797
42955,"Tomasello, Patrice",non-elite,1611,3233,4847,6504,8177,9934,11725,13474,1622,1614,1657,1673,1757,1791,1749
42956,"Belicajevic, Zdravko",non-elite,1554,3109,4684,6402,8103,9944,11816,13578,1555,1575,1718,1701,1841,1872,1762
42957,"Eliot, Krista N.",non-elite,1633,3265,4894,6583,8288,10055,11873,13605,1632,1629,1689,1705,1767,1818,1732
42959,"Corson, Marcia L",non-elite,1596,3211,4846,6499,8156,9907,11732,13533,1615,1635,1653,1657,1751,1825,1801
42960,"Kaufman, Howard J",non-elite,1597,3204,4855,6507,8162,9865,11654,13454,1607,1651,1652,1655,1703,1789,1800
42961,"Shimits, Dani",non-elite,1450,2920,4458,6137,7812,9686,11664,13547,1470,1538,1679,1675,1874,1978,1883
42962,"Lesperance, John J",non-elite,1388,2775,4195,5727,7489,9387,11375,13464,1387,1420,1532,1762,1898,1988,2089
42963,"Van Steenwyk, Kristin",non-elite,1535,3042,4580,6223,7889,9674,11632,13487,1507,1538,1643,1666,1785,1958,1855
42964,"Lindgren, Fredrik",non-elite,1663,3277,4876,6542,8226,9998,11824,13624,1614,1599,1666,1684,1772,1826,1800
42965,"Goodwin, David A",non-elite,1530,3051,4580,6178,7939,9673,11678,13578,1521,1529,1598,1761,1734,2005,1900
42966,"Kovatch, Shaina M",non-elite,1467,2965,4504,6186,7823,9654,11680,13571,1498,1539,1682,1637,1831,2026,1891
42967,"Clemen, Joann J.",non-elite,1487,2975,4539,6145,8060,9788,11705,13532,1488,1564,1606,1915,1728,1917,1827
42968,"Jakubowicz, Carol A.",non-elite,1486,3027,4636,6330,8205,10021,11848,13564,1541,1609,1694,1875,1816,1827,1716
42969,"Wegele, Angela",non-elite,1566,3192,4858,6510,8210,9948,11779,13545,1626,1666,1652,1700,1738,1831,1766
42970,"Bates, Kellie",non-elite,1654,3312,4968,6638,8328,10061,11859,13553,1658,1656,1670,1690,1733,1798,1694
42971,"Denby, Candice A",non-elite,1594,3164,4773,6419,8086,9960,11773,13512,1570,1609,1646,1667,1874,1813,1739
42972,"Gordon, Douglas",non-elite,1567,3088,4605,6194,7859,9610,11471,13412,1521,1517,1589,1665,1751,1861,1941
42973,"Jefferson, Rachel B.",non-elite,1534,3074,4622,6222,7856,9608,11520,13456,1540,1548,1600,1634,1752,1912,1936
42974,"Roy, Heather L",non-elite,1626,3282,4902,6580,8281,10010,11789,13520,1656,1620,1678,1701,1729,1779,1731
42975,"Lafleur, Jennifer C",non-elite,1545,3063,4678,6379,8146,9922,11685,13560,1518,1615,1701,1767,1776,1763,1875
42976,"Cebik, Douglas",non-elite,1446,2950,4488,6095,7743,9569,11651,13532,1504,1538,1607,1648,1826,2082,1881
42977,"Benjamin, Anne",non-elite,1594,3189,4802,6444,8094,9824,11651,13503,1595,1613,1642,1650,1730,1827,1852
42978,"Thomas-Doyle, Tracey A",non-elite,1518,3056,4614,6220,7902,9715,11797,13579,1538,1558,1606,1682,1813,2082,1782
42979,"Hackney, Sue",non-elite,1492,2987,4504,6083,7700,9434,11315,13402,1495,1517,1579,1617,1734,1881,2087
42980,"Tupper, Stephanie L.",non-elite,1549,3112,4749,6428,8084,9865,11715,13511,1563,1637,1679,1656,1781,1850,1796
42981,"Gibbons, Joseph G",non-elite,1488,2985,4561,6251,8031,9826,11728,13556,1497,1576,1690,1780,1795,1902,1828
42982,"Zembroski, Amy",non-elite,1436,2882,4371,5989,7818,9777,11807,13588,1446,1489,1618,1829,1959,2030,1781
42983,"Hanna, Zach",non-elite,1613,3239,4886,6557,8244,9995,11772,13550,1626,1647,1671,1687,1751,1777,1778
42984,"Miyagi, Yumiko",non-elite,1594,3178,4787,6502,8204,10011,11872,13591,1584,1609,1715,1702,1807,1861,1719
42985,"Barker, Mae",non-elite,1613,3240,4885,6557,8243,9995,11772,13550,1627,1645,1672,1686,1752,1777,1778
42986,"Greninger, Elizabeth",non-elite,1458,2950,4465,6095,7763,9563,11549,13526,1492,1515,1630,1668,1800,1986,1977
42987,"Walters, Christina",non-elite,1628,3239,4875,6519,8210,9978,11777,13508,1611,1636,1644,1691,1768,1799,1731
42988,"Foisy, Caitlin A",non-elite,1487,2959,4452,6021,7604,9318,11399,13470,1472,1493,1569,1583,1714,2081,2071
42989,"Schneider, Katrina",non-elite,1558,3109,4722,6352,8001,9795,11637,13519,1551,1613,1630,1649,1794,1842,1882
42990,"Mackey, Paul G",non-elite,1514,3015,4605,6240,7934,9697,11634,13516,1501,1590,1635,1694,1763,1937,1882
42991,"Darter, Chad",non-elite,1643,3330,5020,6727,8455,10210,12006,13644,1687,1690,1707,1728,1755,1796,1638
42992,"Crane, Danielle K",non-elite,1641,3288,4941,6633,8309,10070,11884,13583,1647,1653,1692,1676,1761,1814,1699
42993,"Robbins, Marshall J",non-elite,1645,3254,4851,6444,8182,9852,11626,13466,1609,1597,1593,1738,1670,1774,1840
42994,"Bixby, Wally",non-elite,1418,2844,4255,5710,7264,9157,11332,13514,1426,1411,1455,1554,1893,2175,2182
42995,"Ausdemore, Katie",non-elite,1527,3092,4702,6399,8121,9894,11700,13516,1565,1610,1697,1722,1773,1806,1816
42996,"Imron, Wim",non-elite,1552,3087,4651,6288,7964,9805,11726,13514,1535,1564,1637,1676,1841,1921,1788
42997,"Rodriguez Vallejo, Rocio",non-elite,1384,2777,4206,5682,7224,8966,10912,13306,1393,1429,1476,1542,1742,1946,2394
42998,"Polini, Noemi",non-elite,1726,3357,4976,6627,8309,10093,11922,13595,1631,1619,1651,1682,1784,1829,1673
42999,"Levaggi, Cinthia",non-elite,1539,3080,4643,6255,7962,9802,11733,13549,1541,1563,1612,1707,1840,1931,1816
43000,"Brill, Zachary N.",non-elite,1730,3380,5040,6686,8413,10132,11889,13588,1650,1660,1646,1727,1719,1757,1699
43001,"Little, Terra",non-elite,1629,3270,4917,6592,8305,10078,11949,13629,1641,1647,1675,1713,1773,1871,1680
43002,"Dunne, Alexandra W.",non-elite,1638,3258,4925,6593,8248,10024,11817,13557,1620,1667,1668,1655,1776,1793,1740
43003,"Dunne, Mary H.",non-elite,1633,3199,4760,6363,8076,9967,11788,13557,1566,1561,1603,1713,1891,1821,1769
43004,"Darter, Jolene",non-elite,1646,3331,5022,6728,8457,10211,12008,13646,1685,1691,1706,1729,1754,1797,1638
43005,"Ross, Gary J.",non-elite,1557,3103,4698,6316,7957,9734,11673,13525,1546,1595,1618,1641,1777,1939,1852
43006,"Berneburg, Justin G.",non-elite,1730,3381,5041,6681,8412,10132,11889,13587,1651,1660,1640,1731,1720,1757,1698
43007,"Rosales, Leopoldo L",non-elite,1556,3170,4885,6607,8316,10001,11806,13545,1614,1715,1722,1709,1685,1805,1739
43008,"Cody, Emily",non-elite,1478,2999,4655,6297,8037,9857,11691,13514,1521,1656,1642,1740,1820,1834,1823
43009,"Harr, Karen",non-elite,1600,3210,4868,6563,8303,10061,11850,13578,1610,1658,1695,1740,1758,1789,1728
43010,"Forte, Stephanie",non-elite,1576,3219,4954,6655,8340,10084,11871,13574,1643,1735,1701,1685,1744,1787,1703
43011,"Goldfarb, Pamela",non-elite,1624,3288,4973,6668,8370,10101,11862,13590,1664,1685,1695,1702,1731,1761,1728
43012,"Mcdermott, Angie",non-elite,1591,3183,4785,6436,8140,9950,11850,13569,1592,1602,1651,1704,1810,1900,1719
43013,"Watkins, Tim M.",non-elite,1838,3548,5152,6793,8447,10173,11897,13578,1710,1604,1641,1654,1726,1724,1681
43014,"Gilpin, Sarah",non-elite,1579,3182,4827,6461,8109,9824,11665,13500,1603,1645,1634,1648,1715,1841,1835
43015,"Gooch, Janet L.",non-elite,1633,3268,4956,6634,8308,10023,11805,13557,1635,1688,1678,1674,1715,1782,1752
43016,"Wright, Chris A.",non-elite,1575,3160,4738,6325,7985,9731,11716,13515,1585,1578,1587,1660,1746,1985,1799
43017,"Boettge, Emily W.",non-elite,1595,3190,4804,6448,8192,9927,11726,13519,1595,1614,1644,1744,1735,1799,1793
43018,"Olbrot, John",non-elite,1581,3225,4884,6655,8378,10160,11911,13603,1644,1659,1771,1723,1782,1751,1692
43019,"Raffan, Alan J",non-elite,1565,3135,4717,6327,8043,9801,11664,13544,1570,1582,1610,1716,1758,1863,1880
43020,"Bond, Barbara I.",non-elite,1563,3145,4747,6472,8161,9961,11776,13575,1582,1602,1725,1689,1800,1815,1799
43021,"Cartmell, David L.",non-elite,1524,3037,4564,6142,7734,9455,11509,13509,1513,1527,1578,1592,1721,2054,2000
43022,"Flynn, Michael",non-elite,1754,3408,5023,6642,8253,9978,11744,13531,1654,1615,1619,1611,1725,1766,1787
43023,"Ennis, Jane",non-elite,1595,3242,4893,6565,8223,9908,11695,13501,1647,1651,1672,1658,1685,1787,1806
43024,"Sheets, Christy L.",non-elite,1483,3028,4742,6478,8227,10043,11870,13575,1545,1714,1736,1749,1816,1827,1705
43025,"Zdeb, Sara",non-elite,1531,3065,4726,6390,8018,9828,11848,13613,1534,1661,1664,1628,1810,2020,1765
43026,"Yort, Caroline T",non-elite,1589,3249,4922,6575,8226,9953,11756,13549,1660,1673,1653,1651,1727,1803,1793
43027,"Hays, Shannon",non-elite,1482,3010,4633,6316,8043,9892,11806,13577,1528,1623,1683,1727,1849,1914,1771
43028,"Garneau, Craig O",non-elite,1370,2795,4292,6031,7752,9586,11512,13494,1425,1497,1739,1721,1834,1926,1982
43029,"Kelleher, Alexandra",non-elite,1747,3382,5034,6744,8419,10126,11858,13584,1635,1652,1710,1675,1707,1732,1726
43030,"Churchill, Michelle",non-elite,1644,3261,4892,6539,8198,9924,11716,13496,1617,1631,1647,1659,1726,1792,1780
43031,"Ricci, Liz U.",non-elite,1500,3009,4583,6232,7850,9609,11504,13526,1509,1574,1649,1618,1759,1895,2022
43032,"Smerka, Gerard F.",non-elite,1617,3230,4851,6550,8187,9951,11748,13566,1613,1621,1699,1637,1764,1797,1818
43033,"Christu, Maria C",non-elite,1550,3189,4852,6509,8222,9981,11832,13584,1639,1663,1657,1713,1759,1851,1752
43034,"Cunningham, Corrine E.",non-elite,1753,3342,4968,6548,8129,9814,11635,13484,1589,1626,1580,1581,1685,1821,1849
43035,"Doyle, John M.",non-elite,1525,3090,4718,6371,8080,9888,11706,13529,1565,1628,1653,1709,1808,1818,1823
43036,"Ross, Shannon S",non-elite,1586,3183,4811,6495,8178,9984,11777,13556,1597,1628,1684,1683,1806,1793,1779
43037,"Lockhart, Iris",non-elite,1667,3315,4979,6657,8316,10030,11813,13545,1648,1664,1678,1659,1714,1783,1732
43038,"Thayer, Michelle",non-elite,1547,3050,4560,6165,7829,9629,11547,13473,1503,1510,1605,1664,1800,1918,1926
43039,"Gouldin, Frances",non-elite,1619,3263,4938,6674,8356,10090,11861,13578,1644,1675,1736,1682,1734,1771,1717
43040,"Bopp, Timothy S.",non-elite,1482,2975,4536,6165,7822,9648,11597,13574,1493,1561,1629,1657,1826,1949,1977
43041,"Martin, Paul D.",non-elite,1576,3168,4774,6405,8032,9749,11630,13530,1592,1606,1631,1627,1717,1881,1900
43042,"McCourt, Caitlin",non-elite,1715,3359,5008,6680,8325,10052,11841,13559,1644,1649,1672,1645,1727,1789,1718
43043,"Hayes, Ryan M.",non-elite,1375,2733,4097,5503,6928,8433,10277,13422,1358,1364,1406,1425,1505,1844,3145
43044,"Huang, He",non-elite,1650,3244,4764,6391,7983,9785,11732,13584,1594,1520,1627,1592,1802,1947,1852
43045,"Poynter, Chris I.",non-elite,1511,3075,4700,6370,8065,9870,11725,13556,1564,1625,1670,1695,1805,1855,1831
43046,"Chick, Stacy A",non-elite,1507,3018,4613,6294,7995,9838,11735,13538,1511,1595,1681,1701,1843,1897,1803
43047,"Seymour, Mark A.",non-elite,1499,3033,4631,6328,8052,9865,11771,13593,1534,1598,1697,1724,1813,1906,1822
43048,"Dietz, Robert",non-elite,1422,2929,4484,6128,7783,9627,11557,13476,1507,1555,1644,1655,1844,1930,1919
43049,"Allard, Lorraine N",non-elite,1514,3093,4691,6354,8045,9843,11768,13538,1579,1598,1663,1691,1798,1925,1770
43050,"Williams, Mark E",non-elite,1638,3232,4822,6440,8075,9814,11683,13515,1594,1590,1618,1635,1739,1869,1832
43051,"Astrom, Annika",non-elite,1514,3098,4771,6507,8252,10110,11961,13623,1584,1673,1736,1745,1858,1851,1662
43052,"Niland, Peggy",non-elite,1687,3380,5077,6773,8474,10204,11935,13611,1693,1697,1696,1701,1730,1731,1676
43053,"Egan, James G.",non-elite,1630,3219,4858,6503,8156,9938,11699,13489,1589,1639,1645,1653,1782,1761,1790
43054,"Falk, Adam F.",non-elite,1634,3236,4854,6501,8162,9938,11739,13527,1602,1618,1647,1661,1776,1801,1788
43055,"Gillette, Jonathan",non-elite,1678,3259,4824,6386,8034,9935,11836,13574,1581,1565,1562,1648,1901,1901,1738
43056,"Sherck, Susan J",non-elite,1564,3145,4763,6477,8134,9907,11742,13552,1581,1618,1714,1657,1773,1835,1810
43057,"Miller, Melissa",non-elite,1559,3152,4794,6557,8268,10029,11820,13560,1593,1642,1763,1711,1761,1791,1740
43058,"Kinder, Gordon W.",non-elite,1588,3239,4901,6645,8318,10098,11897,13606,1651,1662,1744,1673,1780,1799,1709
43059,"Mccorquodale, Lisa M",non-elite,1644,3286,4937,6600,8278,10037,11849,13556,1642,1651,1663,1678,1759,1812,1707
43060,"Yen, Ho-Yang",non-elite,1433,3038,4754,6302,7927,9836,11785,13554,1605,1716,1548,1625,1909,1949,1769
43061,"Pelletier, Manon",non-elite,1618,3258,4888,6558,8226,9999,11766,13551,1640,1630,1670,1668,1773,1767,1785
43062,"Thornton, Jessica",non-elite,1611,3329,5186,6971,8725,10374,12042,13683,1718,1857,1785,1754,1649,1668,1641
43063,"Smith, Lester H.",non-elite,1493,2989,4537,6151,7802,9605,11530,13471,1496,1548,1614,1651,1803,1925,1941
43064,"Temperton, Carol",non-elite,1620,3240,4875,6560,8267,10038,11842,13571,1620,1635,1685,1707,1771,1804,1729
43065,"Szilagyi-Norgart, Erica A",non-elite,1627,3233,4849,6501,8154,9928,11778,13516,1606,1616,1652,1653,1774,1850,1738
43066,"Phillips, Bryan",non-elite,1567,3120,4653,6316,7984,9722,11582,13493,1553,1533,1663,1668,1738,1860,1911
43067,"Zhang, Yu",non-elite,1620,3214,4849,6519,8203,9998,11939,13645,1594,1635,1670,1684,1795,1941,1706
43068,"Lewellyn, Krista",non-elite,1532,3050,4569,6103,7631,9298,11289,13529,1518,1519,1534,1528,1667,1991,2240
43069,"Dochoda, Crissy",non-elite,1535,3078,4739,6477,8150,9908,11787,13526,1543,1661,1738,1673,1758,1879,1739
43070,"Welty, Joseph M",non-elite,1546,3074,4621,6173,7746,9497,11545,13542,1528,1547,1552,1573,1751,2048,1997
43071,"Fraser, Amelia H.",non-elite,1450,2882,4341,6000,7993,9843,11720,13591,1432,1459,1659,1993,1850,1877,1871
43072,"Neynens, Harry J",non-elite,1344,2703,4216,5847,7619,9485,11586,13512,1359,1513,1631,1772,1866,2101,1926
43073,"Decarli, Debbie",non-elite,1601,3275,4938,6626,8331,10097,11915,13580,1674,1663,1688,1705,1766,1818,1665
43074,"Vercruysse, Aurelia",non-elite,1511,3037,4609,6281,7970,9777,11703,13534,1526,1572,1672,1689,1807,1926,1831
43075,"O'Connor, Andrew S.",non-elite,1241,2508,3803,5167,6927,9122,11326,13489,1267,1295,1364,1760,2195,2204,2163
43076,"Belch, Barbara D",non-elite,1584,3182,4820,6499,8167,9934,11777,13546,1598,1638,1679,1668,1767,1843,1769
43077,"Macneil, Erin M.",non-elite,1345,2703,4216,5847,7619,9485,11587,13513,1358,1513,1631,1772,1866,2102,1926
43078,"Johnson, Melissa Y.",non-elite,1701,3390,5084,6775,8447,10181,11943,13600,1689,1694,1691,1672,1734,1762,1657
43079,"Kennard, Scott",non-elite,1573,3186,4828,6484,8160,9895,11691,13505,1613,1642,1656,1676,1735,1796,1814
43080,"Nikolaou, Lambrina M",non-elite,1518,3129,4801,6549,8285,10099,11929,13607,1611,1672,1748,1736,1814,1830,1678
43081,"Green, Rich",non-elite,1583,3163,4786,6445,8104,9863,11691,13506,1580,1623,1659,1659,1759,1828,1815
43082,"Macdonald, Kathleen",non-elite,1637,3273,4924,6588,8258,10002,11790,13589,1636,1651,1664,1670,1744,1788,1799
43083,"Starling, Johnny J. Jr.",non-elite,1401,2893,4310,5747,7212,8773,10974,13251,1492,1417,1437,1465,1561,2201,2277
43084,"Foulds, Dana",non-elite,1587,3206,4851,6538,8226,10005,11823,13572,1619,1645,1687,1688,1779,1818,1749
43085,"Early, Dennis",non-elite,1475,2996,4548,6150,7786,9538,11452,13348,1521,1552,1602,1636,1752,1914,1896
43086,"Sharpe, Jennifer",non-elite,1620,3291,4955,6599,8282,10051,11841,13573,1671,1664,1644,1683,1769,1790,1732
43087,"Flinn, Chris",non-elite,1374,2853,4391,5983,7690,9546,11460,13499,1479,1538,1592,1707,1856,1914,2039
43088,"Baker, Cheri L",non-elite,1554,3161,4826,6564,8260,10058,11866,13594,1607,1665,1738,1696,1798,1808,1728
43089,"Chin, Derrick H.",non-elite,1650,3308,5023,6691,8390,10174,11930,13602,1658,1715,1668,1699,1784,1756,1672
43090,"Byers, Christine",non-elite,1573,3166,4763,6404,8064,9867,11728,13556,1593,1597,1641,1660,1803,1861,1828
43091,"Krebsbach, Patti",non-elite,1609,3230,4868,6560,8247,10011,11845,13537,1621,1638,1692,1687,1764,1834,1692
43092,"Mcintyre, Laurel A",non-elite,1542,3086,4639,6222,7851,9617,11542,13491,1544,1553,1583,1629,1766,1925,1949
43093,"Steward, Paul L.",non-elite,1520,2970,4482,6152,7851,9658,11551,13489,1450,1512,1670,1699,1807,1893,1938
43094,"Charnley, Noriko",non-elite,1504,3069,4671,6357,8073,9864,11744,13553,1565,1602,1686,1716,1791,1880,1809
43095,"Prevallet, Craig S",non-elite,1490,3004,4538,6134,7786,9549,11557,13557,1514,1534,1596,1652,1763,2008,2000
43096,"Ashley, Timothy",non-elite,1666,3319,4993,6700,8406,10152,11902,13611,1653,1674,1707,1706,1746,1750,1709
43097,"Doud, Laura L",non-elite,1538,3050,4582,6144,7767,9559,11511,13441,1512,1532,1562,1623,1792,1952,1930
43098,"Fitzgerald, Shawn",non-elite,1464,2934,4404,5907,7454,9375,11439,13485,1470,1470,1503,1547,1921,2064,2046
43099,"Chaney, Gary C",non-elite,1502,3010,4571,6194,7923,9824,11737,13573,1508,1561,1623,1729,1901,1913,1836
43100,"Gerner, Jen",non-elite,1571,3154,4737,6345,8004,9899,11795,13584,1583,1583,1608,1659,1895,1896,1789
43101,"Hughto, Ann",non-elite,1836,3576,5254,6927,8577,10272,11934,13606,1740,1678,1673,1650,1695,1662,1672
43102,"Benson, Elizabeth A",non-elite,1564,3171,4826,6543,8254,10005,11837,13575,1607,1655,1717,1711,1751,1832,1738
43103,"Kowalski, Mary M",non-elite,1566,3262,4935,6622,8312,10041,11799,13573,1696,1673,1687,1690,1729,1758,1774
43104,"Rusch, Dorothy",non-elite,1615,3262,4922,6607,8322,10077,11868,13579,1647,1660,1685,1715,1755,1791,1711
43105,"Allen, Mac",non-elite,1531,3079,4626,6163,7698,9302,11386,13533,1548,1547,1537,1535,1604,2084,2147
43106,"Bergstrom, Amanda",non-elite,1465,2931,4424,6036,7716,9541,11523,13521,1466,1493,1612,1680,1825,1982,1998
43107,"Deschenes-Desmond, Caitlin",non-elite,1584,3166,4763,6387,8168,9846,11746,13552,1582,1597,1624,1781,1678,1900,1806
43108,"Sawyer, Tom D",non-elite,1603,3219,4834,6495,8167,9973,11825,13574,1616,1615,1661,1672,1806,1852,1749
43109,"McIntyre, Erin E.",non-elite,1740,3426,5082,6750,8432,10156,11898,13625,1686,1656,1668,1682,1724,1742,1727
43110,"Holmvik, Michelle",non-elite,1589,3177,4770,6391,8050,9795,11657,13542,1588,1593,1621,1659,1745,1862,1885
43111,"Bae, Hyungkil",non-elite,1316,2622,3997,5576,7352,9272,11462,13438,1306,1375,1579,1776,1920,2190,1976
43112,"Granger, Ethan W.",non-elite,1660,3299,4884,6478,8113,9913,11779,13573,1639,1585,1594,1635,1800,1866,1794
43113,"Whittingham, Sara A",non-elite,1383,2864,4425,6045,7676,9469,11551,13512,1481,1561,1620,1631,1793,2082,1961
43114,"Ham, Bill",non-elite,1552,3102,4647,6233,7883,9607,11495,13478,1550,1545,1586,1650,1724,1888,1983
43115,"Ollerman, Esti",non-elite,1556,3129,4755,6486,8189,9955,11771,13599,1573,1626,1731,1703,1766,1816,1828
43116,"Eastmond, Scott",non-elite,1413,2867,4367,5969,7689,9535,11514,13357,1454,1500,1602,1720,1846,1979,1843
43117,"Castela, Ana",non-elite,1659,3267,4872,6488,8132,9857,11648,13532,1608,1605,1616,1644,1725,1791,1884
43118,"Denney, Jeff",non-elite,1455,2900,4445,6169,7833,9636,11570,13549,1445,1545,1724,1664,1803,1934,1979
43119,"Guenard, Elizabeth",non-elite,1406,2919,4523,6200,7874,9916,11705,13535,1513,1604,1677,1674,2042,1789,1830
43120,"Simon, Ronald",non-elite,1414,2836,4289,5848,7505,9410,11465,13454,1422,1453,1559,1657,1905,2055,1989
43121,"Lonergan, James F",non-elite,1432,2871,4412,6055,7753,9670,11734,13634,1439,1541,1643,1698,1917,2064,1900
43122,"Brophy, David",non-elite,1738,3472,5181,6878,8598,10317,12035,13670,1734,1709,1697,1720,1719,1718,1635
43123,"Zuckerman, Tracy G.",non-elite,1593,3169,4818,6508,8213,10008,11836,13547,1576,1649,1690,1705,1795,1828,1711
43124,"Tay-Snyder, Amy",non-elite,1610,3243,4883,6569,8305,10019,11829,13579,1633,1640,1686,1736,1714,1810,1750
43125,"Garcia, Kristy M",non-elite,1644,3274,4916,6579,8281,10050,11827,13574,1630,1642,1663,1702,1769,1777,1747
43126,"Ringgenberg, Matthew",non-elite,1474,2982,4519,6089,7763,9488,11501,13452,1508,1537,1570,1674,1725,2013,1951
43127,"Clark, Kimberly",non-elite,1560,3153,4788,6478,8180,9946,11804,13594,1593,1635,1690,1702,1766,1858,1790
43128,"Kitay, Marc",non-elite,1746,3360,4961,6654,8313,10051,11827,13588,1614,1601,1693,1659,1738,1776,1761
43129,"Claflin, Thomas",non-elite,1607,3269,4968,6656,8369,10128,11897,13598,1662,1699,1688,1713,1759,1769,1701
43130,"Lam, Nam K",non-elite,1404,2797,4199,5651,7126,8723,10858,13444,1393,1402,1452,1475,1597,2135,2586
43131,"Postma, Jaap",non-elite,1753,3458,5141,6834,8502,10246,11991,13648,1705,1683,1693,1668,1744,1745,1657
43132,"Kinealy, Colleen",non-elite,1467,2934,4389,5854,7614,9556,11495,13517,1467,1455,1465,1760,1942,1939,2022
43133,"Lozano, Fernando Antonio",non-elite,1593,3197,4805,6446,8085,10003,11708,13534,1604,1608,1641,1639,1918,1705,1826
43134,"Patterson, Jacci",non-elite,1571,3130,4697,6291,7981,9779,11809,13571,1559,1567,1594,1690,1798,2030,1762
43135,"Riedel, Thomas",non-elite,1560,3114,4675,6233,7803,9476,11448,13454,1554,1561,1558,1570,1673,1972,2006
43136,"Fulton, Linnea E.",non-elite,1804,3444,4997,6592,8295,10083,11890,13614,1640,1553,1595,1703,1788,1807,1724
43137,"Okamura, Toshio",non-elite,1415,2873,4344,5879,7648,9573,11499,13483,1458,1471,1535,1769,1925,1926,1984
43138,"Meyer, Jane M",non-elite,1531,3126,4805,6524,8234,10050,11828,13587,1595,1679,1719,1710,1816,1778,1759
43139,"Cieszkowski, Wojciech",non-elite,1484,2979,4480,6118,7859,9845,11752,13602,1495,1501,1638,1741,1986,1907,1850
43140,"Wells, Alana",non-elite,1604,3203,4789,6409,8066,9817,11655,13534,1599,1586,1620,1657,1751,1838,1879
43141,"Gaye, Scott R.",non-elite,1555,3135,4719,6357,8011,9696,11485,13410,1580,1584,1638,1654,1685,1789,1925
43142,"Lange, Carol L",non-elite,1585,3189,4803,6456,8101,9847,11677,13558,1604,1614,1653,1645,1746,1830,1881
43143,"Mcmahon, Paul E",non-elite,1606,3248,4905,6584,8259,10028,11820,13593,1642,1657,1679,1675,1769,1792,1773
43144,"Washburne, Mark",non-elite,1556,3131,4739,6397,8068,9867,11725,13559,1575,1608,1658,1671,1799,1858,1834
43145,"Guzinski, Carol",non-elite,1434,2908,4467,6107,7773,9576,11556,13496,1474,1559,1640,1666,1803,1980,1940
43146,"Hotton, Josee",non-elite,1397,2865,4415,5996,7583,9281,11139,13575,1468,1550,1581,1587,1698,1858,2436
43147,"Rafter, Lynn",non-elite,1626,3279,4963,6673,8383,10132,11915,13612,1653,1684,1710,1710,1749,1783,1697
43148,"Ryan, Nancy",non-elite,1508,3021,4657,6362,8115,9871,11693,13559,1513,1636,1705,1753,1756,1822,1866
43149,"Hobbs, Dannielle N",non-elite,1410,2822,4361,5973,7698,9563,11526,13550,1412,1539,1612,1725,1865,1963,2024
43150,"Mizelle, Sara",non-elite,1483,3057,4664,6293,7966,9774,11648,13534,1574,1607,1629,1673,1808,1874,1886
43151,"Johnson, Mary M.",non-elite,1431,2990,4606,6268,7923,9719,11626,13510,1559,1616,1662,1655,1796,1907,1884
43152,"Orr, Melissa S.",non-elite,1432,2962,4624,6397,8130,9962,11855,13649,1530,1662,1773,1733,1832,1893,1794
43153,"O'Donnell, Mary Beth",non-elite,1593,3222,4871,6533,8224,9964,11749,13550,1629,1649,1662,1691,1740,1785,1801
43154,"Voight, Lorie Ann",non-elite,1567,3160,4834,6506,8164,10065,11847,13628,1593,1674,1672,1658,1901,1782,1781
43155,"Locker, Michal L",non-elite,1586,3198,4839,6500,8178,9971,11786,13567,1612,1641,1661,1678,1793,1815,1781
43156,"Telang, Kristin",non-elite,1605,3264,4893,6575,8250,10018,11837,13579,1659,1629,1682,1675,1768,1819,1742
43157,"Arnold, Amy M.",non-elite,1571,3150,4822,6534,8167,9847,11632,13495,1579,1672,1712,1633,1680,1785,1863
43158,"O'Brien, Courtney",non-elite,1717,3311,4897,6501,8114,9819,11736,13619,1594,1586,1604,1613,1705,1917,1883
43159,"Anair, Daniel J.",non-elite,1695,3304,4948,6682,8371,10118,11864,13610,1609,1644,1734,1689,1747,1746,1746
43160,"Lancet, Mel",non-elite,1517,3028,4558,6100,7635,9237,11104,13399,1511,1530,1542,1535,1602,1867,2295
43161,"Kennedy, Sharon",non-elite,1547,3127,4753,6428,8114,9891,11724,13577,1580,1626,1675,1686,1777,1833,1853
43162,"Pfluger, Tiff",non-elite,1639,3295,4954,6631,8314,10064,11877,13594,1656,1659,1677,1683,1750,1813,1717
43163,"Ichida, Susumu",non-elite,1624,3287,4969,6681,8347,10108,11878,13602,1663,1682,1712,1666,1761,1770,1724
43164,"De Souza Rodrigues Eigenmann, Aluizio Etelvino",non-elite,1887,3612,5312,7032,8646,10354,12051,13648,1725,1700,1720,1614,1708,1697,1597
43165,"Anair, Raymond M.",non-elite,1695,3305,4949,6682,8371,10118,11866,13611,1610,1644,1733,1689,1747,1748,1745
43166,"Donelan, Michael B",non-elite,1597,3193,4789,6435,8109,9848,11649,13591,1596,1596,1646,1674,1739,1801,1942
43167,"Jensen, Micaela E.",non-elite,1600,3198,4855,6516,8213,10013,11869,13611,1598,1657,1661,1697,1800,1856,1742
43168,"Hamilton, Anja S",non-elite,1462,3018,4608,6263,7944,9851,11718,13569,1556,1590,1655,1681,1907,1867,1851
43169,"Lindqvist, Catherine A.",non-elite,1593,3214,4847,6519,8214,9990,11809,13593,1621,1633,1672,1695,1776,1819,1784
43170,"Rowland, Stephan H",non-elite,1652,3305,4975,6661,8385,10148,11939,13675,1653,1670,1686,1724,1763,1791,1736
43171,"Lucas, Caroline F.",non-elite,1294,2736,4311,5927,7670,9531,11493,13511,1442,1575,1616,1743,1861,1962,2018
43172,"Lunt, Nicole M.",non-elite,1569,3098,4663,6266,7959,9778,11687,13534,1529,1565,1603,1693,1819,1909,1847
43173,"Kuball, Kristin M",non-elite,1420,2852,4310,5810,7378,9040,10894,13196,1432,1458,1500,1568,1662,1854,2302
43174,"Moyer, Geoff",non-elite,1436,2914,4425,6028,7698,9545,11594,13566,1478,1511,1603,1670,1847,2049,1972
43175,"Walker, Melissa",non-elite,1550,3075,4647,6266,7923,9772,11749,13554,1525,1572,1619,1657,1849,1977,1805
43176,"Fasbinder, Shirley A",non-elite,1589,3137,4700,6346,8029,9812,11694,13527,1548,1563,1646,1683,1783,1882,1833
43177,"Ruetten, Marie",non-elite,1628,3278,4920,6643,8330,10078,11882,13623,1650,1642,1723,1687,1748,1804,1741
43178,"Preston, Tara A",non-elite,1613,3242,4876,6537,8252,9994,11850,13604,1629,1634,1661,1715,1742,1856,1754
43179,"Lindsey, Jenifer",non-elite,1593,3198,4818,6447,8072,9704,11435,13527,1605,1620,1629,1625,1632,1731,2092
43180,"Mulvaney-Thorp, Andie",non-elite,1616,3222,4847,6511,8195,9984,11825,13609,1606,1625,1664,1684,1789,1841,1784
43181,"Ruijgrok, Adrianus",non-elite,1373,2794,4274,5866,7544,9319,11403,13490,1421,1480,1592,1678,1775,2084,2087
43182,"Stanton, Terry L.",non-elite,1392,2861,4471,6216,7917,9727,11648,13536,1469,1610,1745,1701,1810,1921,1888
43183,"Riordan, Bridget M",non-elite,1457,2965,4574,6227,7930,9740,11656,13536,1508,1609,1653,1703,1810,1916,1880
43184,"Clark, Dina",non-elite,1686,3354,5014,6647,8324,10056,11862,13577,1668,1660,1633,1677,1732,1806,1715
43185,"Sykes, Andy",non-elite,1617,3185,4760,6375,7975,9663,11508,13474,1568,1575,1615,1600,1688,1845,1966
43186,"Pratt, Rachel A.",non-elite,1570,3116,4698,6387,8167,9960,11862,13602,1546,1582,1689,1780,1793,1902,1740
43187,"Harris, Michael",non-elite,1506,3063,4669,6355,8069,9833,11700,13543,1557,1606,1686,1714,1764,1867,1843
43188,"Harris, Jeffrey",non-elite,1506,3064,4669,6347,8070,9833,11700,13547,1558,1605,1678,1723,1763,1867,1847
43189,"Haist, Donna M",non-elite,1633,3262,4911,6571,8230,9948,11795,13582,1629,1649,1660,1659,1718,1847,1787
43190,"Scharnberg Neto, Marcos Sr.",non-elite,1602,3240,4886,6587,8274,10052,11850,13606,1638,1646,1701,1687,1778,1798,1756
43191,"Shwery, Michelle M.",non-elite,1567,3169,4817,6478,8175,9970,11818,13590,1602,1648,1661,1697,1795,1848,1772
43192,"Pfitzner, Sally C.",non-elite,1593,3207,4830,6477,8152,9953,11823,13594,1614,1623,1647,1675,1801,1870,1771
43193,"Adams, Brittany L",non-elite,1511,3044,4624,6279,7969,9812,11739,13583,1533,1580,1655,1690,1843,1927,1844
43194,"Ramunno, Philip M.",non-elite,1310,2623,4004,5403,6858,8485,10270,13370,1313,1381,1399,1455,1627,1785,3100
43195,"Graham, Scott C.",non-elite,1651,3311,4962,6635,8332,10176,11948,13626,1660,1651,1673,1697,1844,1772,1678
43196,"Briere, Stefani",non-elite,1673,3303,4919,6596,8284,10037,11805,13608,1630,1616,1677,1688,1753,1768,1803
43197,"Carr, Stefanie",non-elite,1652,3289,4971,6679,8387,10120,11891,13630,1637,1682,1708,1708,1733,1771,1739
43198,"Bennett, Tara",non-elite,1624,3263,4914,6560,8212,9923,11684,13496,1639,1651,1646,1652,1711,1761,1812
43199,"Daniels, Gloria M",non-elite,1542,3128,4737,6384,8089,9852,11761,13591,1586,1609,1647,1705,1763,1909,1830
43200,"Yoshie, Oishi",non-elite,1627,3342,5082,6766,8409,10247,11953,13639,1715,1740,1684,1643,1838,1706,1686
43201,"Rondeau, Stephen",non-elite,1426,2912,4486,6143,7908,9779,11675,13632,1486,1574,1657,1765,1871,1896,1957
43202,"Tilford, Steve",non-elite,1419,2840,4317,5897,7596,9487,11575,13550,1421,1477,1580,1699,1891,2088,1975
43203,"Bearden, Keith",non-elite,1428,2848,4275,5767,7385,9365,11349,13433,1420,1427,1492,1618,1980,1984,2084
43204,"Atherton, Frank",non-elite,1436,2901,4459,6049,7715,9620,11605,13532,1465,1558,1590,1666,1905,1985,1927
43205,"Loconte, Gregory",non-elite,1635,3257,4843,6426,8022,9765,11675,13528,1622,1586,1583,1596,1743,1910,1853
43206,"Babiak, Peter",non-elite,1543,3108,4734,6384,8058,9942,11782,13533,1565,1626,1650,1674,1884,1840,1751
43207,"Willits, Judy C.",non-elite,1481,2972,4506,6078,7722,9553,11566,13569,1491,1534,1572,1644,1831,2013,2003
43208,"Hemnes, Anna R",non-elite,1540,3087,4764,6520,8228,10022,11859,13608,1547,1677,1756,1708,1794,1837,1749
43209,"Caldon, Loren V",non-elite,1429,2981,4663,6395,8082,9906,11791,13590,1552,1682,1732,1687,1824,1885,1799
43210,"Morse, Vanessa",non-elite,1745,3390,5091,6753,8439,10163,11910,13623,1645,1701,1662,1686,1724,1747,1713
43211,"Ring, Maxine",non-elite,1583,3230,4861,6537,8226,9963,11813,13577,1647,1631,1676,1689,1737,1850,1764
43212,"Galli, Jillian D",non-elite,1518,3060,4678,6385,8110,10005,11843,13593,1542,1618,1707,1725,1895,1838,1750
43213,"Carter, James A",non-elite,1419,2931,4463,6193,7908,9947,11872,13638,1512,1532,1730,1715,2039,1925,1766
43214,"Angland, Paul",non-elite,1626,3208,4776,6397,8066,9869,11739,13600,1582,1568,1621,1669,1803,1870,1861
43215,"Dickens, Jack",non-elite,1430,2893,4430,6076,7822,9664,11656,13529,1463,1537,1646,1746,1842,1992,1873
43216,"Lee, Woochul",non-elite,1681,3373,5025,6716,8394,10184,11979,13636,1692,1652,1691,1678,1790,1795,1657
43217,"Garton, Andrea",non-elite,1646,3299,4946,6627,8274,10032,11838,13594,1653,1647,1681,1647,1758,1806,1756
43218,"Carroll, Michael J.",non-elite,1296,2614,4025,5493,7281,9124,11062,13276,1318,1411,1468,1788,1843,1938,2214
43219,"Graham, Jessica B",non-elite,1585,3171,4796,6430,8098,9866,11663,13558,1586,1625,1634,1668,1768,1797,1895
43220,"Fuerte, Jesus",non-elite,1747,3265,4800,6392,7985,9680,11586,13573,1518,1535,1592,1593,1695,1906,1987
43221,"Heitzwebel, Tim",non-elite,1458,2923,4412,5961,7611,9504,11592,13528,1465,1489,1549,1650,1893,2088,1936
43222,"England, Stephen",non-elite,1333,2814,4352,5951,7627,9451,11915,13732,1481,1538,1599,1676,1824,2464,1817
43223,"Marquez, Marco",non-elite,1395,2834,4306,5865,7601,9532,11613,13563,1439,1472,1559,1736,1931,2081,1950
43224,"Jung, Eun Mok",non-elite,1556,3063,4641,6326,8088,10028,11924,13628,1507,1578,1685,1762,1940,1896,1704
43225,"Kirby, Jennifer D.",non-elite,1566,3164,4759,6362,7973,9755,11736,13558,1598,1595,1603,1611,1782,1981,1822
43226,"Hatch, Heidi L",non-elite,1542,3082,4707,6418,8207,10078,11935,13649,1540,1625,1711,1789,1871,1857,1714
43227,"Wang, Robert C",non-elite,1669,3395,5086,6758,8419,10147,11880,13598,1726,1691,1672,1661,1728,1733,1718
43228,"Matthews, Patricia M",non-elite,1590,3191,4800,6471,8131,9890,11713,13562,1601,1609,1671,1660,1759,1823,1849
43229,"Abdalla, Kristen B",non-elite,1622,3247,4906,6590,8282,10041,11841,13609,1625,1659,1684,1692,1759,1800,1768
43230,"Alvarado, Amanda T",non-elite,1535,3047,4606,6273,7914,9727,11633,13559,1512,1559,1667,1641,1813,1906,1926
43231,"Martinez, Maria A. Sr.",non-elite,1625,3257,4896,6566,8221,9943,11769,13563,1632,1639,1670,1655,1722,1826,1794
43232,"Navarro-Sierra, Maritza",non-elite,1549,3137,4726,6329,7961,9673,11531,13476,1588,1589,1603,1632,1712,1858,1945
43233,"Siewin, Crystal L.",non-elite,1587,3179,4759,6359,7987,9826,11655,13527,1592,1580,1600,1628,1839,1829,1872
43234,"Jones, Ross M.",non-elite,1634,3240,4856,6501,8227,10023,11815,13610,1606,1616,1645,1726,1796,1792,1795
43235,"Antiga, Gianluigi",non-elite,1700,3371,5039,6711,8376,10090,11869,13603,1671,1668,1672,1665,1714,1779,1734
43236,"Chu, Nicole F.",non-elite,1765,3483,5198,6914,8558,10205,11924,13627,1718,1715,1716,1644,1647,1719,1703
43237,"Ball, Elliot",non-elite,1222,2496,3838,5351,6902,8661,10865,13311,1274,1342,1513,1551,1759,2204,2446
43238,"Brown, Jamie",non-elite,1421,2886,4367,5870,7394,9024,11177,13393,1465,1481,1503,1524,1630,2153,2216
43239,"Collins, Meghan",non-elite,1496,3061,4777,6436,8140,9922,11788,13629,1565,1716,1659,1704,1782,1866,1841
43240,"Ligato, Kathryn R.",non-elite,1487,2978,4499,6057,7614,9279,11262,13536,1491,1521,1558,1557,1665,1983,2274
43241,"Cohen-Peranteau, Tracy",non-elite,1684,3348,5021,6705,8404,10195,11994,13661,1664,1673,1684,1699,1791,1799,1667
43242,"Bechtel, Pamela K.",non-elite,1570,3141,4710,6316,7998,9750,11741,13564,1571,1569,1606,1682,1752,1991,1823
43243,"Platais, Imants",non-elite,1556,3127,4689,6301,8029,9842,11673,13522,1571,1562,1612,1728,1813,1831,1849
43244,"Lundberg, Christina J",non-elite,1455,2968,4592,6357,8128,9908,11852,13622,1513,1624,1765,1771,1780,1944,1770
43245,"Kelly Ringel, Barb",non-elite,1610,3228,4887,6543,8253,10038,11859,13574,1618,1659,1656,1710,1785,1821,1715
43246,"Rucci, Jessica",non-elite,1600,3198,4799,6437,8116,9942,11814,13591,1598,1601,1638,1679,1826,1872,1777
43247,"Meng, Carrie",non-elite,1359,2759,4238,5939,7681,9547,11503,13449,1400,1479,1701,1742,1866,1956,1946
43248,"Sanon-Jules, Lisa",non-elite,1632,3279,4923,6620,8291,10009,11871,13650,1647,1644,1697,1671,1718,1862,1779
43249,"Xu, Ryan",non-elite,1481,2974,4514,6166,7893,9843,11823,13627,1493,1540,1652,1727,1950,1980,1804
43250,"Burkett, Kelly C",non-elite,1632,3279,4923,6619,8291,10009,11871,13650,1647,1644,1696,1672,1718,1862,1779
43251,"Swain, Scott A.",non-elite,1378,2773,4286,5889,7532,9281,11280,13425,1395,1513,1603,1643,1749,1999,2145
43252,"Smallwood, John H.",non-elite,1606,3261,4943,6654,8360,10127,11910,13644,1655,1682,1711,1706,1767,1783,1734
43253,"Gelman, Laura S",non-elite,1519,3053,4642,6260,7936,9737,11646,13624,1534,1589,1618,1676,1801,1909,1978
43254,"Schwartz, Karen R",non-elite,1572,3195,4858,6543,8248,10021,11858,13597,1623,1663,1685,1705,1773,1837,1739
43255,"Burgess, Michelle L",non-elite,1632,3279,4924,6621,8291,10009,11871,13650,1647,1645,1697,1670,1718,1862,1779
43256,"Shefchik, Sandy D.",non-elite,1432,2908,4483,6113,7736,9449,11310,13494,1476,1575,1630,1623,1713,1861,2184
43257,"Baxter, Robert",non-elite,1373,2822,4372,6028,7786,9595,11567,13546,1449,1550,1656,1758,1809,1972,1979
43258,"Rocheta, France",non-elite,1609,3210,4839,6490,8144,9894,11740,13574,1601,1629,1651,1654,1750,1846,1834
43259,"Haney, Marjorie A",non-elite,1534,3094,4674,6323,7993,9776,11796,13572,1560,1580,1649,1670,1783,2020,1776
43260,"Lee, Byung H",non-elite,1477,3033,4652,6331,8185,10136,11959,13620,1556,1619,1679,1854,1951,1823,1661
43261,"Figueroa, Alejandro",non-elite,1484,3009,4595,6195,7908,9745,11709,13601,1525,1586,1600,1713,1837,1964,1892
43262,"Casey, Shelley",non-elite,1521,3039,4614,6276,8010,9779,11740,13552,1518,1575,1662,1734,1769,1961,1812
43263,"Toutant, David P",non-elite,1383,2796,4386,5994,7671,9656,11588,13575,1413,1590,1608,1677,1985,1932,1987
43264,"Langevin, Mary",non-elite,1781,3548,5267,6991,8703,10442,12091,13686,1767,1719,1724,1712,1739,1649,1595
43265,"Wilbrod, Jean-Hubert M.",non-elite,1563,3082,4646,6268,7927,9741,11722,13630,1519,1564,1622,1659,1814,1981,1908
43266,"Darrah, Clark",non-elite,1430,2990,4587,6159,7791,9575,11489,13521,1560,1597,1572,1632,1784,1914,2032
43267,"Singh, Jennifer A.",non-elite,1612,3166,4749,6454,8149,10005,11834,13566,1554,1583,1705,1695,1856,1829,1732
43268,"Joe, Eric L",non-elite,1439,2883,4346,5928,7668,9549,11549,13504,1444,1463,1582,1740,1881,2000,1955
43269,"Sandler, Pete",non-elite,1582,3172,4758,6397,8059,9836,11856,13630,1590,1586,1639,1662,1777,2020,1774
43270,"Shope, Laura Ashley",non-elite,1506,3000,4490,6015,7581,9411,11465,13555,1494,1490,1525,1566,1830,2054,2090
43271,"Wendel, Kathleen J",non-elite,1681,3386,5074,6784,8494,10230,11943,13620,1705,1688,1710,1710,1736,1713,1677
43272,"Aschwanden, Anne",non-elite,1392,2797,4291,5899,7508,9315,11455,13497,1405,1494,1608,1609,1807,2140,2042
43273,"Wendel, Jonathan F",non-elite,1681,3387,5074,6785,8494,10230,11944,13625,1706,1687,1711,1709,1736,1714,1681
43274,"Huss, Chris",non-elite,1467,2958,4457,5997,7564,9244,11199,13422,1491,1499,1540,1567,1680,1955,2223
43275,"Hudak, Lauren N",non-elite,1470,2966,4500,6302,8251,9958,11852,13569,1496,1534,1802,1949,1707,1894,1717
43276,"Friesen, Ericka A.",non-elite,1552,3145,4793,6438,8141,9891,11740,13589,1593,1648,1645,1703,1750,1849,1849
43277,"Murray, Kathy",non-elite,1648,3282,4947,6653,8364,10134,11914,13633,1634,1665,1706,1711,1770,1780,1719
43278,"Fleming, Jerry D.",non-elite,1614,3227,4835,6458,8119,9955,11841,13605,1613,1608,1623,1661,1836,1886,1764
43279,"McQuade, Meredith",non-elite,1517,3091,4733,6470,8186,10027,11932,13654,1574,1642,1737,1716,1841,1905,1722
43280,"Pereplyotchik, Jessica L.",non-elite,1557,3150,4761,6508,8269,10031,11860,13636,1593,1611,1747,1761,1762,1829,1776
43281,"Rafferty, Lisa O",non-elite,1634,3289,4941,6603,8275,10051,11859,13609,1655,1652,1662,1672,1776,1808,1750
43282,"Piland, Tami S",non-elite,1634,3289,4941,6603,8275,10051,11859,13609,1655,1652,1662,1672,1776,1808,1750
43283,"Demarsh, Renee L",non-elite,1594,3242,4976,6641,8320,10023,11788,13567,1648,1734,1665,1679,1703,1765,1779
43284,"Giggetts, Stephanie",non-elite,1639,3254,4894,6549,8241,9996,11810,13611,1615,1640,1655,1692,1755,1814,1801
43285,"Pottle, Jack T.",non-elite,1425,2858,4264,5684,7157,8917,11422,13422,1433,1406,1420,1473,1760,2505,2000
43286,"Spence, Ken",non-elite,1655,3303,4950,6600,8241,9977,11816,13617,1648,1647,1650,1641,1736,1839,1801
43287,"Copaken, Laura S",non-elite,1518,3150,4846,6563,8226,10042,11828,13629,1632,1696,1717,1663,1816,1786,1801
43288,"Courtenay, Laurel M",non-elite,1604,3234,4972,6657,8346,10140,11916,13625,1630,1738,1685,1689,1794,1776,1709
43289,"Hruzewicz, Donka",non-elite,1489,2970,4470,6061,7789,9634,11819,13565,1481,1500,1591,1728,1845,2185,1746
43290,"Jenkins, Maddie",non-elite,1465,2958,4498,6174,7897,9775,11779,13647,1493,1540,1676,1723,1878,2004,1868
43291,"Furfine, Eric",non-elite,1556,3148,4774,6442,8136,9896,11766,13557,1592,1626,1668,1694,1760,1870,1791
43292,"Duvall, Karl K",non-elite,1483,2933,4397,5928,7469,9435,11531,13579,1450,1464,1531,1541,1966,2096,2048
43293,"Sheehan, Patrick J.",non-elite,1691,3336,4989,6624,8261,10005,11826,13613,1645,1653,1635,1637,1744,1821,1787
43294,"Hilf, William",non-elite,1763,3467,5118,6786,8469,10185,11899,13601,1704,1651,1668,1683,1716,1714,1702
43295,"Calcote, Ginger",non-elite,1594,3205,4844,6489,8134,9988,11791,13573,1611,1639,1645,1645,1854,1803,1782
43296,"Ehly, Stacey",non-elite,1603,3210,4834,6454,8091,9791,11656,13565,1607,1624,1620,1637,1700,1865,1909
43297,"Gildner, Raymond F",non-elite,1623,3250,4915,6591,8256,9997,11797,13588,1627,1665,1676,1665,1741,1800,1791
43298,"Mejia, Francisco J.",non-elite,1588,3167,4793,6464,8097,9925,11775,13616,1579,1626,1671,1633,1828,1850,1841
43299,"Bredif, Marc J.",non-elite,1513,3077,4670,6289,7900,9726,11738,13638,1564,1593,1619,1611,1826,2012,1900
43300,"Coltrin, Robert",non-elite,1486,2966,4492,6165,7903,9774,11769,13622,1480,1526,1673,1738,1871,1995,1853
43301,"Chen, Sapphire",non-elite,1699,3363,5008,6665,8323,10038,11820,13597,1664,1645,1657,1658,1715,1782,1777
43302,"Renner, Gregory M",non-elite,1436,2954,4470,6074,7717,9529,11467,13506,1518,1516,1604,1643,1812,1938,2039
43303,"Campbell, Ronan D.",non-elite,1731,3448,5141,6847,8528,10236,11934,13654,1717,1693,1706,1681,1708,1698,1720
43304,"Brunette, Derek",non-elite,1563,3051,4574,6123,7764,9537,11621,13560,1488,1523,1549,1641,1773,2084,1939
43305,"Hagstrom, Lorinda L.",non-elite,1602,3239,4881,6538,8197,9941,11783,13600,1637,1642,1657,1659,1744,1842,1817
43306,"Thomas, Jeff",non-elite,1477,2977,4477,6030,7697,9565,11678,13628,1500,1500,1553,1667,1868,2113,1950
43307,"Pepe, Amy E.",non-elite,1739,3439,5105,6762,8421,10125,11860,13641,1700,1666,1657,1659,1704,1735,1781
43308,"Mastro, Jeffrey J.",non-elite,1484,3067,4684,6384,8118,9910,11852,13669,1583,1617,1700,1734,1792,1942,1817
43309,"Lopez-Guerra, Gerardo",non-elite,1732,3441,5088,6764,8429,10216,12106,13720,1709,1647,1676,1665,1787,1890,1614
43310,"Rego, Paul K.",non-elite,1761,3462,5107,6773,8459,10140,11841,13623,1701,1645,1666,1686,1681,1701,1782
43311,"Dumoulin, Elaine",non-elite,1582,3186,4829,6502,8169,9908,11744,13603,1604,1643,1673,1667,1739,1836,1859
43312,"Connely, Louise",non-elite,1492,3050,4713,6388,8097,9916,11792,13588,1558,1663,1675,1709,1819,1876,1796
43313,"Haver, Shaye L.",non-elite,1555,3062,4633,6264,7971,9829,11737,13624,1507,1571,1631,1707,1858,1908,1887
43314,"Price, Gail",non-elite,1575,3226,4904,6583,8268,10067,11879,13627,1651,1678,1679,1685,1799,1812,1748
43315,"Smith, Janel",non-elite,1468,2909,4376,5985,7811,9870,11744,13617,1441,1467,1609,1826,2059,1874,1873
43316,"Kim, Mikyung",non-elite,1886,3430,5046,6717,8400,10147,11941,13676,1544,1616,1671,1683,1747,1794,1735
43317,"McFarland, Charles M. Jr.",non-elite,1617,3222,4814,6436,8185,9870,11643,13534,1605,1592,1622,1749,1685,1773,1891
43318,"Talbot, Christopher R.",non-elite,1859,3592,5188,6774,8391,10092,11922,13672,1733,1596,1586,1617,1701,1830,1750
43319,"Wanamaker, Stacy C",non-elite,1403,2821,4244,5767,8034,9690,11833,13565,1418,1423,1523,2267,1656,2143,1732
43320,"Mills, Kimberly A",non-elite,1564,3123,4668,6237,7980,9852,11760,13621,1559,1545,1569,1743,1872,1908,1861
43321,"Sala, Massimo",non-elite,1583,3136,4687,6255,7815,9401,11068,13539,1553,1551,1568,1560,1586,1667,2471
43322,"Cherington, Sarah",non-elite,1639,3277,4957,6615,8226,9941,11700,13563,1638,1680,1658,1611,1715,1759,1863
43323,"Switzer, Juliana M.",non-elite,1590,3107,4623,6214,7862,9647,11614,13523,1517,1516,1591,1648,1785,1967,1909
43324,"Johnson, Francisco W",non-elite,1682,3410,5074,6786,8455,10191,11948,13655,1728,1664,1712,1669,1736,1757,1707
43325,"Michael, Abenet G.",non-elite,1880,3531,5171,6819,8559,10293,12019,13692,1651,1640,1648,1740,1734,1726,1673
43326,"Scheiper, Stephan",non-elite,1266,2604,3997,5451,7035,8759,11005,13499,1338,1393,1454,1584,1724,2246,2494
43327,"Marcus, Todd S.",non-elite,1734,3366,4983,6590,8232,9992,11846,13611,1632,1617,1607,1642,1760,1854,1765
43328,"Spencer, Tom W",non-elite,1334,2724,4225,7146,8844,10591,12257,13723,1390,1501,2921,1698,1747,1666,1466
43329,"Fox, Kelly L",non-elite,1514,3039,4583,6146,7775,9550,11579,13550,1525,1544,1563,1629,1775,2029,1971
43330,"Jasmin, Bambi H",non-elite,1614,3221,4835,6491,8156,9947,11805,13630,1607,1614,1656,1665,1791,1858,1825
43331,"Starck, Sara",non-elite,1474,3014,4682,6533,8204,9994,11922,13621,1540,1668,1851,1671,1790,1928,1699
43332,"Brown, Tessa",non-elite,1374,2938,4633,6402,8064,9840,11839,13618,1564,1695,1769,1662,1776,1999,1779
43333,"Guilfoyle, Kevin",non-elite,1580,3186,4867,6532,8346,10124,11901,13628,1606,1681,1665,1814,1778,1777,1727
43334,"Fuller, Gina D.",non-elite,1590,3183,4785,6436,8140,9950,11855,13628,1593,1602,1651,1704,1810,1905,1773
43335,"Paul, Lee Ann",non-elite,1594,3208,4825,6474,8109,9799,11566,13288,1614,1617,1649,1635,1690,1767,1722
43336,"Colburn, Ryan G.",non-elite,1465,2967,4529,6128,7806,9699,11651,13610,1502,1562,1599,1678,1893,1952,1959
43337,"Whittington, Beth A",non-elite,1614,3232,4852,6513,8195,9985,11835,13626,1618,1620,1661,1682,1790,1850,1791
43338,"Cecchini, Mara",non-elite,1635,3290,5017,6700,8388,10131,11914,13634,1655,1727,1683,1688,1743,1783,1720
43339,"Nichols, Telan",non-elite,1494,3005,4519,6064,7731,9524,11574,13558,1511,1514,1545,1667,1793,2050,1984
43340,"Bosnick, Therese M",non-elite,1515,3016,4537,6087,7660,9303,11053,13399,1501,1521,1550,1573,1643,1750,2346
43341,"Nolette, Ryan",non-elite,1409,2727,4095,5716,7349,9063,11143,13278,1318,1368,1621,1633,1714,2080,2135
43342,"Sommer, Katherine M",non-elite,1466,2884,4290,5735,7322,9280,11545,13590,1418,1406,1445,1587,1958,2265,2045
43343,"Anger, Aimee",non-elite,1590,3194,4807,6459,8157,9909,11893,13675,1604,1613,1652,1698,1752,1984,1782
43344,"Duffey, Brian D.",non-elite,1521,3079,4689,6345,8038,9853,11697,13595,1558,1610,1656,1693,1815,1844,1898
43345,"Hoffman, Jennifer",non-elite,1584,3170,4793,6525,8224,10111,11980,13687,1586,1623,1732,1699,1887,1869,1707
43346,"Nathan, Clarence A III",non-elite,1355,2715,4095,5503,6952,8622,10945,13321,1360,1380,1408,1449,1670,2323,2376
43347,"Jewer, Nancy D",non-elite,1587,3299,4976,6616,8419,10172,12039,13679,1712,1677,1640,1803,1753,1867,1640
43348,"Hartenburg, John",non-elite,1269,2551,3854,5290,7042,8989,11177,13638,1282,1303,1436,1752,1947,2188,2461
43349,"Toriello, Lorena I",non-elite,1508,3069,4679,6344,8044,9842,11723,13592,1561,1610,1665,1700,1798,1881,1869
43350,"Pope, Kenneth",non-elite,1568,3133,4692,6254,7858,9643,11553,13536,1565,1559,1562,1604,1785,1910,1983
43351,"Lindberg, David J",non-elite,1530,3071,4671,6368,8045,9958,11894,13650,1541,1600,1697,1677,1913,1936,1756
43352,"Mcghee, Lisa",non-elite,1626,3286,4962,6638,8315,10046,11832,13627,1660,1676,1676,1677,1731,1786,1795
43353,"Masterson, Eric J.",non-elite,1669,3301,4979,6658,8318,10066,11894,13640,1632,1678,1679,1660,1748,1828,1746
43354,"Vanderkwaak, Vicki L",non-elite,1555,3151,4806,6488,8193,10002,11865,13636,1596,1655,1682,1705,1809,1863,1771
43355,"Chan, Grace L",non-elite,1539,3054,4590,6162,7726,9357,10991,13221,1515,1536,1572,1564,1631,1634,2230
43356,"Moss, Cathy",non-elite,1512,3046,4661,6316,7970,9821,11750,13595,1534,1615,1655,1654,1851,1929,1845
43357,"Selskog, Per",non-elite,1625,3154,4783,6381,8027,9783,11635,13534,1529,1629,1598,1646,1756,1852,1899
43358,"Nishi, Yoko",non-elite,1628,3271,4917,6598,8310,10130,11944,13668,1643,1646,1681,1712,1820,1814,1724
43359,"Juengel, Dave",non-elite,1428,2884,4338,5884,7551,9359,11512,13603,1456,1454,1546,1667,1808,2153,2091
43360,"Popp, Oliver",non-elite,1594,3210,4843,6466,8080,9825,11718,13565,1616,1633,1623,1614,1745,1893,1847
43361,"Carlucci, Lisa",non-elite,1664,3367,5078,6818,8479,10193,11943,13632,1703,1711,1740,1661,1714,1750,1689
43362,"Beittoei, Alireza",non-elite,1696,3288,4878,6550,8241,10111,11900,13670,1592,1590,1672,1691,1870,1789,1770
43363,"Gillard, Geoff O.",non-elite,1799,3495,5229,6912,8581,10325,12035,13681,1696,1734,1683,1669,1744,1710,1646
43364,"Marchese, Paul M.",non-elite,1648,3318,4893,6500,8269,10038,11887,13663,1670,1575,1607,1769,1769,1849,1776
43365,"Hage, John L.",non-elite,1603,3171,4728,6332,7993,9733,11709,13653,1568,1557,1604,1661,1740,1976,1944
43366,"Meza, Violeta",non-elite,1615,3245,4896,6572,8250,9990,11841,13605,1630,1651,1676,1678,1740,1851,1764
43367,"Fowler, Christopher M.",non-elite,1432,2880,4332,6032,7689,9495,11431,13453,1448,1452,1700,1657,1806,1936,2022
43368,"Cai, Shiyin",non-elite,1479,3043,4688,6402,8151,10042,11888,13636,1564,1645,1714,1749,1891,1846,1748
43369,"Kienzle, Nick",non-elite,1362,2732,4280,6104,7993,9979,11859,13679,1370,1548,1824,1889,1986,1880,1820
43370,"Alfano, Joseph",non-elite,1517,3033,4562,6166,7817,9553,11455,13498,1516,1529,1604,1651,1736,1902,2043
43371,"Vogel, Mathias",non-elite,1621,3148,4711,6337,8065,9936,11823,13671,1527,1563,1626,1728,1871,1887,1848
43372,"Selis, Carlo",non-elite,1563,3073,4581,6089,7609,9308,11224,13544,1510,1508,1508,1520,1699,1916,2320
43373,"Wiggin, Bernadette D",non-elite,1616,3239,4884,6526,8184,9956,11841,13623,1623,1645,1642,1658,1772,1885,1782
43374,"Troutman, Roy",non-elite,1669,3320,5003,6692,8372,10154,11960,13685,1651,1683,1689,1680,1782,1806,1725
43375,"Babbitt, Cindy K",non-elite,1669,3320,5003,6692,8372,10154,11959,13685,1651,1683,1689,1680,1782,1805,1726
43376,"Weinstein, Laura",non-elite,1435,2914,4433,6019,7742,9522,11555,13542,1479,1519,1586,1723,1780,2033,1987
43377,"Donnelly, Judith B",non-elite,1591,3210,4831,6489,8201,9990,11830,13597,1619,1621,1658,1712,1789,1840,1767
43378,"Barberie, Susie D.",non-elite,1510,3107,4778,6492,8206,9917,11751,13601,1597,1671,1714,1714,1711,1834,1850
43379,"Ultsch, Janette",non-elite,1663,3327,5001,6683,8383,10111,11909,13655,1664,1674,1682,1700,1728,1798,1746
43380,"Bogatyrev, Andrey",non-elite,1422,2938,4497,6090,7720,9690,11890,13707,1516,1559,1593,1630,1970,2200,1817
43381,"Sterrett, Mickala",non-elite,1498,3020,4573,6193,7914,9839,11849,13654,1522,1553,1620,1721,1925,2010,1805
43382,"Brown, Lisa",non-elite,1523,3067,4633,6236,7841,9633,11598,13564,1544,1566,1603,1605,1792,1965,1966
43383,"Anderson, Amanda L",non-elite,1584,3187,4796,6515,8204,9997,11819,13671,1603,1609,1719,1689,1793,1822,1852
43384,"Renovato Juaregui, Francisco Humberto",non-elite,1763,3410,4989,6565,8220,9990,11807,13632,1647,1579,1576,1655,1770,1817,1825
43385,"Chatwin, David",non-elite,1595,3206,4773,6402,8073,9804,11625,13490,1611,1567,1629,1671,1731,1821,1865
43386,"Proctor-Westenskow, Kristen L",non-elite,1595,3207,4773,6401,8073,9804,11629,13510,1612,1566,1628,1672,1731,1825,1881
43387,"Baklayan, Gabrielle J",non-elite,1494,3024,4596,6344,8070,9971,11925,13644,1530,1572,1748,1726,1901,1954,1719
43388,"Mcclelland, Cathy A",non-elite,1603,3269,5043,6760,8418,10167,11931,13623,1666,1774,1717,1658,1749,1764,1692
43389,"Gottfredson, Merrilee",non-elite,1596,3207,4773,6405,8073,9804,11624,13510,1611,1566,1632,1668,1731,1820,1886
43390,"Iwakoshi, Takayoshi",non-elite,1409,2876,4420,6052,7731,9580,11619,13556,1467,1544,1632,1679,1849,2039,1937
43391,"Harrifeld, Brian L",non-elite,1527,3092,4725,6427,8190,10057,11914,13678,1565,1633,1702,1763,1867,1857,1764
43392,"Joiner, Ami",non-elite,1656,3301,4938,6580,8291,10065,11821,13607,1645,1637,1642,1711,1774,1756,1786
43393,"Becht, Michael",non-elite,1323,2656,4070,5646,7411,9469,11655,13699,1333,1414,1576,1765,2058,2186,2044
43394,"Licata Lavake, Lisa",non-elite,1595,3197,4827,6480,8149,9950,11770,13618,1602,1630,1653,1669,1801,1820,1848
43395,"Sanchez, Mary E",non-elite,1776,3490,5200,6895,8558,10293,12007,13669,1714,1710,1695,1663,1735,1714,1662
43396,"Lamay, Edward",non-elite,1607,3220,4818,6446,8085,9801,11647,13588,1613,1598,1628,1639,1716,1846,1941
43397,"Zein, Philip",non-elite,1345,2731,4174,5771,7415,9216,11330,13522,1386,1443,1597,1644,1801,2114,2192
43398,"Jenkins, Liza C",non-elite,1644,3288,4953,6608,8244,9961,11793,13625,1644,1665,1655,1636,1717,1832,1832
43399,"Hanlon, Amy J.",non-elite,1657,3301,4936,6581,8248,9973,11889,13631,1644,1635,1645,1667,1725,1916,1742
43400,"Ream, Devin W.",non-elite,1724,3275,4850,6515,8178,9955,11823,13675,1551,1575,1665,1663,1777,1868,1852
43401,"Swigart, Susan E",non-elite,1630,3268,4929,6649,8345,10109,11895,13652,1638,1661,1720,1696,1764,1786,1757
43402,"Dunlap, Nicole",non-elite,1525,3147,4743,6338,7929,9666,11591,13570,1622,1596,1595,1591,1737,1925,1979
43403,"Ide, George P. IV",non-elite,1754,3492,5227,6940,8667,10379,12123,13719,1738,1735,1713,1727,1712,1744,1596
43404,"Singelais, Carole M.",non-elite,1652,3301,4977,6659,8369,10147,11923,13635,1649,1676,1682,1710,1778,1776,1712
43405,"Astrop, Robert C.",non-elite,1688,3389,5084,6784,8440,10180,11913,13634,1701,1695,1700,1656,1740,1733,1721
43406,"Brzygot, Meganne",non-elite,1562,3189,4854,6548,8234,10082,11891,13633,1627,1665,1694,1686,1848,1809,1742
43407,"Hales, Alta",non-elite,1596,3207,4777,6405,8070,9818,11614,13493,1611,1570,1628,1665,1748,1796,1879
43408,"Comeaux, Monica",non-elite,1598,3236,4888,6595,8311,10100,11936,13669,1638,1652,1707,1716,1789,1836,1733
43409,"Kudrna, Nicole M.",non-elite,1521,3053,4642,6276,7963,9786,11698,13609,1532,1589,1634,1687,1823,1912,1911
43410,"Tanaka, Masamichi",non-elite,1553,3156,4800,6492,8228,10063,11911,13671,1603,1644,1692,1736,1835,1848,1760
43411,"Helsel, Mike",non-elite,1612,3176,4756,6333,7947,9678,11648,13623,1564,1580,1577,1614,1731,1970,1975
43412,"Kamenar, Kristin",non-elite,1612,3164,4786,6613,8322,10110,11985,13684,1552,1622,1827,1709,1788,1875,1699
43413,"Goodbrake, Jessie",non-elite,1533,3059,4604,6187,7759,9621,11706,13562,1526,1545,1583,1572,1862,2085,1856
43414,"Wagner, Melanie C.",non-elite,1393,2798,4238,5859,7572,9315,11297,13487,1405,1440,1621,1713,1743,1982,2190
43415,"Lam, Sherman",non-elite,1427,2901,4529,6129,7756,9836,12000,13752,1474,1628,1600,1627,2080,2164,1752
43416,"Bogigian, Kathy",non-elite,1592,3148,4745,6413,8172,10044,11931,13677,1556,1597,1668,1759,1872,1887,1746
43417,"Cleary, Traci E",non-elite,1629,3270,4930,6649,8349,10112,11913,13653,1641,1660,1719,1700,1763,1801,1740
43418,"Fay, Patrick S",non-elite,1441,2931,4438,6016,7617,9750,11667,13585,1490,1507,1578,1601,2133,1917,1918
43419,"Adams, Gregory",non-elite,1563,3137,4653,6261,7898,9641,11556,13545,1574,1516,1608,1637,1743,1915,1989
43420,"Freeman, John R.",non-elite,1483,2931,4394,5946,7646,9532,11516,13529,1448,1463,1552,1700,1886,1984,2013
43421,"Davis, John L",non-elite,1654,3335,5022,6704,8388,10088,11867,13639,1681,1687,1682,1684,1700,1779,1772
43422,"Brady, Justine",non-elite,1505,3040,4614,6234,7894,9703,11512,13533,1535,1574,1620,1660,1809,1809,2021
43423,"Waldron, Kathryn A.",non-elite,1593,3156,4753,6432,8137,9974,11929,13661,1563,1597,1679,1705,1837,1955,1732
43424,"Shoemaker, Mae",non-elite,1465,3002,4612,6287,8013,9821,11726,13587,1537,1610,1675,1726,1808,1905,1861
43425,"Atkinson, Tracy",non-elite,1567,3208,4850,6510,8180,9938,11832,13648,1641,1642,1660,1670,1758,1894,1816
43426,"Lo, Stephanie",non-elite,1597,3212,4874,6579,8316,10087,11900,13667,1615,1662,1705,1737,1771,1813,1767
43427,"Coles-Shilcock, Debbie A",non-elite,1580,3187,4827,6500,8172,9947,11825,13601,1607,1640,1673,1672,1775,1878,1776
43428,"Riffle, Julie L",non-elite,1450,2854,4257,5721,7290,9054,11571,13598,1404,1403,1464,1569,1764,2517,2027
43429,"Shahan, Sharon K.",non-elite,1619,3234,4835,6445,8040,9697,11528,13465,1615,1601,1610,1595,1657,1831,1937
43430,"Sutton, Vanessa",non-elite,1619,3240,4875,6536,8233,9992,11802,13635,1621,1635,1661,1697,1759,1810,1833
43431,"Linton, Anna",non-elite,1475,2970,4617,6331,8018,9889,11786,13657,1495,1647,1714,1687,1871,1897,1871
43432,"Soules, Carolyn",non-elite,1666,3251,4861,6525,8223,10053,11835,13673,1585,1610,1664,1698,1830,1782,1838
43433,"Friesen, Heather",non-elite,1590,3168,4767,6432,8154,9948,11821,13617,1578,1599,1665,1722,1794,1873,1796
43434,"Mcgee, Anne",non-elite,1645,3278,4970,6724,8427,10136,11881,13656,1633,1692,1754,1703,1709,1745,1775
43435,"Owen, Patrick",non-elite,1605,3222,4813,6422,7999,9689,11450,13492,1617,1591,1609,1577,1690,1761,2042
43436,"De Zoete, Jane A",non-elite,1580,3114,4689,6322,7964,9746,11657,13584,1534,1575,1633,1642,1782,1911,1927
43437,"Zlate, Andrei",non-elite,1544,3073,4608,6200,7859,9735,11889,13670,1529,1535,1592,1659,1876,2154,1781
43438,"Preslar, Cindy",non-elite,1590,3263,5026,6773,8565,10349,12167,13754,1673,1763,1747,1792,1784,1818,1587
43439,"O'Connell, Kara K",non-elite,1557,3136,4713,6283,8053,9757,11631,13592,1579,1577,1570,1770,1704,1874,1961
43440,"Kimura, Susan",non-elite,1693,3385,5102,6810,8542,10311,12114,13731,1692,1717,1708,1732,1769,1803,1617
43441,"Crowther, Kathryn M",non-elite,1565,3118,4701,6341,7964,9743,11703,13574,1553,1583,1640,1623,1779,1960,1871
43442,"Standerfer, Joe L",non-elite,1256,2485,3752,5094,6539,8144,9958,12895,1229,1267,1342,1445,1605,1814,2937
43443,"Haas, Susan",non-elite,1668,3319,5021,6738,8439,10211,11974,13665,1651,1702,1717,1701,1772,1763,1691
43444,"Welch, Alyssa A.",non-elite,1593,3166,4773,6495,8200,10057,11892,13657,1573,1607,1722,1705,1857,1835,1765
43445,"Thelen-Bachmeier, Lisa",non-elite,1584,3224,4860,6510,8169,9912,11710,13578,1640,1636,1650,1659,1743,1798,1868
43446,"Toupin, Richard P.",non-elite,1593,3166,4773,6496,8200,10057,11893,13657,1573,1607,1723,1704,1857,1836,1764
43447,"Dillon, Michelle A",non-elite,1543,3143,4747,6368,8046,9893,11777,13639,1600,1604,1621,1678,1847,1884,1862
43448,"Strand, Mary C",non-elite,1584,3161,4772,6437,8133,9927,11794,13627,1577,1611,1665,1696,1794,1867,1833
43449,"Mester, Michael F.",non-elite,1588,3154,4712,6322,7976,9728,11678,13584,1566,1558,1610,1654,1752,1950,1906
43450,"Lytton, Alice E.",non-elite,1695,3364,5101,6828,8534,10292,12031,13702,1669,1737,1727,1706,1758,1739,1671
43451,"Skene, George A. III",non-elite,1500,3036,4638,6346,8035,9879,11743,13607,1536,1602,1708,1689,1844,1864,1864
43452,"Hampton, Randy",non-elite,1695,3374,5024,6691,8364,10083,11859,13640,1679,1650,1667,1673,1719,1776,1781
43453,"Billinkoff, Darcy A",non-elite,1638,3303,5001,6747,8484,10209,11956,13662,1665,1698,1746,1737,1725,1747,1706
43454,"Jaques, Vern",non-elite,1522,3043,4622,6198,7808,9725,11660,13657,1521,1579,1576,1610,1917,1935,1997
43455,"Pasternak, Alison",non-elite,1542,3078,4633,6241,7900,9739,11687,13581,1536,1555,1608,1659,1839,1948,1894
43456,"Dickter Cohen, Alberto",non-elite,1558,3041,4560,6157,7840,9802,11781,13622,1483,1519,1597,1683,1962,1979,1841
43457,"Jany, Nichole M",non-elite,1558,3211,4766,6421,8214,10043,11818,13622,1653,1555,1655,1793,1829,1775,1804
43458,"Cleborne, Kelly E",non-elite,1567,3177,4840,6503,8237,10034,11822,13654,1610,1663,1663,1734,1797,1788,1832
43459,"Marks, Lisa",non-elite,1694,3418,5090,6767,8432,10141,11916,13648,1724,1672,1677,1665,1709,1775,1732
43460,"Skoczen, Virginie",non-elite,1521,3022,4628,6272,8132,9961,11887,13627,1501,1606,1644,1860,1829,1926,1740
43461,"Jensen, Alana M",non-elite,1652,3331,5013,6707,8362,10113,11883,13632,1679,1682,1694,1655,1751,1770,1749
43462,"Frederick, John",non-elite,1538,3050,4607,6272,7972,9894,11893,13655,1512,1557,1665,1700,1922,1999,1762
43463,"Farhat, Jamal M",non-elite,1523,3087,4699,6337,7991,9794,11700,13592,1564,1612,1638,1654,1803,1906,1892
43464,"Wright, Andrea",non-elite,1567,3194,4847,6571,8280,10011,11854,13633,1627,1653,1724,1709,1731,1843,1779
43465,"Sedgwick, Hilarie O.",non-elite,1567,3194,4847,6571,8280,10011,11854,13633,1627,1653,1724,1709,1731,1843,1779
43466,"Giulianini, Roberto",non-elite,1404,2831,4288,5810,7430,9260,11266,13460,1427,1457,1522,1620,1830,2006,2194
43467,"Bastajian, Roupen",non-elite,1634,3286,4947,6647,8317,10031,11835,13610,1652,1661,1700,1670,1714,1804,1775
43468,"Stanco, Trevor V.",non-elite,1747,3381,5035,6744,8421,10126,11865,13681,1634,1654,1709,1677,1705,1739,1816
43469,"Castillo, Michelle",non-elite,1602,3203,4831,6497,8207,10034,11930,13661,1601,1628,1666,1710,1827,1896,1731
43470,"Steele, Abigail",non-elite,1608,3212,4851,6513,8210,9966,11807,13673,1604,1639,1662,1697,1756,1841,1866
43471,"Olympia, Jodi",non-elite,1662,3339,5049,6723,8384,10058,11805,13664,1677,1710,1674,1661,1674,1747,1859
43472,"Hardeman, Danny L",non-elite,1510,3016,4545,6119,7831,9753,11809,13649,1506,1529,1574,1712,1922,2056,1840
43473,"Gump, Allyson K",non-elite,1510,3016,4545,6120,7832,9753,11810,13649,1506,1529,1575,1712,1921,2057,1839
43474,"Martin, Lynn",non-elite,1697,3416,5140,6911,8603,10301,12062,13685,1719,1724,1771,1692,1698,1761,1623
43475,"Mahlum, Rebecca J.",non-elite,1580,3196,4840,6521,8195,9992,11834,13614,1616,1644,1681,1674,1797,1842,1780
43476,"Brown, Elizabeth",non-elite,1510,3005,4595,6303,8100,9904,11724,13592,1495,1590,1708,1797,1804,1820,1868
43477,"Blue, James D. II",non-elite,1737,3457,5129,6818,8553,10254,12019,13700,1720,1672,1689,1735,1701,1765,1681
43478,"Bisheimer, Katrina M",non-elite,1539,3099,4754,6587,8280,10046,11890,13645,1560,1655,1833,1693,1766,1844,1755
43479,"Runte, Douglas",non-elite,1477,3023,4617,6252,7928,9696,11622,13567,1546,1594,1635,1676,1768,1926,1945
43480,"Angel, Jane",non-elite,1655,3338,5008,6699,8416,10174,11919,13675,1683,1670,1691,1717,1758,1745,1756
43481,"Savona, John F.",non-elite,1696,3267,4828,6399,8013,9821,11717,13614,1571,1561,1571,1614,1808,1896,1897
43482,"Johnson, Danielle",non-elite,1253,2591,4047,5624,7226,9062,11277,13625,1338,1456,1577,1602,1836,2215,2348
43483,"Vetterli, Thomas",non-elite,1599,3314,5008,6714,8437,10144,11901,13652,1715,1694,1706,1723,1707,1757,1751
43484,"Gosline, Lauren A.",non-elite,1701,3297,4901,6564,8269,10044,11839,13636,1596,1604,1663,1705,1775,1795,1797
43485,"Spinler, Maureen E",non-elite,1563,3165,4811,6497,8212,10020,11857,13655,1602,1646,1686,1715,1808,1837,1798
43486,"Bennett, Darren J.",non-elite,1624,3188,4701,6248,7767,9545,11513,13548,1564,1513,1547,1519,1778,1968,2035
43487,"Lee, Mona",non-elite,1651,3319,5018,6689,8321,10063,11895,13631,1668,1699,1671,1632,1742,1832,1736
43488,"Clappsy, Andrea",non-elite,1555,3156,4704,6474,8399,10162,11956,13744,1601,1548,1770,1925,1763,1794,1788
43489,"Sharp, Jeff",non-elite,1576,3215,4838,6508,8169,9908,11744,13599,1639,1623,1670,1661,1739,1836,1855
43490,"Arslanian, Sue M.",non-elite,1639,3250,4893,6557,8246,10039,11886,13642,1611,1643,1664,1689,1793,1847,1756
43491,"Levens, Sara M",non-elite,1448,2925,4498,6113,7719,9499,11454,13545,1477,1573,1615,1606,1780,1955,2091
43492,"Acton, Michelle M",non-elite,1466,2927,4457,6068,7727,9619,11632,13635,1461,1530,1611,1659,1892,2013,2003
43493,"Saunders, Alice",non-elite,1407,2833,4275,6426,7944,9795,12132,13759,1426,1442,2151,1518,1851,2337,1627
43494,"Drosky, Linda L",non-elite,1610,3285,4988,6688,8371,10138,11917,13640,1675,1703,1700,1683,1767,1779,1723
43495,"Savage Tremblay, Josee C.",non-elite,1559,3121,4733,6387,8077,9859,11716,13619,1562,1612,1654,1690,1782,1857,1903
43496,"Lindfors, Jacqueline J",non-elite,1416,2799,4317,6026,7763,9736,11660,13506,1383,1518,1709,1737,1973,1924,1846
43497,"Natho, Lorraine R",non-elite,1590,3198,4821,6489,8143,9860,11734,13610,1608,1623,1668,1654,1717,1874,1876
43498,"Cahnman, David",non-elite,1564,3177,4847,6557,8271,10048,11852,13639,1613,1670,1710,1714,1777,1804,1787
43499,"Antipov, Helen",non-elite,1536,3059,4627,6279,8044,9852,11725,13612,1523,1568,1652,1765,1808,1873,1887
43500,"Burch, Jill",non-elite,1488,2932,4522,6280,8017,9928,11809,13643,1444,1590,1758,1737,1911,1881,1834
43501,"Ross, Kelly",non-elite,1551,3126,4744,6371,8047,9870,11823,13584,1575,1618,1627,1676,1823,1953,1761
43502,"Udis, Andrew H",non-elite,1620,3234,4866,6559,8251,10007,11849,13620,1614,1632,1693,1692,1756,1842,1771
43503,"Hunter, Lee A",non-elite,1515,3093,4761,6580,8278,10060,11904,13651,1578,1668,1819,1698,1782,1844,1747
43504,"Bersot, Carrie",non-elite,1559,3104,4671,6312,7955,9810,11722,13603,1545,1567,1641,1643,1855,1912,1881
43505,"Wilson, Scott C",non-elite,1604,3237,4894,6544,8210,9949,11843,13651,1633,1657,1650,1666,1739,1894,1808
43506,"Kincaid, Courtney",non-elite,1453,3089,4740,6440,8219,10123,11976,13749,1636,1651,1700,1779,1904,1853,1773
43507,"Higgins, Marcus",non-elite,1340,2742,4250,5910,7590,9466,11459,13499,1402,1508,1660,1680,1876,1993,2040
43508,"Tenbarge, Randy T",non-elite,1637,3280,4917,6575,8245,9966,11752,13602,1643,1637,1658,1670,1721,1786,1850
43509,"Bour, Andrea S",non-elite,1618,3245,5013,6666,8340,10118,11939,13665,1627,1768,1653,1674,1778,1821,1726
43510,"Trautmann, Michael A.",non-elite,1455,2941,4431,5954,7528,9341,11266,13468,1486,1490,1523,1574,1813,1925,2202
43511,"Mark, Karl H.",non-elite,1355,2791,4399,6254,7995,9858,11976,13816,1436,1608,1855,1741,1863,2118,1840
43512,"Rosado, Victor M",non-elite,1604,3231,4919,6585,8217,9931,11731,13571,1627,1688,1666,1632,1714,1800,1840
43513,"Lee, Sang Il",non-elite,1810,3577,5245,6984,8634,10331,12081,13715,1767,1668,1739,1650,1697,1750,1634
43514,"Weiland, Klaus",non-elite,1687,3336,5017,6661,8293,9999,11872,13650,1649,1681,1644,1632,1706,1873,1778
43515,"Pfau, Kevin M.",non-elite,1539,3139,4715,6333,7971,9701,11585,13598,1600,1576,1618,1638,1730,1884,2013
43516,"Almeida, Jose V.",non-elite,1330,2696,4160,5769,7502,9418,11343,13384,1366,1464,1609,1733,1916,1925,2041
43517,"Matherne, Shelly",non-elite,1705,3418,5130,6847,8557,10337,12115,13738,1713,1712,1717,1710,1780,1778,1623
43518,"Mrowicki, James",non-elite,1595,3257,4914,6570,8247,9989,11802,13662,1662,1657,1656,1677,1742,1813,1860
43519,"Salome, Patrice A",non-elite,1375,2750,4121,5680,7228,8839,11033,13429,1375,1371,1559,1548,1611,2194,2396
43520,"Edwards, Natalie",non-elite,1606,3230,4882,6530,8163,9945,11768,13622,1624,1652,1648,1633,1782,1823,1854
43521,"Rawlinson, Anthony",non-elite,1566,3122,4685,6305,7963,9819,11872,13638,1556,1563,1620,1658,1856,2053,1766
43522,"Nordquist, Eric",non-elite,1287,2562,3904,5366,6969,8778,11283,13375,1275,1342,1462,1603,1809,2505,2092
43523,"Carpenter, Kami L",non-elite,1474,2973,4494,6099,7843,9758,11688,13644,1499,1521,1605,1744,1915,1930,1956
43524,"Zimmer, Brian",non-elite,1625,3212,4804,6423,8049,9775,11540,13493,1587,1592,1619,1626,1726,1765,1953
43525,"Roots, Hannah",non-elite,1640,3273,4900,6535,8182,9927,11784,13622,1633,1627,1635,1647,1745,1857,1838
43526,"Bertram, Lillian",non-elite,1589,3208,4847,6503,8181,9977,11852,13633,1619,1639,1656,1678,1796,1875,1781
43527,"Beusse, Thomas F.",non-elite,1623,3244,4869,6526,8196,9961,11724,13657,1621,1625,1657,1670,1765,1763,1933
43528,"Mayers, Stephanie A",non-elite,1546,3190,4879,6586,8307,10102,11898,13647,1644,1689,1707,1721,1795,1796,1749
43529,"Malkowski, Dianna",non-elite,1529,3076,4662,6323,8007,9872,11768,13640,1547,1586,1661,1684,1865,1896,1872
43530,"Broadbent, Robert E",non-elite,1625,3212,4804,6424,8049,9776,11541,13493,1587,1592,1620,1625,1727,1765,1952
43531,"Barr, Maureen",non-elite,1615,3258,4926,6645,8341,10089,11927,13665,1643,1668,1719,1696,1748,1838,1738
43532,"Vibaek, Marianne",non-elite,1487,3003,4532,6111,7744,9559,11562,13656,1516,1529,1579,1633,1815,2003,2094
43533,"Hoyt, Kandra S",non-elite,1557,3125,4741,6403,8053,9931,11805,13690,1568,1616,1662,1650,1878,1874,1885
43534,"Sellar, James M",non-elite,1615,3258,4926,6645,8341,10089,11928,13665,1643,1668,1719,1696,1748,1839,1737
43535,"Iorillo, Lisa",non-elite,1616,3258,4926,6645,8342,10089,11928,13665,1642,1668,1719,1697,1747,1839,1737
43536,"Hipke, David W",non-elite,1402,2835,4319,6165,7865,9559,11510,13546,1433,1484,1846,1700,1694,1951,2036
43537,"O'Leary, Tiffany A.",non-elite,1705,3383,5038,6661,8321,10048,11843,13700,1678,1655,1623,1660,1727,1795,1857
43538,"Rothwell, Craig J.",non-elite,1689,3138,4656,6126,7653,9296,11352,13479,1449,1518,1470,1527,1643,2056,2127
43539,"Stevens, Joanna",non-elite,1611,3255,4892,6561,8229,9979,11820,13645,1644,1637,1669,1668,1750,1841,1825
43540,"Lambert, Que T.",non-elite,1574,3199,4819,6464,8133,9903,11750,13625,1625,1620,1645,1669,1770,1847,1875
43541,"Warner, Cindy R",non-elite,1624,3276,4959,6652,8356,10132,11953,13676,1652,1683,1693,1704,1776,1821,1723
43542,"Diana, Vanessa H",non-elite,1499,3000,4531,6229,7858,9562,11518,13529,1501,1531,1698,1629,1704,1956,2011
43543,"Hynes, Emma M",non-elite,1500,3001,4531,6229,7858,9562,11519,13530,1501,1530,1698,1629,1704,1957,2011
43544,"Crane, Brian",non-elite,1419,2804,4448,6102,7777,9621,11626,13617,1385,1644,1654,1675,1844,2005,1991
43545,"Gibbs, Nicole A.",non-elite,1595,3195,4820,6508,8157,9908,11758,13653,1600,1625,1688,1649,1751,1850,1895
43546,"Shulman, Teresa M",non-elite,1640,3285,4920,6610,8281,10023,11844,13663,1645,1635,1690,1671,1742,1821,1819
43547,"Abbattisti, Carol",non-elite,1591,3177,4797,6448,8129,9901,11732,13610,1586,1620,1651,1681,1772,1831,1878
43548,"Wagner, Lisa L",non-elite,1547,3075,4610,6188,7794,9500,11388,13581,1528,1535,1578,1606,1706,1888,2193
43549,"Mcbrayer, Natalie",non-elite,1411,2845,4308,5854,7456,9295,11353,13568,1434,1463,1546,1602,1839,2058,2215
43550,"Foster-Fishman, Peter",non-elite,1558,3115,4755,6444,8171,9997,11842,13673,1557,1640,1689,1727,1826,1845,1831
43551,"Cummins, Neil",non-elite,1409,2883,4445,6230,8087,10029,11825,13639,1474,1562,1785,1857,1942,1796,1814
43552,"Massa, Vincent A.",non-elite,1658,3201,4820,6462,8159,9955,11741,13587,1543,1619,1642,1697,1796,1786,1846
43553,"Pratt, Aaron",non-elite,1531,3052,4608,6157,7777,9491,11470,13524,1521,1556,1549,1620,1714,1979,2054
43554,"Petrovic, Victor",non-elite,1587,3204,4847,6509,8172,9912,11697,13573,1617,1643,1662,1663,1740,1785,1876
43555,"Vescovi, Theresa",non-elite,1627,3279,4939,6619,8318,10092,11873,13644,1652,1660,1680,1699,1774,1781,1771
43556,"Pixler, Rodney D.",non-elite,1496,2970,4447,5949,7506,9242,11401,13509,1474,1477,1502,1557,1736,2159,2108
43557,"White, Branton",non-elite,1496,2970,4447,5949,7512,9285,11401,13497,1474,1477,1502,1563,1773,2116,2096
43558,"Dubois, Robert",non-elite,1414,2861,4396,6284,7852,9671,11632,13658,1447,1535,1888,1568,1819,1961,2026
43559,"Henry, Blake H.",non-elite,1720,3440,5148,6852,8572,10404,12056,13723,1720,1708,1704,1720,1832,1652,1667
43560,"Seidl, Brig",non-elite,1284,2643,4083,5662,7329,9248,11293,13484,1359,1440,1579,1667,1919,2045,2191
43561,"Bennett, Danny",non-elite,1269,2540,3818,5259,7219,9945,11726,13785,1271,1278,1441,1960,2726,1781,2059
43562,"Smothers, Roger G.",non-elite,1589,3238,4924,6627,8358,10147,11960,13698,1649,1686,1703,1731,1789,1813,1738
43563,"Rowe, Jennifer A",non-elite,1617,3250,4898,6627,8271,9981,11781,13632,1633,1648,1729,1644,1710,1800,1851
43564,"Muilenburg, Melissa A",non-elite,1560,3178,4858,6606,8338,10118,11922,13676,1618,1680,1748,1732,1780,1804,1754
43565,"Nicholls, Susan",non-elite,1535,3130,4833,6593,8325,10121,11943,13674,1595,1703,1760,1732,1796,1822,1731
43566,"Anderson, Kimberly",non-elite,1487,2948,4433,5959,7547,9338,11736,13537,1461,1485,1526,1588,1791,2398,1801
43567,"Moloney, Valerie",non-elite,1470,2976,4631,6400,8191,10067,11958,13744,1506,1655,1769,1791,1876,1891,1786
43568,"Cooke, Alex M.",non-elite,1829,3523,5125,6750,8448,10154,11937,13672,1694,1602,1625,1698,1706,1783,1735
43569,"Capisciolto, James",non-elite,1488,3072,4708,6313,7935,9673,11576,13558,1584,1636,1605,1622,1738,1903,1982
43570,"Tadashore, Marlo",non-elite,1488,3072,4708,6314,7935,9674,11576,13558,1584,1636,1606,1621,1739,1902,1982
43571,"Edry, Ilana",non-elite,1698,3289,4823,6434,8086,9873,11780,13628,1591,1534,1611,1652,1787,1907,1848
43572,"Davenport, Moira",non-elite,1546,3111,4693,6365,8116,9979,11815,13644,1565,1582,1672,1751,1863,1836,1829
43573,"Orellana, Maria Gabriela",non-elite,1479,3020,4580,6198,7855,9678,11608,13502,1541,1560,1618,1657,1823,1930,1894
43574,"Stephen, Heather E.",non-elite,1601,3222,4869,6523,8205,9972,11871,13676,1621,1647,1654,1682,1767,1899,1805
43575,"Wang, Yiqun Y. III",non-elite,1410,2855,4341,5906,7502,9291,11239,13616,1445,1486,1565,1596,1789,1948,2377
43576,"McDonnell, John J. III",non-elite,1685,3323,4985,6656,8397,10123,11900,13674,1638,1662,1671,1741,1726,1777,1774
43577,"Stangl, Paul J.",non-elite,1637,3246,4841,6450,8050,9807,11644,13635,1609,1595,1609,1600,1757,1837,1991
43578,"Importico, Nicole",non-elite,1555,3147,4747,6375,8046,9827,11679,13591,1592,1600,1628,1671,1781,1852,1912
43579,"Liu, Ting",non-elite,1669,3351,5036,6715,8405,10135,11913,13660,1682,1685,1679,1690,1730,1778,1747
43580,"Longworth, Shannon E.",non-elite,1559,3121,4719,6358,8031,9764,11552,13626,1562,1598,1639,1673,1733,1788,2074
43581,"De Chazal, Augusto M.",non-elite,1697,3297,4891,6519,8161,9895,11779,13642,1600,1594,1628,1642,1734,1884,1863
43582,"Kitchener, Matt J.",non-elite,1345,2651,3930,5303,6851,8929,11046,13388,1306,1279,1373,1548,2078,2117,2342
43583,"Lamb, Jennifer",non-elite,1611,3220,4812,6441,8059,9776,11708,13660,1609,1592,1629,1618,1717,1932,1952
43584,"Lamb, Bruce",non-elite,1611,3220,4812,6443,8058,9776,11707,13660,1609,1592,1631,1615,1718,1931,1953
43585,"Pike, Carrie L",non-elite,1553,3120,4753,6440,8134,9978,11878,13681,1567,1633,1687,1694,1844,1900,1803
43586,"Shoji, Takanori",non-elite,1561,3127,4734,6356,8009,9781,11699,13572,1566,1607,1622,1653,1772,1918,1873
43587,"Stevens, Michael",non-elite,1725,3352,4928,6514,8088,9860,11741,13618,1627,1576,1586,1574,1772,1881,1877
43588,"Cassidy, Chris",non-elite,1737,3431,5128,6823,8517,10246,12003,13700,1694,1697,1695,1694,1729,1757,1697
43589,"Smith, David L. Jr.",non-elite,1668,3229,4769,6304,7934,9927,11878,13667,1561,1540,1535,1630,1993,1951,1789
43590,"Brown, Bradley M.",non-elite,1280,2563,3863,5257,6897,9850,11746,13738,1283,1300,1394,1640,2953,1896,1992
43591,"Wollard, Jason",non-elite,1374,2783,4215,5740,7468,9327,11432,13546,1409,1432,1525,1728,1859,2105,2114
43592,"Kong, Ric",non-elite,1508,3046,4665,6329,8060,9836,11756,13668,1538,1619,1664,1731,1776,1920,1912
43593,"Toyonaga, Alice",non-elite,1678,3370,5029,6689,8364,10156,11951,13682,1692,1659,1660,1675,1792,1795,1731
43594,"Macdonald, Brenda J",non-elite,1638,3284,4961,6658,8337,10081,11895,13666,1646,1677,1697,1679,1744,1814,1771
43595,"Spagnulo, Francesco",non-elite,1396,2854,4346,5914,7585,9432,11697,13570,1458,1492,1568,1671,1847,2265,1873
43596,"Boyer, Linda",non-elite,1560,3172,4830,6590,8260,10045,11889,13677,1612,1658,1760,1670,1785,1844,1788
43597,"Butler, Suzanne K.",non-elite,1598,3184,4771,6448,8269,10042,11818,13641,1586,1587,1677,1821,1773,1776,1823
43598,"Cather, Candice",non-elite,1600,3279,4905,6605,8327,10134,11941,13681,1679,1626,1700,1722,1807,1807,1740
43599,"Dalley, Melissa L.",non-elite,1600,3279,4905,6606,8327,10134,11941,13681,1679,1626,1701,1721,1807,1807,1740
43600,"Batey, Jennifer L.",non-elite,1659,3310,4968,6627,8288,9992,11807,13605,1651,1658,1659,1661,1704,1815,1798
43601,"Lawlor, Brian C.",non-elite,1365,2819,4295,5813,7604,9327,11340,13496,1454,1476,1518,1791,1723,2013,2156
43602,"Roddy, Michael",non-elite,1287,2624,4068,5787,7597,9463,11627,13654,1337,1444,1719,1810,1866,2164,2027
43603,"Van Vuren, Jamie",non-elite,1569,3146,4757,6408,8108,9931,11851,13694,1577,1611,1651,1700,1823,1920,1843
43604,"Lavangie, Diane C",non-elite,1584,3180,4773,6389,8037,9787,11644,13598,1596,1593,1616,1648,1750,1857,1954
43605,"Dyer, Erinne K",non-elite,1559,3136,4734,6402,8117,9914,11744,13636,1577,1598,1668,1715,1797,1830,1892
43606,"Tew, Wendy C",non-elite,1630,3275,4928,6697,8403,10177,11987,13708,1645,1653,1769,1706,1774,1810,1721
43607,"Urbon, Heather J.",non-elite,1655,3357,5110,6902,8619,10357,12114,13770,1702,1753,1792,1717,1738,1757,1656
43608,"Stackmann, Gerhard C.",non-elite,1713,3360,4976,6602,8234,10017,11840,13690,1647,1616,1626,1632,1783,1823,1850
43609,"Chrzanowski, Michelle",non-elite,1542,3107,4710,6376,8055,9852,11763,13646,1565,1603,1666,1679,1797,1911,1883
43610,"Robinson, Sidonie",non-elite,1483,3086,4757,6483,8243,10092,11938,13705,1603,1671,1726,1760,1849,1846,1767
43611,"Weber, Alexander",non-elite,1595,3217,4781,6382,8005,9743,11651,13475,1622,1564,1601,1623,1738,1908,1824
43612,"Lange, Perry",non-elite,1418,2860,4344,5893,7470,9285,11305,13523,1442,1484,1549,1577,1815,2020,2218
43613,"Cummings, Michael",non-elite,1524,3112,4675,6319,7929,9706,11775,13674,1588,1563,1644,1610,1777,2069,1899
43614,"Helliwell, Annette",non-elite,1583,3257,4934,6649,8386,10150,11958,13698,1674,1677,1715,1737,1764,1808,1740
43615,"Reepmeyer, Carrie F.",non-elite,1564,3166,4815,6448,8127,10007,11881,13679,1602,1649,1633,1679,1880,1874,1798
43616,"Rock, Christie",non-elite,1661,3319,4968,6648,8332,10072,11947,13711,1658,1649,1680,1684,1740,1875,1764
43617,"Boyle, Stephen",non-elite,1516,3092,4679,6341,8057,9835,11790,13649,1576,1587,1662,1716,1778,1955,1859
43618,"Polito, Don J",non-elite,1507,2985,4456,5966,7724,9631,11845,13712,1478,1471,1510,1758,1907,2214,1867
43619,"Moore, Joseph M.",non-elite,1561,3140,4730,6367,8019,9770,11802,13653,1579,1590,1637,1652,1751,2032,1851
43620,"Pereira, Cleber R.",non-elite,1548,3062,4540,6023,7576,9280,11273,13511,1514,1478,1483,1553,1704,1993,2238
43621,"Mcdonagh, Bill",non-elite,1731,3371,5001,6633,8274,10015,11822,13661,1640,1630,1632,1641,1741,1807,1839
43622,"Cain, Janet L.",non-elite,1656,3275,4921,6593,8277,10045,11859,13666,1619,1646,1672,1684,1768,1814,1807
43623,"Smith, Jennifer",non-elite,1757,3423,5089,6776,8460,10179,11957,13704,1666,1666,1687,1684,1719,1778,1747
43624,"Wodnik, Lutz B.",non-elite,1537,3077,4655,6336,8026,9853,11744,13611,1540,1578,1681,1690,1827,1891,1867
43625,"Kosharek, Jamie",non-elite,1599,3181,4855,6534,8207,10021,11906,13697,1582,1674,1679,1673,1814,1885,1791
43626,"Ernst, Tim S",non-elite,1520,3074,4590,6142,7749,9528,11488,13523,1554,1516,1552,1607,1779,1960,2035
43627,"Collins, Michael S.",non-elite,1761,3397,4947,6554,8209,9957,11864,13676,1636,1550,1607,1655,1748,1907,1812
43628,"Bolthouse, Carole L",non-elite,1657,3272,4910,6527,8163,9880,11859,13696,1615,1638,1617,1636,1717,1979,1837
43629,"Vanderloop, Aleece",non-elite,1557,3118,4715,6387,8090,9900,11830,13690,1561,1597,1672,1703,1810,1930,1860
43630,"Desantis, Jamie",non-elite,1452,2914,4386,5886,7419,9090,11108,13648,1462,1472,1500,1533,1671,2018,2540
43631,"Felty, Chris",non-elite,1317,2654,4070,5641,7360,9303,11253,13720,1337,1416,1571,1719,1943,1950,2467
43632,"Allen, Bree V.",non-elite,1701,3353,4978,6636,8319,10084,11872,13685,1652,1625,1658,1683,1765,1788,1813
43633,"Meadows, Karen L",non-elite,1631,3286,4936,6617,8280,9987,11800,13668,1655,1650,1681,1663,1707,1813,1868
43634,"Ross, John J Jr.",non-elite,1616,3268,4960,6637,8256,9963,11761,13617,1652,1692,1677,1619,1707,1798,1856
43635,"Jaynes, Eileen E.",non-elite,1537,3103,4790,6531,8291,10168,11985,13744,1566,1687,1741,1760,1877,1817,1759
43636,"Jimenez, J. Ernesto",non-elite,1369,2850,4367,5934,7566,9532,11889,13788,1481,1517,1567,1632,1966,2357,1899
43637,"Miller, Gavin",non-elite,1731,3391,4997,6625,8287,10060,11888,13724,1660,1606,1628,1662,1773,1828,1836
43638,"Edwards, Gina",non-elite,1580,3156,4829,6506,8245,10039,11942,13698,1576,1673,1677,1739,1794,1903,1756
43639,"Walsh, Mark D",non-elite,1528,3102,4691,6337,8001,9798,11673,13612,1574,1589,1646,1664,1797,1875,1939
43640,"Atkins, Jen",non-elite,1614,3238,4872,6512,8161,9873,11710,13616,1624,1634,1640,1649,1712,1837,1906
43641,"Parrish, Mary A.",non-elite,1584,3181,4855,6647,8402,10167,11954,13673,1597,1674,1792,1755,1765,1787,1719
43642,"Ford, Suzanne N.",non-elite,1577,3147,4719,6316,7920,9623,11476,13533,1570,1572,1597,1604,1703,1853,2057
43643,"Michel, Janet",non-elite,1653,3316,4972,6639,8343,10153,11972,13751,1663,1656,1667,1704,1810,1819,1779
43644,"Wiggin, Emilie N.",non-elite,1653,3316,4972,6639,8344,10153,11972,13750,1663,1656,1667,1705,1809,1819,1778
43645,"Caldwell, Susan B.",non-elite,1608,3232,4885,6556,8246,10022,11873,13696,1624,1653,1671,1690,1776,1851,1823
43646,"Sells, Gregory",non-elite,1678,3348,4986,6647,8289,10042,11922,13688,1670,1638,1661,1642,1753,1880,1766
43647,"Calio, Teresa A",non-elite,1473,2982,4603,6207,7914,9827,11730,13619,1509,1621,1604,1707,1913,1903,1889
43648,"Waterman, Eric",non-elite,1347,2708,4105,5664,7381,9286,11122,13664,1361,1397,1559,1717,1905,1836,2542
43649,"Dye, David",non-elite,1347,2708,4105,5664,7381,9286,11122,13664,1361,1397,1559,1717,1905,1836,2542
43650,"Armour, Bernie",non-elite,1430,2835,4252,5732,7325,9198,11456,13548,1405,1417,1480,1593,1873,2258,2092
43651,"Weaver, Kathy",non-elite,1584,3183,4846,6557,8275,10061,11868,13665,1599,1663,1711,1718,1786,1807,1797
43652,"Allen, Jill M",non-elite,1546,3081,4649,6243,7888,9724,11697,13669,1535,1568,1594,1645,1836,1973,1972
43653,"England, Ryan E.",non-elite,1749,3363,4938,6556,8194,9996,11849,13721,1614,1575,1618,1638,1802,1853,1872
43654,"Collins, Tom H. Jr.",non-elite,1484,2945,4438,6076,8054,9941,11952,13700,1461,1493,1638,1978,1887,2011,1748
43655,"Szymanski, Debra",non-elite,1619,3245,4889,6558,8237,10008,11887,13679,1626,1644,1669,1679,1771,1879,1792
43656,"Brazil, Thomas",non-elite,1547,3198,4829,6543,8216,9947,11864,13672,1651,1631,1714,1673,1731,1917,1808
43657,"Sine, Hannah",non-elite,1557,3121,4707,6325,7982,9740,11558,13597,1564,1586,1618,1657,1758,1818,2039
43658,"Hinckfuss, Susan E.",non-elite,1518,3031,4567,6225,7946,9847,11667,13649,1513,1536,1658,1721,1901,1820,1982
43659,"Auerbach, Robin L",non-elite,1635,3302,4975,6670,8381,10146,11963,13710,1667,1673,1695,1711,1765,1817,1747
43660,"Pilotti, Renee",non-elite,1723,3463,5181,6919,8584,10291,12017,13698,1740,1718,1738,1665,1707,1726,1681
43661,"Wild, Rachael",non-elite,1546,3155,4730,6315,8018,9825,11679,13657,1609,1575,1585,1703,1807,1854,1978
43662,"Tobin, Patricia",non-elite,1710,3316,4947,6679,8328,10031,11855,13678,1606,1631,1732,1649,1703,1824,1823
43663,"White, Matt",non-elite,1787,3429,5001,6589,8209,9951,11791,13691,1642,1572,1588,1620,1742,1840,1900
43664,"Mascari, Jessica F",non-elite,1549,3085,4650,6265,7923,9791,11776,13661,1536,1565,1615,1658,1868,1985,1885
43665,"Berg, Jessica",non-elite,1421,2898,4569,6371,8204,9984,11968,13762,1477,1671,1802,1833,1780,1984,1794
43666,"Coudron, Jeffrey P.",non-elite,1249,2504,3777,5099,7211,9919,12045,13844,1255,1273,1322,2112,2708,2126,1799
43667,"Agar, Stacy E",non-elite,1528,3073,4643,6270,8009,9956,11838,13672,1545,1570,1627,1739,1947,1882,1834
43668,"El-Akabawi, Amy",non-elite,1448,2901,4352,5827,7374,9084,11006,13288,1453,1451,1475,1547,1710,1922,2282
43669,"Dugan, Trudie M",non-elite,1495,3009,4637,6349,8089,9884,11857,13673,1514,1628,1712,1740,1795,1973,1816
43670,"Wood, Shirley T",non-elite,1546,3184,4854,6576,8291,10069,11893,13675,1638,1670,1722,1715,1778,1824,1782
43671,"Son, Byeongyong",non-elite,1541,3070,4665,6335,8093,9935,11812,13660,1529,1595,1670,1758,1842,1877,1848
43672,"Santana, Cynthia",non-elite,1578,3170,4771,6438,8149,9956,11816,13684,1592,1601,1667,1711,1807,1860,1868
43673,"Satterlee, Linnae",non-elite,1571,3193,4876,6568,8278,10045,11854,13674,1622,1683,1692,1710,1767,1809,1820
43674,"Shroyer, Kevin",non-elite,1530,3036,4547,6084,7636,9313,11460,13629,1506,1511,1537,1552,1677,2147,2169
43675,"Sanchez, Joe O",non-elite,1597,3215,4825,6474,8118,9983,11825,13674,1618,1610,1649,1644,1865,1842,1849
43676,"Pearson, David",non-elite,1493,2991,4534,6114,7727,9526,11627,13704,1498,1543,1580,1613,1799,2101,2077
43677,"Lupica, Sara L",non-elite,1557,3143,4763,6419,8109,9882,11750,13658,1586,1620,1656,1690,1773,1868,1908
43678,"Fox, Hannah M.",non-elite,1590,3183,4757,6399,8072,9832,11729,13700,1593,1574,1642,1673,1760,1897,1971
43679,"Mandrake, Mark",non-elite,1330,2694,4116,5799,7697,9681,11715,13615,1364,1422,1683,1898,1984,2034,1900
43680,"Smith, Autumn J",non-elite,1572,3147,4809,6510,8215,10017,11967,13760,1575,1662,1701,1705,1802,1950,1793
43681,"Dawson, Karen M",non-elite,1405,2879,4420,6021,7785,9724,11798,13715,1474,1541,1601,1764,1939,2074,1917
43682,"Flesher, Jim",non-elite,1567,3171,4818,6509,8164,9931,11763,13615,1604,1647,1691,1655,1767,1832,1852
43683,"Guilbert, Maximilian",non-elite,1815,3403,4962,6610,8402,10230,12075,13760,1588,1559,1648,1792,1828,1845,1685
43684,"Herron, Margo",non-elite,1507,3070,4751,6414,8121,9939,11901,13670,1563,1681,1663,1707,1818,1962,1769
43685,"Brown, Nichole",non-elite,1554,3100,4842,6552,8284,10077,11910,13669,1546,1742,1710,1732,1793,1833,1759
43686,"Talley, Sarah",non-elite,1572,3150,4743,6368,7993,9785,11674,13667,1578,1593,1625,1625,1792,1889,1993
43687,"Bartholomew, Dana",non-elite,1506,3049,4627,6126,7703,9393,11328,13582,1543,1578,1499,1577,1690,1935,2254
43688,"Wade, Helen Y.",non-elite,1524,3106,4770,6520,8270,10077,11938,13733,1582,1664,1750,1750,1807,1861,1795
43689,"White, Ashton",non-elite,1473,2928,4405,6099,7947,9783,11759,13659,1455,1477,1694,1848,1836,1976,1900
43690,"Marrero, Peter",non-elite,1545,3089,4658,6289,7964,9776,11727,13640,1544,1569,1631,1675,1812,1951,1913
43691,"Weinberg, Ido",non-elite,1619,3241,4841,6466,8098,9801,11692,13660,1622,1600,1625,1632,1703,1891,1968
43692,"Olson, Mindy",non-elite,1524,3057,4593,6131,7833,9556,11723,13679,1533,1536,1538,1702,1723,2167,1956
43693,"Riviello, Robert",non-elite,1895,3624,5205,6916,8623,10371,12051,13750,1729,1581,1711,1707,1748,1680,1699
43694,"Odom, Jen",non-elite,1558,3132,4849,6529,8253,10027,11888,13710,1574,1717,1680,1724,1774,1861,1822
43695,"Baldassare, Ali",non-elite,1470,2932,4432,6037,7681,9448,11735,13648,1462,1500,1605,1644,1767,2287,1913
43696,"Gillen, Hank",non-elite,1613,3292,4969,6755,8486,10335,12086,13773,1679,1677,1786,1731,1849,1751,1687
43697,"Copson, Mark",non-elite,1619,3195,4839,6488,8160,9978,11841,13672,1576,1644,1649,1672,1818,1863,1831
43698,"Copson, Tammy",non-elite,1620,3195,4839,6488,8160,9978,11841,13672,1575,1644,1649,1672,1818,1863,1831
43699,"Persons, Lewis",non-elite,1605,3259,4968,6645,8365,10146,11964,13691,1654,1709,1677,1720,1781,1818,1727
43700,"Ricker, Kimberly",non-elite,1629,3259,4904,6546,8221,10000,11821,13691,1630,1645,1642,1675,1779,1821,1870
43701,"Wilson, Susan J",non-elite,1602,3267,4992,6683,8401,10175,11958,13713,1665,1725,1691,1718,1774,1783,1755
43702,"O'Brien, Meghan",non-elite,1547,3099,4707,6389,8089,9905,11781,13683,1552,1608,1682,1700,1816,1876,1902
43703,"Moll, Tom",non-elite,1602,3218,4850,6499,8188,9978,11863,13695,1616,1632,1649,1689,1790,1885,1832
43704,"Kurashima, Mayuko",non-elite,1532,3085,4719,6404,8130,9939,11846,13688,1553,1634,1685,1726,1809,1907,1842
43705,"Porter, Carol M",non-elite,1555,3184,4864,6552,8267,10046,11897,13685,1629,1680,1688,1715,1779,1851,1788
43706,"Di Napoli, Gianluigi",non-elite,1541,3094,4575,6068,7580,9252,11160,13356,1553,1481,1493,1512,1672,1908,2196
43707,"Keon, Jim J",non-elite,1618,3272,4936,6638,8317,10048,11887,13692,1654,1664,1702,1679,1731,1839,1805
43708,"Pozzo, Louis",non-elite,1453,2988,4590,6301,8039,9901,11873,13725,1535,1602,1711,1738,1862,1972,1852
43709,"Ponce De Leon, David",non-elite,1793,3494,5149,6820,8472,10203,12055,13740,1701,1655,1671,1652,1731,1852,1685
43710,"Muckian, Dawn R",non-elite,1684,3354,5035,6751,8438,10175,11961,13715,1670,1681,1716,1687,1737,1786,1754
43711,"Freake, Hedley C",non-elite,1627,3275,4914,6577,8225,9919,11620,13402,1648,1639,1663,1648,1694,1701,1782
43712,"Johnson, Steven J",non-elite,1626,3250,4878,6553,8248,10037,11887,13691,1624,1628,1675,1695,1789,1850,1804
43713,"Kasper, Tamara S.",non-elite,1538,3088,4668,6293,7972,9775,11659,13606,1550,1580,1625,1679,1803,1884,1947
43714,"Schnell, Molly K",non-elite,1488,3034,4673,6452,8230,9982,11814,13699,1546,1639,1779,1778,1752,1832,1885
43715,"Morris, Laura E.",non-elite,1608,3190,4816,6486,8189,10008,11827,13726,1582,1626,1670,1703,1819,1819,1899
43716,"Gayton, Denny",non-elite,1560,3141,4745,6367,8038,9772,11612,13689,1581,1604,1622,1671,1734,1840,2077
43717,"Clauer, Stephanie A",non-elite,1429,2878,4386,5919,7490,9279,11117,13631,1449,1508,1533,1571,1789,1838,2514
43718,"Murphy, Monica J.",non-elite,1529,3129,4838,6528,8411,10137,12015,13735,1600,1709,1690,1883,1726,1878,1720
43719,"Ruhoff, Katy E.",non-elite,1585,3179,4796,6483,8174,9958,11818,13714,1594,1617,1687,1691,1784,1860,1896
43720,"Lavis, Jan E.",non-elite,1585,3176,4780,6442,8092,9830,11695,13556,1591,1604,1662,1650,1738,1865,1861
43721,"Walls, Amy B.",non-elite,1675,3314,5003,6725,8454,10270,12048,13778,1639,1689,1722,1729,1816,1778,1730
43722,"Bentjen, Melinda",non-elite,1629,3294,4965,6696,8452,10224,12017,13738,1665,1671,1731,1756,1772,1793,1721
43723,"Tsotras, Arhondis",non-elite,1680,3294,4915,6565,8245,10077,11916,13734,1614,1621,1650,1680,1832,1839,1818
43724,"Kornitz, Roni",non-elite,1462,2951,4508,6201,7906,9767,11717,13660,1489,1557,1693,1705,1861,1950,1943
43725,"Durland-Jones, Karen A",non-elite,1677,3386,5059,6731,8425,10178,11986,13706,1709,1673,1672,1694,1753,1808,1720
43726,"Petrovits, Cindy",non-elite,1763,3420,5087,6805,8455,10142,11964,13605,1657,1667,1718,1650,1687,1822,1641
43727,"O'Neill, Susy",non-elite,1531,3056,4658,6328,8058,9886,11846,13760,1525,1602,1670,1730,1828,1960,1914
43728,"Miller, Mary W",non-elite,1612,3234,4846,6502,8181,9982,11892,13725,1622,1612,1656,1679,1801,1910,1833
43729,"Jonardi, Richard",non-elite,1654,3285,4915,6602,8281,10031,11892,13697,1631,1630,1687,1679,1750,1861,1805
43730,"Fratolillo, Megan M",non-elite,1552,3127,4713,6344,7988,9750,11695,13748,1575,1586,1631,1644,1762,1945,2053
43731,"Burgoon, Audrey",non-elite,1589,3229,4875,6556,8230,10018,11905,13690,1640,1646,1681,1674,1788,1887,1785
43732,"Smith, Stacy A.",non-elite,1544,3079,4633,6208,7794,9549,11621,13691,1535,1554,1575,1586,1755,2072,2070
43733,"Poublon, Michelle",non-elite,1583,3168,4829,6471,8150,9911,11862,13702,1585,1661,1642,1679,1761,1951,1840
43734,"Grohn, Yrjo T",non-elite,1602,3220,4835,6493,8173,10040,11958,13725,1618,1615,1658,1680,1867,1918,1767
43735,"Voorthuyzen, Tracy J",non-elite,1564,3107,4718,6478,8209,9994,11939,13725,1543,1611,1760,1731,1785,1945,1786
43736,"Hurteau, Linda",non-elite,1623,3251,4887,6515,8153,9922,11809,13680,1628,1636,1628,1638,1769,1887,1871
43737,"Ramos, Meagan E.",non-elite,1474,2991,4583,6297,7963,9971,11797,13680,1517,1592,1714,1666,2008,1826,1883
43738,"McMorris, Samantha A.",non-elite,1788,3530,5254,6959,8645,10376,12084,13764,1742,1724,1705,1686,1731,1708,1680
43739,"Henriksen, Per N.",non-elite,1620,3269,4875,6610,8324,10089,11915,13696,1649,1606,1735,1714,1765,1826,1781
43740,"Lawrence, Sue",non-elite,1552,3097,4675,6312,7997,9915,11850,13698,1545,1578,1637,1685,1918,1935,1848
43741,"Leavitt, Eileen M",non-elite,1610,3364,5123,6942,8642,10371,12102,13823,1754,1759,1819,1700,1729,1731,1721
43742,"Yale, Emily G.",non-elite,1458,2923,4412,6204,7986,9973,11959,13709,1465,1489,1792,1782,1987,1986,1750
43743,"Harms, Edward M.",non-elite,1524,3010,4663,6338,8093,9850,11727,13373,1486,1653,1675,1755,1757,1877,1646
43744,"Rice, Diane S",non-elite,1591,3216,4867,6560,8275,10056,11930,13717,1625,1651,1693,1715,1781,1874,1787
43745,"Pelphrey, Emily A.",non-elite,1506,3009,4617,6278,7963,9793,11884,13762,1503,1608,1661,1685,1830,2091,1878
43746,"Rojas, Felipe",non-elite,1404,2870,4341,5861,7540,9397,11750,13705,1466,1471,1520,1679,1857,2353,1955
43747,"Cull, Steve",non-elite,1316,2666,4069,5647,7463,9495,11660,13627,1350,1403,1578,1816,2032,2165,1967
43748,"Koncilja, Kevin A.",non-elite,1390,2712,4103,5512,7007,8665,10590,12837,1322,1391,1409,1495,1658,1925,2247
43750,"Dinius, Jaennae",non-elite,1630,3264,4924,6624,8345,10173,12010,13736,1634,1660,1700,1721,1828,1837,1726
43751,"Ellis, Matthew B",non-elite,1444,2960,4669,6448,8194,10015,11948,13727,1516,1709,1779,1746,1821,1933,1779
43752,"Cirilli, Susan M",non-elite,1409,2847,4334,5924,7553,9427,11592,13654,1438,1487,1590,1629,1874,2165,2062
43753,"Ellis, Chad",non-elite,1444,2961,4669,6449,8194,10015,11948,13727,1517,1708,1780,1745,1821,1933,1779
43754,"Poyant, Lynn M.",non-elite,1519,3122,4764,6410,8082,9858,11722,13627,1603,1642,1646,1672,1776,1864,1905
43755,"Batoni, Adriana M. Sr.",non-elite,1607,3282,4885,6566,8211,9936,11855,13685,1675,1603,1681,1645,1725,1919,1830
43756,"Cudworth, Cordell W. II",non-elite,1621,3173,4820,6526,8283,10196,12021,13722,1552,1647,1706,1757,1913,1825,1701
43757,"Riva-Cambrin, Jo-Anne C.",non-elite,1551,3130,4790,6501,8255,10065,11944,13743,1579,1660,1711,1754,1810,1879,1799
43758,"Wheeler, Ashley E.",non-elite,1684,3297,4946,6578,8247,10053,11912,13734,1613,1649,1632,1669,1806,1859,1822
43759,"Owens, Tracy A.",non-elite,1545,3117,4772,6537,8245,10079,11976,13740,1572,1655,1765,1708,1834,1897,1764
43760,"Guyton, Elizabeth C.",non-elite,1794,3538,5225,6976,8675,10436,12180,13819,1744,1687,1751,1699,1761,1744,1639
43761,"Lui, Karen R.",non-elite,1610,3245,4895,6577,8260,10125,11921,13699,1635,1650,1682,1683,1865,1796,1778
43762,"Jones, Tory",non-elite,1610,3243,4913,6617,8343,10162,12018,13758,1633,1670,1704,1726,1819,1856,1740
43763,"Leishman, Abby E.",non-elite,1706,3361,5033,6710,8426,10191,12035,13781,1655,1672,1677,1716,1765,1844,1746
43764,"Nelson, Todd E",non-elite,1505,3025,4540,6123,7729,9514,11359,13428,1520,1515,1583,1606,1785,1845,2069
43765,"Herzberg, Kate E",non-elite,1595,3214,4849,6538,8219,10023,11886,13720,1619,1635,1689,1681,1804,1863,1834
43766,"Cline, Maret",non-elite,1568,3159,4748,6415,8041,9861,11726,13665,1591,1589,1667,1626,1820,1865,1939
43767,"Ciabattoni, Stefano",non-elite,1416,2869,4515,6356,8160,10096,12010,13746,1453,1646,1841,1804,1936,1914,1736
43768,"Morison, Walker M.",non-elite,1561,3110,4641,6217,7825,9808,11950,13789,1549,1531,1576,1608,1983,2142,1839
43769,"Yeh, Helen",non-elite,1569,3148,4749,6382,8019,9756,11764,13634,1579,1601,1633,1637,1737,2008,1870
43770,"Anstey, Annette J",non-elite,1623,3291,4961,6653,8346,10070,12017,13747,1668,1670,1692,1693,1724,1947,1730
43771,"Bower, Brian",non-elite,1534,3047,4569,6153,7776,9612,11634,13597,1513,1522,1584,1623,1836,2022,1963
43772,"Luck-Deak, Anne",non-elite,1559,3185,4843,6531,8250,10058,11981,13746,1626,1658,1688,1719,1808,1923,1765
43773,"Parks, Daniel J",non-elite,1453,3021,4744,6461,8051,10236,11928,13681,1568,1723,1717,1590,2185,1692,1753
43774,"Prokop, Amy",non-elite,1666,3356,5044,6756,8456,10195,11971,13734,1690,1688,1712,1700,1739,1776,1763
43775,"Fuentes, O",non-elite,1602,3212,4834,6501,8216,10053,12019,13725,1610,1622,1667,1715,1837,1966,1706
43776,"Conner, Vicky",non-elite,1590,3185,4782,6422,8099,9919,11759,13704,1595,1597,1640,1677,1820,1840,1945
43777,"Borst, Christine M.",non-elite,1667,3356,5044,6756,8455,10195,11972,13734,1689,1688,1712,1699,1740,1777,1762
43778,"Miani, Rich",non-elite,1442,2949,4630,6308,8029,10002,12005,13760,1507,1681,1678,1721,1973,2003,1755
43779,"Craycraft, Justin",non-elite,1509,3090,4711,6438,8311,10111,12087,13798,1581,1621,1727,1873,1800,1976,1711
43780,"Lastoskie, Rebecca",non-elite,1586,3227,4900,6589,8312,10086,11908,13725,1641,1673,1689,1723,1774,1822,1817
43781,"Kosmatka, John P",non-elite,1547,3112,4691,6297,7913,9631,11456,13551,1565,1579,1606,1616,1718,1825,2095
43782,"Thompson, Kayla",non-elite,1667,3356,5045,6757,8456,10196,11972,13735,1689,1689,1712,1699,1740,1776,1763
43783,"Fricker, Angele",non-elite,1617,3242,4912,6683,8353,10124,11944,13734,1625,1670,1771,1670,1771,1820,1790
43784,"Tucker, Jani L",non-elite,1667,3311,4989,6662,8327,10116,11947,13723,1644,1678,1673,1665,1789,1831,1776
43785,"Jones, Brian M.",non-elite,1709,3385,4990,6600,8310,10106,11903,13746,1676,1605,1610,1710,1796,1797,1843
43786,"Tew, Jason",non-elite,1454,3021,4744,6461,8051,10237,11928,13681,1567,1723,1717,1590,2186,1691,1753
43787,"Schnaufer, Mark E",non-elite,1319,2691,4235,6148,7885,9690,11810,13717,1372,1544,1913,1737,1805,2120,1907
43788,"Finck, Leatrice S.",non-elite,1633,3293,4946,6611,8253,9974,11766,13640,1660,1653,1665,1642,1721,1792,1874
43789,"Smith, Matthew P",non-elite,1458,3145,4978,6729,8567,10343,12059,13746,1687,1833,1751,1838,1776,1716,1687
43790,"Chow, Judy S",non-elite,1480,2978,4501,6085,7709,9877,11878,13740,1498,1523,1584,1624,2168,2001,1862
43791,"Chen, Jessica",non-elite,1591,3174,4791,6447,8185,10012,11863,13726,1583,1617,1656,1738,1827,1851,1863
43792,"Williamson, Gene",non-elite,1376,2709,4101,5681,7332,9416,11531,13677,1333,1392,1580,1651,2084,2115,2146
43793,"Brenker, Sarah E.",non-elite,1671,3272,4900,6562,8277,10091,11986,13770,1601,1628,1662,1715,1814,1895,1784
43794,"Sparks, Amy L.",non-elite,1582,3128,4701,6324,7997,9842,11822,13693,1546,1573,1623,1673,1845,1980,1871
43795,"Agtey, Sunjay",non-elite,1622,3199,4800,6512,8219,9927,12015,13753,1577,1601,1712,1707,1708,2088,1738
43796,"Thomas, Jacqui",non-elite,1581,3195,4853,6534,8199,9975,11851,13711,1614,1658,1681,1665,1776,1876,1860
43797,"Brazda, John",non-elite,1503,3022,4559,6129,7803,9599,11611,13707,1519,1537,1570,1674,1796,2012,2096
43798,"Gibbons, Natalie A",non-elite,1657,3297,4941,6629,8318,10107,11941,13736,1640,1644,1688,1689,1789,1834,1795
43799,"Conway, Shawn",non-elite,1265,2559,3858,5276,6967,9417,11599,13644,1294,1299,1418,1691,2450,2182,2045
43800,"Healey, Patrick J",non-elite,1287,2675,4247,5972,7743,9634,11638,13617,1388,1572,1725,1771,1891,2004,1979
43801,"Leiser, Sheri L",non-elite,1477,2968,4476,6040,7586,9283,11459,13650,1491,1508,1564,1546,1697,2176,2191
43802,"Kilgore, Raymond E",non-elite,1426,2869,4452,6098,7990,9667,11559,13675,1443,1583,1646,1892,1677,1892,2116
43803,"Maeda, Laura",non-elite,1598,3255,4953,6656,8553,10292,12052,13768,1657,1698,1703,1897,1739,1760,1716
43804,"Richards, Sheri",non-elite,1471,3035,4687,6355,8086,9856,11732,13651,1564,1652,1668,1731,1770,1876,1919
43805,"Butler, John",non-elite,1709,3357,4985,6610,8229,9952,11876,13761,1648,1628,1625,1619,1723,1924,1885
43806,"Stevenson, Christopher D.",non-elite,1439,2827,4247,5743,7314,9013,11104,13678,1388,1420,1496,1571,1699,2091,2574
43807,"Moran, Kendra",non-elite,1612,3219,4847,6488,8140,9907,11798,13704,1607,1628,1641,1652,1767,1891,1906
43808,"Sammes, Rachel",non-elite,1492,3027,4600,6207,7854,9685,11616,13609,1535,1573,1607,1647,1831,1931,1993
43809,"Dillenburg, Phil",non-elite,1378,2778,4183,5632,7119,8714,10785,13748,1400,1405,1449,1487,1595,2071,2963
43810,"Davis, Gina F",non-elite,1619,3265,4895,6545,8252,10024,11905,13717,1646,1630,1650,1707,1772,1881,1812
43811,"Nilsson, Marcus",non-elite,1431,2877,4651,6321,8090,9920,11727,13696,1446,1774,1670,1769,1830,1807,1969
43812,"Wright, Sydney M.",non-elite,1408,2839,4961,6536,8117,9995,12077,13767,1431,2122,1575,1581,1878,2082,1690
43813,"Gamez, Cesar",non-elite,1423,2848,4328,5919,7691,9570,11672,13708,1425,1480,1591,1772,1879,2102,2036
43814,"Palus, Kathryn",non-elite,1625,3293,4973,6670,8394,10177,12017,13770,1668,1680,1697,1724,1783,1840,1753
43815,"Dunford, Jonathan C",non-elite,1495,3001,4519,6068,7687,9440,11561,13650,1506,1518,1549,1619,1753,2121,2089
43816,"Chen, Yuanjin",non-elite,1570,3203,4752,6342,7963,9793,11743,13663,1633,1549,1590,1621,1830,1950,1920
43817,"Wisler, Ben L.",non-elite,1366,2760,4171,5670,7423,9510,11730,13743,1394,1411,1499,1753,2087,2220,2013
43818,"Matysik, Tracie",non-elite,1740,3515,5236,6964,8697,10350,12088,13785,1775,1721,1728,1733,1653,1738,1697
43819,"Cohen, Ilana",non-elite,1764,3452,5106,6783,8468,10168,11926,13712,1688,1654,1677,1685,1700,1758,1786
43820,"Graham, Robert",non-elite,1586,3183,4742,6334,7967,9843,11836,13739,1597,1559,1592,1633,1876,1993,1903
43821,"Donovan, Margaret P.",non-elite,1600,3211,4826,6501,8200,9952,11848,13670,1611,1615,1675,1699,1752,1896,1822
43822,"Robinson, Brenda S",non-elite,1616,3275,4975,6727,8510,10338,12150,13808,1659,1700,1752,1783,1828,1812,1658
43823,"Garton, Johanna",non-elite,1607,3234,4904,6524,8204,9974,11796,13665,1627,1670,1620,1680,1770,1822,1869
43824,"Kostak, Michael",non-elite,1447,2912,4400,5885,7378,9015,11448,13692,1465,1488,1485,1493,1637,2433,2244
43825,"Shen, Jenny",non-elite,1332,2772,4461,6205,8126,9937,11804,13757,1440,1689,1744,1921,1811,1867,1953
43826,"Hansen, Laura",non-elite,1587,3280,4953,6640,8313,10179,11994,13736,1693,1673,1687,1673,1866,1815,1742
43827,"Malonda, Simon I.",non-elite,1545,3107,4788,6501,8195,10007,11851,13690,1562,1681,1713,1694,1812,1844,1839
43828,"McCabe, Andrew G.",non-elite,1726,3443,5086,6775,8473,10325,12085,13803,1717,1643,1689,1698,1852,1760,1718
43829,"Nichol, Shannon",non-elite,1426,2899,4456,6145,7935,9825,11770,13711,1473,1557,1689,1790,1890,1945,1941
43830,"Hanson, Mark",non-elite,1353,2714,4154,5708,7413,9330,11460,13615,1361,1440,1554,1705,1917,2130,2155
43831,"Netzel, Anastasia M",non-elite,1435,2940,4511,6144,7868,9710,11725,13701,1505,1571,1633,1724,1842,2015,1976
43832,"Van Wagoner, Jennifer",non-elite,1599,3201,4813,6480,8147,9878,11854,13771,1602,1612,1667,1667,1731,1976,1917
43833,"Grant, Jaime D",non-elite,1576,3165,4765,6388,8056,9872,11754,13645,1589,1600,1623,1668,1816,1882,1891
43834,"Koy, Saath",non-elite,1457,2926,4450,6095,7721,9592,11724,13624,1469,1524,1645,1626,1871,2132,1900
43835,"Graham, Shawna",non-elite,1645,3318,5088,6784,8465,10223,11995,13778,1673,1770,1696,1681,1758,1772,1783
43836,"Kinch, Shannon",non-elite,1645,3319,5088,6784,8465,10223,11996,13778,1674,1769,1696,1681,1758,1773,1782
43837,"West, Matthew R.",non-elite,1487,2962,4464,6018,7610,9289,11277,13412,1475,1502,1554,1592,1679,1988,2135
43838,"Rathmanner, Christiana",non-elite,1626,3217,4779,6339,8000,9891,11773,13705,1591,1562,1560,1661,1891,1882,1932
43839,"Dunbar, Diane",non-elite,1650,3330,4989,6686,8378,10149,11987,13747,1680,1659,1697,1692,1771,1838,1760
43840,"Swanson, Stacy",non-elite,1577,3200,4920,6611,8423,10184,12008,13758,1623,1720,1691,1812,1761,1824,1750
43841,"O'Connell, Kara G.",non-elite,1752,3404,5032,6688,8362,10088,11901,13758,1652,1628,1656,1674,1726,1813,1857
43842,"Sieklucki, Joy",non-elite,1656,3248,4852,6496,8177,10008,11962,13743,1592,1604,1644,1681,1831,1954,1781
43843,"O'Connell, Rose E.",non-elite,1753,3404,5032,6688,8362,10088,11901,13759,1651,1628,1656,1674,1726,1813,1858
43844,"Schultz, Heather",non-elite,1506,3031,4614,6245,7922,9775,11748,13681,1525,1583,1631,1677,1853,1973,1933
43845,"Patton, Christina",non-elite,1555,3099,4655,6227,7790,9420,11285,13626,1544,1556,1572,1563,1630,1865,2341
43846,"Fonseca, Fernanda",non-elite,1531,3092,4720,6400,8085,9964,11803,13660,1561,1628,1680,1685,1879,1839,1857
43847,"Goerss, Amy L",non-elite,1665,3330,4991,6643,8303,10051,11842,13687,1665,1661,1652,1660,1748,1791,1845
43848,"Smith, William",non-elite,1756,3426,5065,6731,8415,10135,11936,13700,1670,1639,1666,1684,1720,1801,1764
43849,"Sands, Jonathan W.",non-elite,1704,3373,5056,6731,8418,10174,11973,13759,1669,1683,1675,1687,1756,1799,1786
43850,"Starr Lawrence, Margie A.",non-elite,1441,3022,4741,6509,8272,10106,11974,13747,1581,1719,1768,1763,1834,1868,1773
43851,"Knupp, Sherri L.",non-elite,1475,3057,4674,6320,7997,9842,11843,13703,1582,1617,1646,1677,1845,2001,1860
43852,"Hovance, Kristen L",non-elite,1454,2941,4483,6143,7840,9693,11719,13670,1487,1542,1660,1697,1853,2026,1951
43853,"Withers, Holly",non-elite,1505,3010,4536,6067,7727,9580,11557,13646,1505,1526,1531,1660,1853,1977,2089
43854,"Orcutt, Mary C.",non-elite,1643,3277,4924,6582,8252,10003,11845,13725,1634,1647,1658,1670,1751,1842,1880
43855,"Laserna, Martin G.",non-elite,1525,3070,4679,6341,8045,9727,11614,13529,1545,1609,1662,1704,1682,1887,1915
43856,"Hirsch-Kirsten, Candice G",non-elite,1553,3138,4808,6449,8167,9985,11844,13704,1585,1670,1641,1718,1818,1859,1860
43857,"Pettigrew, Philip A.",non-elite,1614,3248,4904,6578,8268,10033,11851,13680,1634,1656,1674,1690,1765,1818,1829
43858,"Snyder, Carol E.",non-elite,1649,3308,4972,6631,8287,10007,11911,13717,1659,1664,1659,1656,1720,1904,1806
43859,"Taylor, Lisa M",non-elite,1617,3236,4849,6506,8241,10061,11920,13755,1619,1613,1657,1735,1820,1859,1835
43860,"Kozik, James",non-elite,1506,3006,4587,6241,7994,9831,11778,13694,1500,1581,1654,1753,1837,1947,1916
43861,"Schloff, Tammy",non-elite,1609,3214,4865,6555,8267,10053,11882,13707,1605,1651,1690,1712,1786,1829,1825
43862,"Rodriguez, Rose M",non-elite,1598,3194,4798,6409,8003,9797,11726,13672,1596,1604,1611,1594,1794,1929,1946
43863,"Maurer, Sandy G",non-elite,1622,3271,4930,6615,8317,10084,11929,13738,1649,1659,1685,1702,1767,1845,1809
43864,"Ibarguengoitia, Veronica",non-elite,1706,3475,5180,6893,8609,10330,12100,13811,1769,1705,1713,1716,1721,1770,1711
43865,"Staub, Heidi",non-elite,1589,3222,4855,6525,8207,9973,11848,13688,1633,1633,1670,1682,1766,1875,1840
43866,"Richardson, Toby E",non-elite,1598,3230,4898,6576,8255,10075,11838,13669,1632,1668,1678,1679,1820,1763,1831
43867,"Leblang, Hollie",non-elite,1522,3035,4582,6246,7931,9731,11699,13758,1513,1547,1664,1685,1800,1968,2059
43868,"Mccreery, Pat K",non-elite,1564,3148,4749,6423,8195,10036,11943,13733,1584,1601,1674,1772,1841,1907,1790
43869,"Buti, Gina",non-elite,1689,3383,5093,6814,8530,10328,12142,13792,1694,1710,1721,1716,1798,1814,1650
43870,"Kenny, Maureen P",non-elite,1642,3264,4863,6482,8191,10010,11907,13761,1622,1599,1619,1709,1819,1897,1854
43871,"Houston, Norma",non-elite,1479,3004,4640,6342,8100,9983,11932,13750,1525,1636,1702,1758,1883,1949,1818
43872,"Rutter, Hollie",non-elite,1566,3165,4804,6469,8143,9935,11838,13700,1599,1639,1665,1674,1792,1903,1862
43873,"Zaniewski, Ken",non-elite,1526,3042,4621,6257,7934,9680,11677,13654,1516,1579,1636,1677,1746,1997,1977
43874,"Kronas, Catherine",non-elite,1543,3135,4763,6467,8276,10206,12086,13793,1592,1628,1704,1809,1930,1880,1707
43875,"Fernandez, Maria Lucia",non-elite,1523,3088,4725,6415,8148,10011,11905,13728,1565,1637,1690,1733,1863,1894,1823
43876,"Flynn, Joseph T.",non-elite,1424,2830,4239,5748,7309,9127,11260,13571,1406,1409,1509,1561,1818,2133,2311
43877,"Dennier, David J.",non-elite,1504,3077,4689,6392,8110,10017,11931,13744,1573,1612,1703,1718,1907,1914,1813
43878,"Sanfacon, Jean-Yves",non-elite,1522,3087,4782,6467,8154,9979,11794,13674,1565,1695,1685,1687,1825,1815,1880
43879,"Lamb, Julie",non-elite,1493,3040,4603,6254,7977,9912,11858,13724,1547,1563,1651,1723,1935,1946,1866
43880,"Kirby, Stacey",non-elite,1571,3133,4735,6356,8037,9806,11788,13723,1562,1602,1621,1681,1769,1982,1935
43881,"Santoro, David P.",non-elite,1565,3204,4889,6587,8304,10091,11970,13761,1639,1685,1698,1717,1787,1879,1791
43882,"Kuhn, Nicole",non-elite,1576,3095,4791,6375,8093,10038,11868,13711,1519,1696,1584,1718,1945,1830,1843
43883,"Forkell, Amber N.",non-elite,1618,3214,4784,6423,8152,9990,11857,13764,1596,1570,1639,1729,1838,1867,1907
43884,"Sutherland, Sandra L",non-elite,1704,3404,5076,6738,8424,10177,11974,13774,1700,1672,1662,1686,1753,1797,1800
43885,"Smith, Kylie J.",non-elite,1752,3404,5032,6688,8362,10088,11903,13773,1652,1628,1656,1674,1726,1815,1870
43886,"Bellavia, Andrew Jr.",non-elite,1495,2997,4523,6118,7756,9554,11547,13710,1502,1526,1595,1638,1798,1993,2163
43887,"Reed, Paul",non-elite,1524,3051,4577,6125,7704,9506,11324,13625,1527,1526,1548,1579,1802,1818,2301
43888,"Malpeli, Donna E.",non-elite,1644,3293,4933,6598,8274,10037,11858,13743,1649,1640,1665,1676,1763,1821,1885
43889,"Miller, Paul E",non-elite,1637,3276,4929,6610,8329,10079,11894,13800,1639,1653,1681,1719,1750,1815,1906
43890,"Shoop, Randy A.",non-elite,1575,3138,4721,6348,8130,10022,12005,13787,1563,1583,1627,1782,1892,1983,1782
43891,"Magerman, Michael F.",non-elite,1559,3043,4487,5947,7540,9372,11410,13617,1484,1444,1460,1593,1832,2038,2207
43892,"Fleming, Lisa M.",non-elite,1723,3375,5038,6695,8381,10139,11952,13739,1652,1663,1657,1686,1758,1813,1787
43893,"Jackson, Thomas L",non-elite,1619,3246,4885,6563,8242,10015,11832,13659,1627,1639,1678,1679,1773,1817,1827
43894,"O'Reilly, Thomas P",non-elite,1643,3264,4905,6563,8249,10039,11928,13738,1621,1641,1658,1686,1790,1889,1810
43895,"Ducuns, Christophe P",non-elite,1375,2811,4293,5808,7341,9514,11270,13779,1436,1482,1515,1533,2173,1756,2509
43896,"Hanlin, Emily",non-elite,1556,3176,4825,6477,8130,9909,11827,13690,1620,1649,1652,1653,1779,1918,1863
43897,"Odwyer, Paul",non-elite,1462,3009,4657,6417,8148,10045,11942,13733,1547,1648,1760,1731,1897,1897,1791
43898,"Kane, Jennifer L.",non-elite,1545,3137,4761,6449,8135,9934,11809,13740,1592,1624,1688,1686,1799,1875,1931
43899,"Webb, Meredith W W",non-elite,1602,3225,4863,6483,8346,10030,12012,13784,1623,1638,1620,1863,1684,1982,1772
43900,"Ogilvie, Marc R.",non-elite,1417,2849,4316,5880,7636,9570,11594,13679,1432,1467,1564,1756,1934,2024,2085
43901,"Lawson, Ben",non-elite,1457,2900,4350,5952,7908,9684,11566,13607,1443,1450,1602,1956,1776,1882,2041
43902,"Rodriguez, Omar A.",non-elite,1550,3042,4646,6238,7938,9827,11886,13736,1492,1604,1592,1700,1889,2059,1850
43903,"Shields, Ashleigh",non-elite,1404,2867,4470,6183,7910,9746,11711,13702,1463,1603,1713,1727,1836,1965,1991
43904,"Sloan Thase, Diane M",non-elite,1603,3191,4813,6505,8224,10024,11857,13722,1588,1622,1692,1719,1800,1833,1865
43905,"Tingle, Garrett",non-elite,1449,2933,4473,6135,7791,9583,11527,13634,1484,1540,1662,1656,1792,1944,2107
43906,"Traina, Jennifer A",non-elite,1612,3266,4960,6668,8447,10250,12034,13782,1654,1694,1708,1779,1803,1784,1748
43907,"Nessa, Jonathan",non-elite,1546,3061,4617,6287,8041,9830,11898,13730,1515,1556,1670,1754,1789,2068,1832
43908,"Lavoie, Cyr",non-elite,1584,3191,4810,6439,8127,9878,11907,13716,1607,1619,1629,1688,1751,2029,1809
43909,"Solomon, Gloria",non-elite,1623,3274,4952,6658,8354,10165,11977,13754,1651,1678,1706,1696,1811,1812,1777
43910,"Deluca, Laurelynn S",non-elite,1558,3126,4715,6433,8163,9976,11884,13728,1568,1589,1718,1730,1813,1908,1844
43911,"Berrios, Melanie",non-elite,1582,3213,4872,6573,8315,10116,11922,13738,1631,1659,1701,1742,1801,1806,1816
43912,"Bane, Dennis",non-elite,1572,3039,4572,6239,7907,9724,11622,13642,1467,1533,1667,1668,1817,1898,2020
43913,"Carney, Anne C",non-elite,1533,3135,4834,6610,8346,10166,12079,13791,1602,1699,1776,1736,1820,1913,1712
43914,"Defrancesco, Robert",non-elite,1569,3166,4722,6323,7962,9719,11692,13587,1597,1556,1601,1639,1757,1973,1895
43915,"Kennedy, Margaret B.",non-elite,1632,3257,4915,6613,8362,10145,11993,13776,1625,1658,1698,1749,1783,1848,1783
43916,"Mueller, Frankie L.",non-elite,1535,3125,4753,6380,8072,10031,11948,13753,1590,1628,1627,1692,1959,1917,1805
43917,"Lutkewitte, Claire E",non-elite,1516,3037,4609,6265,8003,9837,11785,13719,1521,1572,1656,1738,1834,1948,1934
43918,"Smolenski, Steven",non-elite,1529,3083,4613,6202,7840,9591,11604,13676,1554,1530,1589,1638,1751,2013,2072
43919,"Dodson, Joan B",non-elite,1613,3240,4896,6605,8299,10046,11933,13735,1627,1656,1709,1694,1747,1887,1802
43920,"Binger, Pok S",non-elite,1554,3145,4769,6423,8103,10001,11895,13760,1591,1624,1654,1680,1898,1894,1865
43921,"Pamphil, Yves",non-elite,1632,3227,4833,6490,8177,9905,11770,13731,1595,1606,1657,1687,1728,1865,1961
43922,"Sullivan, Michael J.",non-elite,1631,3263,4912,6566,8222,10016,11924,13744,1632,1649,1654,1656,1794,1908,1820
43923,"Fullen, Mayara",non-elite,1557,3136,4757,6429,8229,10051,11963,13747,1579,1621,1672,1800,1822,1912,1784
43924,"Adler, Craig M",non-elite,1398,2823,4300,5894,7504,9244,11297,13645,1425,1477,1594,1610,1740,2053,2348
43925,"Roach, Ami",non-elite,1435,2934,4547,6348,8213,10072,11979,13767,1499,1613,1801,1865,1859,1907,1788
43926,"Hengels, Denise",non-elite,1672,3329,4996,6684,8363,10125,11927,13748,1657,1667,1688,1679,1762,1802,1821
43927,"Macdonald, Trevor",non-elite,1438,2888,4350,5847,7494,9377,11382,13743,1450,1462,1497,1647,1883,2005,2361
43928,"Fox, John K",non-elite,1426,2898,4454,6138,7900,9673,11599,13592,1472,1556,1684,1762,1773,1926,1993
43929,"Winchester, Nancy A.",non-elite,1554,3156,4788,6492,8199,10003,11886,13754,1602,1632,1704,1707,1804,1883,1868
43930,"Thompson, Todd",non-elite,1396,2789,4220,5776,7584,9540,11687,13726,1393,1431,1556,1808,1956,2147,2039
43931,"Jakubowski, John",non-elite,1634,3206,4769,6409,8055,9746,11711,13710,1572,1563,1640,1646,1691,1965,1999
43932,"Mills, Carl W IV",non-elite,1445,2926,4432,5982,7590,9326,11416,13671,1481,1506,1550,1608,1736,2090,2255
43933,"Van Beek, William A",non-elite,1551,3194,4876,6567,8241,9992,11865,13691,1643,1682,1691,1674,1751,1873,1826
43934,"Zehner, Roman W.",non-elite,1339,2684,4109,5607,7198,8947,11146,13461,1345,1425,1498,1591,1749,2199,2315
43935,"Hendrix, Janna L.",non-elite,1573,3155,4740,6340,8008,9828,11765,13735,1582,1585,1600,1668,1820,1937,1970
43936,"Larsen-Flint, Susan C.",non-elite,1645,3278,4948,6623,8313,10135,11984,13751,1633,1670,1675,1690,1822,1849,1767
43937,"Kohlman-Petrick, Joellen M.",non-elite,1685,3345,5030,6739,8455,10220,12036,13811,1660,1685,1709,1716,1765,1816,1775
43938,"Marcus, Jessica",non-elite,1544,3130,4807,6517,8237,9997,11906,13794,1586,1677,1710,1720,1760,1909,1888
43939,"Skrob, Kory E",non-elite,1788,3509,5237,6996,8723,10426,12125,13815,1721,1728,1759,1727,1703,1699,1690
43940,"Wong Loi Sing, April",non-elite,1659,3321,4976,6651,8415,10187,11997,13768,1662,1655,1675,1764,1772,1810,1771
43941,"Lychak, John",non-elite,1688,3328,4956,6616,8304,10052,11884,13737,1640,1628,1660,1688,1748,1832,1853
43942,"Lee, Insik",non-elite,1526,3097,4717,6429,8191,10017,11830,13655,1571,1620,1712,1762,1826,1813,1825
43943,"Appelwick, Jaime",non-elite,1506,3103,4848,6582,8276,10075,11984,13785,1597,1745,1734,1694,1799,1909,1801
43944,"Field, Greg",non-elite,1401,2855,4340,5852,7370,8998,10981,13445,1454,1485,1512,1518,1628,1983,2464
43945,"Whitney, Megan M.",non-elite,1607,3196,4819,6522,8241,10064,11917,13801,1589,1623,1703,1719,1823,1853,1884
43946,"Silver, Karen J.",non-elite,1590,3210,4831,6488,8206,10046,11958,13762,1620,1621,1657,1718,1840,1912,1804
43947,"Theler, Jaime",non-elite,1537,3057,4585,6197,7923,9766,11822,13718,1520,1528,1612,1726,1843,2056,1896
43948,"Hyatt, Carrie",non-elite,1600,3194,4790,6402,8035,10069,12002,13799,1594,1596,1612,1633,2034,1933,1797
43949,"Wood, Julie",non-elite,1653,3313,4979,6714,8436,10230,12064,13814,1660,1666,1735,1722,1794,1834,1750
43950,"Cholewa, Thomas M.",non-elite,1628,3317,4980,6657,8318,10032,11797,13682,1689,1663,1677,1661,1714,1765,1885
43951,"Huang, Lindsey M",non-elite,1471,2956,4484,6198,7914,9789,11771,13723,1485,1528,1714,1716,1875,1982,1952
43952,"Cook, Kathryn F.",non-elite,1579,3187,4840,6560,8278,10113,11983,13759,1608,1653,1720,1718,1835,1870,1776
43953,"Silverio, Patrick Q",non-elite,1440,2924,4450,6099,7791,9702,11736,13776,1484,1526,1649,1692,1911,2034,2040
43954,"Blackman, Lawrence D.",non-elite,1735,3421,5133,6844,8564,10339,12111,13797,1686,1712,1711,1720,1775,1772,1686
43955,"Sprague, Jennifer L",non-elite,1497,2951,4445,6103,7750,9666,11911,13841,1454,1494,1658,1647,1916,2245,1930
43956,"Whittingham, Stephanie",non-elite,1639,3288,4955,6670,8349,10106,12092,13806,1649,1667,1715,1679,1757,1986,1714
43957,"Kline, Kelly H.",non-elite,1528,3111,4767,6481,8200,10027,11958,13762,1583,1656,1714,1719,1827,1931,1804
43958,"Malaski, Kaitlyn M.",non-elite,1444,2884,4461,6074,7855,9736,11907,13810,1440,1577,1613,1781,1881,2171,1903
43959,"Pope, Shannon M",non-elite,1485,2970,4507,6103,7741,9672,11899,13824,1485,1537,1596,1638,1931,2227,1925
43960,"Niven, Bob",non-elite,1480,2973,4483,6050,7671,9683,11768,13728,1493,1510,1567,1621,2012,2085,1960
43961,"Feeney, Jodi M.",non-elite,1532,3097,4727,6449,8117,9817,11651,13638,1565,1630,1722,1668,1700,1834,1987
43962,"Schneider, Kristie",non-elite,1586,3228,4888,6571,8312,10094,11982,13790,1642,1660,1683,1741,1782,1888,1808
43963,"Dubuc, Manon",non-elite,1641,3300,4962,6649,8338,10125,11943,13734,1659,1662,1687,1689,1787,1818,1791
43964,"Lewis, Carol S",non-elite,1647,3259,4905,6600,8315,10111,11961,13746,1612,1646,1695,1715,1796,1850,1785
43965,"Dotson, Lori",non-elite,1647,3258,4905,6600,8314,10111,11961,13746,1611,1647,1695,1714,1797,1850,1785
43966,"Cesler, Judi",non-elite,1566,3148,4758,6413,8144,9953,11908,13770,1582,1610,1655,1731,1809,1955,1862
43967,"Wolfe, Duane C",non-elite,1447,2954,4509,6097,7817,9591,11505,13600,1507,1555,1588,1720,1774,1914,2095
43968,"Woit, Hannah M.",non-elite,1714,3420,5127,6806,8463,10159,11875,13780,1706,1707,1679,1657,1696,1716,1905
43969,"Ramon, Chacha",non-elite,1607,3218,4876,6549,8250,10070,11913,13759,1611,1658,1673,1701,1820,1843,1846
43970,"Devito, Karyn H.",non-elite,1565,3167,4815,6449,8128,10007,11882,13719,1602,1648,1634,1679,1879,1875,1837
43971,"Leonard, Craig D",non-elite,1514,3092,4693,6302,7950,9649,11562,13614,1578,1601,1609,1648,1699,1913,2052
43972,"Rica Silva, Jorge M.",non-elite,1633,3309,4979,6665,8342,10233,12050,13802,1676,1670,1686,1677,1891,1817,1752
43973,"Stumme, Rebekka",non-elite,1553,3143,4811,6605,8364,10217,12020,13784,1590,1668,1794,1759,1853,1803,1764
43974,"Moronell, Tina",non-elite,1604,3230,4861,6505,8155,9878,11646,13642,1626,1631,1644,1650,1723,1768,1996
43975,"Cameron, Carol A",non-elite,1644,3232,4846,6479,8134,9889,11788,13719,1588,1614,1633,1655,1755,1899,1931
43976,"Yarchoan, Robert",non-elite,1604,3252,4928,6652,8320,10041,11859,13713,1648,1676,1724,1668,1721,1818,1854
43977,"Richards, Michelle H",non-elite,1620,3223,4807,6469,8140,10054,11983,13814,1603,1584,1662,1671,1914,1929,1831
43978,"Wexler, Joanna",non-elite,1593,3161,4743,6333,7953,9885,12033,13813,1568,1582,1590,1620,1932,2148,1780
43979,"Jimenez, Beth M",non-elite,1524,3050,4620,6311,8088,10016,11960,13789,1526,1570,1691,1777,1928,1944,1829
43980,"Chambers, Sean J.",non-elite,1406,2802,4338,6090,7820,9723,11826,13777,1396,1536,1752,1730,1903,2103,1951
43981,"French, Louisa",non-elite,1698,3302,4907,6509,8105,9808,11738,13775,1604,1605,1602,1596,1703,1930,2037
43982,"Christo, Therese R",non-elite,1593,3196,4813,6444,8090,9827,11980,13746,1603,1617,1631,1646,1737,2153,1766
43983,"Kolda, Lisa",non-elite,1546,3160,4813,6530,8279,10072,11975,13800,1614,1653,1717,1749,1793,1903,1825
43984,"Tottenham, Keith D.",non-elite,1690,3331,4953,6588,8228,9939,11822,13766,1641,1622,1635,1640,1711,1883,1944
43985,"Veltri, Christine",non-elite,1604,3220,4836,6477,8111,9843,11849,13713,1616,1616,1641,1634,1732,2006,1864
43986,"Reihman, Dana",non-elite,1645,3348,5051,6780,8494,10262,12059,13803,1703,1703,1729,1714,1768,1797,1744
43987,"Vavloukis, Anne F",non-elite,1693,3333,4982,6637,8385,10155,12018,13769,1640,1649,1655,1748,1770,1863,1751
43988,"Rodriguez, Jocelyn",non-elite,1333,2679,4391,6245,8046,9945,11958,13825,1346,1712,1854,1801,1899,2013,1867
43989,"Reeves, Michael D",non-elite,1550,3095,4668,6322,7989,9774,11652,13566,1545,1573,1654,1667,1785,1878,1914
43990,"Blair, Richard",non-elite,1659,3311,4966,6644,8306,10070,11845,13800,1652,1655,1678,1662,1764,1775,1955
43991,"Spear, Mary K.",non-elite,1621,3256,4917,6613,8301,10052,11905,13742,1635,1661,1696,1688,1751,1853,1837
43992,"Simons, Hugh A.",non-elite,1601,3229,4933,6634,8359,10165,11983,13761,1628,1704,1701,1725,1806,1818,1778
43993,"Carlson, Marcia K.",non-elite,1637,3296,4978,6670,8368,10140,11965,13773,1659,1682,1692,1698,1772,1825,1808
43994,"Talley, Lisa M",non-elite,1677,3394,5050,6732,8427,10214,12017,13785,1717,1656,1682,1695,1787,1803,1768
43995,"Monte, Susan R.",non-elite,1678,3395,5050,6733,8427,10214,12018,13786,1717,1655,1683,1694,1787,1804,1768
43996,"Curran, Brooke S.",non-elite,1632,3301,5004,6729,8472,10299,12126,13852,1669,1703,1725,1743,1827,1827,1726
43997,"Fernandez, Keith",non-elite,1517,2984,4466,6026,7644,9685,11727,13749,1467,1482,1560,1618,2041,2042,2022
43998,"Mallette, Brittany R.",non-elite,1691,3346,5041,6737,8418,10193,12041,13796,1655,1695,1696,1681,1775,1848,1755
43999,"Cook, Summer",non-elite,1465,2943,4430,6139,7950,9784,11906,13823,1478,1487,1709,1811,1834,2122,1917
44000,"Longo, Vic",non-elite,1527,3088,4702,6393,8137,9977,11903,13749,1561,1614,1691,1744,1840,1926,1846
44001,"Bryda, Karl",non-elite,1518,2984,4466,6031,7748,9686,11728,13749,1466,1482,1565,1717,1938,2042,2021
44002,"Harris, Jess L",non-elite,1562,3121,4683,6279,7928,9749,11662,13661,1559,1562,1596,1649,1821,1913,1999
44003,"Pircher, Christian",non-elite,1535,3030,4595,6268,7986,9847,11837,13723,1495,1565,1673,1718,1861,1990,1886
44004,"Homan, Ken A",non-elite,1584,3189,4791,6409,8061,9849,11831,13714,1605,1602,1618,1652,1788,1982,1883
44005,"Han, Daesik",non-elite,1594,3109,4667,6299,8020,9904,11842,13735,1515,1558,1632,1721,1884,1938,1893
44006,"Jennings, Jessica",non-elite,1345,2849,4378,6058,7868,9939,11800,13732,1504,1529,1680,1810,2071,1861,1932
44007,"Badenhop, Charlene",non-elite,1629,3291,5012,6734,8450,10239,12046,13797,1662,1721,1722,1716,1789,1807,1751
44008,"Kaminski, Jenny",non-elite,1570,3159,4812,6542,8262,10080,11967,13753,1589,1653,1730,1720,1818,1887,1786
44009,"Hermes, Amy D",non-elite,1626,3275,4934,6648,8345,10083,11963,13831,1649,1659,1714,1697,1738,1880,1868
44010,"Ratcliffe, Kim",non-elite,1528,3119,4763,6479,8264,10055,11915,13764,1591,1644,1716,1785,1791,1860,1849
44011,"Carrique, Julie",non-elite,1686,3341,4997,6705,8420,10172,12000,13798,1655,1656,1708,1715,1752,1828,1798
44012,"Green, Addie",non-elite,1397,2842,4405,6206,8525,10356,12203,13867,1445,1563,1801,2319,1831,1847,1664
44013,"Noonan, Kim",non-elite,1593,3205,4841,6504,8194,9986,11962,13780,1612,1636,1663,1690,1792,1976,1818
44014,"Bergman, Mary S",non-elite,1618,3272,4959,6647,8365,10165,12009,13770,1654,1687,1688,1718,1800,1844,1761
44015,"Anderson, David M",non-elite,1587,3249,4901,6674,8434,10237,12102,13802,1662,1652,1773,1760,1803,1865,1700
44016,"Chen, Houai",non-elite,1466,3012,4593,6269,8030,9893,11821,13715,1546,1581,1676,1761,1863,1928,1894
44017,"Beyrak, Yakov",non-elite,1577,3229,4897,6603,8337,10156,12008,13784,1652,1668,1706,1734,1819,1852,1776
44018,"Macdonald, Carol",non-elite,1575,3224,4920,6632,8327,10108,11948,13764,1649,1696,1712,1695,1781,1840,1816
44019,"Swinea, Holly",non-elite,1485,3016,4644,6348,8143,9945,11879,13725,1531,1628,1704,1795,1802,1934,1846
44020,"Mccann, Robin A",non-elite,1551,3139,4790,6459,8161,10012,11926,13767,1588,1651,1669,1702,1851,1914,1841
44021,"Wood, Teri L",non-elite,1663,3328,5002,6703,8419,10191,12003,13783,1665,1674,1701,1716,1772,1812,1780
44022,"Charles, Steph E.",non-elite,1579,3176,4817,6486,8168,10146,11939,13765,1597,1641,1669,1682,1978,1793,1826
44023,"Phillips, Zeke M",non-elite,1217,2406,3635,5197,7331,9181,11314,13665,1189,1229,1562,2134,1850,2133,2351
44024,"Janner, Shae L.",non-elite,1590,3210,4840,6482,8146,9916,11958,13829,1620,1630,1642,1664,1770,2042,1871
44025,"Myrick, Jessica",non-elite,1509,3034,4573,6156,7788,9586,12138,13906,1525,1539,1583,1632,1798,2552,1768
44026,"Kahle, Bronna",non-elite,1593,3174,4738,6336,7954,9842,11911,13755,1581,1564,1598,1618,1888,2069,1844
44027,"Dugan, Daniel S.",non-elite,1763,3487,5172,6883,8595,10340,12043,13764,1724,1685,1711,1712,1745,1703,1721
44028,"Knight, Christopher",non-elite,1659,3327,4998,6673,8352,10140,11966,13789,1668,1671,1675,1679,1788,1826,1823
44029,"Ress, Suzanne E",non-elite,1512,3047,4742,6451,8189,10096,12011,13768,1535,1695,1709,1738,1907,1915,1757
44030,"Mickelsen, Jenafer J",non-elite,1619,3241,4875,6536,8233,9992,11802,13669,1622,1634,1661,1697,1759,1810,1867
44031,"Brown, Ellen M",non-elite,1626,3240,4908,6659,8417,10236,12096,13838,1614,1668,1751,1758,1819,1860,1742
44032,"Vernon, Rebecca",non-elite,1481,2976,4575,6302,7957,9707,11735,13669,1495,1599,1727,1655,1750,2028,1934
44033,"Bhamidipati, Lakshmi",non-elite,1556,3135,4760,6431,8119,9902,11797,13736,1579,1625,1671,1688,1783,1895,1939
44034,"Wrubleski, Kimberly A.",non-elite,1469,2957,4553,6299,8062,9937,11945,13833,1488,1596,1746,1763,1875,2008,1888
44035,"Donahue, Kristin N",non-elite,1611,3243,4896,6551,8230,9975,11756,13679,1632,1653,1655,1679,1745,1781,1923
44036,"Kueter, Jennifer A.",non-elite,1598,3208,4833,6498,8200,10069,11964,13783,1610,1625,1665,1702,1869,1895,1819
44037,"Gelder, John V",non-elite,1582,3178,4780,6408,8047,9800,11699,13680,1596,1602,1628,1639,1753,1899,1981
44038,"Taber, Mary O.",non-elite,1710,3376,5031,6690,8401,10173,11986,13816,1666,1655,1659,1711,1772,1813,1830
44039,"Smith, Jen",non-elite,1569,3115,4705,6337,8012,9783,11654,13651,1546,1590,1632,1675,1771,1871,1997
44040,"Grabowski, Marc T.",non-elite,1784,3468,5147,6835,8524,10296,12078,13823,1684,1679,1688,1689,1772,1782,1745
44041,"Haro Campos, Alberto Sr.",non-elite,1390,2743,4144,5713,7353,9323,11546,13631,1353,1401,1569,1640,1970,2223,2085
44042,"Bianchi, Elizabeth",non-elite,1564,3193,4858,6574,8280,10103,11977,13793,1629,1665,1716,1706,1823,1874,1816
44043,"Wener, Susan",non-elite,1578,3197,4846,6538,8243,10045,11927,13761,1619,1649,1692,1705,1802,1882,1834
44044,"Shomper, Greta",non-elite,1556,3067,4667,6230,7842,9724,11902,13848,1511,1600,1563,1612,1882,2178,1946
44045,"Molinabazan, Jose Sr.",non-elite,1532,3114,4851,6649,8730,10547,12272,13888,1582,1737,1798,2081,1817,1725,1616
44046,"Meier, Amy",non-elite,1588,3181,4841,6533,8241,10044,11948,13830,1593,1660,1692,1708,1803,1904,1882
44047,"Nugent, Scott A.",non-elite,1652,3234,4821,6450,8112,9895,11805,13742,1582,1587,1629,1662,1783,1910,1937
44048,"Armida Gutierrez, Bernardo",non-elite,1351,2739,4165,5635,7209,9036,11203,13612,1388,1426,1470,1574,1827,2167,2409
44049,"Weber, Heather J",non-elite,1647,3281,4936,6587,8254,10054,11942,13766,1634,1655,1651,1667,1800,1888,1824
44050,"Leeser, Lee B.",non-elite,1646,3331,5022,6728,8458,10221,12034,13806,1685,1691,1706,1730,1763,1813,1772
44051,"Pregler, Liz A",non-elite,1646,3331,5023,6728,8459,10222,12034,13806,1685,1692,1705,1731,1763,1812,1772
44052,"Humbert, Gilles",non-elite,1621,3174,4721,6318,7999,9873,11854,13758,1553,1547,1597,1681,1874,1981,1904
44053,"Molesworth, William",non-elite,1516,3053,4601,6190,7928,9736,11771,13739,1537,1548,1589,1738,1808,2035,1968
44054,"Kilpatrick, Ian D.",non-elite,1754,3439,5056,6683,8298,10013,11890,13788,1685,1617,1627,1615,1715,1877,1898
44055,"French, Emily",non-elite,1698,3302,4907,6510,8262,10233,12113,13852,1604,1605,1603,1752,1971,1880,1739
44056,"Clark, Sue C",non-elite,1618,3274,4928,6627,8298,10164,12025,13791,1656,1654,1699,1671,1866,1861,1766
44057,"Ramsdell, Renee",non-elite,1507,3068,4680,6345,8066,9836,11753,13767,1561,1612,1665,1721,1770,1917,2014
44058,"Lundy, Jonathan E",non-elite,1284,2769,4459,6051,7761,9542,11685,13724,1485,1690,1592,1710,1781,2143,2039
44059,"Katz, Emily B.",non-elite,1737,3373,4937,6532,8153,9956,11835,13778,1636,1564,1595,1621,1803,1879,1943
44060,"Mclaughlin, Barbara",non-elite,1672,3361,5042,6738,8437,10204,12012,13805,1689,1681,1696,1699,1767,1808,1793
44061,"Maclean, Kara L.",non-elite,1664,3226,4793,6393,8077,9938,11826,13828,1562,1567,1600,1684,1861,1888,2002
44062,"Harder, Scott D",non-elite,1496,2999,4553,6127,7749,9486,11511,13611,1503,1554,1574,1622,1737,2025,2100
44063,"Lord, Benoit",non-elite,1514,3033,4598,6214,7861,9648,11651,13714,1519,1565,1616,1647,1787,2003,2063
44064,"Guillouet, Evelyne",non-elite,1618,3301,5006,6710,8422,10253,12100,13808,1683,1705,1704,1712,1831,1847,1708
44065,"Geurts, Danelle S",non-elite,1591,3316,5074,6786,8458,10232,12063,13796,1725,1758,1712,1672,1774,1831,1733
44066,"Cefali, Frank",non-elite,1498,2989,4484,6001,7574,9410,11413,13608,1491,1495,1517,1573,1836,2003,2195
44067,"Blanchette, Donna",non-elite,1677,3374,5087,6849,8609,10396,12167,13850,1697,1713,1762,1760,1787,1771,1683
44068,"Steele, Eleanor",non-elite,1652,3352,5051,6760,8580,10384,12147,13845,1700,1699,1709,1820,1804,1763,1698
44069,"Robertson, Nancy E.",non-elite,1652,3352,5052,6760,8580,10384,12148,13845,1700,1700,1708,1820,1804,1764,1697
44070,"Harding, Ljiljana",non-elite,1574,3207,4883,6647,8351,10147,11996,13813,1633,1676,1764,1704,1796,1849,1817
44071,"Gilbert, Bruce",non-elite,1476,2993,4637,6296,8021,9852,11817,13717,1517,1644,1659,1725,1831,1965,1900
44072,"Taunton-Rigby, Jason E.",non-elite,1636,3305,4999,6726,8507,10312,12105,13874,1669,1694,1727,1781,1805,1793,1769
44073,"Naylor, Joey G.",non-elite,1684,3225,4899,6523,8123,9917,11842,13752,1541,1674,1624,1600,1794,1925,1910
44074,"Clack, Kristi L.",non-elite,1542,3188,4813,6468,8346,10100,11962,13781,1646,1625,1655,1878,1754,1862,1819
44075,"Canterbury, Bryan",non-elite,1753,3416,5031,6661,8312,10042,11843,13738,1663,1615,1630,1651,1730,1801,1895
44076,"Guy, Sandy",non-elite,1641,3300,4981,6684,8450,10260,12096,13836,1659,1681,1703,1766,1810,1836,1740
44077,"Binninger, Hannah O",non-elite,1585,3221,4869,6600,8352,10187,11979,13792,1636,1648,1731,1752,1835,1792,1813
44078,"Guinasso, Rinaldo L. Jr.",non-elite,1724,3339,4965,6570,8192,9869,11623,13640,1615,1626,1605,1622,1677,1754,2017
44079,"Damm, Nancy A",non-elite,1670,3356,5052,6738,8412,10146,11962,13778,1686,1696,1686,1674,1734,1816,1816
44080,"Northouse, Amanda L",non-elite,1507,3002,4571,6237,8043,9896,11827,13742,1495,1569,1666,1806,1853,1931,1915
44081,"Pfeifer, Michael",non-elite,1459,2982,4517,6124,7726,9455,11476,13653,1523,1535,1607,1602,1729,2021,2177
44082,"Smith, Rosalie A",non-elite,1629,3302,4992,6706,8452,10217,12079,13850,1673,1690,1714,1746,1765,1862,1771
44083,"Townsend, Caroline H.",non-elite,1630,3277,4949,6658,8389,10196,12042,13827,1647,1672,1709,1731,1807,1846,1785
44084,"Karakoyunlu, Deniz",non-elite,1494,2984,4481,5998,7599,9421,11577,13787,1490,1497,1517,1601,1822,2156,2210
44085,"Shallcross, Derrick",non-elite,1494,2984,4481,5998,7599,9421,11577,13788,1490,1497,1517,1601,1822,2156,2211
44086,"O'Keefe, Tom D.",non-elite,1318,2734,4273,6053,7776,9777,11850,13793,1416,1539,1780,1723,2001,2073,1943
44087,"Moberly, Melissa",non-elite,1598,3183,4797,6456,8156,10080,11991,13859,1585,1614,1659,1700,1924,1911,1868
44088,"Barlow, Brennan",non-elite,1274,2587,4003,5554,7176,8847,10767,13487,1313,1416,1551,1622,1671,1920,2720
44089,"Devries, John",non-elite,1537,3117,4740,6411,8088,9878,11809,13737,1580,1623,1671,1677,1790,1931,1928
44090,"Lee, Yeongtae",non-elite,1685,3263,4853,6478,8185,10078,11978,13754,1578,1590,1625,1707,1893,1900,1776
44091,"Lounsbury, Sandra",non-elite,1614,3215,4850,6539,8251,10036,11893,13773,1601,1635,1689,1712,1785,1857,1880
44092,"Werner, Lisa",non-elite,1604,3216,4836,6516,8175,9989,11886,13810,1612,1620,1680,1659,1814,1897,1924
44093,"Mermelstein, Joshua C.",non-elite,1618,3267,4923,6582,8236,9935,11760,13677,1649,1656,1659,1654,1699,1825,1917
44094,"Ishii, Sachiko",non-elite,1607,3207,4849,6528,8219,10059,11950,13813,1600,1642,1679,1691,1840,1891,1863
44095,"Gleason, Marilee E",non-elite,1574,3167,4804,6497,8195,10012,11961,13789,1593,1637,1693,1698,1817,1949,1828
44096,"Labelle, Bernard",non-elite,1527,3103,4737,6433,8167,10024,12005,13774,1576,1634,1696,1734,1857,1981,1769
44097,"Kristensen, Lise K.",non-elite,1537,3166,4930,6752,8486,10254,12068,13838,1629,1764,1822,1734,1768,1814,1770
44098,"Ferniza, Sara",non-elite,1638,3348,5019,6696,8396,10186,12104,13879,1710,1671,1677,1700,1790,1918,1775
44099,"Hook, Theodore",non-elite,1766,3441,5090,6757,8458,10173,11959,13764,1675,1649,1667,1701,1715,1786,1805
44100,"Przeor, Mindy",non-elite,1607,3267,4962,6673,8445,10321,12124,13893,1660,1695,1711,1772,1876,1803,1769
44101,"Jones, Paul W.",non-elite,1500,3093,4695,6401,8090,9898,11843,13754,1593,1602,1706,1689,1808,1945,1911
44102,"Lawrence, John G",non-elite,1411,2844,4297,5825,7478,9396,11506,13686,1433,1453,1528,1653,1918,2110,2180
44103,"Pulver, Eric",non-elite,1410,2825,4273,6217,7965,9729,11656,13785,1415,1448,1944,1748,1764,1927,2129
44104,"Bowman, Aileen C",non-elite,1533,3173,4869,6576,8323,10184,12016,13827,1640,1696,1707,1747,1861,1832,1811
44105,"Hassett, Lyndsy B",non-elite,1533,3070,4683,6512,8246,10103,12043,13826,1537,1613,1829,1734,1857,1940,1783
44106,"Ottaviano, Joanne H",non-elite,1573,3175,4785,6589,8274,10022,11935,13775,1602,1610,1804,1685,1748,1913,1840
44107,"Vanstraaten, John",non-elite,1343,2823,4467,6197,7850,9698,11706,13729,1480,1644,1730,1653,1848,2008,2023
44108,"D'Agostino, William P Jr.",non-elite,1574,3131,4734,6399,8052,9935,11846,13766,1557,1603,1665,1653,1883,1911,1920
44109,"Mitchell, Robin M",non-elite,1500,3067,4641,6252,7893,9835,11709,13762,1567,1574,1611,1641,1942,1874,2053
44110,"Lloyd, Jennefer",non-elite,1681,3377,5072,6779,8513,10294,12104,13840,1696,1695,1707,1734,1781,1810,1736
44111,"Lloyd Young, Lesley M.",non-elite,1681,3377,5072,6779,8514,10294,12105,13843,1696,1695,1707,1735,1780,1811,1738
44112,"Powers, Steven J",non-elite,1398,2790,4234,5821,7600,9530,11514,13685,1392,1444,1587,1779,1930,1984,2171
44113,"Kirby, Kimberly",non-elite,1496,3025,4545,6249,7895,9768,11913,13790,1529,1520,1704,1646,1873,2145,1877
44114,"Rogers, Jenna",non-elite,1497,3025,4545,6248,7895,9768,11913,13790,1528,1520,1703,1647,1873,2145,1877
44115,"Potts, James E",non-elite,1260,2513,3784,5276,7200,9206,11394,13619,1253,1271,1492,1924,2006,2188,2225
44116,"Yarina, Tauya S",non-elite,1489,3016,4647,6412,8181,10211,12051,13870,1527,1631,1765,1769,2030,1840,1819
44118,"Held, Thomas",non-elite,1436,2988,4627,6286,8004,9883,11854,13843,1552,1639,1659,1718,1879,1971,1989
44119,"Cuzner, Gary",non-elite,1639,3189,4732,6325,8019,9854,11873,13830,1550,1543,1593,1694,1835,2019,1957
44120,"Mcallister, Craig G",non-elite,1435,2887,4423,6079,7976,9810,11732,13744,1452,1536,1656,1897,1834,1922,2012
44121,"Swortz, Brandi R",non-elite,1560,3180,4988,6674,8383,10211,11975,13843,1620,1808,1686,1709,1828,1764,1868
44122,"Peebles, Catherine A",non-elite,1526,3108,4759,6442,8126,9975,11886,13785,1582,1651,1683,1684,1849,1911,1899
44123,"Ricketts, Priscilla S.",non-elite,1515,3011,4573,6501,8303,10129,11996,13831,1496,1562,1928,1802,1826,1867,1835
44124,"Junk, Mary",non-elite,1615,3169,4830,6470,8092,9857,11801,13772,1554,1661,1640,1622,1765,1944,1971
44125,"Laning, Steve S",non-elite,1364,2848,4385,5957,7619,9532,11711,13750,1484,1537,1572,1662,1913,2179,2039
44126,"Damon, Jeffrey P",non-elite,1639,3279,4946,6626,8330,10124,11958,13767,1640,1667,1680,1704,1794,1834,1809
44127,"Morris, Daniel",non-elite,1423,2864,4441,6181,7934,9780,11796,13807,1441,1577,1740,1753,1846,2016,2011
44128,"Trevisan, Louis A",non-elite,1691,3394,5123,6848,8577,10352,12123,13850,1703,1729,1725,1729,1775,1771,1727
44129,"Kelly, Ryan D.",non-elite,1761,3397,4947,6555,8209,9932,11813,13734,1636,1550,1608,1654,1723,1881,1921
44130,"Martinez, Peter",non-elite,1489,2984,4594,6244,7980,9975,11924,13813,1495,1610,1650,1736,1995,1949,1889
44131,"Desantis, Andrea",non-elite,1764,3453,5132,6823,8523,10293,12115,13887,1689,1679,1691,1700,1770,1822,1772
44132,"Antin, Nancy P.",non-elite,1705,3388,5063,6776,8457,10238,12031,13828,1683,1675,1713,1681,1781,1793,1797
44133,"Shannon, Katherine T.",non-elite,1751,3465,5156,6853,8510,10281,12073,13812,1714,1691,1697,1657,1771,1792,1739
44134,"Krusic, Nancy",non-elite,1679,3346,5000,6666,8321,10075,11925,13787,1667,1654,1666,1655,1754,1850,1862
44135,"Beattie, Tara L",non-elite,1614,3279,4986,6741,8488,10323,12148,13894,1665,1707,1755,1747,1835,1825,1746
44136,"Godin, Sonia",non-elite,1656,3327,5011,6727,8466,10252,12063,13847,1671,1684,1716,1739,1786,1811,1784
44137,"Theiler, Marc",non-elite,1606,3204,4878,6546,8239,10195,12147,13826,1598,1674,1668,1693,1956,1952,1679
44138,"Kofahl, Mary J",non-elite,1495,3057,4635,6306,7973,9756,11845,13832,1562,1578,1671,1667,1783,2089,1987
44139,"Efron, Yoav D.",non-elite,1549,3091,4672,6304,7951,9975,12001,13872,1542,1581,1632,1647,2024,2026,1871
44140,"Woods, Jim",non-elite,1522,3054,4611,6219,7861,9683,11662,13618,1532,1557,1608,1642,1822,1979,1956
44141,"Kabui, Catherine",non-elite,1622,3283,4957,6694,8430,10248,12081,13861,1661,1674,1737,1736,1818,1833,1780
44142,"McEwen, Scott T. Jr.",non-elite,1399,2700,3990,5361,6810,8433,10604,13509,1301,1290,1371,1449,1623,2171,2905
44143,"Shepherd, Joanne M.",non-elite,1571,3162,4794,6457,8279,10189,12075,13837,1591,1632,1663,1822,1910,1886,1762
44144,"Szumlanski, Paul A",non-elite,1559,3149,4740,6373,8046,9859,11778,13738,1590,1591,1633,1673,1813,1919,1960
44145,"Abraham, Stephanie",non-elite,1570,3158,4750,6477,8193,10044,12061,13872,1588,1592,1727,1716,1851,2017,1811
44146,"Song, Liqin",non-elite,1603,3206,4848,6533,8240,10063,11980,13820,1603,1642,1685,1707,1823,1917,1840
44147,"Bamonte, Thomas J",non-elite,1519,3024,4516,6021,7525,9026,10648,13219,1505,1492,1505,1504,1501,1622,2571
44148,"Ryan, Jim",non-elite,1700,3348,4920,6648,8421,10181,12042,13874,1648,1572,1728,1773,1760,1861,1832
44149,"Chase, Kimberlee A",non-elite,1701,3403,5068,6727,8410,10148,11922,13775,1702,1665,1659,1683,1738,1774,1853
44150,"Wolfley, Kelsey S",non-elite,1416,2854,4316,5788,7325,9122,11382,13523,1438,1462,1472,1537,1797,2260,2141
44151,"Goldstein, Jon",non-elite,1876,3633,5331,7059,8735,10448,12142,13803,1757,1698,1728,1676,1713,1694,1661
44152,"Guzman, Jonathan",non-elite,1282,2526,3751,4980,6221,7555,11886,13949,1244,1225,1229,1241,1334,4331,2063
44153,"McNally, Kathleen E.",non-elite,1615,3237,4907,6655,8409,10220,12075,13849,1622,1670,1748,1754,1811,1855,1774
44154,"Sharp, Amy R.",non-elite,1620,3222,4860,6509,8216,10010,12099,13873,1602,1638,1649,1707,1794,2089,1774
44155,"Richardson, Jim",non-elite,1500,3052,4562,6087,7690,9368,11407,13548,1552,1510,1525,1603,1678,2039,2141
44156,"Tinnin, Sarah B.",non-elite,1531,3140,4729,6357,8019,10308,12088,13872,1609,1589,1628,1662,2289,1780,1784
44157,"Lundy, Kristin E",non-elite,1501,3031,4648,6398,8207,10133,12045,13832,1530,1617,1750,1809,1926,1912,1787
44158,"Wheelock, Michael J",non-elite,1601,3277,4931,6630,8365,10097,11918,13765,1676,1654,1699,1735,1732,1821,1847
44159,"Fudacz, Nancy M",non-elite,1717,3490,5297,7039,8820,10583,12303,13927,1773,1807,1742,1781,1763,1720,1624
44160,"Yamashita, Kazuyuki",non-elite,1657,3299,4929,6570,8315,10025,11927,13779,1642,1630,1641,1745,1710,1902,1852
44161,"Otani, Karen A.",non-elite,1581,3174,4794,6475,8355,10173,12055,13881,1593,1620,1681,1880,1818,1882,1826
44162,"Nichols, Nancy R.",non-elite,1558,3125,4813,6509,8230,10034,11952,13776,1567,1688,1696,1721,1804,1918,1824
44163,"Benson, Cory R",non-elite,1616,3261,4900,6609,8476,10231,12044,13844,1645,1639,1709,1867,1755,1813,1800
44164,"Lambert, Jennifer",non-elite,1610,3272,4942,6635,8316,10087,11917,13810,1662,1670,1693,1681,1771,1830,1893
44165,"Hynes, Carolyne Y",non-elite,1625,3261,4972,6694,8399,10214,12154,13883,1636,1711,1722,1705,1815,1940,1729
44166,"Linton, Katherine E.",non-elite,1512,3006,4544,6142,7817,9641,11620,13670,1494,1538,1598,1675,1824,1979,2050
44167,"Jeppson, Kristin J.",non-elite,1552,3108,4688,6323,8003,9829,11770,13740,1556,1580,1635,1680,1826,1941,1970
44168,"Warren, Amanda",non-elite,1698,3341,4958,6599,8331,10101,11983,13845,1643,1617,1641,1732,1770,1882,1862
44169,"Pain, Malcolm A",non-elite,1568,3167,4823,6523,8275,10100,11984,13824,1599,1656,1700,1752,1825,1884,1840
44170,"Hovagimian, Mike",non-elite,1599,3243,4895,6547,8207,9926,11971,13837,1644,1652,1652,1660,1719,2045,1866
44171,"Hinnant, Jesse C.",non-elite,1571,3174,4791,6396,8156,9968,11908,13856,1603,1617,1605,1760,1812,1940,1948
44172,"Davis, Scott",non-elite,1463,2933,4395,5915,7807,9834,11988,13918,1470,1462,1520,1892,2027,2154,1930
44173,"Richards, Meredyth",non-elite,1395,2797,4287,5908,7572,9390,12026,13887,1402,1490,1621,1664,1818,2636,1861
44174,"Villalba, Tania M",non-elite,1542,3104,4744,6480,8258,10111,12054,13860,1562,1640,1736,1778,1853,1943,1806
44175,"Krohn, Lindsey",non-elite,1575,3168,4759,6388,8128,9859,11728,13679,1593,1591,1629,1740,1731,1869,1951
44176,"Stevens, Martha",non-elite,1644,3305,5011,6734,8444,10192,12020,13819,1661,1706,1723,1710,1748,1828,1799
44177,"Johnson, Steve",non-elite,1479,2959,4446,6040,7801,9763,11861,13801,1480,1487,1594,1761,1962,2098,1940
44178,"Valentine, Lyne",non-elite,1573,3222,4931,6665,8347,10064,11897,13863,1649,1709,1734,1682,1717,1833,1966
44179,"Griffiths, Jeremy S",non-elite,1507,2990,4491,6024,7568,9358,11405,13519,1483,1501,1533,1544,1790,2047,2114
44180,"Kadish, Rebecca E.",non-elite,1638,3308,5003,6726,8446,10203,12024,13822,1670,1695,1723,1720,1757,1821,1798
44181,"Palmer, Shaun C",non-elite,1588,3156,4715,6342,8006,9800,11804,13734,1568,1559,1627,1664,1794,2004,1930
44182,"Pearson, Jennifer G.",non-elite,1532,3111,4743,6437,8177,10037,11975,13817,1579,1632,1694,1740,1860,1938,1842
44183,"Lee, Siu Kam Rebecca",non-elite,1619,3293,4991,6735,8488,10300,12091,13846,1674,1698,1744,1753,1812,1791,1755
44184,"Lund, Timothy",non-elite,1788,3531,5254,6959,8645,10419,12144,13848,1743,1723,1705,1686,1774,1725,1704
44185,"Collins, Amanda A.",non-elite,1711,3386,5079,6782,8510,10300,12127,13855,1675,1693,1703,1728,1790,1827,1728
44186,"Yavonditte, Joe",non-elite,1636,3273,4931,6602,8269,10026,11911,13796,1637,1658,1671,1667,1757,1885,1885
44187,"Noriega Sanchez Ocana, Juan",non-elite,1739,3370,5020,6635,8235,9921,11858,13867,1631,1650,1615,1600,1686,1937,2009
44188,"Polenski, Rebecca",non-elite,1605,3187,4818,6504,8311,10164,12048,13833,1582,1631,1686,1807,1853,1884,1785
44189,"Braithwaite, Holly",non-elite,1523,3088,4687,6333,8223,10039,12020,13846,1565,1599,1646,1890,1816,1981,1826
44190,"Trinca, Gibson",non-elite,1715,3403,5113,6845,8564,10356,12163,13903,1688,1710,1732,1719,1792,1807,1740
44191,"Morehead, Nancy",non-elite,1684,3364,4997,6632,8275,10032,11890,13746,1680,1633,1635,1643,1757,1858,1856
44192,"Walker, Corinne E.",non-elite,1446,2981,4591,6271,8016,9807,11938,13897,1535,1610,1680,1745,1791,2131,1959
44193,"Mcdade, Karen W",non-elite,1650,3310,4989,6674,8353,10142,12016,13837,1660,1679,1685,1679,1789,1874,1821
44194,"Jones, Troy A.",non-elite,1388,2923,4578,6278,7959,9854,11831,13896,1535,1655,1700,1681,1895,1977,2065
44195,"Dragna, Leslie",non-elite,1622,3337,4963,6671,8319,10025,11924,13834,1715,1626,1708,1648,1706,1899,1910
44196,"Choi, Youngwha",non-elite,1686,3209,4706,6294,8519,10881,12408,13917,1523,1497,1588,2225,2362,1527,1509
44197,"Digby, Andrea M",non-elite,1616,3241,4877,6579,8298,10124,11996,13751,1625,1636,1702,1719,1826,1872,1755
44198,"Hughes, Christa L",non-elite,1559,3127,4762,6472,8244,10057,11958,13854,1568,1635,1710,1772,1813,1901,1896
44199,"Anderson, Jessica L.",non-elite,1559,3127,4762,6472,8244,10058,11958,13854,1568,1635,1710,1772,1814,1900,1896
44200,"Hunter, Lindsay C",non-elite,1485,3022,4611,6277,7973,9914,11900,13838,1537,1589,1666,1696,1941,1986,1938
44201,"Hower, Sharon K",non-elite,1568,3132,4756,6464,8259,10242,12172,13874,1564,1624,1708,1795,1983,1930,1702
44202,"Yoshida, Tomoko",non-elite,1508,3031,4532,6047,7743,9417,11299,13496,1523,1501,1515,1696,1674,1882,2197
44203,"Harrison, Betty Baugh",non-elite,1641,3277,4959,6686,8434,10227,12088,13895,1636,1682,1727,1748,1793,1861,1807
44204,"Bade, Sharon M",non-elite,1438,2957,4612,6340,8137,10033,11975,13780,1519,1655,1728,1797,1896,1942,1805
44205,"Gunn, Sarah",non-elite,1677,3342,5003,6716,8461,10261,12130,13924,1665,1661,1713,1745,1800,1869,1794
44206,"Heverly, Sarah B.",non-elite,1468,2962,4538,6168,7832,9751,11748,13764,1494,1576,1630,1664,1919,1997,2016
44207,"Rose, Pamela",non-elite,1603,3233,4859,6520,8208,10009,11885,13798,1630,1626,1661,1688,1801,1876,1913
44208,"Kleinschmidt, Simone",non-elite,1653,3384,5023,6733,8459,10237,12048,13852,1731,1639,1710,1726,1778,1811,1804
44209,"Giese, Julie",non-elite,1474,2964,4476,6265,8129,9947,11848,13771,1490,1512,1789,1864,1818,1901,1923
44210,"Howard, Kendra",non-elite,1708,3350,4991,6646,8315,10069,11931,13757,1642,1641,1655,1669,1754,1862,1826
44211,"Rusch, Jen",non-elite,1609,3198,4847,6577,8297,10099,12012,13836,1589,1649,1730,1720,1802,1913,1824
44212,"Li, Xiaobo",non-elite,1681,3308,4925,6660,8304,10157,11998,13841,1627,1617,1735,1644,1853,1841,1843
44213,"Naples, Carol",non-elite,1533,3047,4622,6286,7964,9802,11796,13712,1514,1575,1664,1678,1838,1994,1916
44214,"Hansen, Mike Rosenmejer",non-elite,1415,2915,4494,6370,8096,10037,11984,13807,1500,1579,1876,1726,1941,1947,1823
44215,"Thomsen, Jesper K.",non-elite,1415,2915,4494,6371,8096,10037,11984,13807,1500,1579,1877,1725,1941,1947,1823
44216,"Daymude, Thomas",non-elite,1606,3271,4884,6610,8241,9988,11786,13831,1665,1613,1726,1631,1747,1798,2045
44217,"Daymude, Kelly",non-elite,1606,3271,4884,6610,8241,9988,11786,13832,1665,1613,1726,1631,1747,1798,2046
44218,"Ford, Anna E",non-elite,1554,3124,4685,6364,8012,9800,11994,13917,1570,1561,1679,1648,1788,2194,1923
44219,"Burnham, Frances L.",non-elite,1560,3166,4796,6477,8196,10022,11936,13807,1606,1630,1681,1719,1826,1914,1871
44220,"Folkert, Darrel",non-elite,1650,3339,5044,6754,8457,10219,12091,13858,1689,1705,1710,1703,1762,1872,1767
44221,"McBride, Myrrl",non-elite,1665,3356,5017,6676,8378,10179,12014,13820,1691,1661,1659,1702,1801,1835,1806
44222,"Folkert, Jacqueline",non-elite,1651,3340,5044,6754,8458,10220,12092,13859,1689,1704,1710,1704,1762,1872,1767
44223,"Murphy, Christopher L.",non-elite,1403,2860,4431,6211,8001,9892,11869,13788,1457,1571,1780,1790,1891,1977,1919
44224,"Bene, George",non-elite,1371,2794,4248,5786,7578,9753,12024,13946,1423,1454,1538,1792,2175,2271,1922
44225,"Feigenbaum, Larry",non-elite,1569,3207,4883,6579,8306,10140,12027,13839,1638,1676,1696,1727,1834,1887,1812
44226,"Bene, Patrick",non-elite,1371,2794,4248,5787,7578,9753,12024,13946,1423,1454,1539,1791,2175,2271,1922
44227,"Seamon, Walter",non-elite,1569,3154,4786,6444,8133,9929,11858,13773,1585,1632,1658,1689,1796,1929,1915
44228,"Ferguson, Angus M.",non-elite,1569,3058,4590,6146,7734,9643,11570,13719,1489,1532,1556,1588,1909,1927,2149
44229,"Greene, Darren J",non-elite,1414,2936,4541,6257,8074,9942,11844,13718,1522,1605,1716,1817,1868,1902,1874
44230,"Perkins, Dominic",non-elite,1438,2927,4568,6227,7959,9848,11825,13825,1489,1641,1659,1732,1889,1977,2000
44231,"Baskins, Emily A.",non-elite,1726,3412,5084,6760,8427,10195,12003,13817,1686,1672,1676,1667,1768,1808,1814
44232,"Matylewski, Jaime",non-elite,1500,2985,4507,6158,7980,9844,11880,13887,1485,1522,1651,1822,1864,2036,2007
44233,"Calero Perea, Francisco Javier Sr.",non-elite,1706,3375,5057,6756,8471,10351,12133,13902,1669,1682,1699,1715,1880,1782,1769
44234,"Innis, Amy M.",non-elite,1531,3124,4745,6371,8042,9805,11686,13757,1593,1621,1626,1671,1763,1881,2071
44235,"Perez-Verzini, Marcelo",non-elite,1627,3256,4888,6544,8208,10036,11926,13815,1629,1632,1656,1664,1828,1890,1889
44236,"Burgess, Jim K.",non-elite,1605,3241,4879,6597,8328,10176,12084,13877,1636,1638,1718,1731,1848,1908,1793
44237,"Mcdaniel, Jennifer L",non-elite,1573,3187,4843,6577,8420,10302,12118,13905,1614,1656,1734,1843,1882,1816,1787
44238,"Zeigler, Heather",non-elite,1534,3146,4833,6582,8340,10142,12039,13822,1612,1687,1749,1758,1802,1897,1783
44239,"Fleming, Ron L",non-elite,1678,3301,4938,6635,8340,10153,12081,13843,1623,1637,1697,1705,1813,1928,1762
44240,"Beliveau, Jean",non-elite,1499,2986,4492,6004,7613,9495,11544,13703,1487,1506,1512,1609,1882,2049,2159
44241,"Cormier, Kevin M.",non-elite,1655,3206,4783,6388,8133,10004,11978,13953,1551,1577,1605,1745,1871,1974,1975
44242,"McGinley, Dan L.",non-elite,1844,3575,5243,6979,8638,10370,12185,13917,1731,1668,1736,1659,1732,1815,1732
44243,"Reid, Sally E",non-elite,1663,3385,5128,6878,8611,10399,12198,13910,1722,1743,1750,1733,1788,1799,1712
44244,"Mcdonagh, Anna M",non-elite,1731,3371,5001,6633,8274,10015,11823,13721,1640,1630,1632,1641,1741,1808,1898
44245,"Crowe, William D",non-elite,1632,3296,4966,6642,8352,10110,12030,13864,1664,1670,1676,1710,1758,1920,1834
44246,"Tsujishita, Masao",non-elite,1559,3159,4822,6506,8208,10047,11997,13790,1600,1663,1684,1702,1839,1950,1793
44247,"Johnson, Stephanie M",non-elite,1546,3095,4612,6204,7886,9779,11952,13927,1549,1517,1592,1682,1893,2173,1975
44248,"Virolainen, Tarja",non-elite,1613,3226,4867,6575,8346,10213,12077,13847,1613,1641,1708,1771,1867,1864,1770
44249,"Aschbrenner, Kelly A",non-elite,1571,3162,4808,6470,8241,10030,11936,13819,1591,1646,1662,1771,1789,1906,1883
44250,"Acker, Julia",non-elite,1605,3227,4872,6527,8207,9988,11876,13798,1622,1645,1655,1680,1781,1888,1922
44251,"Saunders-Sutherland, Heather",non-elite,1568,3171,4750,6569,8335,10246,12126,13927,1603,1579,1819,1766,1911,1880,1801
44252,"Dusseau, Kenny M.",non-elite,1704,3392,5049,6741,8443,10194,11949,13802,1688,1657,1692,1702,1751,1755,1853
44253,"Droney, Jennifer M.",non-elite,1746,3447,5138,6845,8549,10312,12100,13871,1701,1691,1707,1704,1763,1788,1771
44254,"Haffner, Karri",non-elite,1597,3206,4820,6469,8221,10034,12081,13859,1609,1614,1649,1752,1813,2047,1778
44255,"Kelly, Matthew J.",non-elite,1453,2979,4539,6165,7827,9611,11666,13803,1526,1560,1626,1662,1784,2055,2137
44256,"Picard, Jim",non-elite,1573,3133,4736,6393,8119,10056,11939,13770,1560,1603,1657,1726,1937,1883,1831
44257,"Favuzza, Robert J.",non-elite,1612,3247,4903,6585,8241,9965,11928,13809,1635,1656,1682,1656,1724,1963,1881
44258,"Ehrig, Marc",non-elite,1450,2980,4552,6168,7847,9635,11601,13758,1530,1572,1616,1679,1788,1966,2157
44259,"Cordonnier, Jan",non-elite,1632,3215,4882,6575,8267,10097,12005,13829,1583,1667,1693,1692,1830,1908,1824
44260,"Verhoeven, Janice L",non-elite,1643,3305,4990,6707,8442,10255,12062,13862,1662,1685,1717,1735,1813,1807,1800
44261,"Sessums, Kara",non-elite,1542,3201,4872,6599,8329,10164,11993,13810,1659,1671,1727,1730,1835,1829,1817
44262,"Noreen, Ainslee E",non-elite,1477,2982,4515,6120,7768,9513,11718,13929,1505,1533,1605,1648,1745,2205,2211
44263,"Hyder, Alexis",non-elite,1800,3479,5073,6674,8299,10063,11849,13866,1679,1594,1601,1625,1764,1786,2017
44264,"Magee, Shana",non-elite,1638,3266,4910,6575,8255,10087,12027,13863,1628,1644,1665,1680,1832,1940,1836
44265,"Baroni, Giuseppina Sr.",non-elite,1474,2985,4555,6201,8008,9829,12083,13832,1511,1570,1646,1807,1821,2254,1749
44266,"Miltz, Jordan H.",non-elite,1714,3336,4991,6690,8520,10314,12159,13924,1622,1655,1699,1830,1794,1845,1765
44267,"Thompson, Colleen S.",non-elite,1467,3024,4662,6305,8155,9978,11980,13882,1557,1638,1643,1850,1823,2002,1902
44268,"Stillmunkes, Kerry",non-elite,1588,3189,4800,6462,8132,9926,11844,13788,1601,1611,1662,1670,1794,1918,1944
44269,"Gomez-Casero Infante, Felix",non-elite,1634,3311,4997,6714,8416,10190,12072,13866,1677,1686,1717,1702,1774,1882,1794
44270,"Tecca, Paige M",non-elite,1543,3066,4599,6188,7819,9603,11508,13521,1523,1533,1589,1631,1784,1905,2013
44271,"Jason, Colleen M",non-elite,1612,3245,4879,6496,8138,9898,11775,13815,1633,1634,1617,1642,1760,1877,2040
44272,"Collins, Lori",non-elite,1649,3332,5031,6749,8444,10223,12042,13874,1683,1699,1718,1695,1779,1819,1832
44273,"Roarty, Carol L",non-elite,1660,3298,4965,6649,8377,10190,12036,13866,1638,1667,1684,1728,1813,1846,1830
44274,"Schroeder, Pamela K.",non-elite,1721,3370,4959,6594,8284,10060,11897,13803,1649,1589,1635,1690,1776,1837,1906
44275,"Meredith, Amy",non-elite,1495,3009,4533,6233,7978,9923,11953,13889,1514,1524,1700,1745,1945,2030,1936
44276,"Turchenko, Vlad",non-elite,1442,2836,4301,5862,7499,9413,11599,13732,1394,1465,1561,1637,1914,2186,2133
44277,"Blendell, John",non-elite,1495,3023,4606,6212,7855,9572,11615,13641,1528,1583,1606,1643,1717,2043,2026
44278,"Barrett, Amy R.",non-elite,1792,3448,5343,7073,8902,10597,12291,13919,1656,1895,1730,1829,1695,1694,1628
44279,"Pollock, William K.",non-elite,1507,3052,4614,6234,7876,9648,11590,13556,1545,1562,1620,1642,1772,1942,1966
44280,"Giblin, Daniel J",non-elite,1427,2843,4517,6111,7873,9814,11986,13909,1416,1674,1594,1762,1941,2172,1923
44281,"Pilotte, Micho",non-elite,1739,3475,5191,6927,8662,10478,12193,13889,1736,1716,1736,1735,1816,1715,1696
44282,"Murray, Daniel M.",non-elite,1737,3479,5180,6882,8591,10325,12119,13906,1742,1701,1702,1709,1734,1794,1787
44283,"Connelly, Angela",non-elite,1521,3067,4666,6323,8162,10021,12004,13863,1546,1599,1657,1839,1859,1983,1859
44284,"Yob, Steve J",non-elite,1394,2803,4246,5750,7286,9023,11030,13473,1409,1443,1504,1536,1737,2007,2443
44285,"Macias, Manuel",non-elite,1400,2865,4381,5965,7589,9538,11819,13816,1465,1516,1584,1624,1949,2281,1997
44286,"Oliver, Steve",non-elite,1377,2910,4522,6341,8141,10041,12071,13921,1533,1612,1819,1800,1900,2030,1850
44287,"Gosselin, Gary",non-elite,1551,3100,4660,6244,7848,9544,11343,13403,1549,1560,1584,1604,1696,1799,2060
44288,"Pye, Debbie W",non-elite,1710,3421,5154,6899,8629,10414,12185,13916,1711,1733,1745,1730,1785,1771,1731
44289,"McBride, Donna L.",non-elite,1632,3264,4928,6644,8349,10138,12025,13845,1632,1664,1716,1705,1789,1887,1820
44290,"Cornwall, Derek D.",non-elite,1496,3032,4616,6260,7977,9844,11860,13810,1536,1584,1644,1717,1867,2016,1950
44291,"Jaeger, Patty",non-elite,1573,3141,4750,6399,8094,9955,11851,13823,1568,1609,1649,1695,1861,1896,1972
44292,"Ojeda-Quinones, Aimir",non-elite,1643,3357,5070,6803,8552,10338,12216,13916,1714,1713,1733,1749,1786,1878,1700
44293,"Krovetz, Dave",non-elite,1555,3143,4740,6388,8069,9854,11822,13836,1588,1597,1648,1681,1785,1968,2014
44294,"Sprague, Lauren M",non-elite,1568,3170,4858,6660,8379,10135,11969,13841,1602,1688,1802,1719,1756,1834,1872
44295,"Copeland, Connie",non-elite,1615,3219,4809,6431,8069,9857,11851,13812,1604,1590,1622,1638,1788,1994,1961
44296,"Jordan, Jenny C.",non-elite,1422,2895,4437,6132,7831,9740,11830,13837,1473,1542,1695,1699,1909,2090,2007
44297,"Wilde, Tawnya",non-elite,1525,3054,4607,6283,8066,10024,11911,13829,1529,1553,1676,1783,1958,1887,1918
44298,"Kleinjan, Andrea J",non-elite,1555,3136,4797,6540,8309,10133,12018,13881,1581,1661,1743,1769,1824,1885,1863
44299,"Belfort, Don S",non-elite,1625,3264,4914,6587,8269,10030,11856,13775,1639,1650,1673,1682,1761,1826,1919
44300,"Keenan, Kristen R",non-elite,1583,3180,4854,6505,8330,10148,12024,13882,1597,1674,1651,1825,1818,1876,1858
44301,"Tiberg, Raymond",non-elite,1584,3181,4854,6505,8330,10148,12024,13882,1597,1673,1651,1825,1818,1876,1858
44302,"Baumgart, David",non-elite,1543,3130,4742,6406,8091,9892,11815,13787,1587,1612,1664,1685,1801,1923,1972
44303,"Arnold, Julie A.",non-elite,1720,3427,5127,6846,8570,10355,12158,13902,1707,1700,1719,1724,1785,1803,1744
44304,"O'Neill, Patrick",non-elite,1549,3065,4600,6167,7764,9709,11699,13702,1516,1535,1567,1597,1945,1990,2003
44305,"Alguard, Dawn",non-elite,1603,3239,4904,6605,8349,10171,12058,13873,1636,1665,1701,1744,1822,1887,1815
44306,"Martinez, John G.",non-elite,1329,2631,3957,5354,6872,8893,11265,13882,1302,1326,1397,1518,2021,2372,2617
44307,"Larson, Kevin",non-elite,1424,2909,4517,6142,7860,9657,11739,13840,1485,1608,1625,1718,1797,2082,2101
44308,"Lam, Andy J.",non-elite,1762,3337,4844,6414,8040,9770,11745,13832,1575,1507,1570,1626,1730,1975,2087
44309,"Calderone, Sergio",non-elite,1490,2961,4484,6124,7863,9778,11880,13845,1471,1523,1640,1739,1915,2102,1965
44310,"Music, Igor",non-elite,1309,2707,4222,5963,7711,9662,11763,13823,1398,1515,1741,1748,1951,2101,2060
44311,"Person, Kimberly",non-elite,1517,3087,4664,6305,8025,9886,11864,13788,1570,1577,1641,1720,1861,1978,1924
44312,"Evans, Kristina L.",non-elite,1575,3103,4631,6190,8001,9805,11886,13791,1528,1528,1559,1811,1804,2081,1905
44313,"Jensen, Leif",non-elite,1500,3020,4583,6217,7895,9721,11936,13812,1520,1563,1634,1678,1826,2215,1876
44314,"Taylor, Adrienne",non-elite,1644,3270,4895,6536,8277,10056,11965,13853,1626,1625,1641,1741,1779,1909,1888
44315,"Jenness, James",non-elite,1645,3329,4983,6685,8338,10080,11963,13877,1684,1654,1702,1653,1742,1883,1914
44316,"Dassey, David E",non-elite,1642,3323,5040,6807,8686,10493,12254,13932,1681,1717,1767,1879,1807,1761,1678
44317,"Guilyard, Joe",non-elite,1396,2903,4509,6201,7939,9902,12014,13876,1507,1606,1692,1738,1963,2112,1862
44318,"Campbell, Jennifer",non-elite,1716,3458,5203,6966,8691,10466,12203,13916,1742,1745,1763,1725,1775,1737,1713
44319,"Larson, Daniel C.",non-elite,1594,3248,4926,6595,8261,9994,11870,13775,1654,1678,1669,1666,1733,1876,1905
44320,"Bikos, Nora",non-elite,1686,3344,5015,6683,8380,10165,11981,13808,1658,1671,1668,1697,1785,1816,1827
44321,"White, Melissa A.",non-elite,1656,3310,4984,6649,8519,10439,12204,13884,1654,1674,1665,1870,1920,1765,1680
44322,"Bray, Gerald E.",non-elite,1587,3198,4887,6642,8409,10204,12026,13854,1611,1689,1755,1767,1795,1822,1828
44323,"Baker, Michelle D.",non-elite,1605,3278,5006,6756,8489,10314,12105,13906,1673,1728,1750,1733,1825,1791,1801
44324,"Johnson, Lauren",non-elite,1613,3229,4862,6517,8195,10013,11897,13826,1616,1633,1655,1678,1818,1884,1929
44325,"McCarthy, Dawn M.",non-elite,1496,3013,4561,6385,8218,10073,12032,13893,1517,1548,1824,1833,1855,1959,1861
44326,"Rodriguez-Choi, Yunhe",non-elite,1553,3119,4717,6369,8045,9902,11889,13790,1566,1598,1652,1676,1857,1987,1901
44327,"Wheeler, Landi",non-elite,1520,3041,4587,6370,8090,10071,11978,13922,1521,1546,1783,1720,1981,1907,1944
44328,"Frisch, Jennifer L.",non-elite,1606,3206,4861,6537,8218,9998,11956,13861,1600,1655,1676,1681,1780,1958,1905
44329,"Marsh, Emily",non-elite,1361,2745,4236,5877,7586,9459,11647,13844,1384,1491,1641,1709,1873,2188,2197
44330,"Clark, Stephanie",non-elite,1440,2945,4581,6287,8068,10034,12066,13894,1505,1636,1706,1781,1966,2032,1828
44331,"Hoi Ying, Tsoi",non-elite,1585,3214,4866,6573,8329,10125,12015,13870,1629,1652,1707,1756,1796,1890,1855
44332,"Kim, Myung Joon",non-elite,1662,3297,4981,6677,8355,10128,11957,13831,1635,1684,1696,1678,1773,1829,1874
44333,"Morehart, James H.",non-elite,1546,3170,4777,6457,8186,10044,11970,13859,1624,1607,1680,1729,1858,1926,1889
44334,"Wirth, Melissa A",non-elite,1629,3285,4988,6716,8465,10286,12114,13900,1656,1703,1728,1749,1821,1828,1786
44335,"Hemlin, Leif",non-elite,1594,3236,4863,6538,8216,10030,11970,13866,1642,1627,1675,1678,1814,1940,1896
44336,"Schoonbaert, Ian",non-elite,1258,2553,3933,5556,7450,9379,11500,13944,1295,1380,1623,1894,1929,2121,2444
44337,"Trumper, Jane",non-elite,1623,3273,4955,6674,8393,10184,12038,13860,1650,1682,1719,1719,1791,1854,1822
44338,"Mckenzie-Veal, Michael V",non-elite,1611,3281,4927,6607,8343,10100,11960,13830,1670,1646,1680,1736,1757,1860,1870
44339,"Feigl, Joerg",non-elite,1474,2939,4405,5912,7445,9244,11324,13720,1465,1466,1507,1533,1799,2080,2396
44340,"Callahan, Tricia A",non-elite,1634,3294,4937,6629,8452,10269,12090,13908,1660,1643,1692,1823,1817,1821,1818
44341,"Brewer, Ashley",non-elite,1611,3281,4927,6606,8345,10100,11955,13830,1670,1646,1679,1739,1755,1855,1875
44342,"Poland, Deborah",non-elite,1705,3405,5130,6850,8591,10392,12179,13913,1700,1725,1720,1741,1801,1787,1734
44343,"Lee, Meiling Diana",non-elite,1605,3282,4975,6684,8396,10219,12061,13870,1677,1693,1709,1712,1823,1842,1809
44344,"Trumper, Peter S.",non-elite,1623,3273,4955,6674,8393,10183,12036,13859,1650,1682,1719,1719,1790,1853,1823
44345,"Heusdens, Michael A.",non-elite,1478,2977,4566,6186,8037,9884,11900,13790,1499,1589,1620,1851,1847,2016,1890
44346,"Trump, Kendall",non-elite,1556,3156,4775,6440,8167,10072,11940,13878,1600,1619,1665,1727,1905,1868,1938
44347,"Baraya, Bill A",non-elite,1702,3294,4893,6533,8208,10044,11912,13811,1592,1599,1640,1675,1836,1868,1899
44348,"Fleming, Mark",non-elite,1476,3011,4660,6292,7968,9992,11890,13861,1535,1649,1632,1676,2024,1898,1971
44349,"Knupp, Scott",non-elite,1654,3195,4689,6226,7837,9727,11870,13751,1541,1494,1537,1611,1890,2143,1881
44350,"Domigan, Ann",non-elite,1620,3247,4881,6517,8159,9941,11866,13902,1627,1634,1636,1642,1782,1925,2036
44351,"Doll, David",non-elite,1420,2857,4330,5857,7415,9126,10991,13645,1437,1473,1527,1558,1711,1865,2654
44352,"Hynes, Ann E",non-elite,1583,3187,4805,6461,8155,10063,11977,13828,1604,1618,1656,1694,1908,1914,1851
44353,"Rao, Anu",non-elite,1610,3242,4866,6530,8236,10020,11980,13885,1632,1624,1664,1706,1784,1960,1905
44354,"Stebenne, Keri L.",non-elite,1786,3498,5180,6937,8658,10421,12245,13964,1712,1682,1757,1721,1763,1824,1719
44355,"Jaquez, Angelica",non-elite,1606,3233,4894,6627,8376,10183,12054,13879,1627,1661,1733,1749,1807,1871,1825
44356,"Stillwell, Christy",non-elite,1720,3428,5132,6825,8534,10271,12064,13907,1708,1704,1693,1709,1737,1793,1843
44357,"Avila Martinez, Delia Carmina C.",non-elite,1612,3211,4789,6393,8021,9757,11753,13780,1599,1578,1604,1628,1736,1996,2027
44358,"Green, Samantha D.",non-elite,1451,2943,4497,6120,7795,9588,11631,13850,1492,1554,1623,1675,1793,2043,2219
44359,"Seery, Greg",non-elite,1213,2435,3685,5052,6770,10825,12439,13969,1222,1250,1367,1718,4055,1614,1530
44360,"Sullivan, Jennifer K",non-elite,1599,3177,4743,6416,8198,10108,12062,13930,1578,1566,1673,1782,1910,1954,1868
44361,"Hebert, Daniel P.",non-elite,1571,3124,4672,6249,7896,9733,11797,13862,1553,1548,1577,1647,1837,2064,2065
44362,"Dowd, Sarah E.",non-elite,1451,2914,4413,6323,8140,10041,12061,13957,1463,1499,1910,1817,1901,2020,1896
44363,"Sorensen, Torben",non-elite,1763,3456,5151,6895,8639,10421,12198,13931,1693,1695,1744,1744,1782,1777,1733
44364,"Kratzer, Michelle M.",non-elite,1652,3330,5206,6862,8535,10361,12139,13921,1678,1876,1656,1673,1826,1778,1782
44365,"Fleming, Holly L",non-elite,1383,2847,4451,6140,7915,9855,11852,13828,1464,1604,1689,1775,1940,1997,1976
44366,"Pifer, Timothy",non-elite,1454,2955,4468,6024,7676,9517,11676,13678,1501,1513,1556,1652,1841,2159,2002
44367,"Lovett, Rose Ellen T",non-elite,1543,3104,4701,6327,8010,9911,11823,13825,1561,1597,1626,1683,1901,1912,2002
44368,"Clifford, Joan M",non-elite,1566,3153,4766,6429,8114,9916,11840,13810,1587,1613,1663,1685,1802,1924,1970
44369,"Carioto, Mark A.",non-elite,1727,3409,5042,6675,8353,10118,11975,13852,1682,1633,1633,1678,1765,1857,1877
44370,"Okada Nishino, Miho",non-elite,1643,3302,4983,6702,8427,10221,12052,13912,1659,1681,1719,1725,1794,1831,1860
44371,"Shea, Shawn M.",non-elite,1597,3257,4926,6663,8385,10223,12071,13893,1660,1669,1737,1722,1838,1848,1822
44372,"Latifi, Mohammad S",non-elite,1425,2928,4476,6058,7709,9659,11765,13814,1503,1548,1582,1651,1950,2106,2049
44373,"Capasso, Erin H.",non-elite,1786,3428,5088,6764,8522,10299,12102,13895,1642,1660,1676,1758,1777,1803,1793
44374,"Hernandez-Mckean, Alexandra",non-elite,1433,2965,4672,6506,8313,10315,12083,13971,1532,1707,1834,1807,2002,1768,1888
44375,"O'Neill, Dean R.",non-elite,1812,3545,5202,6881,8592,10362,12128,13910,1733,1657,1679,1711,1770,1766,1782
44376,"Riddiough, Heather A",non-elite,1486,2983,4535,6255,7937,9732,11820,13838,1497,1552,1720,1682,1795,2088,2018
44377,"Flaum, Amanda",non-elite,1809,3517,5226,6999,8744,10493,12242,13968,1708,1709,1773,1745,1749,1749,1726
44378,"Knestrict, Lisa",non-elite,1674,3351,5039,6724,8414,10118,11930,13810,1677,1688,1685,1690,1704,1812,1880
44379,"Flaum, Julian D",non-elite,1809,3517,5226,7000,8744,10493,12245,13969,1708,1709,1774,1744,1749,1752,1724
44380,"Martinez, Salome",non-elite,1586,3170,4757,6390,8028,9734,11565,13593,1584,1587,1633,1638,1706,1831,2028
44381,"Koerber, Lynda L.",non-elite,1650,3312,4991,6699,8420,10257,12137,13912,1662,1679,1708,1721,1837,1880,1775
44382,"Langille, Cathy E",non-elite,1694,3432,5215,7010,8692,10442,12220,13941,1738,1783,1795,1682,1750,1778,1721
44383,"Purinton, Kathryn R.",non-elite,1724,3352,4997,6670,8372,10181,12081,13918,1628,1645,1673,1702,1809,1900,1837
44384,"Stoops, Tamara D",non-elite,1663,3367,5086,6766,8443,10196,12032,13875,1704,1719,1680,1677,1753,1836,1843
44385,"Williams, Liz M.",non-elite,1736,3423,5162,6862,8593,10387,12159,13926,1687,1739,1700,1731,1794,1772,1767
44386,"Mukunyadzi, Perkins",non-elite,1352,2727,4195,5772,7451,9324,11383,13739,1375,1468,1577,1679,1873,2059,2356
44387,"Taylor, Patricia A.",non-elite,1552,3144,4778,6459,8208,10002,11951,13842,1592,1634,1681,1749,1794,1949,1891
44388,"Rigitano, Vincenzo",non-elite,1449,2943,4537,6330,8111,10109,12176,13967,1494,1594,1793,1781,1998,2067,1791
44389,"Weidenaar, Jeff",non-elite,1661,3346,5060,6794,8491,10225,12048,13900,1685,1714,1734,1697,1734,1823,1852
44390,"Kujala, Celia",non-elite,1488,3054,4726,6491,8328,10230,12122,13861,1566,1672,1765,1837,1902,1892,1739
44391,"Pollice-Meservy, Jennifer M.",non-elite,1697,3428,5139,6858,8585,10359,12177,13947,1731,1711,1719,1727,1774,1818,1770
44392,"Schmitt, Joe",non-elite,1511,3025,4555,6160,7806,9678,11734,13818,1514,1530,1605,1646,1872,2056,2084
44393,"Wallace, Courtney",non-elite,1539,3087,4669,6305,8099,9923,11915,13889,1548,1582,1636,1794,1824,1992,1974
44394,"Leone, Peter",non-elite,1461,2928,4419,5942,7480,9377,11450,13922,1467,1491,1523,1538,1897,2073,2472
44395,"Bush, John",non-elite,1647,3306,4966,6678,8395,10220,12080,13914,1659,1660,1712,1717,1825,1860,1834
44396,"Matricardi, Lauren",non-elite,1461,2963,4495,6158,7937,9885,11912,13901,1502,1532,1663,1779,1948,2027,1989
44397,"Witte, Jill C",non-elite,1564,3121,4705,6312,8091,9797,11722,13849,1557,1584,1607,1779,1706,1925,2127
44398,"Tvedt, Amy",non-elite,1578,3180,4819,6560,8439,10275,12120,13986,1602,1639,1741,1879,1836,1845,1866
44399,"White, Kathi",non-elite,1564,3121,4704,6473,8238,10144,12091,13912,1557,1583,1769,1765,1906,1947,1821
44400,"Santiago, Santos",non-elite,1523,3006,4509,6030,7607,9349,11327,13748,1483,1503,1521,1577,1742,1978,2421
44401,"Jellerichs, Mandy",non-elite,1488,3028,4657,6367,8119,10090,12063,13918,1540,1629,1710,1752,1971,1973,1855
44402,"Bullen, William A",non-elite,1582,3210,4857,6559,8277,10092,11965,13864,1628,1647,1702,1718,1815,1873,1899
44403,"Boyer, Allison L.",non-elite,1619,3248,4891,6586,8301,10141,12060,13890,1629,1643,1695,1715,1840,1919,1830
44404,"Switt, Michael A.",non-elite,1659,3271,4871,6500,8152,9934,11860,13820,1612,1600,1629,1652,1782,1926,1960
44405,"Bernier, Christopher R.",non-elite,1686,3270,4823,6314,7846,9591,11725,13813,1584,1553,1491,1532,1745,2134,2088
44406,"Gomez Garcia, Alfredo",non-elite,1438,3005,4648,6339,8090,10066,12029,13867,1567,1643,1691,1751,1976,1963,1838
44407,"Shahidi, Jana",non-elite,1612,3205,4816,6568,8314,10119,12021,13793,1593,1611,1752,1746,1805,1902,1772
44408,"Ryan, Chase",non-elite,1434,2849,4312,5884,7543,9395,11452,13693,1415,1463,1572,1659,1852,2057,2241
44409,"Webster, Richard R.",non-elite,1628,3238,4885,6603,8375,10176,12084,13981,1610,1647,1718,1772,1801,1908,1897
44410,"Thorndal, Nicole N",non-elite,1475,2998,4578,6216,7873,9642,11666,13792,1523,1580,1638,1657,1769,2024,2126
44411,"Meyer, David J",non-elite,1481,3035,4604,6249,7897,9681,11617,13694,1554,1569,1645,1648,1784,1936,2077
44412,"Wiviott, Stephen D.",non-elite,1651,3274,4888,6493,8171,10057,12073,13905,1623,1614,1605,1678,1886,2016,1832
44413,"Lewis, Becky",non-elite,1428,2855,4298,5782,7453,9386,11735,13901,1427,1443,1484,1671,1933,2349,2166
44414,"Rowland, Steve",non-elite,1505,3037,4582,6246,7975,9807,11833,13909,1532,1545,1664,1729,1832,2026,2076
44415,"Cerminaro, Anthony J.",non-elite,1646,3325,5045,6796,8535,10338,12178,13937,1679,1720,1751,1739,1803,1840,1759
44416,"Price, Heather A",non-elite,1569,3151,4748,6529,8331,10216,12147,13925,1582,1597,1781,1802,1885,1931,1778
44417,"Almodovar, Priscilla",non-elite,1605,3219,4894,6599,8322,10189,12080,13909,1614,1675,1705,1723,1867,1891,1829
44418,"Balkind, Nicole",non-elite,1516,3051,4652,6344,8074,9972,11894,13876,1535,1601,1692,1730,1898,1922,1982
44419,"Ehtisham, Saad",non-elite,1700,3269,4809,6383,7990,9820,11773,13789,1569,1540,1574,1607,1830,1953,2016
44420,"Lee, Jeff R.",non-elite,1530,3060,4584,6211,7923,9805,11888,13860,1530,1524,1627,1712,1882,2083,1972
44421,"Brock, Cullen N.",non-elite,1624,3189,4774,6435,8121,9946,12017,13897,1565,1585,1661,1686,1825,2071,1880
44422,"Dowling Mareiro, Catherine",non-elite,1785,3504,5264,7038,8769,10471,12164,13908,1719,1760,1774,1731,1702,1693,1744
44423,"Lawler, Adam G",non-elite,1516,3036,4603,6176,7787,9572,11580,13713,1520,1567,1573,1611,1785,2008,2133
44424,"Cote, Sabrina C.",non-elite,1460,2901,4438,5973,7602,9617,12106,13948,1441,1537,1535,1629,2015,2489,1842
44425,"Hatanaka, Fumitaka",non-elite,1439,2899,4438,6085,7806,9728,11947,13903,1460,1539,1647,1721,1922,2219,1956
44426,"Russ, Garry",non-elite,1513,3021,4529,6163,7927,9888,11889,13857,1508,1508,1634,1764,1961,2001,1968
44427,"Casey, Gina",non-elite,1593,3130,4711,6350,8056,9799,11714,13784,1537,1581,1639,1706,1743,1915,2070
44428,"Coder, Kristine K",non-elite,1567,3161,4760,6369,8151,9969,11899,13792,1594,1599,1609,1782,1818,1930,1893
44429,"De Sales Chaves, Carlos Jorge",non-elite,1681,3352,5010,6664,8311,10130,12004,13862,1671,1658,1654,1647,1819,1874,1858
44430,"Morrissey, Lisa R",non-elite,1632,3241,4854,6491,8165,9975,11909,13847,1609,1613,1637,1674,1810,1934,1938
44431,"Marmoreo, Jean E.",non-elite,1603,3218,4863,6609,8396,10222,12074,13888,1615,1645,1746,1787,1826,1852,1814
44432,"Brown, Lucy",non-elite,1528,3094,4718,6431,8218,10100,12044,13875,1566,1624,1713,1787,1882,1944,1831
44433,"Dion, Carrie A",non-elite,1596,3238,4952,6714,8506,10346,12189,13954,1642,1714,1762,1792,1840,1843,1765
44434,"Potter, Dave Jr.",non-elite,1485,2985,4636,6334,8128,10028,12007,13907,1500,1651,1698,1794,1900,1979,1900
44435,"Boyd, Becky A.",non-elite,1629,3266,4955,6689,8471,10294,12151,13933,1637,1689,1734,1782,1823,1857,1782
44436,"Gardiner, Patrick C",non-elite,1558,3121,4713,6367,8125,10022,11998,13876,1563,1592,1654,1758,1897,1976,1878
44437,"Hamilton, Marie A.",non-elite,1856,3588,5293,6996,8691,10419,12174,13928,1732,1705,1703,1695,1728,1755,1754
44438,"Rickaby, Michael J. Sr.",non-elite,1778,3480,5094,6721,8340,10087,11942,13960,1702,1614,1627,1619,1747,1855,2018
44439,"Gardiner, Karan M.",non-elite,1559,3122,4715,6367,8125,10023,11998,13876,1563,1593,1652,1758,1898,1975,1878
44440,"Oh, Dan",non-elite,1593,3193,4783,6406,8054,10038,11969,13828,1600,1590,1623,1648,1984,1931,1859
44441,"Andrae, Dana J",non-elite,1664,3339,5042,6756,8485,10299,12128,13925,1675,1703,1714,1729,1814,1829,1797
44442,"Barrett, Stephen W.",non-elite,1713,3398,5115,6831,8523,10316,12174,13951,1685,1717,1716,1692,1793,1858,1777
44443,"Egge, Jerry",non-elite,1608,3212,4852,6529,8239,10062,11946,13877,1604,1640,1677,1710,1823,1884,1931
44444,"Ouwendyk, Colleen",non-elite,1629,3287,5052,6717,8495,10286,12121,13901,1658,1765,1665,1778,1791,1835,1780
44445,"Conlin, Martha",non-elite,1525,3064,4614,6231,7883,9712,11874,13867,1539,1550,1617,1652,1829,2162,1993
44446,"Currier, Florence",non-elite,1632,3331,5291,7021,8732,10519,12278,13935,1699,1960,1730,1711,1787,1759,1657
44447,"Satterthwaite, David",non-elite,1635,3280,4928,6602,8261,9976,11826,13832,1645,1648,1674,1659,1715,1850,2006
44448,"Berlin, Daniel",non-elite,1648,3392,5087,6846,8594,10348,12167,13998,1744,1695,1759,1748,1754,1819,1831
44449,"Beyea, Wayne R",non-elite,1501,2997,4523,6116,7806,9663,11757,13789,1496,1526,1593,1690,1857,2094,2032
44450,"White, Angela",non-elite,1642,3294,4941,6592,8251,10016,11957,13915,1652,1647,1651,1659,1765,1941,1958
44451,"Jacobs, Fernanda B",non-elite,1565,3174,4862,6613,8388,10207,12110,13960,1609,1688,1751,1775,1819,1903,1850
44452,"Davies, Susan",non-elite,1565,3174,4862,6612,8387,10207,12110,13960,1609,1688,1750,1775,1820,1903,1850
44453,"Feaster, Jenifer H.",non-elite,1547,3124,4710,6358,8135,10019,12139,13976,1577,1586,1648,1777,1884,2120,1837
44454,"Starkey, Daniel J",non-elite,1566,3106,4676,6299,7994,9916,11957,13872,1540,1570,1623,1695,1922,2041,1915
44455,"Hanson, Peter J.",non-elite,1633,3192,4762,6478,8149,9972,11936,13845,1559,1570,1716,1671,1823,1964,1909
44456,"Peters, Dana",non-elite,1624,3206,4814,6475,8132,9969,11960,13849,1582,1608,1661,1657,1837,1991,1889
44457,"Hanson, Keith P.",non-elite,1634,3192,4762,6477,8149,9972,11936,13842,1558,1570,1715,1672,1823,1964,1906
44458,"McLaughlin, Lonnie V.",non-elite,1597,3198,4812,6464,8156,9996,11979,13831,1601,1614,1652,1692,1840,1983,1852
44459,"Zimner, Isaac",non-elite,1643,3337,5033,6752,8482,10276,12084,13880,1694,1696,1719,1730,1794,1808,1796
44460,"Sundius, David",non-elite,1623,3331,5017,6708,8364,10090,11901,13820,1708,1686,1691,1656,1726,1811,1919
44461,"Wilson, Lisa J.",non-elite,1583,3234,4882,6574,8329,10199,12109,13897,1651,1648,1692,1755,1870,1910,1788
44462,"Pomerich, Scott",non-elite,1445,2894,4342,5940,7788,9925,12002,13869,1449,1448,1598,1848,2137,2077,1867
44463,"Trinh, Charlene",non-elite,1639,3271,4963,6691,8476,10299,12156,13938,1632,1692,1728,1785,1823,1857,1782
44464,"Mead, Dean M",non-elite,1439,2998,4463,6091,7982,9911,11878,13798,1559,1465,1628,1891,1929,1967,1920
44465,"Smith, Mark S",non-elite,1448,2934,4640,6368,8055,9845,11778,13840,1486,1706,1728,1687,1790,1933,2062
44466,"Vernest, Kyle A.",non-elite,1725,3382,5032,6688,8367,10226,12125,13927,1657,1650,1656,1679,1859,1899,1802
44467,"Harrison, Kyle B.",non-elite,1677,3398,5017,6654,8514,10386,12197,13939,1721,1619,1637,1860,1872,1811,1742
44468,"Madson, Jenniffer Q",non-elite,1634,3265,4903,6552,8244,10044,11970,13804,1631,1638,1649,1692,1800,1926,1834
44469,"Connor, Richard E. Jr.",non-elite,1569,3108,4636,6226,7896,9714,11728,13846,1539,1528,1590,1670,1818,2014,2118
44470,"Patrick, Randa A.",non-elite,1560,3156,4795,6564,8301,10060,11906,13812,1596,1639,1769,1737,1759,1846,1906
44471,"Miyazaki, Teppei",non-elite,1329,2710,4084,5486,6940,8648,11084,13631,1381,1374,1402,1454,1708,2436,2547
44472,"Stapels, Martha D.",non-elite,1683,3356,5053,6771,8518,10356,12192,13955,1673,1697,1718,1747,1838,1836,1763
44473,"Karmacharya, Prajwal",non-elite,1682,3356,5053,6771,8518,10356,12191,13953,1674,1697,1718,1747,1838,1835,1762
44474,"Patrick, Henry C",non-elite,1560,3156,4795,6564,8301,10060,11905,13812,1596,1639,1769,1737,1759,1845,1907
44475,"Zarka, Sheila F",non-elite,1643,3308,4982,6701,8456,10233,12052,13897,1665,1674,1719,1755,1777,1819,1845
44476,"Harvey, Scott D",non-elite,1577,3164,4692,6269,7948,9848,11921,13876,1587,1528,1577,1679,1900,2073,1955
44477,"Bell, Jennifer L",non-elite,1690,3386,5083,6784,8495,10248,12055,13924,1696,1697,1701,1711,1753,1807,1869
44478,"Gonzalez, Alexandra M",non-elite,1536,3102,4704,6379,8086,9938,11930,13869,1566,1602,1675,1707,1852,1992,1939
44479,"Polmateer, Dennis",non-elite,1262,2526,3788,5080,6565,8278,10395,12947,1264,1262,1292,1485,1713,2117,2552
44480,"Evans, Stephany",non-elite,1550,3189,4886,6588,8315,10287,12126,13886,1639,1697,1702,1727,1972,1839,1760
44481,"Burgess, Heather L",non-elite,1546,3097,4644,6286,7929,9766,11738,13878,1551,1547,1642,1643,1837,1972,2140
44482,"Campbell, Cristina M.",non-elite,1508,3033,4650,6369,8106,9988,11938,13869,1525,1617,1719,1737,1882,1950,1931
44483,"Solimano, Alexandra P.",non-elite,1681,3340,5034,6729,8519,10327,12136,13958,1659,1694,1695,1790,1808,1809,1822
44484,"Padilla, Sheryl May A",non-elite,1483,3004,4649,6384,8148,10041,11986,13888,1521,1645,1735,1764,1893,1945,1902
44485,"Moreau, Ian R.",non-elite,1736,3409,5085,6746,8371,10148,11981,13892,1673,1676,1661,1625,1777,1833,1911
44486,"Conte Santamaria, Pina Giuseppa",non-elite,1497,3065,4706,6399,8133,10005,12019,13869,1568,1641,1693,1734,1872,2014,1850
44487,"Queally, Gemma L.",non-elite,1531,3145,4820,6538,8248,10080,12059,13928,1614,1675,1718,1710,1832,1979,1869
44488,"Jacobs, Laurie C",non-elite,1647,3329,5017,6737,8447,10242,12083,13905,1682,1688,1720,1710,1795,1841,1822
44489,"Bader, Gail I",non-elite,1724,3438,5127,6838,8550,10310,12129,13921,1714,1689,1711,1712,1760,1819,1792
44490,"Couillard, Remy",non-elite,1589,3270,5004,6767,8511,10308,12124,13916,1681,1734,1763,1744,1797,1816,1792
44491,"McCleary, Jacqueline E.",non-elite,1358,2728,4146,5764,7391,9154,11510,13709,1370,1418,1618,1627,1763,2356,2199
44492,"Jessa, Uwe",non-elite,1548,3163,4760,6397,8067,9922,12004,13885,1615,1597,1637,1670,1855,2082,1881
44493,"Devin, Caroline M.",non-elite,1592,3238,4947,6750,8535,10358,12190,13984,1646,1709,1803,1785,1823,1832,1794
44494,"Pignone, Terri",non-elite,1590,3218,4912,6637,8395,10231,12103,13926,1628,1694,1725,1758,1836,1872,1823
44495,"Nemzer, Joshua L.",non-elite,1736,3388,5000,6677,8333,10013,11792,13799,1652,1612,1677,1656,1680,1779,2007
44496,"Henshall, Jennifer L.",non-elite,1575,3172,4821,6503,8390,10183,12034,13927,1597,1649,1682,1887,1793,1851,1893
44497,"Bauer, Allison",non-elite,1636,3269,4907,6559,8204,9931,11891,13819,1633,1638,1652,1645,1727,1960,1928
44498,"Swarts, Leah M",non-elite,1691,3387,5114,6845,8562,10374,12224,13978,1696,1727,1731,1717,1812,1850,1754
44499,"Ramin, Sergio L. Sr.",non-elite,1437,2888,4361,5931,7662,9665,11782,13849,1451,1473,1570,1731,2003,2117,2067
44500,"Delucchi, Jennifer",non-elite,1606,3344,5101,6847,8703,10415,12337,13991,1738,1757,1746,1856,1712,1922,1654
44501,"Spallas, Angie",non-elite,1607,3344,5101,6853,8703,10415,12337,13991,1737,1757,1752,1850,1712,1922,1654
44502,"Filarecki, Robert",non-elite,1435,2909,4439,6188,7905,9722,11783,13818,1474,1530,1749,1717,1817,2061,2035
44503,"Earl, Zach",non-elite,1462,2965,4509,6262,7964,9974,12085,13974,1503,1544,1753,1702,2010,2111,1889
44504,"Miller, David",non-elite,1618,3268,4953,6706,8414,10194,12049,13898,1650,1685,1753,1708,1780,1855,1849
44505,"Kjarsgard, Rolf",non-elite,1385,2917,4511,6240,7977,10103,11955,13932,1532,1594,1729,1737,2126,1852,1977
44506,"Campbell, Mary E.",non-elite,1639,3294,4967,6656,8363,10153,12025,13918,1655,1673,1689,1707,1790,1872,1893
44507,"Smith, Renee",non-elite,1609,3192,4777,6412,8158,10007,11959,13876,1583,1585,1635,1746,1849,1952,1917
44508,"Mayfield, Lia K",non-elite,1773,3440,5113,6778,8461,10353,12141,13907,1667,1673,1665,1683,1892,1788,1766
44509,"Wetzel, Maria T",non-elite,1725,3447,5176,6893,8549,10319,12196,13984,1722,1729,1717,1656,1770,1877,1788
44510,"Johannsen, Jesper",non-elite,1611,3255,4890,6549,8255,10101,11957,13902,1644,1635,1659,1706,1846,1856,1945
44511,"Duciaume, Eve Y",non-elite,1687,3341,4978,6662,8411,10137,12025,13891,1654,1637,1684,1749,1726,1888,1866
44512,"Fayerberg, Roman",non-elite,1787,3460,5107,6772,8452,10219,12077,13933,1673,1647,1665,1680,1767,1858,1856
44514,"Gish, Frank",non-elite,1577,3181,4817,6454,8143,9961,11904,13779,1604,1636,1637,1689,1818,1943,1875
44515,"Scheren, Sarah Jordan",non-elite,1439,2977,4666,6393,8157,10038,11987,13902,1538,1689,1727,1764,1881,1949,1915
44516,"Norton, Nancy J",non-elite,1619,3233,4845,6495,8283,10113,12086,13894,1614,1612,1650,1788,1830,1973,1808
44517,"Krause, Laurie J.",non-elite,1653,3323,5002,6709,8426,10226,12105,13901,1670,1679,1707,1717,1800,1879,1796
44518,"Duchac, Ann E",non-elite,1561,3103,4696,6349,8044,9861,11950,13843,1542,1593,1653,1695,1817,2089,1893
44519,"Kerr, Barbara R",non-elite,1672,3352,5035,6744,8467,10286,12179,13949,1680,1683,1709,1723,1819,1893,1770
44520,"Prout, Kate F.",non-elite,1540,3116,4729,6463,8189,10064,12013,13876,1576,1613,1734,1726,1875,1949,1863
44521,"Hlavinka, Darin",non-elite,1529,3136,4777,6444,8119,9935,11936,13880,1607,1641,1667,1675,1816,2001,1944
44522,"Petra, Laura L",non-elite,1569,3226,4943,6611,8313,10181,12069,13948,1657,1717,1668,1702,1868,1888,1879
44523,"Forman, Hannah",non-elite,1586,3132,4748,6525,8259,10044,12035,13945,1546,1616,1777,1734,1785,1991,1910
44524,"Pasillas, Juan A Sr.",non-elite,1648,3409,5107,6836,8568,10403,12252,14002,1761,1698,1729,1732,1835,1849,1750
44525,"Desrochers, Michael J.",non-elite,1583,3194,4840,6506,8268,10026,11867,13810,1611,1646,1666,1762,1758,1841,1943
44526,"Ellett, Amy",non-elite,1568,3156,4824,6578,8355,10175,12041,13923,1588,1668,1754,1777,1820,1866,1882
44527,"Lourdin, Frederic",non-elite,1439,2858,4319,5933,7622,9648,12063,13989,1419,1461,1614,1689,2026,2415,1926
44528,"Graham, Courtney",non-elite,1689,3377,5073,6745,8427,10207,12104,13968,1688,1696,1672,1682,1780,1897,1864
44529,"Buteau, Katie",non-elite,1688,3377,5063,6745,8427,10207,12104,13969,1689,1686,1682,1682,1780,1897,1865
44530,"Ollivierre, Carl O",non-elite,1561,3161,4803,6500,8199,9976,11924,13812,1600,1642,1697,1699,1777,1948,1888
44531,"Giroux, Genevieve",non-elite,1625,3255,4870,6608,8389,10269,12134,13935,1630,1615,1738,1781,1880,1865,1801
44532,"Pongetti, Gil P",non-elite,1454,2912,4392,5929,7539,9449,11820,13911,1458,1480,1537,1610,1910,2371,2091
44533,"Millichap, Whitney",non-elite,1498,3031,4596,6249,7941,9785,11754,13855,1533,1565,1653,1692,1844,1969,2101
44534,"Coker, Melissa",non-elite,1635,3295,4928,6648,8412,10242,12123,13947,1660,1633,1720,1764,1830,1881,1824
44535,"White, Jessica",non-elite,1438,2916,4555,6212,8073,9943,12131,13957,1478,1639,1657,1861,1870,2188,1826
44536,"Nelson, Karen K.",non-elite,1678,3346,4983,6664,8320,10165,12042,13846,1668,1637,1681,1656,1845,1877,1804
44537,"Doupe, Paul",non-elite,1620,3192,4738,6370,7972,9713,11747,13817,1572,1546,1632,1602,1741,2034,2070
44538,"Morochnik, Halley S.",non-elite,1639,3288,4936,6566,8230,10046,12010,13873,1649,1648,1630,1664,1816,1964,1863
44539,"Holmes, Carol J",non-elite,1561,3203,4928,6688,8452,10286,12138,13942,1642,1725,1760,1764,1834,1852,1804
44540,"Mikkelson, Liz",non-elite,1680,3382,5120,6880,8615,10389,12202,13976,1702,1738,1760,1735,1774,1813,1774
44541,"Blazejewski, Jenn",non-elite,1684,3294,4927,6607,8339,10115,11978,13955,1610,1633,1680,1732,1776,1863,1977
44542,"Wesnousky, Alexandra",non-elite,1520,2998,4500,6085,7901,9855,11822,13816,1478,1502,1585,1816,1954,1967,1994
44543,"Catherine, Charles E.",non-elite,1696,3337,5019,6732,8416,10216,12085,13898,1641,1682,1713,1684,1800,1869,1813
44544,"Mills, Amanda C",non-elite,1623,3269,4889,6551,8258,10049,11959,13889,1646,1620,1662,1707,1791,1910,1930
44545,"Noyes, Peter",non-elite,1558,3174,4801,6450,8161,9986,11897,13829,1616,1627,1649,1711,1825,1911,1932
44546,"Shane, Kristin M",non-elite,1570,3166,4786,6477,8204,10013,11942,13865,1596,1620,1691,1727,1809,1929,1923
44547,"Westcott, Christine",non-elite,1565,3145,4762,6455,8254,10090,11996,13922,1580,1617,1693,1799,1836,1906,1926
44548,"Lewis, Beth",non-elite,1815,3565,5262,6952,8642,10432,12193,13971,1750,1697,1690,1690,1790,1761,1778
44549,"Mcclafferty, Lori J",non-elite,1595,3236,4921,6595,8260,10053,11909,13823,1641,1685,1674,1665,1793,1856,1914
44550,"Thornton, Gregory B.",non-elite,1610,3180,4773,6393,8104,9928,11880,13898,1570,1593,1620,1711,1824,1952,2018
44551,"Nesbitt, Becky",non-elite,1496,3060,4724,6515,8326,10182,12122,13947,1564,1664,1791,1811,1856,1940,1825
44552,"Hedlund, Laura J.",non-elite,1626,3311,5125,7192,9038,10687,12391,14019,1685,1814,2067,1846,1649,1704,1628
44553,"Barnhard, Lymor R",non-elite,1581,3165,4760,6508,8201,10020,11999,13883,1584,1595,1748,1693,1819,1979,1884
44554,"Dyer, Dwight D",non-elite,1673,3311,4959,6631,8331,10123,12015,13866,1638,1648,1672,1700,1792,1892,1851
44555,"Brady, Raymond F.",non-elite,1681,3344,5019,6695,8387,10186,12051,13918,1663,1675,1676,1692,1799,1865,1867
44556,"Jarboe, Jennifer M.",non-elite,1523,3110,4782,6537,8292,10140,12052,13935,1587,1672,1755,1755,1848,1912,1883
44557,"Wintner, Carolyn S.",non-elite,1772,3474,5164,6864,8606,10392,12194,13981,1702,1690,1700,1742,1786,1802,1787
44558,"Greminger, Elizabeth M.",non-elite,1533,3047,4559,6115,8010,10104,12124,13992,1514,1512,1556,1895,2094,2020,1868
44559,"Bell, Laurel",non-elite,1671,3382,5089,6808,8516,10335,12120,13901,1711,1707,1719,1708,1819,1785,1781
44560,"Jamroz, Daniel Jr.",non-elite,1606,3171,4780,6419,8150,9984,11924,13876,1565,1609,1639,1731,1834,1940,1952
44561,"Holum, Kathryn M",non-elite,1676,3322,5088,6818,8540,10298,12133,13963,1646,1766,1730,1722,1758,1835,1830
44562,"Grimsley, Max",non-elite,1562,3143,4648,6206,7796,9649,11615,13829,1581,1505,1558,1590,1853,1966,2214
44563,"Ortiz-Milosevic, Valentina",non-elite,1790,3465,5136,6818,8564,10401,12204,13940,1675,1671,1682,1746,1837,1803,1736
44564,"Earle, Dennis",non-elite,1613,3195,4792,6417,8042,9772,11704,13753,1582,1597,1625,1625,1730,1932,2049
44565,"Kasten, Angela",non-elite,1537,3047,4639,6389,8121,9924,11951,13949,1510,1592,1750,1732,1803,2027,1998
44566,"Warner, Robin",non-elite,1641,3305,5014,6748,8501,10297,12141,13958,1664,1709,1734,1753,1796,1844,1817
44567,"Fortino, Norma",non-elite,1604,3232,4896,6604,8329,10135,12008,13912,1628,1664,1708,1725,1806,1873,1904
44568,"Powell, Jeffrey S",non-elite,1489,2977,4510,6357,8214,10074,12011,13859,1488,1533,1847,1857,1860,1937,1848
44569,"Searle, Tami",non-elite,1565,3165,4766,6464,8259,10096,12009,13924,1600,1601,1698,1795,1837,1913,1915
44570,"Martin, Barbara G",non-elite,1622,3259,4960,6715,8427,10202,12071,13945,1637,1701,1755,1712,1775,1869,1874
44571,"Hedges, Jo-Ann",non-elite,1674,3371,5072,6807,8565,10390,12191,13976,1697,1701,1735,1758,1825,1801,1785
44572,"Wade, Alison K",non-elite,1554,3129,4797,6541,8364,10363,12223,13991,1575,1668,1744,1823,1999,1860,1768
44573,"Fong, Alisa R",non-elite,1584,3152,4765,6502,8117,9841,11903,13808,1568,1613,1737,1615,1724,2062,1905
44574,"Kohlmann, Patrick A",non-elite,1421,2833,4306,5897,7594,9564,11812,13872,1412,1473,1591,1697,1970,2248,2060
44575,"Sunaga, Yoshio",non-elite,1539,3144,4791,6505,8254,10249,12166,13957,1605,1647,1714,1749,1995,1917,1791
44576,"Taylor, James D",non-elite,1596,3141,4758,6443,8181,10019,11933,13878,1545,1617,1685,1738,1838,1914,1945
44577,"Jensen, Stephanie A.",non-elite,1650,3299,4953,6634,8348,10164,12040,13928,1649,1654,1681,1714,1816,1876,1888
44578,"Turner, Matthew J",non-elite,1496,3079,4704,6397,8014,9686,11729,13954,1583,1625,1693,1617,1672,2043,2225
44579,"Baumgardt, Liz",non-elite,1572,3162,4814,6524,8256,10098,12110,13936,1590,1652,1710,1732,1842,2012,1826
44580,"Kim, Eunsup",non-elite,1881,3698,5562,7415,9113,10823,12496,14074,1817,1864,1853,1698,1710,1673,1578
44581,"Reynolds, Kathy S",non-elite,1665,3330,5019,6771,8489,10305,12125,13914,1665,1689,1752,1718,1816,1820,1789
44582,"Grimmett, Tom",non-elite,1671,3312,4949,6583,8210,9927,11772,13771,1641,1637,1634,1627,1717,1845,1999
44583,"Cheong, Seng Meng",non-elite,1681,3354,5075,6763,8444,10184,12025,13891,1673,1721,1688,1681,1740,1841,1866
44584,"Asao-Ragosta, Kiyoko",non-elite,1665,3279,4922,6580,8259,10086,11989,13905,1614,1643,1658,1679,1827,1903,1916
44585,"Gorno, Lisa A",non-elite,1616,3262,4916,6623,8391,10202,12093,13945,1646,1654,1707,1768,1811,1891,1852
44586,"Schlesinger, Scott P.",non-elite,1572,3160,4703,6322,7957,9749,11946,13931,1588,1543,1619,1635,1792,2197,1985
44587,"Vasquez-Parada, Alberto",non-elite,1541,3118,4629,6212,8510,10246,12038,13924,1577,1511,1583,2298,1736,1792,1886
44588,"Regan, Emily S",non-elite,1414,2847,4360,6012,7784,9592,11510,13921,1433,1513,1652,1772,1808,1918,2411
44589,"Graves, Meg",non-elite,1596,3213,4882,6576,8269,10071,11977,13910,1617,1669,1694,1693,1802,1906,1933
44590,"Patterson, Theresa A",non-elite,1648,3304,4957,6618,8311,10101,12053,13914,1656,1653,1661,1693,1790,1952,1861
44591,"Tuluie, Tania",non-elite,1445,2942,4550,6261,7948,9862,11897,13853,1497,1608,1711,1687,1914,2035,1956
44592,"Bailey, Kathy M.",non-elite,1593,3206,4902,6638,8380,10206,12059,13917,1613,1696,1736,1742,1826,1853,1858
44593,"Bass, Jodi",non-elite,1435,3077,4853,6701,8720,11327,12791,14147,1642,1776,1848,2019,2607,1464,1356
44594,"Hingle, Laura",non-elite,1600,3226,4871,6659,8323,10167,12007,13922,1626,1645,1788,1664,1844,1840,1915
44595,"Fryer, Carina",non-elite,1624,3283,4981,6792,8501,10277,12118,13954,1659,1698,1811,1709,1776,1841,1836
44596,"Caputi, Tammy",non-elite,1660,3334,5017,6724,8449,10261,12137,13973,1674,1683,1707,1725,1812,1876,1836
44597,"Earp, Gavin",non-elite,1443,2925,4504,6210,7905,9882,11839,13831,1482,1579,1706,1695,1977,1957,1992
44598,"Vachris, Trish",non-elite,1521,3201,4861,6578,8345,10201,12120,13922,1680,1660,1717,1767,1856,1919,1802
44599,"Alexander, Karen",non-elite,1600,3256,4968,6686,8426,10257,12136,13971,1656,1712,1718,1740,1831,1879,1835
44600,"Payne, Jennie",non-elite,1521,3201,4862,6578,8346,10202,12120,13922,1680,1661,1716,1768,1856,1918,1802
44601,"Obrien, Patrick",non-elite,1541,3145,4801,6481,8171,10030,11977,13901,1604,1656,1680,1690,1859,1947,1924
44602,"Kollister, Kenneth J",non-elite,1614,3265,4926,6626,8358,10255,12201,13994,1651,1661,1700,1732,1897,1946,1793
44603,"Mcginn, Shannon",non-elite,1599,3522,5420,7270,9002,10865,12603,14081,1923,1898,1850,1732,1863,1738,1478
44604,"Wallace, Stuart J",non-elite,1452,2949,4549,6237,8052,10204,12122,13967,1497,1600,1688,1815,2152,1918,1845
44605,"Rivers, Amsale G.",non-elite,1642,3263,4863,6520,8274,10138,12077,13964,1621,1600,1657,1754,1864,1939,1887
44606,"Nobbe, Stacey",non-elite,1608,3235,4885,6564,8296,10181,12169,13976,1627,1650,1679,1732,1885,1988,1807
44607,"Fritz, Susan H",non-elite,1613,3242,4890,6552,8242,10016,11882,13822,1629,1648,1662,1690,1774,1866,1940
44608,"Dupke, Melissa",non-elite,1525,3079,4667,6332,8071,9924,12131,13960,1554,1588,1665,1739,1853,2207,1829
44609,"Kleftis, Shawna B.",non-elite,1698,3329,4931,6557,8270,10147,12064,13975,1631,1602,1626,1713,1877,1917,1911
44610,"Bagshaw, Helen",non-elite,1637,3256,4893,6582,8289,10083,12014,13900,1619,1637,1689,1707,1794,1931,1886
44611,"Randall, Aaron H",non-elite,1583,3209,4826,6497,8200,9994,11865,13840,1626,1617,1671,1703,1794,1871,1975
44612,"Vanderford, Gayle E",non-elite,1538,3138,4804,6547,8294,10142,12066,13937,1600,1666,1743,1747,1848,1924,1871
44613,"Frommer, Kenneth G.",non-elite,1553,3057,4581,6176,7826,9723,11766,13837,1504,1524,1595,1650,1897,2043,2071
44614,"Woehr-Blouin, Sandra J",non-elite,1591,3242,4921,6639,8360,10186,12038,13939,1651,1679,1718,1721,1826,1852,1901
44615,"Stendahl, Rebekah",non-elite,1676,3383,5100,6866,8617,10425,12236,14004,1707,1717,1766,1751,1808,1811,1768
44616,"Bremner, Steve",non-elite,1414,3037,4697,6451,8241,10120,12026,13930,1623,1660,1754,1790,1879,1906,1904
44617,"Yaro, Caitlin A",non-elite,1405,2917,4545,6301,8085,9974,12031,13998,1512,1628,1756,1784,1889,2057,1967
44618,"Egger, André",non-elite,1609,3193,4820,6510,8275,10111,12151,13914,1584,1627,1690,1765,1836,2040,1763
44619,"Tubbs, Paul D",non-elite,1500,3005,4562,6210,7922,9802,11826,13869,1505,1557,1648,1712,1880,2024,2043
44620,"Casey, Kathy",non-elite,1582,3240,4934,6639,8348,10177,12061,13979,1658,1694,1705,1709,1829,1884,1918
44621,"Norton, Ann K",non-elite,1546,3088,4653,6348,8289,10491,12338,14018,1542,1565,1695,1941,2202,1847,1680
44622,"Blossom, Ryan J.",non-elite,1671,3266,4932,6663,8405,10257,12132,13989,1595,1666,1731,1742,1852,1875,1857
44623,"Garcia, Stephanie M",non-elite,1545,3131,4711,6309,7921,9682,11870,13946,1586,1580,1598,1612,1761,2188,2076
44624,"Hardin, Julie",non-elite,1637,3296,4975,6705,8461,10298,12150,13960,1659,1679,1730,1756,1837,1852,1810
44625,"Davis, Charlotte",non-elite,1638,3245,4871,6528,8289,10094,12060,13926,1607,1626,1657,1761,1805,1966,1866
44626,"Polk, Jeffrey",non-elite,1479,2979,4523,6189,7848,9770,12007,13994,1500,1544,1666,1659,1922,2237,1987
44627,"Hemel, Arnout",non-elite,1711,3406,5121,6826,8561,10321,12151,13980,1695,1715,1705,1735,1760,1830,1829
44628,"Hayes, Bruce",non-elite,1419,2837,4317,6008,7869,9805,11841,13964,1418,1480,1691,1861,1936,2036,2123
44629,"Spratt, Kelly S",non-elite,1588,3177,4795,6446,8162,9964,11893,13859,1589,1618,1651,1716,1802,1929,1966
44630,"Almeida, Keith",non-elite,1713,3476,5237,7022,8853,10639,12401,14068,1763,1761,1785,1831,1786,1762,1667
44631,"Johnston, Jeffrey S.",non-elite,1510,3087,4739,6482,8222,10141,12175,14010,1577,1652,1743,1740,1919,2034,1835
44632,"Aparicio, Mario",non-elite,1354,2820,4431,6154,8037,9949,11981,13942,1466,1611,1723,1883,1912,2032,1961
44633,"Kralj, Heather",non-elite,1383,3107,4770,6787,8502,10417,12374,14059,1724,1663,2017,1715,1915,1957,1685
44634,"Steele, Meghan T.",non-elite,1650,3343,5082,6834,8589,10382,12217,14025,1693,1739,1752,1755,1793,1835,1808
44635,"White, Lawrence",non-elite,1625,3227,4851,6491,8134,9890,11919,13934,1602,1624,1640,1643,1756,2029,2015
44636,"Lefevre Garcia, Maria De Los Milagros",non-elite,1790,3526,5186,6870,8585,10441,12253,13988,1736,1660,1684,1715,1856,1812,1735
44637,"Brown, Tamera",non-elite,1620,3293,4973,6702,8451,10271,12165,13947,1673,1680,1729,1749,1820,1894,1782
44638,"Saint Martin, Manuel L.",non-elite,1508,3020,4546,6138,7733,9582,11673,13812,1512,1526,1592,1595,1849,2091,2139
44639,"Mccreesh, Loren",non-elite,1524,3035,4548,6078,7646,9362,11482,13892,1511,1513,1530,1568,1716,2120,2410
44640,"Kobza, Katherine T",non-elite,1541,3098,4681,6339,7978,9794,11809,13852,1557,1583,1658,1639,1816,2015,2043
44641,"Grolnic, Christina",non-elite,1516,3057,4640,6325,7980,9865,11858,13905,1541,1583,1685,1655,1885,1993,2047
44642,"Fogarty, Tara",non-elite,1448,2873,4376,6064,7893,9851,12100,14005,1425,1503,1688,1829,1958,2249,1905
44643,"Uribe, Carla B",non-elite,1357,2733,4183,5781,7504,9549,11800,13966,1376,1450,1598,1723,2045,2251,2166
44644,"Beegan, Denise",non-elite,1663,3365,5063,6798,8530,10322,12235,13956,1702,1698,1735,1732,1792,1913,1721
44645,"Taylor, Sherri",non-elite,1629,3243,4914,6602,8285,10112,12024,13911,1614,1671,1688,1683,1827,1912,1887
44646,"Chase, Lisa C",non-elite,1831,3566,5277,6980,8696,10476,12302,14014,1735,1711,1703,1716,1780,1826,1712
44647,"Gannon, Jacqueline",non-elite,1748,3481,5210,6973,8737,10503,12304,14058,1733,1729,1763,1764,1766,1801,1754
44648,"Macropoulos, John",non-elite,1588,3125,4647,6201,7904,9634,11591,13983,1537,1522,1554,1703,1730,1957,2392
44649,"Krauth, Christine",non-elite,1482,3005,4632,6434,8129,9908,11838,13900,1523,1627,1802,1695,1779,1930,2062
44650,"Stewart, Taylor",non-elite,1452,2936,4699,6348,8079,9939,11954,13919,1484,1763,1649,1731,1860,2015,1965
44651,"Tily, Elizabeth",non-elite,1591,3185,4804,6477,8141,9895,11805,13816,1594,1619,1673,1664,1754,1910,2011
44652,"Chen, Kegui Sr.",non-elite,1631,3230,4843,6469,8136,9956,11862,13930,1599,1613,1626,1667,1820,1906,2068
44653,"Beaver, Kelly S",non-elite,1612,3231,4898,6600,8360,10169,12032,13904,1619,1667,1702,1760,1809,1863,1872
44654,"Chandler, John R",non-elite,1695,3375,5052,6801,8498,10223,11973,13872,1680,1677,1749,1697,1725,1750,1899
44655,"Acuna, Armando",non-elite,1452,2916,4444,6259,7911,9776,11773,13867,1464,1528,1815,1652,1865,1997,2094
44656,"Morrish, Karen",non-elite,1697,3399,5106,6859,8614,10388,12186,13977,1702,1707,1753,1755,1774,1798,1791
44657,"Loosle, Gabriella",non-elite,1453,3022,4713,6562,8412,10338,12292,14017,1569,1691,1849,1850,1926,1954,1725
44658,"Skawski, Elaine",non-elite,1499,3048,4667,6446,8237,10094,11991,13891,1549,1619,1779,1791,1857,1897,1900
44659,"Stone, Sachiko",non-elite,1514,3107,4776,6487,8208,10049,11971,13897,1593,1669,1711,1721,1841,1922,1926
44660,"Broderick, Christina O",non-elite,1498,3103,4756,6499,8263,10089,12038,13927,1605,1653,1743,1764,1826,1949,1889
44661,"Price, Maria C.",non-elite,1544,3105,4688,6335,8008,9792,11812,13870,1561,1583,1647,1673,1784,2020,2058
44662,"Gilbert-Ahrens, Rosie",non-elite,1573,3157,4756,6434,8177,10077,12033,13966,1584,1599,1678,1743,1900,1956,1933
44663,"Stephens, Margaret E.",non-elite,1654,3279,4959,6691,8580,10368,12200,14015,1625,1680,1732,1889,1788,1832,1815
44664,"Lazaro, Debra A.",non-elite,1610,3253,4874,6544,8212,10034,12006,13902,1643,1621,1670,1668,1822,1972,1896
44665,"Gora, Angie",non-elite,1674,3351,5039,6724,8414,10118,12207,14065,1677,1688,1685,1690,1704,2089,1858
44666,"Gallagher, Neil",non-elite,1454,2894,4393,5948,7628,9633,11807,13903,1440,1499,1555,1680,2005,2174,2096
44667,"Crough, Melissa A.",non-elite,1747,3413,5078,6757,8454,10228,12071,13929,1666,1665,1679,1697,1774,1843,1858
44668,"Fischer, Heidi",non-elite,1674,3409,5128,6872,8616,10451,12258,14012,1735,1719,1744,1744,1835,1807,1754
44669,"Heisler, Dale E",non-elite,1627,3274,4966,6716,8488,10306,12190,14019,1647,1692,1750,1772,1818,1884,1829
44670,"Burks, Karen L",non-elite,1690,3357,4992,6729,8438,10249,12137,13960,1667,1635,1737,1709,1811,1888,1823
44671,"Foley-Grimes, Joanne",non-elite,1591,3275,5010,6745,8482,10309,12176,13980,1684,1735,1735,1737,1827,1867,1804
44672,"Chien, Janet",non-elite,1619,3265,4936,6637,8368,10188,12168,13995,1646,1671,1701,1731,1820,1980,1827
44673,"Sacrey, Elizabeth B",non-elite,1551,3090,4648,6246,7854,9575,11610,13833,1539,1558,1598,1608,1721,2035,2223
44674,"Fontaine, Christine",non-elite,1590,3191,4809,6481,8205,10080,12024,13924,1601,1618,1672,1724,1875,1944,1900
44675,"Ake, Jennifer",non-elite,1551,3109,4617,6167,7814,9601,11765,13869,1558,1508,1550,1647,1787,2164,2104
44676,"Anstead, Jennifer",non-elite,1764,3452,5107,6784,8468,10245,12156,13975,1688,1655,1677,1684,1777,1911,1819
44677,"Lee, Ai Kyung",non-elite,1687,3290,4907,6619,8386,10200,12093,13940,1603,1617,1712,1767,1814,1893,1847
44678,"Lathrop, George W",non-elite,1448,2864,4284,5813,7447,9304,11302,13681,1416,1420,1529,1634,1857,1998,2379
44679,"Engbert, Katelyn",non-elite,1567,3192,4868,6582,8302,10135,12053,13960,1625,1676,1714,1720,1833,1918,1907
44680,"Kelsey, Michelle A",non-elite,1390,2862,4594,6331,8160,10051,12065,13954,1472,1732,1737,1829,1891,2014,1889
44681,"Nielsen, Mckell",non-elite,1606,3217,4876,6620,8436,10209,12041,13956,1611,1659,1744,1816,1773,1832,1915
44682,"Romig, Thomas C",non-elite,1552,3163,4848,6563,8323,10208,12087,13966,1611,1685,1715,1760,1885,1879,1879
44683,"Ryan, David P",non-elite,1373,2766,4212,5748,7456,9375,11675,13915,1393,1446,1536,1708,1919,2300,2240
44684,"Norton, David",non-elite,1386,2880,4498,6272,8062,10024,12053,13980,1494,1618,1774,1790,1962,2029,1927
44685,"Koch, Ken",non-elite,1557,3141,4860,6548,8251,10099,12064,13954,1584,1719,1688,1703,1848,1965,1890
44686,"Beagles, Yuri",non-elite,1539,3108,4728,6393,8078,9862,11844,13833,1569,1620,1665,1685,1784,1982,1989
44687,"Guerand, Karen",non-elite,1551,3109,4617,6167,7814,9601,11767,13869,1558,1508,1550,1647,1787,2166,2102
44688,"Tamaoki, Tomoko",non-elite,1663,3327,4987,6660,8316,10108,12026,13953,1664,1660,1673,1656,1792,1918,1927
44689,"Meldrum-Taylor, Faeron",non-elite,1583,3191,4823,6509,8199,10025,11957,13959,1608,1632,1686,1690,1826,1932,2002
44690,"Ryan, Kelsey A.",non-elite,1456,2967,4754,6487,8245,10066,11978,13954,1511,1787,1733,1758,1821,1912,1976
44691,"Collins, Hilary",non-elite,1447,2946,4449,6232,7961,9915,11926,13931,1499,1503,1783,1729,1954,2011,2005
44692,"Pham, Phuc C",non-elite,1611,3203,4738,6295,7854,9595,11599,13700,1592,1535,1557,1559,1741,2004,2101
44693,"Davis, Susan",non-elite,1568,3180,4843,6600,8345,10241,12162,14002,1612,1663,1757,1745,1896,1921,1840
44694,"Leboeuf, Cathy A.",non-elite,1614,3248,4904,6640,8370,10218,12123,13983,1634,1656,1736,1730,1848,1905,1860
44695,"Staats, Sara",non-elite,1529,3029,4551,6167,7900,9789,11924,13921,1500,1522,1616,1733,1889,2135,1997
44696,"Blanchette, Michael",non-elite,1597,3177,4731,6365,8105,9910,11938,13938,1580,1554,1634,1740,1805,2028,2000
44697,"Coffey, Kyle",non-elite,1756,3391,4950,6593,8278,10036,12098,14058,1635,1559,1643,1685,1758,2062,1960
44698,"Kim, Ellen C",non-elite,1670,3364,5078,6821,8545,10311,12193,13975,1694,1714,1743,1724,1766,1882,1782
44699,"Gianquitti, Steven L. Jr.",non-elite,1679,3306,4844,6416,8038,9875,11934,13964,1627,1538,1572,1622,1837,2059,2030
44700,"Scheidemantel, Katie",non-elite,1411,2972,4638,6369,8121,10004,11996,13943,1561,1666,1731,1752,1883,1992,1947
44701,"Garcia, Jessica R",non-elite,1486,2985,4597,6359,8117,9978,11997,13998,1499,1612,1762,1758,1861,2019,2001
44702,"Flug, Courtney",non-elite,1657,3360,5058,6754,8467,10277,12160,14007,1703,1698,1696,1713,1810,1883,1847
44703,"Bush, Terry J",non-elite,1512,3069,4695,6414,8190,10059,12012,13927,1557,1626,1719,1776,1869,1953,1915
44704,"McMullin, Louise",non-elite,1585,3173,4781,6447,8114,10007,12065,13999,1588,1608,1666,1667,1893,2058,1934
44705,"Reed, Elizabeth A",non-elite,1604,3231,4971,6693,8423,10342,12192,14005,1627,1740,1722,1730,1919,1850,1813
44706,"Dial, Janet S",non-elite,1485,3023,4694,6377,8095,10032,11965,13887,1538,1671,1683,1718,1937,1933,1922
44707,"Chen, Pao Feng",non-elite,1497,2990,4524,6144,7849,9935,12193,14016,1493,1534,1620,1705,2086,2258,1823
44708,"Maguire, Rachel C.",non-elite,1670,3354,5060,6752,8513,10353,12208,14043,1684,1706,1692,1761,1840,1855,1835
44709,"Miller, Elizabeth",non-elite,1483,3059,4721,6348,8054,9921,12078,13925,1576,1662,1627,1706,1867,2157,1847
44710,"Obordo, Catherine",non-elite,1766,3547,5340,7086,8814,10609,12374,14074,1781,1793,1746,1728,1795,1765,1700
44711,"Dolley, Amy",non-elite,1561,3125,4843,6582,8370,10284,12159,13988,1564,1718,1739,1788,1914,1875,1829
44712,"Heredia, Amy",non-elite,1709,3407,5105,6801,8524,10313,12100,14024,1698,1698,1696,1723,1789,1787,1924
44713,"Campbell, Courtney J.",non-elite,1760,3418,5029,6670,8337,10057,11862,13915,1658,1611,1641,1667,1720,1805,2053
44714,"Mackenzie, Zenovia H",non-elite,1573,3123,4720,6363,8020,9836,11849,13952,1550,1597,1643,1657,1816,2013,2103
44715,"Stoeckl, John",non-elite,1594,3162,4795,6393,7993,9906,11806,13980,1568,1633,1598,1600,1913,1900,2174
44716,"Hay, Andrew T.",non-elite,1679,3307,4920,6584,8257,10080,11961,13964,1628,1613,1664,1673,1823,1881,2003
44717,"Hill, Ian J.",non-elite,1546,3066,4596,6217,7872,9731,11759,13928,1520,1530,1621,1655,1859,2028,2169
44718,"Kerkhof, Saskia",non-elite,1637,3313,5006,6704,8526,10307,12169,13967,1676,1693,1698,1822,1781,1862,1798
44719,"Horton, Elizabeth S",non-elite,1613,3215,4855,6567,8321,10163,12079,13933,1602,1640,1712,1754,1842,1916,1854
44720,"Staubach, Claudia",non-elite,1600,3247,4887,6578,8284,10098,12065,13938,1647,1640,1691,1706,1814,1967,1873
44721,"Soto, Luis",non-elite,1562,3123,4693,6253,7835,9525,11702,13939,1561,1570,1560,1582,1690,2177,2237
44722,"Ciccariello, Christy K.",non-elite,1787,3535,5253,6958,8644,10407,12257,14044,1748,1718,1705,1686,1763,1850,1787
44723,"Clooney, Margaret L",non-elite,1650,3297,4930,6612,8314,10114,12164,13988,1647,1633,1682,1702,1800,2050,1824
44724,"Mason, Julie A",non-elite,1799,3671,5520,7363,9180,10893,12513,14111,1872,1849,1843,1817,1713,1620,1598
44725,"Barbre, Brandi",non-elite,1624,3261,4912,6528,8163,9917,11791,13890,1637,1651,1616,1635,1754,1874,2099
44726,"Yager, Phoebe",non-elite,1558,3160,4798,6485,8174,9981,11895,13883,1602,1638,1687,1689,1807,1914,1988
44727,"Obler, Jerry",non-elite,1487,3000,4529,6164,7869,9864,11937,13973,1513,1529,1635,1705,1995,2073,2036
44728,"Harvey, Lauren D.",non-elite,1738,3475,5190,6927,8662,10477,12207,13988,1737,1715,1737,1735,1815,1730,1781
44729,"Kean, Danielle",non-elite,1621,3252,4914,6618,8341,10172,12101,14053,1631,1662,1704,1723,1831,1929,1952
44730,"Rock, Carolyn A",non-elite,1637,3294,4994,6730,8467,10363,12269,14039,1657,1700,1736,1737,1896,1906,1770
44731,"Malley, Patricia A",non-elite,1525,3109,4756,6468,8218,10081,12009,13919,1584,1647,1712,1750,1863,1928,1910
44732,"Todd, Samuel",non-elite,1692,3125,4602,6133,7760,9574,11567,13796,1433,1477,1531,1627,1814,1993,2229
44733,"Ehardt, Bob",non-elite,1379,2856,4487,6181,8057,9992,11999,13891,1477,1631,1694,1876,1935,2007,1892
44734,"Yeager, Laura D.",non-elite,1488,3101,4751,6477,8276,10151,12089,13964,1613,1650,1726,1799,1875,1938,1875
44735,"Beeson, Elizabeth",non-elite,1449,2880,4341,5859,7392,9323,11589,13942,1431,1461,1518,1533,1931,2266,2353
44736,"Maharaj, Ronitha D",non-elite,1615,3241,4897,6575,8300,10100,11997,13907,1626,1656,1678,1725,1800,1897,1910
44737,"Yandell, Will",non-elite,1723,3460,5173,6873,8559,10352,12205,14090,1737,1713,1700,1686,1793,1853,1885
44738,"Wolski, Greg",non-elite,1428,2966,4605,6344,8071,9981,11912,13960,1538,1639,1739,1727,1910,1931,2048
44739,"Sculuca, Lynnette M",non-elite,1605,3234,4915,6664,8471,10340,12226,14036,1629,1681,1749,1807,1869,1886,1810
44740,"Shinn, Darby",non-elite,1544,3089,4752,6401,8197,10061,12003,13935,1545,1663,1649,1796,1864,1942,1932
44741,"De Mena, Luis",non-elite,1685,3362,5056,6730,8442,10289,12122,13985,1677,1694,1674,1712,1847,1833,1863
44742,"Rovtar, Thomas F.",non-elite,1639,3332,5024,6741,8472,10280,12200,14009,1693,1692,1717,1731,1808,1920,1809
44743,"Badran, Lisa",non-elite,1652,3261,5055,6716,8413,10206,12095,13956,1609,1794,1661,1697,1793,1889,1861
44744,"Nasto, Jennifer",non-elite,1609,3225,4875,6591,8339,10161,12089,13978,1616,1650,1716,1748,1822,1928,1889
44745,"Howard, Robert",non-elite,1456,2925,4422,6035,7712,9554,11582,13999,1469,1497,1613,1677,1842,2028,2417
44746,"Knox, Vickie L",non-elite,1575,3185,4810,6446,8148,9944,11916,13986,1610,1625,1636,1702,1796,1972,2070
44747,"Gonzalez Pliego, Carlos G.",non-elite,1728,3329,4922,6595,8297,10116,11990,13929,1601,1593,1673,1702,1819,1874,1939
44748,"Tabares, Tressa",non-elite,1575,3190,4832,6565,8381,10168,12045,13993,1615,1642,1733,1816,1787,1877,1948
44749,"Yashiro, Sadamu",non-elite,1589,3205,4809,6456,8084,9956,11868,13882,1616,1604,1647,1628,1872,1912,2014
44750,"Koffler, Karen",non-elite,1637,3283,4958,6654,8345,10167,12097,13963,1646,1675,1696,1691,1822,1930,1866
44751,"Newkirk, Hopey",non-elite,1560,3172,4787,6431,8108,9926,11876,13842,1612,1615,1644,1677,1818,1950,1966
44752,"Woodruff, Christopher",non-elite,1439,2863,4362,5901,7583,9496,11633,13881,1424,1499,1539,1682,1913,2137,2248
44753,"Manciagli, Shane M.",non-elite,1670,3332,4974,6624,8301,10062,11944,13901,1662,1642,1650,1677,1761,1882,1957
44754,"Swann, Ann Marie",non-elite,1533,3057,4598,6161,7908,9709,11727,13794,1524,1541,1563,1747,1801,2018,2067
44755,"Lara, Christina A",non-elite,1574,3164,4781,6471,8233,10033,12013,13987,1590,1617,1690,1762,1800,1980,1974
44756,"Nelson, Dale J",non-elite,1567,3122,4667,6267,7913,9703,11639,13828,1555,1545,1600,1646,1790,1936,2189
44757,"Beatty, David P.",non-elite,1640,3294,4956,6682,8379,10229,12140,13999,1654,1662,1726,1697,1850,1911,1859
44758,"Griffin, Kevin",non-elite,1691,3429,5151,6836,8571,10351,12142,13986,1738,1722,1685,1735,1780,1791,1844
44759,"Beck, Erin",non-elite,1635,3314,5033,6812,8574,10397,12257,14040,1679,1719,1779,1762,1823,1860,1783
44760,"Marino, Christopher J.",non-elite,1858,3538,5203,6876,8553,10289,12200,14013,1680,1665,1673,1677,1736,1911,1813
44761,"Schuette, Lisa",non-elite,1625,3303,5095,6754,8593,10457,12286,14023,1678,1792,1659,1839,1864,1829,1737
44762,"Cann, James V",non-elite,1604,3196,4814,6446,8097,9951,12016,13993,1592,1618,1632,1651,1854,2065,1977
44763,"Macleod, Jodi A",non-elite,1544,3170,4775,6490,8190,10044,12035,13917,1626,1605,1715,1700,1854,1991,1882
44764,"Reichel, Aubree",non-elite,1568,3228,4915,6632,8402,10253,12225,14060,1660,1687,1717,1770,1851,1972,1835
44765,"Brown, Gretchen M",non-elite,1646,3313,5002,6734,8477,10321,12168,13991,1667,1689,1732,1743,1844,1847,1823
44766,"Little, Robert C.",non-elite,1686,3366,5057,6768,8504,10312,12150,13988,1680,1691,1711,1736,1808,1838,1838
44767,"Perlman, Amy F.",non-elite,1544,3170,4774,6491,8190,10044,12035,13918,1626,1604,1717,1699,1854,1991,1883
44768,"Winchester, Anne Marie",non-elite,1571,3191,4849,6539,8264,10103,12016,13944,1620,1658,1690,1725,1839,1913,1928
44769,"Whitman, Marsha L.",non-elite,1643,3271,4893,6557,8278,10139,12114,13970,1628,1622,1664,1721,1861,1975,1856
44770,"Grant, James E",non-elite,1674,3351,5039,6734,8432,10264,12154,13974,1677,1688,1695,1698,1832,1890,1820
44771,"Read, Rich",non-elite,1502,2999,4595,6432,8316,10380,12325,14065,1497,1596,1837,1884,2064,1945,1740
44772,"Hebert, Diane",non-elite,1602,3266,4973,6704,8439,10289,12217,14010,1664,1707,1731,1735,1850,1928,1793
44773,"Westerman, Micah B.",non-elite,1685,3297,4904,6532,8153,9918,11910,13926,1612,1607,1628,1621,1765,1992,2016
44774,"Rodrigues, Jerusa",non-elite,1480,2930,4429,6193,7867,9667,11566,14033,1450,1499,1764,1674,1800,1899,2467
44775,"Guidry, Beau M",non-elite,1427,2882,4344,5856,7554,9666,11823,13885,1455,1462,1512,1698,2112,2157,2062
44776,"Gaudet, Cindy",non-elite,1714,3426,5150,6831,8562,10401,12285,14011,1712,1724,1681,1731,1839,1884,1726
44777,"Acker, Del",non-elite,1624,3316,5017,6755,8508,10322,12221,14001,1692,1701,1738,1753,1814,1899,1780
44778,"Wang, Yiping N.",non-elite,1492,3065,4698,6381,8103,9950,11899,13918,1573,1633,1683,1722,1847,1949,2019
44779,"Moodie, Katherine S",non-elite,1533,3064,4688,6390,8120,10006,12008,13903,1531,1624,1702,1730,1886,2002,1895
44780,"Lowe, Jessica P.",non-elite,1574,3206,4853,6552,8616,10362,12254,14043,1632,1647,1699,2064,1746,1892,1789
44781,"Benson, Meredith",non-elite,1652,3308,5024,6795,8567,10419,12279,14045,1656,1716,1771,1772,1852,1860,1766
44782,"Lewis, Amber",non-elite,1572,3240,4894,6586,8353,10263,12120,14097,1668,1654,1692,1767,1910,1857,1977
44783,"Harrington, Jeffrey D.",non-elite,1825,3526,5179,6827,8483,10256,12138,14017,1701,1653,1648,1656,1773,1882,1879
44784,"Chagnaud, Valerie",non-elite,1589,3234,4935,6681,8430,10334,12231,14020,1645,1701,1746,1749,1904,1897,1789
44785,"Hayes, Christie K.",non-elite,1621,3255,4966,6679,8408,10271,12145,14008,1634,1711,1713,1729,1863,1874,1863
44786,"Bawden, Brett",non-elite,1434,2932,4495,6112,7740,9565,11620,13832,1498,1563,1617,1628,1825,2055,2212
44787,"Coffey, Patricia J.",non-elite,1850,3613,5348,7094,8835,10606,12342,14027,1763,1735,1746,1741,1771,1736,1685
44788,"Shockley, Stacy",non-elite,1766,3524,5238,6944,8883,10645,12391,14059,1758,1714,1706,1939,1762,1746,1668
44789,"Burke, Donald",non-elite,1450,2927,4380,6093,7942,9610,11813,14026,1477,1453,1713,1849,1668,2203,2213
44790,"Isoda, Takayoshi",non-elite,1531,3043,4560,6130,7743,9496,11486,13849,1512,1517,1570,1613,1753,1990,2363
44791,"Kearns, Lori",non-elite,1767,3525,5238,6944,8883,10645,12391,14060,1758,1713,1706,1939,1762,1746,1669
44792,"Gerber, Stacey G.",non-elite,1593,3195,4839,6529,8278,10192,12116,14004,1602,1644,1690,1749,1914,1924,1888
44793,"Mackintire, Kara L.",non-elite,1647,3196,4797,6484,8279,10183,12182,14059,1549,1601,1687,1795,1904,1999,1877
44794,"Wert, Carrie",non-elite,1511,3039,4604,6159,8363,10333,12425,14183,1528,1565,1555,2204,1970,2092,1758
44795,"Farrar, David",non-elite,1492,2998,4528,6141,7970,9896,11971,13953,1506,1530,1613,1829,1926,2075,1982
44796,"Martin, Jon E",non-elite,1452,2927,4393,5897,7365,8968,10920,13850,1475,1466,1504,1468,1603,1952,2930
44797,"Paillard, Carine",non-elite,1753,3458,5157,6849,8542,10256,12123,13926,1705,1699,1692,1693,1714,1867,1803
44798,"Kishiyama, Jenny",non-elite,1627,3289,4937,6613,8305,10119,12036,13913,1662,1648,1676,1692,1814,1917,1877
44799,"Parente, Fabienne",non-elite,1754,3459,5158,6850,8543,10256,12124,13928,1705,1699,1692,1693,1713,1868,1804
44800,"Kenshur, Steve",non-elite,1600,3201,4868,6587,8346,10161,12110,14021,1601,1667,1719,1759,1815,1949,1911
44801,"Bradley, Larry",non-elite,1633,3381,5097,6887,8654,10456,12243,14021,1748,1716,1790,1767,1802,1787,1778
44802,"Kmet, Darcia",non-elite,1683,3379,5088,6807,8546,10345,12174,14038,1696,1709,1719,1739,1799,1829,1864
44803,"Paul, Bill",non-elite,1455,2910,4399,6036,7738,9660,11727,13985,1455,1489,1637,1702,1922,2067,2258
44804,"Chu, Ka Yee A.",non-elite,1854,3715,5490,7196,8963,10785,12477,14061,1861,1775,1706,1767,1822,1692,1584
44805,"Valekha, Dmitriy",non-elite,1355,2688,4039,5454,6919,8539,10417,13317,1333,1351,1415,1465,1620,1878,2900
44806,"Kerska, Peggy A.",non-elite,1673,3378,5190,6963,8770,10526,12322,14058,1705,1812,1773,1807,1756,1796,1736
44807,"Vanregenmorter, Rebecca",non-elite,1510,3043,4653,6369,8105,9972,12014,13963,1533,1610,1716,1736,1867,2042,1949
44808,"Mellors, Jane",non-elite,1515,3035,4650,6369,8130,10010,12067,13936,1520,1615,1719,1761,1880,2057,1869
44809,"Crete-Reizes, Marika",non-elite,1355,2740,4232,5919,7808,9795,11841,14011,1385,1492,1687,1889,1987,2046,2170
44810,"Elmore, Michael D.",non-elite,1566,3227,4913,6614,8347,10214,12142,13982,1661,1686,1701,1733,1867,1928,1840
44811,"Bailey, Michael L.",non-elite,1602,3218,4878,6566,8431,10382,12260,14028,1616,1660,1688,1865,1951,1878,1768
44812,"Baas, Amanda J",non-elite,1494,2984,4533,6316,8218,10146,12092,14046,1490,1549,1783,1902,1928,1946,1954
44813,"Witt, Michael A",non-elite,1788,3625,5369,7125,8809,10545,12336,14046,1837,1744,1756,1684,1736,1791,1710
44814,"Swan, Sarah",non-elite,1697,3356,5101,6855,8607,10402,12299,14080,1659,1745,1754,1752,1795,1897,1781
44815,"Camire, Heidi",non-elite,1506,3051,4604,6167,8138,9972,11956,14081,1545,1553,1563,1971,1834,1984,2125
44816,"Williams, Kristi L.",non-elite,1621,3250,4878,6559,8231,9976,11846,13853,1629,1628,1681,1672,1745,1870,2007
44817,"Herrington, Brenda L",non-elite,1502,3084,4819,6650,8446,10311,12200,13996,1582,1735,1831,1796,1865,1889,1796
44818,"Kirkpatrick, Jessica S",non-elite,1527,3110,4794,6709,8483,10324,12343,14107,1583,1684,1915,1774,1841,2019,1764
44819,"Wright-Baker, Robyn A.",non-elite,1630,3286,4975,6698,8438,10240,12144,14046,1656,1689,1723,1740,1802,1904,1902
44820,"Hurman, Andrea",non-elite,1482,2968,4705,6437,8275,10242,12160,14026,1486,1737,1732,1838,1967,1918,1866
44821,"Lay, Sharon E",non-elite,1565,3138,4864,6568,8280,10263,12084,13944,1573,1726,1704,1712,1983,1821,1860
44822,"Long, Gregory S.",non-elite,1599,3214,4827,6465,8113,9887,12122,14040,1615,1613,1638,1648,1774,2235,1918
44823,"Foucreault, Normand",non-elite,1662,3340,5040,6742,8464,10273,12163,14026,1678,1700,1702,1722,1809,1890,1863
44824,"Casey, Donna L",non-elite,1586,3147,4732,6406,8113,9927,11858,14003,1561,1585,1674,1707,1814,1931,2145
44825,"Devoy, Martin",non-elite,1751,3412,5061,6734,8408,10178,12232,14062,1661,1649,1673,1674,1770,2054,1830
44826,"Hufford, Andrew",non-elite,1408,2823,4248,5754,7427,9348,11572,13792,1415,1425,1506,1673,1921,2224,2220
44827,"Smieja, Gary F",non-elite,1399,2812,4267,5804,7455,9397,11500,13777,1413,1455,1537,1651,1942,2103,2277
44828,"Freni, Michael J.",non-elite,1878,3532,5112,6711,8413,10160,12105,13998,1654,1580,1599,1702,1747,1945,1893
44829,"Rios, Marina C.",non-elite,1558,3138,4747,6422,8169,10073,12087,13986,1580,1609,1675,1747,1904,2014,1899
44830,"Edgett, Susan F.",non-elite,1741,3468,5199,6975,8728,10481,12295,14023,1727,1731,1776,1753,1753,1814,1728
44831,"Reagan, Rosemary",non-elite,1593,3164,4770,6447,8178,10010,11969,13950,1571,1606,1677,1731,1832,1959,1981
44832,"Chavez, Mark",non-elite,1405,2849,4401,6194,7886,9874,11984,14028,1444,1552,1793,1692,1988,2110,2044
44833,"Schmit, Sarah",non-elite,1719,3339,4962,6641,8456,10332,12254,14083,1620,1623,1679,1815,1876,1922,1829
44834,"Smith, Jennifer L.",non-elite,1596,3219,4896,6600,8330,10176,12098,13993,1623,1677,1704,1730,1846,1922,1895
44835,"Kim, Jongsik",non-elite,1541,3090,4680,6399,8245,10120,12058,13963,1549,1590,1719,1846,1875,1938,1905
44836,"Tedrow, Brad C.",non-elite,1706,3397,5076,6751,8455,10221,12106,14018,1691,1679,1675,1704,1766,1885,1912
44837,"Rush, Joan K",non-elite,1564,3179,4850,6538,8277,10136,12079,14015,1615,1671,1688,1739,1859,1943,1936
44838,"Gutierrez, Carlos H",non-elite,1311,2604,3915,5272,6793,8763,11538,14062,1293,1311,1357,1521,1970,2775,2524
44839,"Helie, Daniel",non-elite,1750,3326,4898,6580,8434,10361,12270,14094,1576,1572,1682,1854,1927,1909,1824
44840,"Saye, Dennis J",non-elite,1586,3193,4814,6481,8240,10071,12104,13993,1607,1621,1667,1759,1831,2033,1889
44841,"Benoit, Bernard",non-elite,1586,3206,4882,6550,8266,10135,12076,13978,1620,1676,1668,1716,1869,1941,1902
44842,"Morrison, Dianne",non-elite,1674,3414,5108,6901,8742,10476,12333,14074,1740,1694,1793,1841,1734,1857,1741
44843,"Chankseliani, Larissa",non-elite,1606,3241,4909,6630,8457,10317,12205,14023,1635,1668,1721,1827,1860,1888,1818
44844,"Davis, Jessica M",non-elite,1479,2904,4329,5821,7381,9511,11664,13969,1425,1425,1492,1560,2130,2153,2305
44845,"Donohue, Jill B",non-elite,1472,2972,4534,6216,8065,9939,11970,13929,1500,1562,1682,1849,1874,2031,1959
44846,"Akeson, Wendy C.",non-elite,1704,3405,5099,6852,8601,10443,12318,14060,1701,1694,1753,1749,1842,1875,1742
44847,"Rubie, Melissa",non-elite,1621,3384,5057,6855,8658,10527,12310,14076,1763,1673,1798,1803,1869,1783,1766
44848,"Ridgway, Alyson",non-elite,1521,3047,4613,6253,7926,9784,11768,13851,1526,1566,1640,1673,1858,1984,2083
44849,"Oneill, Michael E.",non-elite,1789,3420,4979,6704,8517,10347,12169,13971,1631,1559,1725,1813,1830,1822,1802
44850,"Haas, Liz",non-elite,1556,3069,4683,6383,8115,10002,12049,14013,1513,1614,1700,1732,1887,2047,1964
44851,"McKenzie, Sean A.",non-elite,1557,3129,4715,6391,8203,10112,12063,13980,1572,1586,1676,1812,1909,1951,1917
44852,"Froese, Dan",non-elite,1568,3130,4717,6390,8089,10004,11974,13923,1562,1587,1673,1699,1915,1970,1949
44853,"Gonzalez, Dionisio",non-elite,1660,3403,5135,6895,8639,10423,12270,14067,1743,1732,1760,1744,1784,1847,1797
44854,"Hall, Carmen W",non-elite,1630,3302,5128,6865,8595,10388,12219,14033,1672,1826,1737,1730,1793,1831,1814
44855,"St. Clair, Elizabeth S",non-elite,1603,3210,4813,6454,8234,10090,12054,13989,1607,1603,1641,1780,1856,1964,1935
44856,"Wikan, Jennifer A.",non-elite,1640,3309,4955,6634,8358,10317,12290,14089,1669,1646,1679,1724,1959,1973,1799
44857,"Harris, Mark A.",non-elite,1792,3470,5122,6784,8459,10207,12038,13945,1678,1652,1662,1675,1748,1831,1907
44858,"Tyler, Karen",non-elite,1631,3306,5010,6731,8468,10323,12250,14029,1675,1704,1721,1737,1855,1927,1779
44859,"Ohashi, Midori",non-elite,1570,3193,4844,6498,8228,10103,12054,13953,1623,1651,1654,1730,1875,1951,1899
44860,"Kent, Karla",non-elite,1641,3284,4972,6681,8392,10210,12174,14011,1643,1688,1709,1711,1818,1964,1837
44861,"Burnett, Stacy Ann",non-elite,1594,3253,4971,6752,8549,10421,12288,14079,1659,1718,1781,1797,1872,1867,1791
44862,"Grenon, Helene",non-elite,1460,3000,4730,6543,8363,10242,12166,14060,1540,1730,1813,1820,1879,1924,1894
44863,"Mellgard, Juliana B.",non-elite,1535,3120,4821,6655,8432,10283,12251,14097,1585,1701,1834,1777,1851,1968,1846
44864,"Antonenko, Katrin",non-elite,1731,3405,5084,6793,8533,10378,12289,14070,1674,1679,1709,1740,1845,1911,1781
44865,"Stride, Gareth D.",non-elite,1550,3085,4688,6278,7968,9785,11734,13900,1535,1603,1590,1690,1817,1949,2166
44866,"Barrett, Patricia",non-elite,1582,3187,4854,6570,8328,10183,12064,13901,1605,1667,1716,1758,1855,1881,1837
44867,"Mcdonough, Karissa",non-elite,1518,3058,4631,6262,7972,9862,11967,13940,1540,1573,1631,1710,1890,2105,1973
44868,"Roberts, Ashlie",non-elite,1595,3237,4991,6736,8512,10359,12296,14080,1642,1754,1745,1776,1847,1937,1784
44869,"Drake, Andrea",non-elite,1492,3126,4801,6543,8284,10164,12084,14031,1634,1675,1742,1741,1880,1920,1947
44870,"Baoqing, Dong",non-elite,1529,3127,4914,6700,8500,10469,12398,14059,1598,1787,1786,1800,1969,1929,1661
44871,"Thompson, John L.",non-elite,1407,2809,4194,5630,7480,9570,11772,14108,1402,1385,1436,1850,2090,2202,2336
44872,"Diaz, Joseph R.",non-elite,1672,3324,4950,6617,8418,10350,12239,14132,1652,1626,1667,1801,1932,1889,1893
44873,"Fuhs, Dave A.",non-elite,1636,3341,5042,6785,8507,10369,12247,14046,1705,1701,1743,1722,1862,1878,1799
44874,"Oberer, Monika",non-elite,1675,3291,4966,6709,8474,10347,12277,14066,1616,1675,1743,1765,1873,1930,1789
44875,"Binder, Tracy J",non-elite,1593,3231,4972,6575,8154,9982,12068,14065,1638,1741,1603,1579,1828,2086,1997
44876,"Thramann, Tammy L",non-elite,1625,3256,4891,6576,8320,10212,12167,14048,1631,1635,1685,1744,1892,1955,1881
44877,"Hadrava, Ann K",non-elite,1664,3291,4907,6553,8239,10055,12003,13983,1627,1616,1646,1686,1816,1948,1980
44878,"Longo, Patricia I",non-elite,1660,3367,5103,6830,8577,10396,12244,14048,1707,1736,1727,1747,1819,1848,1804
44879,"Rousseau, Lauren",non-elite,1721,3356,4999,6699,8412,10263,12191,14030,1635,1643,1700,1713,1851,1928,1839
44880,"Barefoot, David G.",non-elite,1584,3186,4832,6479,8197,10013,11974,13931,1602,1646,1647,1718,1816,1961,1957
44881,"Lukawesky, Claudine A.",non-elite,1479,3006,4622,6336,8090,9976,11937,13954,1527,1616,1714,1754,1886,1961,2017
44882,"Mitleider, Alan S.",non-elite,1535,3015,4683,6316,8037,9889,11877,13906,1480,1668,1633,1721,1852,1988,2029
44883,"Lambert, Tracy",non-elite,1383,2753,4173,5686,7469,9503,11760,13846,1370,1420,1513,1783,2034,2257,2086
44884,"Bashaw, Shari L",non-elite,1646,3328,5050,6831,8609,10443,12295,14074,1682,1722,1781,1778,1834,1852,1779
44885,"Pederson, Cheri A",non-elite,1742,3495,5231,6984,8731,10553,12385,14097,1753,1736,1753,1747,1822,1832,1712
44886,"Sparks, Lise A",non-elite,1549,3208,4840,6581,8349,10226,12158,14018,1659,1632,1741,1768,1877,1932,1860
44887,"Taylor, Gregory A",non-elite,1680,3344,5046,6749,8471,10478,12284,14042,1664,1702,1703,1722,2007,1806,1758
44888,"Hansen, Scott R",non-elite,1356,2793,4300,6054,7725,9732,11901,13906,1437,1507,1754,1671,2007,2169,2005
44889,"Saxton, Gary",non-elite,1466,2948,4458,5951,7487,9224,11461,13816,1482,1510,1493,1536,1737,2237,2355
44890,"Wang, Huimin",non-elite,1542,3116,4733,6464,8280,10232,12241,14088,1574,1617,1731,1816,1952,2009,1847
44891,"Griffin, Thomas M.",non-elite,1748,3362,4938,6556,8193,9994,12073,14000,1614,1576,1618,1637,1801,2079,1927
44892,"Collier, Geneva",non-elite,1651,3330,4999,6690,8444,10245,12199,14062,1679,1669,1691,1754,1801,1954,1863
44893,"Toth, Shirley A",non-elite,1699,3380,5045,6718,8463,10244,12177,14018,1681,1665,1673,1745,1781,1933,1841
44894,"Long, Nancy",non-elite,1622,3270,4918,6593,8288,10101,12136,14056,1648,1648,1675,1695,1813,2035,1920
44895,"Dalton, Sandra",non-elite,1745,3423,5070,6790,8537,10521,12337,14124,1678,1647,1720,1747,1984,1816,1787
44896,"Smith, Stephanie L.",non-elite,1611,3217,4824,6502,8228,10105,12041,13927,1606,1607,1678,1726,1877,1936,1886
44897,"Kaufman, Patricia",non-elite,1599,3339,5007,6749,8550,10369,12284,14053,1740,1668,1742,1801,1819,1915,1769
44898,"England, Brendan R.",non-elite,1749,3362,4938,6556,8195,10081,12074,14000,1613,1576,1618,1639,1886,1993,1926
44899,"Doty, Mark",non-elite,1406,2810,4226,5732,7448,9409,11571,13919,1404,1416,1506,1716,1961,2162,2348
44900,"Smith, Dallas",non-elite,1647,3237,4842,6567,8220,10010,11976,13950,1590,1605,1725,1653,1790,1966,1974
44901,"Dunfey, Brian",non-elite,1465,3041,4695,6470,8222,10042,12043,13973,1576,1654,1775,1752,1820,2001,1930
44902,"Llanos, Jose Luis",non-elite,1536,3109,4686,6319,7967,9929,12021,13963,1573,1577,1633,1648,1962,2092,1942
44903,"Schroeder, Bruce R",non-elite,1401,2809,4261,5749,7260,9220,11576,13901,1408,1452,1488,1511,1960,2356,2325
44904,"Berman, Doris",non-elite,1385,2868,4516,6210,8019,10012,12024,13995,1483,1648,1694,1809,1993,2012,1971
44905,"Smith, Cheryl",non-elite,1490,3013,4670,6342,8666,10447,12351,14093,1523,1657,1672,2324,1781,1904,1742
44906,"Bacsafra, Marc",non-elite,1368,2820,4319,6277,8420,10152,12113,13976,1452,1499,1958,2143,1732,1961,1863
44907,"Jaggard, Jill",non-elite,1532,3095,4741,6486,8344,10261,12213,14039,1563,1646,1745,1858,1917,1952,1826
44908,"Hoskins, Kevin E",non-elite,1583,3178,4830,6521,8244,10152,12121,14017,1595,1652,1691,1723,1908,1969,1896
44909,"Fox, Lisa M.",non-elite,1882,3685,5395,7094,8785,10519,12287,14077,1803,1710,1699,1691,1734,1768,1790
44910,"Nichols Saffian, Arlene",non-elite,1509,3166,4899,6632,8365,10254,12188,14010,1657,1733,1733,1733,1889,1934,1822
44911,"Bianchetti, Chiara",non-elite,1621,3167,4731,6346,8044,9861,12064,14092,1546,1564,1615,1698,1817,2203,2028
44912,"Edwards, Rick",non-elite,1632,3264,4912,6559,8210,10100,12040,14031,1632,1648,1647,1651,1890,1940,1991
44913,"Chimiak, Jacqueline M.",non-elite,1516,3095,4774,6514,8290,10182,12126,14065,1579,1679,1740,1776,1892,1944,1939
44914,"Lessard-Coutu, Marianne",non-elite,1581,3236,4944,6640,8421,10355,12289,14083,1655,1708,1696,1781,1934,1934,1794
44915,"Murray, Dennis C.",non-elite,1426,2877,4414,6008,7694,9598,11771,13837,1451,1537,1594,1686,1904,2173,2066
44916,"Moyer, Terri",non-elite,1570,3176,4829,6520,8229,10086,12077,14015,1606,1653,1691,1709,1857,1991,1938
44917,"De Waele, Lieve",non-elite,1691,3371,5074,6786,8509,10319,12168,14041,1680,1703,1712,1723,1810,1849,1873
44918,"Shih, Phoebe F",non-elite,1586,3228,4930,6676,8451,10303,12224,14044,1642,1702,1746,1775,1852,1921,1820
44919,"Akram, Leslie D.",non-elite,1532,3084,4697,6419,8148,10054,12048,14004,1552,1613,1722,1729,1906,1994,1956
44920,"Town, Sherrie",non-elite,1568,3196,4841,6504,8160,9885,11637,14108,1628,1645,1663,1656,1725,1752,2471
44921,"Brown, Mary L",non-elite,1569,3199,4879,6580,8316,10153,12135,14001,1630,1680,1701,1736,1837,1982,1866
44922,"Schweim, Audra",non-elite,1643,3281,4944,6658,8430,10276,12195,14030,1638,1663,1714,1772,1846,1919,1835
44923,"Loosle, Lisa",non-elite,1638,3279,4936,6585,8286,10097,11956,13944,1641,1657,1649,1701,1811,1859,1988
44924,"Schock, Stephanie A.",non-elite,1456,2907,4487,6303,8177,10222,12259,14133,1451,1580,1816,1874,2045,2037,1874
44925,"Potter, Hiromi",non-elite,1586,3242,4934,6654,8372,10168,12094,14019,1656,1692,1720,1718,1796,1926,1925
44926,"Skuka, Mira S.",non-elite,1583,3298,5174,6868,8747,10577,12390,14116,1715,1876,1694,1879,1830,1813,1726
44927,"Dobrowolski, Steven",non-elite,1594,3204,4839,6514,8195,10014,11955,13922,1610,1635,1675,1681,1819,1941,1967
44928,"Flannery, Meghan A",non-elite,1533,3130,4778,6473,8270,10194,12142,14111,1597,1648,1695,1797,1924,1948,1969
44929,"Stahl, Kristin V.",non-elite,1615,3263,4995,6732,8524,10429,12285,14105,1648,1732,1737,1792,1905,1856,1820
44930,"Adams, Lauren M",non-elite,1558,3099,4647,6328,8102,10023,12045,13998,1541,1548,1681,1774,1921,2022,1953
44931,"Staberg, Melissa",non-elite,1614,3278,4965,6725,8469,10344,12209,14075,1664,1687,1760,1744,1875,1865,1866
44932,"Al-Tuwaijri, Nezar",non-elite,1802,3410,4978,6610,8450,10429,12330,14101,1608,1568,1632,1840,1979,1901,1771
44933,"Koch, Kim",non-elite,1588,3263,5005,6760,8537,10399,12252,14067,1675,1742,1755,1777,1862,1853,1815
44934,"Zambetis, Mike",non-elite,1544,3094,4659,6312,8077,9884,12005,14004,1550,1565,1653,1765,1807,2121,1999
44935,"Small, Brian",non-elite,1563,3167,4808,6567,8373,10298,12198,14041,1604,1641,1759,1806,1925,1900,1843
44936,"Lewis, Sheryl L.",non-elite,1745,3480,5235,7002,8754,10560,12370,14123,1735,1755,1767,1752,1806,1810,1753
44937,"Brewster, Mignon L",non-elite,1584,3224,4915,6646,8449,10356,12320,14055,1640,1691,1731,1803,1907,1964,1735
44938,"Aiuto, Kyla",non-elite,1668,3419,5164,6901,8559,10273,12218,14054,1751,1745,1737,1658,1714,1945,1836
44939,"Smith, Mary",non-elite,1716,3457,5175,6924,8659,10474,12318,14070,1741,1718,1749,1735,1815,1844,1752
44940,"Shaffer, Allison",non-elite,1665,3342,5024,6743,8528,10362,12259,14063,1677,1682,1719,1785,1834,1897,1804
44941,"Versteegen, Meg E",non-elite,1408,2797,4196,5788,7500,9307,12014,14068,1389,1399,1592,1712,1807,2707,2054
44942,"Halloran, Shawn",non-elite,1581,3149,4733,6367,8055,9983,11998,14002,1568,1584,1634,1688,1928,2015,2004
44943,"Torres, Fernando",non-elite,1557,3068,4573,6127,7694,9587,11864,14006,1511,1505,1554,1567,1893,2277,2142
44944,"Benoey, Rudi",non-elite,1435,2929,4496,6221,8014,10019,12056,14001,1494,1567,1725,1793,2005,2037,1945
44945,"Fleshman, Brenda",non-elite,1615,3204,4839,6531,8272,10132,12038,13975,1589,1635,1692,1741,1860,1906,1937
44946,"Riddock, Christina C.",non-elite,1676,3329,4963,6657,8346,10122,11993,13971,1653,1634,1694,1689,1776,1871,1978
44947,"Bell, Susan",non-elite,1720,3461,5201,6959,8752,10590,12398,14083,1741,1740,1758,1793,1838,1808,1685
44948,"Scull, Patricia",non-elite,1427,2913,4458,6148,7956,9952,11914,13957,1486,1545,1690,1808,1996,1962,2043
44949,"Mcquivey, Mindy",non-elite,1612,3251,4916,6630,8353,10188,12110,14016,1639,1665,1714,1723,1835,1922,1906
44950,"Quattrone, Frank",non-elite,1621,3249,4888,6534,8204,9960,11807,13950,1628,1639,1646,1670,1756,1847,2143
44951,"Jackson, Shana",non-elite,1736,3492,5230,6975,8689,10493,12323,14087,1756,1738,1745,1714,1804,1830,1764
44952,"Hardy, Stephanie L.",non-elite,1653,3220,4776,6370,7993,9760,11704,13812,1567,1556,1594,1623,1767,1944,2108
44953,"Naranda, Tatjana",non-elite,1593,3205,4893,6608,8362,10282,12247,14056,1612,1688,1715,1754,1920,1965,1809
44954,"Park, Susan",non-elite,1582,3194,4869,6590,8344,10207,12186,14047,1612,1675,1721,1754,1863,1979,1861
44955,"Aninag, Alyssa",non-elite,1544,3141,4751,6366,8164,9974,12005,14023,1597,1610,1615,1798,1810,2031,2018
44956,"Lira, Chuy",non-elite,1272,2548,3813,5079,7021,8698,10725,14173,1276,1265,1266,1942,1677,2027,3448
44957,"Cothern, Stephanie L",non-elite,1584,3186,4799,6452,8126,9880,11634,13642,1602,1613,1653,1674,1754,1754,2008
44958,"Johnson, William F.",non-elite,1708,3359,5093,6899,8791,10696,12510,14174,1651,1734,1806,1892,1905,1814,1664
44959,"Hinton, Leslie",non-elite,1546,3108,4758,6501,8242,10121,12076,14018,1562,1650,1743,1741,1879,1955,1942
44960,"Juppe, Michael",non-elite,1535,3099,4710,6354,8099,9928,11854,13963,1564,1611,1644,1745,1829,1926,2109
44961,"Berube, Ilse W",non-elite,1641,3277,4920,6569,8303,10172,12110,14018,1636,1643,1649,1734,1869,1938,1908
44962,"Lesher, Laurie",non-elite,1620,3255,4941,6669,8395,10243,12147,14032,1635,1686,1728,1726,1848,1904,1885
44963,"Feltz, Steve",non-elite,1203,2472,3760,5093,6459,7937,9740,12649,1269,1288,1333,1366,1478,1803,2909
44964,"Widmer, Marise A",non-elite,1688,3404,5140,6913,8669,10492,12357,14121,1716,1736,1773,1756,1823,1865,1764
44965,"Michigan, Joelle",non-elite,1742,3516,5138,6826,8556,10370,12253,14089,1774,1622,1688,1730,1814,1883,1836
44966,"Lemieux, Julie",non-elite,1470,2981,4584,6242,8032,9915,12192,14051,1511,1603,1658,1790,1883,2277,1859
44967,"Vaughn, Marisa",non-elite,1601,3236,4913,6661,8418,10274,12227,14077,1635,1677,1748,1757,1856,1953,1850
44968,"Tellez, Maria Esther",non-elite,1654,3312,5044,6817,8596,10411,12262,14081,1658,1732,1773,1779,1815,1851,1819
44969,"Giddings, Nicole",non-elite,1624,3241,4883,6593,8304,10080,11988,13979,1617,1642,1710,1711,1776,1908,1991
44970,"Tosone, Christine M.",non-elite,1562,3253,5046,6767,8520,10450,12444,14142,1691,1793,1721,1753,1930,1994,1698
44971,"Rennick, Luice",non-elite,1665,3337,5021,6717,8426,10240,12146,14079,1672,1684,1696,1709,1814,1906,1933
44972,"Schoelen, Todd",non-elite,1531,3133,4900,6694,8490,10322,12214,14046,1602,1767,1794,1796,1832,1892,1832
44973,"Plamondon, Lise",non-elite,1717,3450,5186,6938,8706,10537,12360,14128,1733,1736,1752,1768,1831,1823,1768
44974,"Dean, Elizabeth",non-elite,1533,3115,4806,6503,8235,10189,12083,14101,1582,1691,1697,1732,1954,1894,2018
44975,"Finn, Tracy A",non-elite,1594,3173,4787,6434,8162,10081,12079,14028,1579,1614,1647,1728,1919,1998,1949
44976,"Wargin, Susie M",non-elite,1591,3162,4725,6297,7972,9933,12135,14058,1571,1563,1572,1675,1961,2202,1923
44977,"Ashcraft, Brooke A",non-elite,1435,2907,4439,6058,7773,9692,11744,13959,1472,1532,1619,1715,1919,2052,2215
44978,"Wiley, Anjanette M",non-elite,1652,3283,4931,6618,8323,10147,11972,13945,1631,1648,1687,1705,1824,1825,1973
44979,"Turner, Nancy J",non-elite,1565,3156,4735,6328,7951,9863,12102,14029,1591,1579,1593,1623,1912,2239,1927
44980,"Morgan, Michelle B",non-elite,1578,3187,4849,6591,8332,10230,12159,14032,1609,1662,1742,1741,1898,1929,1873
44981,"Hull, Angela N.",non-elite,1590,3233,4918,6653,8403,10210,12222,14084,1643,1685,1735,1750,1807,2012,1862
44982,"Wern, Melissa",non-elite,1503,3123,4836,6574,8339,10228,12166,14073,1620,1713,1738,1765,1889,1938,1907
44983,"Gzela, Dagmara",non-elite,1681,3333,5017,6743,8507,10381,12285,14109,1652,1684,1726,1764,1874,1904,1824
44984,"Higgins, Hillary P",non-elite,1468,2966,4506,6224,7948,9863,11876,13906,1498,1540,1718,1724,1915,2013,2030
44985,"Wasko, Drew W Jr.",non-elite,1699,3388,5090,6811,8538,10330,12217,14120,1689,1702,1721,1727,1792,1887,1903
44986,"Sanborn, Kay",non-elite,1549,3118,4715,6382,8173,10028,12071,14029,1569,1597,1667,1791,1855,2043,1958
44987,"Becker, Peggy M",non-elite,1569,3222,4959,6738,8486,10334,12268,14112,1653,1737,1779,1748,1848,1934,1844
44988,"Reardon, Roberta L",non-elite,1551,3144,4798,6511,8366,10216,12123,14068,1593,1654,1713,1855,1850,1907,1945
44989,"Green, Martin",non-elite,1411,2860,4437,6214,8027,9917,12084,14006,1449,1577,1777,1813,1890,2167,1922
44990,"Fullmer, Kylie",non-elite,1582,3189,4822,6497,8213,10099,12095,13982,1607,1633,1675,1716,1886,1996,1887
44991,"Ling, Meghan A.",non-elite,1489,3058,4685,6308,8329,10796,12479,14132,1569,1627,1623,2021,2467,1683,1653
44992,"Anifantakis, Mariya",non-elite,1476,2967,4459,5993,7611,9440,11555,13915,1491,1492,1534,1618,1829,2115,2360
44993,"Hibben, Ted",non-elite,1391,2784,4262,5824,7477,9463,11857,14105,1393,1478,1562,1653,1986,2394,2248
44994,"Cuddy, Carolyn",non-elite,1676,3376,5078,6813,8585,10423,12274,14095,1700,1702,1735,1772,1838,1851,1821
44995,"Wilson, Kristen",non-elite,1586,3188,4828,6504,8218,10090,11986,14033,1602,1640,1676,1714,1872,1896,2047
44996,"Thompson, Kristen M.",non-elite,1638,3305,4999,6705,8434,10317,12244,14091,1667,1694,1706,1729,1883,1927,1847
44997,"Leety-Weinstein, Jessica",non-elite,1672,3353,5078,6797,8517,10341,12226,14089,1681,1725,1719,1720,1824,1885,1863
44998,"Johnson, Laurie",non-elite,1581,3160,4741,6431,8245,10140,12128,14038,1579,1581,1690,1814,1895,1988,1910
44999,"Creggy, John",non-elite,1918,3785,5616,7460,9272,11060,12720,14248,1867,1831,1844,1812,1788,1660,1528
45000,"Roberts, Lois",non-elite,1491,2962,4466,6244,7968,9933,11973,13999,1471,1504,1778,1724,1965,2040,2026
45001,"Fischer, Jill",non-elite,1569,3208,4926,6733,8488,10379,12273,14124,1639,1718,1807,1755,1891,1894,1851
45002,"Davey, Kelli",non-elite,1565,3185,4821,6556,8313,10169,12143,14022,1620,1636,1735,1757,1856,1974,1879
45003,"Kapulica, Aleksandar",non-elite,1705,3326,4947,6591,8288,10109,12086,14012,1621,1621,1644,1697,1821,1977,1926
45004,"Garner, Todd W.",non-elite,1369,2830,4341,5973,7677,9689,11922,13960,1461,1511,1632,1704,2012,2233,2038
45005,"Spears, Kim",non-elite,1549,3084,4659,6428,8129,9952,12064,14063,1535,1575,1769,1701,1823,2112,1999
45006,"Schimpf, Dany",non-elite,1381,2802,4252,5886,7992,9752,11901,13863,1421,1450,1634,2106,1760,2149,1962
45007,"Sherman, R. Brooks",non-elite,1674,3379,5028,6681,8345,10055,11907,13873,1705,1649,1653,1664,1710,1852,1966
45008,"Walsh, Lisa A",non-elite,1652,3385,5056,6745,8419,10232,12154,14100,1733,1671,1689,1674,1813,1922,1946
45009,"Nix, Julie K",non-elite,1658,3307,4966,6651,8353,10120,11987,13987,1649,1659,1685,1702,1767,1867,2000
45010,"Urman, Kate",non-elite,1604,3165,4815,6545,8318,10212,12103,14063,1561,1650,1730,1773,1894,1891,1960
45011,"Terwilliger, Joel L",non-elite,1373,2778,4219,5693,7219,8833,10643,13603,1405,1441,1474,1526,1614,1810,2960
45012,"Citrin, Jacob A.",non-elite,1755,3443,5135,6842,8489,10181,11992,13971,1688,1692,1707,1647,1692,1811,1979
45013,"Micklas, James A",non-elite,1382,2779,4208,5672,7842,9845,12209,13960,1397,1429,1464,2170,2003,2364,1751
45014,"Bauer, Carl",non-elite,1352,2724,4099,5512,6957,8771,11118,14033,1372,1375,1413,1445,1814,2347,2915
45015,"Lynch, Mike",non-elite,1720,3457,5220,6962,8691,10502,12276,14063,1737,1763,1742,1729,1811,1774,1787
45016,"Bauer, Amanda",non-elite,1474,3027,4670,6417,8205,10124,12165,14064,1553,1643,1747,1788,1919,2041,1899
45017,"Jackson, Kathy",non-elite,1720,3458,5219,6953,8691,10502,12276,14063,1738,1761,1734,1738,1811,1774,1787
45018,"Boyle, Bob",non-elite,1692,3376,5106,6851,8553,10338,12202,14035,1684,1730,1745,1702,1785,1864,1833
45019,"Beard, Donna",non-elite,1560,3119,4732,6402,8135,9987,11993,13966,1559,1613,1670,1733,1852,2006,1973
45020,"Leighton, Heidi C",non-elite,1532,3045,4577,6232,7969,9779,11784,14021,1513,1532,1655,1737,1810,2005,2237
45021,"Martin, Steve",non-elite,1634,3285,4952,6629,8336,10131,12017,13990,1651,1667,1677,1707,1795,1886,1973
45022,"Verdi, Lisa J",non-elite,1502,2974,4500,6088,8211,9864,12093,14171,1472,1526,1588,2123,1653,2229,2078
45023,"Boyle, James",non-elite,1693,3377,5106,6852,8554,10339,12203,14036,1684,1729,1746,1702,1785,1864,1833
45024,"Nam, Jeong Jo",non-elite,1666,3319,4929,6590,8305,10131,12089,14033,1653,1610,1661,1715,1826,1958,1944
45025,"Panek, Thomas",non-elite,1504,3078,4712,6431,8224,10097,12067,13963,1574,1634,1719,1793,1873,1970,1896
45026,"Hau, Vincent",non-elite,1505,3078,4712,6432,8224,10097,12067,13963,1573,1634,1720,1792,1873,1970,1896
45027,"King, Jack",non-elite,1562,3134,4700,6338,7989,9791,11961,14051,1572,1566,1638,1651,1802,2170,2090
45028,"Pippin, Sonja",non-elite,1432,2876,4358,5884,7499,9051,11176,14076,1444,1482,1526,1615,1552,2125,2900
45029,"Boland, Laurie E.",non-elite,1612,3188,4800,6500,8254,10136,12178,14068,1576,1612,1700,1754,1882,2042,1890
45030,"Collins, Cathy M",non-elite,1631,3263,4932,6630,8377,10331,12254,14101,1632,1669,1698,1747,1954,1923,1847
45031,"Magee, Crystal R",non-elite,1551,3209,4935,6709,8484,10332,12223,14065,1658,1726,1774,1775,1848,1891,1842
45032,"Daley, Mary M",non-elite,1532,3096,4789,6504,8203,10043,12153,14046,1564,1693,1715,1699,1840,2110,1893
45033,"Kanaan, Fadi P.",non-elite,1665,3257,4876,6576,8291,10246,12177,14086,1592,1619,1700,1715,1955,1931,1909
45034,"Fisher, Michelle A.",non-elite,1578,3111,4754,6412,8099,9913,11956,14038,1533,1643,1658,1687,1814,2043,2082
45035,"Pouw, Erwin",non-elite,1641,3218,4760,6321,7895,9587,11460,13811,1577,1542,1561,1574,1692,1873,2351
45036,"Sevcik, David",non-elite,1297,2573,3838,5104,7046,8723,10751,14199,1276,1265,1266,1942,1677,2028,3448
45037,"Dorfmann, Luis",non-elite,1530,3076,4675,6388,8119,9999,12096,14076,1546,1599,1713,1731,1880,2097,1980
45038,"Wagner, Wendy J",non-elite,1543,3138,4801,6556,8410,10290,12299,14098,1595,1663,1755,1854,1880,2009,1799
45039,"O'Neill, Jo Anne",non-elite,1632,3314,4994,6716,8448,10255,12139,13993,1682,1680,1722,1732,1807,1884,1854
45040,"Hager, Hilda",non-elite,1682,3425,5269,7009,8748,10579,12368,14117,1743,1844,1740,1739,1831,1789,1749
45041,"Schindler, Crista L.",non-elite,1694,3366,5037,6809,8528,10322,12191,14118,1672,1671,1772,1719,1794,1869,1927
45042,"Williams, Rosemary",non-elite,1599,3252,5007,6803,8601,10439,12299,14106,1653,1755,1796,1798,1838,1860,1807
45043,"Thornburg, Eric W.",non-elite,1644,3308,4996,6702,8399,10180,12076,14057,1664,1688,1706,1697,1781,1896,1981
45044,"Murphy, Rosemary A.",non-elite,1810,3498,5195,6894,8602,10386,12259,14090,1688,1697,1699,1708,1784,1873,1831
45045,"Cantin, Sarah",non-elite,1771,3515,5246,6939,8632,10414,12210,14112,1744,1731,1693,1693,1782,1796,1902
45046,"Flynn, Karen A",non-elite,1584,3224,4914,6638,8410,10302,12263,14108,1640,1690,1724,1772,1892,1961,1845
45047,"Nigrelli, Anne",non-elite,1595,3237,4913,6627,8396,10312,12260,14107,1642,1676,1714,1769,1916,1948,1847
45048,"Sukstorf, Sandra",non-elite,1644,3331,5028,6763,8507,10326,12185,14038,1687,1697,1735,1744,1819,1859,1853
45049,"Tveter, Astrid Margrethe D.",non-elite,1612,3226,4893,6615,8363,10206,12134,14070,1614,1667,1722,1748,1843,1928,1936
45050,"Morin, Esther D.",non-elite,1584,3224,4981,6766,8563,10409,12317,14127,1640,1757,1785,1797,1846,1908,1810
45051,"Hind, Joleen",non-elite,1630,3264,4923,6629,8364,10228,12160,14073,1634,1659,1706,1735,1864,1932,1913
45052,"Eusey, Shannon",non-elite,1558,3156,4798,6490,8251,10145,12128,14033,1598,1642,1692,1761,1894,1983,1905
45053,"Lewis, Lonnie M.",non-elite,1609,3230,5063,6793,8526,10323,12172,14040,1621,1833,1730,1733,1797,1849,1868
45054,"Knoblock, Amy H",non-elite,1394,2807,4289,5858,7419,9396,12173,14062,1413,1482,1569,1561,1977,2777,1889
45055,"Thompson, Linda M.",non-elite,1731,3454,5172,6901,8664,10472,12286,14105,1723,1718,1729,1763,1808,1814,1819
45056,"Schofield, Krista",non-elite,1558,3147,4827,6531,8232,10049,12016,14027,1589,1680,1704,1701,1817,1967,2011
45057,"Dixon, Rachel",non-elite,1552,3102,4648,6231,7982,9884,11978,14045,1550,1546,1583,1751,1902,2094,2067
45058,"Davis, Erynne G",non-elite,1630,3267,4913,6612,8324,10102,12088,14064,1637,1646,1699,1712,1778,1986,1976
45059,"Smith, Bridget H.",non-elite,1611,3233,4846,6547,8278,10238,12224,14151,1622,1613,1701,1731,1960,1986,1927
45060,"Venturi, Sharon",non-elite,1538,3132,4795,6505,8273,10218,12210,14034,1594,1663,1710,1768,1945,1992,1824
45061,"Hall, Michelle K.",non-elite,1650,3352,5056,6801,8579,10616,12459,14139,1702,1704,1745,1778,2037,1843,1680
45062,"Heger, Sarah",non-elite,1400,2811,4234,5724,7384,9347,11635,13928,1411,1423,1490,1660,1963,2288,2293
45063,"Bennett, Kevin M.",non-elite,1324,2861,4437,6145,7854,9710,11805,14024,1537,1576,1708,1709,1856,2095,2219
45064,"Kane, Justine",non-elite,1634,3284,4968,6722,8495,10386,12359,14153,1650,1684,1754,1773,1891,1973,1794
45065,"Maccherola, Tracy",non-elite,1671,3348,5053,6804,8565,10422,12304,14110,1677,1705,1751,1761,1857,1882,1806
45066,"Luttikhuizen, Bernard",non-elite,1708,3399,5087,6756,8444,10252,12063,13819,1691,1688,1669,1688,1808,1811,1756
45067,"Neuhaus, Ellen M",non-elite,1662,3351,5064,6839,8566,10384,12267,14104,1689,1713,1775,1727,1818,1883,1837
45068,"Maiers, Julie A",non-elite,1662,3351,5064,6839,8566,10383,12266,14104,1689,1713,1775,1727,1817,1883,1838
45069,"Eaton, Thomas",non-elite,1536,3116,4732,6384,8090,9897,12039,14005,1580,1616,1652,1706,1807,2142,1966
45070,"Hua, Ping",non-elite,1541,3161,4867,6612,8355,10211,12115,14051,1620,1706,1745,1743,1856,1904,1936
45071,"Crisafulli, Russell E.",non-elite,1395,2805,4436,6229,7996,9962,12032,14041,1410,1631,1793,1767,1966,2070,2009
45072,"Hamilton, Lynn",non-elite,1563,3137,4742,6426,8212,10158,12188,14095,1574,1605,1684,1786,1946,2030,1907
45073,"Johnson, Rick",non-elite,1568,3195,4830,6494,8172,9910,11755,13915,1627,1635,1664,1678,1738,1845,2160
45074,"Cadena, Graciela",non-elite,1556,3117,4738,6465,8272,10184,12174,14061,1561,1621,1727,1807,1912,1990,1887
45075,"Zalan, Bill",non-elite,1747,3526,5262,7131,9005,10932,12645,14240,1779,1736,1869,1874,1927,1713,1595
45076,"Smith, Sherman H.",non-elite,1645,3301,5008,6762,8495,10358,12328,14099,1656,1707,1754,1733,1863,1970,1771
45077,"Yellin, Sharon B.",non-elite,1525,3092,4765,6522,8304,10152,12159,14116,1567,1673,1757,1782,1848,2007,1957
45078,"Yarmosky, Jessica L.",non-elite,1708,3387,5063,6772,8472,10260,12201,14114,1679,1676,1709,1700,1788,1941,1913
45079,"Nivarovich, Claire F.",non-elite,1541,3139,4767,6552,8299,10197,12200,14074,1598,1628,1785,1747,1898,2003,1874
45080,"Loranger, Normand",non-elite,1467,2973,4564,6214,7920,9822,11961,13997,1506,1591,1650,1706,1902,2139,2036
45081,"Highland, Doris",non-elite,1746,3503,5241,7004,8708,10479,12289,14080,1757,1738,1763,1704,1771,1810,1791
45082,"Neary, Rebecca",non-elite,1592,3233,5003,6836,8569,10365,12366,14158,1641,1770,1833,1733,1796,2001,1792
45083,"Bennes, Justin",non-elite,1607,3251,4946,6686,8503,10394,12347,14172,1644,1695,1740,1817,1891,1953,1825
45084,"Burke, Christine",non-elite,1474,2948,4434,5945,7498,9490,11581,13918,1474,1486,1511,1553,1992,2091,2337
45085,"Tuttle, Jim",non-elite,1562,3169,4888,6607,8364,10182,12137,14066,1607,1719,1719,1757,1818,1955,1929
45086,"Gangl, Roberta",non-elite,1641,3304,5004,6780,8533,10384,12275,14105,1663,1700,1776,1753,1851,1891,1830
45087,"Pollock, Jason",non-elite,1593,3205,4868,6568,8277,10073,11996,13972,1612,1663,1700,1709,1796,1923,1976
45088,"Lazarakis, Spiro",non-elite,1549,3127,4755,6424,8101,9903,11881,13925,1578,1628,1669,1677,1802,1978,2044
45089,"Scaletta, A J.",non-elite,1557,3187,4885,6692,8497,10308,12240,14103,1630,1698,1807,1805,1811,1932,1863
45090,"Mock, Sandra J",non-elite,1634,3305,5003,6787,8547,10366,12265,14102,1671,1698,1784,1760,1819,1899,1837
45091,"Van Cleve, Gary A",non-elite,1615,3212,4818,6470,8121,9930,11954,13888,1597,1606,1652,1651,1809,2024,1934
45092,"Parks, Natalie",non-elite,1617,3283,5019,6727,8467,10226,12199,14094,1666,1736,1708,1740,1759,1973,1895
45093,"Sorenson, Jennifer L.",non-elite,1548,3097,4677,6291,7947,9860,11915,14086,1549,1580,1614,1656,1913,2055,2171
45094,"Melaugh, Colleen M.",non-elite,1786,3584,5371,7138,8901,10690,12456,14149,1798,1787,1767,1763,1789,1766,1693
45095,"Maslin, Keith",non-elite,1648,3306,4990,6715,8444,10329,12276,14108,1658,1684,1725,1729,1885,1947,1832
45096,"Changwang, Liang Sr.",non-elite,1526,3053,4629,6252,7910,9730,12009,13988,1527,1576,1623,1658,1820,2279,1979
45097,"Gibson, Teresa",non-elite,1782,3530,5299,7073,8841,10632,12384,14121,1748,1769,1774,1768,1791,1752,1737
45098,"Regolino, Zack J.",non-elite,1800,3447,5129,6727,8278,10063,12115,14079,1647,1682,1598,1551,1785,2052,1964
45099,"Lain, Stephanie",non-elite,1535,3084,4701,6404,8177,10048,11959,13889,1549,1617,1703,1773,1871,1911,1930
45100,"Delmonte, John",non-elite,1485,2962,4463,6128,7851,10040,12091,14087,1477,1501,1665,1723,2189,2051,1996
45101,"Chu, George M.",non-elite,1616,3268,4960,6668,8392,10241,12174,14091,1652,1692,1708,1724,1849,1933,1917
45102,"Collins, Yong S",non-elite,1656,3361,5067,6829,8636,10502,12373,14118,1705,1706,1762,1807,1866,1871,1745
45103,"Voigtschild, Kathy E",non-elite,1553,3161,4734,6327,8037,9944,11921,14058,1608,1573,1593,1710,1907,1977,2137
45104,"Ayers, Elizabeth",non-elite,1656,3353,5098,6836,8577,10415,12291,14099,1697,1745,1738,1741,1838,1876,1808
45105,"Rendeiro, Ana I.",non-elite,1633,3328,5057,6832,8562,10413,12314,14119,1695,1729,1775,1730,1851,1901,1805
45106,"Jepson, Mark A",non-elite,1670,3366,5051,6729,8426,10170,12029,13981,1696,1685,1678,1697,1744,1859,1952
45107,"Hodges, Melissa A",non-elite,1557,3138,4873,6551,8285,10208,12208,14092,1581,1735,1678,1734,1923,2000,1884
45108,"Gibson, Jodi",non-elite,1617,3258,4921,6604,8343,10190,12123,14039,1641,1663,1683,1739,1847,1933,1916
45109,"Vannucci, Todd",non-elite,1437,2892,4514,6434,8089,9791,11775,13784,1455,1622,1920,1655,1702,1984,2009
45110,"Holland, Lindsey",non-elite,1789,3532,5269,7093,8871,10666,12460,14198,1743,1737,1824,1778,1795,1794,1738
45111,"Rehbein, Angela",non-elite,1612,3233,4871,6530,8235,10086,12130,14119,1621,1638,1659,1705,1851,2044,1989
45112,"Peterson, Jennifer S",non-elite,1668,3321,4980,6660,8359,10181,12205,14079,1653,1659,1680,1699,1822,2024,1874
45113,"Cerpovicz, Leeann",non-elite,1648,3293,4968,6691,8427,10228,12134,14059,1645,1675,1723,1736,1801,1906,1925
45114,"Schatz, Michaela",non-elite,1661,3324,5021,6752,8508,10341,12259,14117,1663,1697,1731,1756,1833,1918,1858
45115,"Stroulger, John",non-elite,1567,3200,4849,6543,8255,10062,11996,13974,1633,1649,1694,1712,1807,1934,1978
45116,"Doherty, Kevin J.",non-elite,1772,3529,5163,6780,8453,10247,12057,13972,1757,1634,1617,1673,1794,1810,1915
45117,"Pierce, Glenn D.",non-elite,1468,2982,4573,6292,8054,10012,12066,14039,1514,1591,1719,1762,1958,2054,1973
45118,"Macgregor, Bonnie",non-elite,1629,3288,5009,6796,8557,10445,12373,14139,1659,1721,1787,1761,1888,1928,1766
45119,"Gallo, Wendy",non-elite,1683,3355,5068,6805,8546,10363,12251,14100,1672,1713,1737,1741,1817,1888,1849
45121,"Fitzpatrick, Meaghan E.",non-elite,1700,3364,5011,6706,8497,10318,12183,14087,1664,1647,1695,1791,1821,1865,1904
45122,"Anderson, Jill",non-elite,1683,3355,5068,6804,8546,10363,12251,14100,1672,1713,1736,1742,1817,1888,1849
45123,"Stewart, David",non-elite,1666,3376,5067,6792,8552,10412,12261,14063,1710,1691,1725,1760,1860,1849,1802
45124,"Chase, Heather",non-elite,1669,3358,5055,6748,8438,10324,12191,14087,1689,1697,1693,1690,1886,1867,1896
45125,"Earley, Sean J.",non-elite,1838,3638,5394,7186,8930,10727,12462,14166,1800,1756,1792,1744,1797,1735,1704
45126,"Diserafino, Ann Marie",non-elite,1632,3284,5115,6770,8449,10245,12220,14074,1652,1831,1655,1679,1796,1975,1854
45127,"Kim, Jong-Kwan",non-elite,1501,3032,4604,6251,7931,9977,11937,14083,1531,1572,1647,1680,2046,1960,2146
45128,"Cameron, Kerry",non-elite,1802,3586,5353,7119,8867,10640,12423,14193,1784,1767,1766,1748,1773,1783,1770
45129,"King, William R. Jr.",non-elite,1671,3286,4880,6496,8236,10185,12178,14079,1615,1594,1616,1740,1949,1993,1901
45130,"Tallack, Audethy",non-elite,1672,3361,5051,6788,8514,10315,12198,14081,1689,1690,1737,1726,1801,1883,1883
45131,"Enge, Jimmy",non-elite,1476,2993,4557,6194,7877,9766,11837,13967,1517,1564,1637,1683,1889,2071,2130
45132,"Isaias, Roberto",non-elite,1585,3161,4767,6506,8247,10231,12267,14144,1576,1606,1739,1741,1984,2036,1877
45133,"Elliott, Lina M.",non-elite,1552,3183,4897,6708,8550,10437,12300,14124,1631,1714,1811,1842,1887,1863,1824
45134,"Kounlasa, Sinthy",non-elite,1695,3309,4960,6669,8489,10327,12241,14106,1614,1651,1709,1820,1838,1914,1865
45135,"Reinsma, Kate R.",non-elite,1575,3152,4740,6325,7906,9696,11964,13978,1577,1588,1585,1581,1790,2268,2014
45136,"Eason, Patricia",non-elite,1603,3219,4873,6573,8307,10299,12334,14146,1616,1654,1700,1734,1992,2035,1812
45137,"Field, Nicholas",non-elite,1460,2940,4434,6006,7640,9592,11989,14021,1480,1494,1572,1634,1952,2397,2032
45138,"Flannery, Laura D.",non-elite,1902,3692,5397,7119,8868,10650,12437,14176,1790,1705,1722,1749,1782,1787,1739
45139,"Becque, Jozef Alois",non-elite,1443,2940,4594,6369,8166,9983,12080,14041,1497,1654,1775,1797,1817,2097,1961
45140,"Wood, Nicole B",non-elite,1477,2988,4574,6290,8113,10032,12072,14059,1511,1586,1716,1823,1919,2040,1987
45141,"Ciaio, Andrew C",non-elite,1456,2913,4447,6097,7776,9589,11733,13901,1457,1534,1650,1679,1813,2144,2168
45142,"Sanchez, Ronald",non-elite,1479,2970,4495,6136,8119,10100,12162,14036,1491,1525,1641,1983,1981,2062,1874
45143,"Wood, Jeff M",non-elite,1578,3127,4728,6332,8013,9860,12057,14018,1549,1601,1604,1681,1847,2197,1961
45144,"Voll, Julianne",non-elite,1825,3544,5249,6966,8703,10521,12362,14158,1719,1705,1717,1737,1818,1841,1796
45145,"Lincoln, Patrick Brennan",non-elite,1580,3132,4697,6382,8119,10032,12090,14087,1552,1565,1685,1737,1913,2058,1997
45146,"Mirabella, Steven",non-elite,1610,3205,4809,6439,8152,10032,12030,14013,1595,1604,1630,1713,1880,1998,1983
45147,"Guetzlaff, Patricia",non-elite,1601,3206,4840,6507,8223,10067,12076,14017,1605,1634,1667,1716,1844,2009,1941
45148,"Le, Chinh",non-elite,1658,3158,4633,6148,7929,9987,12140,14151,1500,1475,1515,1781,2058,2153,2011
45149,"Ritter, Meredith J",non-elite,1494,3021,5439,7103,8797,10606,12405,14183,1527,2418,1664,1694,1809,1799,1778
45150,"Kralovanec, Jill L",non-elite,1586,3181,4782,6433,8135,10057,12097,14081,1595,1601,1651,1702,1922,2040,1984
45151,"Scott, Marcia",non-elite,1482,3117,4740,6497,8310,10232,12210,14178,1635,1623,1757,1813,1922,1978,1968
45152,"Lienczewski, Chrysta C",non-elite,1586,3182,4783,6448,8197,10114,12097,14081,1596,1601,1665,1749,1917,1983,1984
45153,"Cicchelli, Camillo Antonio",non-elite,1643,3232,4767,6359,8027,9908,12067,13978,1589,1535,1592,1668,1881,2159,1911
45154,"Bartoli, Phyllis R",non-elite,1554,3229,4951,6731,8574,10476,12393,14149,1675,1722,1780,1843,1902,1917,1756
45155,"Dang, Minh V",non-elite,1591,3187,4813,6527,8246,10155,12148,14084,1596,1626,1714,1719,1909,1993,1936
45156,"Southall, Donna",non-elite,1590,3189,4797,6430,8075,9804,11936,13976,1599,1608,1633,1645,1729,2132,2040
45157,"Kunkel, Sven",non-elite,1357,2727,4193,5760,7410,9294,11473,13729,1370,1466,1567,1650,1884,2179,2256
45158,"Mckay, Caitlin",non-elite,1420,2891,4487,6241,8030,9864,12027,14091,1471,1596,1754,1789,1834,2163,2064
45159,"Koenig, David",non-elite,1794,3463,5138,6776,8462,10278,12229,14122,1669,1675,1638,1686,1816,1951,1893
45161,"Leiter, Josie M.",non-elite,1617,3269,4961,6689,8444,10333,12241,14125,1652,1692,1728,1755,1889,1908,1884
45162,"Zhu, Jinming",non-elite,1613,3209,4841,6512,8186,9938,12011,14034,1596,1632,1671,1674,1752,2073,2023
45163,"Echeverria Villar, Jose Antonio",non-elite,1603,3178,4802,6515,8359,10304,12194,14107,1575,1624,1713,1844,1945,1890,1913
45164,"Hopkins, Karen W.",non-elite,1622,3251,4912,6587,8326,10161,12157,14077,1629,1661,1675,1739,1835,1996,1920
45165,"Godwin, Alex",non-elite,1443,2883,4325,5794,7270,9177,11635,14003,1440,1442,1469,1476,1907,2458,2368
45166,"Kratz, Jessie A",non-elite,1477,3041,4743,6534,8356,10273,12253,14124,1564,1702,1791,1822,1917,1980,1871
45167,"Smith, Marilee S.",non-elite,1589,3273,4911,6608,8349,10218,12256,14112,1684,1638,1697,1741,1869,2038,1856
45168,"Sumara, Jacinda",non-elite,1563,3119,4730,6406,8134,9992,12164,14118,1556,1611,1676,1728,1858,2172,1954
45169,"Perse, Reeva",non-elite,1703,3389,5075,6782,8525,10336,12235,14139,1686,1686,1707,1743,1811,1899,1904
45170,"Curlee, Keith",non-elite,1469,2929,4429,5895,7435,9488,11547,13887,1460,1500,1466,1540,2053,2059,2340
45171,"Arriola, Ariel R.",non-elite,1657,3254,4883,6511,8176,10016,11942,13947,1597,1629,1628,1665,1840,1926,2005
45172,"Hengtgen, Edward L. Jr.",non-elite,1509,3015,4538,6158,7863,9805,11914,14059,1506,1523,1620,1705,1942,2109,2145
45173,"Batzel, Cindy",non-elite,1570,3161,4780,6441,8143,10203,12142,14096,1591,1619,1661,1702,2060,1939,1954
45174,"Gonzales, Evy R",non-elite,1534,3046,4577,6188,7881,9793,11797,14104,1512,1531,1611,1693,1912,2004,2307
45175,"Orr, Mary P.",non-elite,1548,3084,4682,6491,8303,10192,12170,14003,1536,1598,1809,1812,1889,1978,1833
45176,"Torquemada Alonso, Ernesto Sr.",non-elite,1652,3237,4817,6471,8197,10099,12108,14066,1585,1580,1654,1726,1902,2009,1958
45177,"Harbert, Cathy",non-elite,1678,3379,5096,6808,8536,10336,12222,14109,1701,1717,1712,1728,1800,1886,1887
45178,"Mccullough, Gregory O",non-elite,1418,2840,4256,5679,7158,8805,11575,14183,1422,1416,1423,1479,1647,2770,2608
45179,"Yeager, Alissa M.",non-elite,1599,3260,4954,6665,8396,10241,12157,14077,1661,1694,1711,1731,1845,1916,1920
45180,"Summey, Gene",non-elite,1605,3218,4793,6428,8037,9832,11888,14078,1613,1575,1635,1609,1795,2056,2190
45181,"Howlett, Evan",non-elite,1503,2976,4466,6038,7737,9669,11772,13962,1473,1490,1572,1699,1932,2103,2190
45182,"Wasky, Carolyn P.",non-elite,1530,3113,4726,6441,8204,10117,12144,14130,1583,1613,1715,1763,1913,2027,1986
45183,"Russ, Penny",non-elite,1615,3256,4932,6663,8405,10262,12180,14078,1641,1676,1731,1742,1857,1918,1898
45184,"Nelson, Ann D",non-elite,1589,3198,4806,6433,8486,10388,12290,14147,1609,1608,1627,2053,1902,1902,1857
45185,"Welander, Madelene",non-elite,1641,3310,5026,6731,8484,10276,12112,14084,1669,1716,1705,1753,1792,1836,1972
45186,"Fannin, Richard",non-elite,1588,3231,4881,6604,8296,10121,12087,14092,1643,1650,1723,1692,1825,1966,2005
45187,"Plassenthal, Gerald V.",non-elite,1701,3416,5121,6837,8544,10287,12117,14188,1715,1705,1716,1707,1743,1830,2071
45188,"Naya, Miriam",non-elite,1582,3201,4940,6741,8579,10464,12352,14169,1619,1739,1801,1838,1885,1888,1817
45189,"Ishikawa, Hiroyuki",non-elite,1521,3028,4539,6077,8129,10045,12048,14096,1507,1511,1538,2052,1916,2003,2048
45190,"Grinde Lundeberg, Anette",non-elite,1547,3144,5017,6900,8687,10624,12463,14186,1597,1873,1883,1787,1937,1839,1723
45191,"Krause, Shane",non-elite,1488,3041,4643,6398,8169,10015,12065,14050,1553,1602,1755,1771,1846,2050,1985
45192,"Pereira, Renata B",non-elite,1593,3225,4862,6525,8214,10042,11988,14082,1632,1637,1663,1689,1828,1946,2094
45193,"Gerson, Kelly",non-elite,1532,3034,4604,6305,8056,10231,12328,14234,1502,1570,1701,1751,2175,2097,1906
45194,"Williams, Willard C.",non-elite,1627,3281,4905,6561,8168,9982,12060,14160,1654,1624,1656,1607,1814,2078,2100
45195,"Jinxia, Liu",non-elite,1552,3138,4814,6558,8324,10191,12183,14104,1586,1676,1744,1766,1867,1992,1921
45196,"Nelson, Brooke N",non-elite,1627,3281,4904,6639,8407,10356,12288,14160,1654,1623,1735,1768,1949,1932,1872
45197,"Arenburg, James",non-elite,1700,3403,5084,6786,8502,10305,12186,14107,1703,1681,1702,1716,1803,1881,1921
45198,"Alonso-Mckenzie, Rosa",non-elite,1502,3077,4680,6373,8104,10001,11971,14025,1575,1603,1693,1731,1897,1970,2054
45199,"Thur, Paul",non-elite,1637,3209,4741,6319,7982,9684,11727,14087,1572,1532,1578,1663,1702,2043,2360
45200,"Lamothe, James L. Jr.",non-elite,1653,3325,4997,6676,8363,10128,12020,14113,1672,1672,1679,1687,1765,1892,2093
45201,"Stewart-Garbrecht, Patti P",non-elite,1576,3188,4815,6491,8240,10133,12120,14061,1612,1627,1676,1749,1893,1987,1941
45202,"Hunt, Sarah K.",non-elite,1738,3463,5192,6917,8708,10485,12268,14168,1725,1729,1725,1791,1777,1783,1900
45203,"Kofoed, Niels",non-elite,1540,3124,4758,6423,8125,9933,12060,14059,1584,1634,1665,1702,1808,2127,1999
45204,"Hynes, Tim J",non-elite,1631,3270,4957,6712,8481,10317,12241,14144,1639,1687,1755,1769,1836,1924,1903
45205,"Castillo, Fely S.",non-elite,1585,3258,4992,6752,8523,10389,12305,14132,1673,1734,1760,1771,1866,1916,1827
45206,"Weissman, Susan A",non-elite,1655,3336,5010,6709,8469,10333,12247,14099,1681,1674,1699,1760,1864,1914,1852
45207,"Nagelin, Andrew P.",non-elite,1731,3423,5123,6856,8613,10372,12241,14147,1692,1700,1733,1757,1759,1869,1906
45208,"Lutton, Robert",non-elite,1417,2837,4320,5986,7758,10066,12132,14087,1420,1483,1666,1772,2308,2066,1955
45209,"Baca, Donna",non-elite,1563,3117,4697,6349,8023,9811,12011,14079,1554,1580,1652,1674,1788,2200,2068
45210,"Buda, Dariusz",non-elite,1459,2904,4387,5930,7571,9648,12289,14113,1445,1483,1543,1641,2077,2641,1824
45211,"Craig, Patricia",non-elite,1562,3219,4898,6578,8251,10053,12095,14056,1657,1679,1680,1673,1802,2042,1961
45212,"Walther, Kevin P.",non-elite,1504,2994,4562,6249,7972,9866,11920,14032,1490,1568,1687,1723,1894,2054,2112
45213,"Moravec, Gwen",non-elite,1558,3101,4657,6312,8004,10052,12326,14172,1543,1556,1655,1692,2048,2274,1846
45214,"Chien, Jane",non-elite,1831,3562,5216,6924,8644,10475,12324,14151,1731,1654,1708,1720,1831,1849,1827
45215,"Foster, Curt",non-elite,1585,3184,4822,6532,8279,10148,12103,14081,1599,1638,1710,1747,1869,1955,1978
45216,"Doughty, Michael J.",non-elite,1579,3135,4753,6400,8174,10194,12232,14118,1556,1618,1647,1774,2020,2038,1886
45217,"Zimmermann, Josef Beat",non-elite,1696,3371,5024,6679,8362,10209,12127,14061,1675,1653,1655,1683,1847,1918,1934
45218,"Keylon, Natalie A",non-elite,1548,3136,4738,6426,8125,9995,12005,14007,1588,1602,1688,1699,1870,2010,2002
45219,"Hawe, Lesley J.",non-elite,1584,3186,4841,6569,8292,10195,12191,14093,1602,1655,1728,1723,1903,1996,1902
45220,"Rau, David A.",non-elite,1426,2864,4337,5947,7683,9743,11896,14044,1438,1473,1610,1736,2060,2153,2148
45221,"Cummings, Elizabeth P",non-elite,1480,2983,4665,6468,8284,10311,12485,14231,1503,1682,1803,1816,2027,2174,1746
45222,"Schilling, Amanda J",non-elite,1538,3083,4638,6314,8260,10435,12554,14276,1545,1555,1676,1946,2175,2119,1722
45223,"Shappell, Kristie K",non-elite,1702,3430,5155,6898,8656,10476,12352,14146,1728,1725,1743,1758,1820,1876,1794
45224,"Lasek, Dana",non-elite,1480,3004,4594,6247,7972,9842,11952,14116,1524,1590,1653,1725,1870,2110,2164
45225,"Green, Michael R. Sr.",non-elite,1385,2732,4179,5648,7294,9183,11369,14145,1347,1447,1469,1646,1889,2186,2776
45226,"Li, Xu",non-elite,1417,2865,4308,5833,7936,10357,12256,14088,1448,1443,1525,2103,2421,1899,1832
45227,"Woodruff, David",non-elite,1600,3230,4875,6704,8428,10229,12185,14190,1630,1645,1829,1724,1801,1956,2005
45228,"Kearney, Christopher J.",non-elite,1742,3364,4973,6596,8245,10074,12032,14049,1622,1609,1623,1649,1829,1958,2017
45229,"Broce, Anselmo",non-elite,1469,2931,4444,6017,7686,9562,11900,14002,1462,1513,1573,1669,1876,2338,2102
45230,"Campbell, Gary W.",non-elite,1592,3201,4836,6518,8248,10070,12086,14114,1609,1635,1682,1730,1822,2016,2028
45231,"Ivey, Grace C",non-elite,1561,3177,4863,6578,8316,10154,12104,14089,1616,1686,1715,1738,1838,1950,1985
45232,"Albrecht, Chris M",non-elite,1296,2659,4214,6020,7840,9781,11865,14021,1363,1555,1806,1820,1941,2084,2156
45233,"Massanelli, Greg",non-elite,1647,3292,4912,6551,8252,10111,12255,14142,1645,1620,1639,1701,1859,2144,1887
45234,"Massanelli, Jenny",non-elite,1647,3292,4913,6551,8252,10112,12255,14142,1645,1621,1638,1701,1860,2143,1887
45235,"O'Brien, Lois",non-elite,1593,3199,4791,6419,8083,9843,11926,13978,1606,1592,1628,1664,1760,2083,2052
45236,"Gottesfeld, Joyce",non-elite,1703,3395,5090,6839,8607,10470,12368,14159,1692,1695,1749,1768,1863,1898,1791
45237,"Taugher, Erika J",non-elite,1469,2938,4443,6188,8041,9910,11957,14031,1469,1505,1745,1853,1869,2047,2074
45238,"Collier, Kim",non-elite,1717,3407,5089,6816,8552,10392,12204,14060,1690,1682,1727,1736,1840,1812,1856
45239,"Stichter, Taylor J",non-elite,1533,3086,4670,6307,8084,9970,12076,14122,1553,1584,1637,1777,1886,2106,2046
45240,"Lyman, Sandi D",non-elite,1558,3156,4782,6474,8297,10128,12131,14176,1598,1626,1692,1823,1831,2003,2045
45241,"Liddle, Jason",non-elite,1442,2992,4572,6160,7766,9490,11456,13851,1550,1580,1588,1606,1724,1966,2395
45242,"Ridings, Gina",non-elite,1566,3195,4870,6631,8396,10197,12123,14107,1629,1675,1761,1765,1801,1926,1984
45243,"Paduch, Jeri L",non-elite,1730,3475,5232,6986,8746,10560,12375,14157,1745,1757,1754,1760,1814,1815,1782
45244,"Bowling, Frank",non-elite,1495,3043,4624,6294,8021,9908,11995,14087,1548,1581,1670,1727,1887,2087,2092
45245,"Mazur, Joe",non-elite,1446,2914,4411,5989,7658,9491,11615,13863,1468,1497,1578,1669,1833,2124,2248
45246,"Lareau, Adam",non-elite,1921,3857,5706,7464,9203,10950,12644,14279,1936,1849,1758,1739,1747,1694,1635
45247,"Soler, Darin",non-elite,1429,2896,4402,6039,7703,9431,11287,13646,1467,1506,1637,1664,1728,1856,2359
45248,"Mcmanus, Dan",non-elite,1610,3215,4824,6463,8136,9980,12125,14162,1605,1609,1639,1673,1844,2145,2037
45249,"To-Richardson, Thuy M",non-elite,1639,3276,5025,6682,8333,10070,11871,14116,1637,1749,1657,1651,1737,1801,2245
45250,"Cronin, Christine",non-elite,1610,3450,5079,6765,8567,10442,12426,14192,1840,1629,1686,1802,1875,1984,1766
45251,"Rapp, Gary",non-elite,1554,3161,4854,6594,8330,10192,12151,14082,1607,1693,1740,1736,1862,1959,1931
45252,"King, Brittany M.",non-elite,1546,3032,4598,6256,8041,10079,12057,14140,1486,1566,1658,1785,2038,1978,2083
45253,"Doucett, Sarah A",non-elite,1447,2936,4620,6421,8270,10266,12247,14166,1489,1684,1801,1849,1996,1981,1919
45254,"Starikova, Olga",non-elite,1724,3471,5236,7019,8799,10613,12418,14191,1747,1765,1783,1780,1814,1805,1773
45255,"Swanson, Marie",non-elite,1617,3245,4872,6519,8210,10072,12108,14082,1628,1627,1647,1691,1862,2036,1974
45256,"Carmona, Paul D",non-elite,1489,3000,4523,6136,7854,9804,11903,13998,1511,1523,1613,1718,1950,2099,2095
45257,"Krasniewicz, John",non-elite,1847,3691,5414,7134,8865,10663,12464,14174,1844,1723,1720,1731,1798,1801,1710
45258,"Chandler, Elizabeth",non-elite,1629,3283,4980,6694,8428,10335,12280,14135,1654,1697,1714,1734,1907,1945,1855
45259,"Gaytan, Liliana",non-elite,1600,3230,5015,6754,8531,10379,12359,14166,1630,1785,1739,1777,1848,1980,1807
45260,"Boyd, Robert M.",non-elite,1587,3057,4597,6241,8093,10017,12079,14096,1470,1540,1644,1852,1924,2062,2017
45261,"Hardy, Jane",non-elite,1541,3091,4677,6345,8145,10107,12264,14225,1550,1586,1668,1800,1962,2157,1961
45262,"Knowlton, Claire E.",non-elite,1643,3281,4917,6611,8494,10419,12374,14199,1638,1636,1694,1883,1925,1955,1825
45263,"Lambrecht, Ulrike",non-elite,1671,3371,5038,6772,8514,10355,12216,14119,1700,1667,1734,1742,1841,1861,1903
45264,"Suffoletto, Chris",non-elite,1689,3294,4903,6553,8268,10116,12116,14104,1605,1609,1650,1715,1848,2000,1988
45265,"Goodwin, Alyssa",non-elite,1525,3035,4573,6175,7778,9530,11825,14057,1510,1538,1602,1603,1752,2295,2232
45266,"Roe, Katie",non-elite,1577,3283,5035,6786,8549,10409,12298,14180,1706,1752,1751,1763,1860,1889,1882
45267,"Myke, Derek J.",non-elite,1671,3304,4976,6697,8422,10211,12171,13976,1633,1672,1721,1725,1789,1960,1805
45268,"Keith, Cindy L",non-elite,1540,3133,4801,6479,8170,10043,11992,14074,1593,1668,1678,1691,1873,1949,2082
45269,"Reznik-Zellen, Rebecca",non-elite,1499,3048,4667,6446,8237,10095,12099,14123,1549,1619,1779,1791,1858,2004,2024
45270,"Kelly, Nichole",non-elite,1526,3035,4574,6175,7779,9530,11825,14057,1509,1539,1601,1604,1751,2295,2232
45271,"LeFort, Judy J.",non-elite,1726,3412,5105,6850,8722,10531,12380,14166,1686,1693,1745,1872,1809,1849,1786
45272,"Osgood, Casey",non-elite,1810,3566,5291,7046,8790,10598,12419,14203,1756,1725,1755,1744,1808,1821,1784
45273,"Gearhiser, Laura D",non-elite,1430,2959,4596,6432,8188,10193,12237,14168,1529,1637,1836,1756,2005,2044,1931
45274,"Wade, Michelle M.",non-elite,1482,3031,4770,6614,8566,10387,12269,14176,1549,1739,1844,1952,1821,1882,1907
45275,"Drescher, Jessica L.",non-elite,1591,3208,4804,6441,8110,10106,12206,14166,1617,1596,1637,1669,1996,2100,1960
45276,"Kolman, John",non-elite,1571,3184,4865,6613,8407,10301,12210,14169,1613,1681,1748,1794,1894,1909,1959
45277,"Koynnos, Milla",non-elite,1622,3294,5006,6749,8460,10287,12235,14143,1672,1712,1743,1711,1827,1948,1908
45278,"Hainsworth, Becky W",non-elite,1672,3341,5027,6768,8525,10392,12333,14174,1669,1686,1741,1757,1867,1941,1841
45279,"Schmidt, Angie L.",non-elite,1697,3416,5132,6877,8625,10419,12297,14165,1719,1716,1745,1748,1794,1878,1868
45280,"Mattie, Jody",non-elite,1682,3343,5019,6702,8401,10192,12067,14105,1661,1676,1683,1699,1791,1875,2038
45281,"Bourque, Michael R. Jr.",non-elite,1819,3545,5292,7032,8743,10473,12362,14211,1726,1747,1740,1711,1730,1889,1849
45282,"Searcy, Gwynne",non-elite,1656,3330,5169,6907,8654,10454,12339,14148,1674,1839,1738,1747,1800,1885,1809
45283,"Wable, Angela A",non-elite,1523,3049,4602,6213,7874,9691,11902,14147,1526,1553,1611,1661,1817,2211,2245
45284,"Self, Randall E.",non-elite,1527,3052,4591,6167,7816,9627,11662,14016,1525,1539,1576,1649,1811,2035,2354
45285,"Murphy, John",non-elite,1786,3534,5261,7033,8812,10636,12482,14235,1748,1727,1772,1779,1824,1846,1753
45286,"Tourangeau, Ginette V",non-elite,1678,3358,5088,6860,8647,10547,12411,14195,1680,1730,1772,1787,1900,1864,1784
45287,"Gibson, Francine M",non-elite,1578,3221,4932,6685,8450,10295,12196,14073,1643,1711,1753,1765,1845,1901,1877
45288,"Dudar, Patricia",non-elite,1646,3292,4969,6702,8440,10309,12232,14137,1646,1677,1733,1738,1869,1923,1905
45289,"Pepe, Margaret A",non-elite,1722,3419,5108,6885,8649,10492,12395,14228,1697,1689,1777,1764,1843,1903,1833
45290,"Niedermeier, Ralf",non-elite,1688,3372,5087,6835,8615,10432,12288,14160,1684,1715,1748,1780,1817,1856,1872
45291,"Jones, Greg",non-elite,1450,3020,4674,6377,8091,10007,12113,14118,1570,1654,1703,1714,1916,2106,2005
45292,"Geris, Kristi",non-elite,1575,3160,4753,6603,8372,10185,11977,14024,1585,1593,1850,1769,1813,1792,2047
45293,"Schmidt, Eugene",non-elite,1508,3118,4781,6495,8258,10133,12258,14159,1610,1663,1714,1763,1875,2125,1901
45294,"Kelley, Ralph",non-elite,1644,3277,4941,6691,8466,10311,12202,14122,1633,1664,1750,1775,1845,1891,1920
45295,"Mathieson, Amanda",non-elite,1673,3365,5059,6806,8527,10349,12264,14163,1692,1694,1747,1721,1822,1915,1899
45296,"Huggins, Martin",non-elite,1480,3021,4748,6357,8476,10297,12365,14206,1541,1727,1609,2119,1821,2068,1841
45297,"Turlington Burns, Christy",non-elite,1609,3228,4962,6663,8420,10329,12303,14188,1619,1734,1701,1757,1909,1974,1885
45298,"Contijoch, Francisco J.",non-elite,1708,3349,5051,6806,8626,10498,12310,14153,1641,1702,1755,1820,1872,1812,1843
45299,"Jurek, Scott",non-elite,1609,3228,4962,6662,8420,10328,12302,14188,1619,1734,1700,1758,1908,1974,1886
45300,"South, Jodi A",non-elite,1534,3075,4680,6353,8080,9980,11951,14108,1541,1605,1673,1727,1900,1971,2157
45301,"Yela, Leah",non-elite,1529,3064,4811,6522,8306,10172,12114,14098,1535,1747,1711,1784,1866,1942,1984
45302,"Frantz, Simone",non-elite,1571,3199,4896,6647,8443,10403,12323,14174,1628,1697,1751,1796,1960,1920,1851
45303,"Mitchell, Jean M",non-elite,1595,3261,4985,6727,8510,10355,12290,14159,1666,1724,1742,1783,1845,1935,1869
45304,"Pedersen, Heather",non-elite,1642,3268,4893,6539,8203,9898,11751,13963,1626,1625,1646,1664,1695,1853,2212
45305,"Pierce, Brian C.",non-elite,1699,3354,5042,6789,8600,10495,12303,14165,1655,1688,1747,1811,1895,1808,1862
45306,"Gentry, Robert A.",non-elite,1580,3185,4797,6469,8176,10135,12164,14127,1605,1612,1672,1707,1959,2029,1963
45307,"Ehling, Scott A.",non-elite,1551,3130,4747,6530,8239,10116,12134,14112,1579,1617,1783,1709,1877,2018,1978
45308,"Lequin, Daniel",non-elite,1594,3257,4914,6608,8351,10225,12215,14123,1663,1657,1694,1743,1874,1990,1908
45309,"Barnhart, Ralph",non-elite,1614,3268,5122,6867,8610,10473,12353,14150,1654,1854,1745,1743,1863,1880,1797
45310,"Merrill, Jessica P",non-elite,1425,2921,4509,6190,7976,9915,11991,14153,1496,1588,1681,1786,1939,2076,2162
45311,"Kennedy, Connie D.",non-elite,1566,3155,4829,6506,8274,10155,12143,14100,1589,1674,1677,1768,1881,1988,1957
45312,"Bouchard, Yvan",non-elite,1281,2573,4415,6482,8336,10485,12358,14238,1292,1842,2067,1854,2149,1873,1880
45313,"Marchiori, Francesca",non-elite,1641,3286,4947,6670,8423,10250,12219,14129,1645,1661,1723,1753,1827,1969,1910
45314,"Pressler, Oliver",non-elite,1536,2994,4573,6274,8013,9857,12045,14023,1458,1579,1701,1739,1844,2188,1978
45315,"D'Andrea, Elisa A.",non-elite,1692,3379,5067,6756,8475,10284,12204,14153,1687,1688,1689,1719,1809,1920,1949
45316,"Hart, Scott",non-elite,1377,2838,4403,6129,7949,10058,12063,14132,1461,1565,1726,1820,2109,2005,2069
45317,"Irving, Elizabeth",non-elite,1602,3241,4901,6650,8604,10546,12380,14193,1639,1660,1749,1954,1942,1834,1813
45318,"Hartshorn, Kent W.",non-elite,1725,3426,5121,6862,8632,10448,12287,14160,1701,1695,1741,1770,1816,1839,1873
45319,"Ocampo, German",non-elite,1581,3226,4883,6563,8256,10123,12178,14151,1645,1657,1680,1693,1867,2055,1973
45320,"Corcoran, Andrea",non-elite,1618,3327,5000,6734,8487,10348,12282,14162,1709,1673,1734,1753,1861,1934,1880
45321,"Benson, Marzia",non-elite,1618,3328,5000,6734,8486,10348,12282,14161,1710,1672,1734,1752,1862,1934,1879
45322,"Coppinger, Kimberly A.",non-elite,1639,3247,4907,6614,8398,10310,12284,14142,1608,1660,1707,1784,1912,1974,1858
45323,"Montgomery, Susan",non-elite,1660,3323,5049,6828,8631,10496,12374,14193,1663,1726,1779,1803,1865,1878,1819
45324,"Sved, Bill",non-elite,1723,3489,5257,7013,8788,10606,12431,14194,1766,1768,1756,1775,1818,1825,1763
45325,"Lee, John",non-elite,1794,3562,5369,7183,8953,10718,12484,14244,1768,1807,1814,1770,1765,1766,1760
45326,"Bass, Brooke",non-elite,1794,3519,5238,6991,8746,10544,12399,14206,1725,1719,1753,1755,1798,1855,1807
45327,"Guenterberg, Deb J.",non-elite,1720,3348,5024,6739,8511,10326,12215,14099,1628,1676,1715,1772,1815,1889,1884
45328,"Denysschen, Carol",non-elite,1554,3134,4754,6405,8128,10064,12132,14082,1580,1620,1651,1723,1936,2068,1950
45329,"Spak, David G",non-elite,1575,3169,4797,6501,8273,10073,11948,14099,1594,1628,1704,1772,1800,1875,2151
45330,"Henck, Jessica C.",non-elite,1683,3307,4968,6721,8512,10433,12367,14236,1624,1661,1753,1791,1921,1934,1869
45331,"Schmid, Dena",non-elite,1721,3481,5233,6988,8750,10583,12394,14172,1760,1752,1755,1762,1833,1811,1778
45332,"Mclain, Jennifer",non-elite,1721,3481,5233,6979,8751,10583,12394,14173,1760,1752,1746,1772,1832,1811,1779
45333,"Alfrey, Lisa M.",non-elite,1547,3200,4904,6664,8440,10304,12261,14127,1653,1704,1760,1776,1864,1957,1866
45334,"Kloepfer, Michael J",non-elite,1692,3418,5235,7011,8812,10741,12568,14289,1726,1817,1776,1801,1929,1827,1721
45335,"Kroese, Kate",non-elite,1840,3595,5319,7037,8758,10569,12371,14179,1755,1724,1718,1721,1811,1802,1808
45336,"Lane, Donnie R",non-elite,1578,3137,4724,6390,8091,10010,12154,14114,1559,1587,1666,1701,1919,2144,1960
45337,"Olson, Jamie A",non-elite,1652,3325,5031,6752,8463,10265,12174,14164,1673,1706,1721,1711,1802,1909,1990
45338,"Ellis, Erika K.",non-elite,1414,2915,4450,6054,7803,9806,11885,13965,1501,1535,1604,1749,2003,2079,2080
45339,"Jewell, Jeffrey H.",non-elite,1580,3151,4739,6451,8361,10358,12384,14241,1571,1588,1712,1910,1997,2026,1857
45340,"Baum, Mark",non-elite,1585,3154,4755,6419,8116,9890,11807,14181,1569,1601,1664,1697,1774,1917,2374
45341,"Kempher, Linda",non-elite,1644,3339,5059,6805,8593,10428,12331,14178,1695,1720,1746,1788,1835,1903,1847
45342,"Bourgault, Robert",non-elite,1632,3214,4833,6474,8118,9899,11953,14053,1582,1619,1641,1644,1781,2054,2100
45343,"Stickney, Katherine",non-elite,1591,3260,4993,6857,8662,10609,12574,14249,1669,1733,1864,1805,1947,1965,1675
45344,"Sauvala, Kielo",non-elite,1640,3322,5045,6807,8569,10446,12360,14210,1682,1723,1762,1762,1877,1914,1850
45345,"Powell, Matthew Todd",non-elite,1340,2684,4032,5415,6991,8932,11362,13921,1344,1348,1383,1576,1941,2430,2559
45346,"Zhou, Dahua",non-elite,1550,3099,4697,6366,8173,10141,12106,14107,1549,1598,1669,1807,1968,1965,2001
45347,"Oberbillig, Robert",non-elite,1562,3142,4795,6430,8150,10000,12025,14093,1580,1653,1635,1720,1850,2025,2068
45348,"Ross, Katie T.",non-elite,1485,3063,4828,6517,8303,10181,12164,14098,1578,1765,1689,1786,1878,1983,1934
45349,"Starling, Sarah",non-elite,1561,3160,4910,6679,8459,10302,12325,14283,1599,1750,1769,1780,1843,2023,1958
45350,"Mailloux, Michelle D.",non-elite,1885,3698,5397,7164,8909,10660,12435,14225,1813,1699,1767,1745,1751,1775,1790
45351,"Brodsky, Jodi B.",non-elite,1592,3238,4925,6817,8574,10418,12321,14171,1646,1687,1892,1757,1844,1903,1850
45352,"Verry, Chad",non-elite,1546,3201,5010,6914,8603,10673,12669,14253,1655,1809,1904,1689,2070,1996,1584
45353,"Mancini, Gina M.",non-elite,1593,3152,4737,6410,8167,10085,12087,14099,1559,1585,1673,1757,1918,2002,2012
45354,"Narten, Roy",non-elite,1484,2946,4513,6117,7776,9640,11743,13977,1462,1567,1604,1659,1864,2103,2234
45355,"Pedro Luis, Elvira Gomez De Liano",non-elite,1780,3487,5180,6883,8599,10410,12269,14178,1707,1693,1703,1716,1811,1859,1909
45356,"Hansen, Traci L.",non-elite,1513,3087,4876,6585,8320,10161,12120,14058,1574,1789,1709,1735,1841,1959,1938
45357,"Leung, Lilian",non-elite,1472,2935,4427,6021,7735,9687,11979,14062,1463,1492,1594,1714,1952,2292,2083
45358,"Belur, Rekha",non-elite,1634,3341,5085,6900,8676,10501,12386,14191,1707,1744,1815,1776,1825,1885,1805
45359,"Yamaguchi, Kazuomi",non-elite,1746,3429,5095,6758,8450,10254,12278,14168,1683,1666,1663,1692,1804,2024,1890
45360,"Christensen, Jane M",non-elite,1568,3128,4709,6367,8031,9795,11681,13925,1560,1581,1658,1664,1764,1886,2244
45361,"Harris, Daniel R.",non-elite,1505,3188,4955,6729,8634,10462,12331,14225,1683,1767,1774,1905,1828,1869,1894
45362,"Bouchard, Raymond P",non-elite,1458,2917,4468,6129,7923,9830,11920,14024,1459,1551,1661,1794,1907,2090,2104
45363,"Gerbrandt, Heather",non-elite,1715,3440,5181,6943,8722,10551,12430,14218,1725,1741,1762,1779,1829,1879,1788
45364,"Gerbrandt, Gordon C.",non-elite,1715,3440,5181,6942,8722,10552,12430,14218,1725,1741,1761,1780,1830,1878,1788
45365,"Johnson, Eric E.",non-elite,1841,3595,5272,6950,8652,10402,12234,14080,1754,1677,1678,1702,1750,1832,1846
45366,"Leonard, Diane",non-elite,1667,3377,5134,6903,8641,10457,12319,14166,1710,1757,1769,1738,1816,1862,1847
45367,"Murray, Michael D",non-elite,1569,3156,4760,6499,8225,10143,12065,14025,1587,1604,1739,1726,1918,1922,1960
45368,"Finlinson, Nicole",non-elite,1384,2865,4498,6324,8127,10099,12119,14114,1481,1633,1826,1803,1972,2020,1995
45369,"Flaherty, Shannon",non-elite,1787,3502,5218,6878,8602,10446,12377,14241,1715,1716,1660,1724,1844,1931,1864
45370,"Inserra, Derek S.",non-elite,1675,3453,5140,6928,8633,10469,12377,14211,1778,1687,1788,1705,1836,1908,1834
45371,"Jones, Christina",non-elite,1544,3192,4888,6646,8434,10330,12297,14180,1648,1696,1758,1788,1896,1967,1883
45372,"Cedillo Gonzalez, Alma Delia",non-elite,1611,3243,4925,6682,8458,10295,12230,14153,1632,1682,1757,1776,1837,1935,1923
45373,"Cook, James D.",non-elite,1627,3257,4905,6571,8267,10114,12111,14079,1630,1648,1666,1696,1847,1997,1968
45374,"Ramirez, Lisa",non-elite,1600,3242,4907,6610,8370,10247,12203,14185,1642,1665,1703,1760,1877,1956,1982
45375,"Pasqualini, Ellie",non-elite,1534,3078,4638,6422,8390,10299,12325,14181,1544,1560,1784,1968,1909,2026,1856
45376,"Wieschhoff, Sadie M.",non-elite,1690,3407,5096,6806,8535,10348,12231,14139,1717,1689,1710,1729,1813,1883,1908
45377,"Johnson, Hillary",non-elite,1564,3091,4654,6333,8161,10164,12316,14198,1527,1563,1679,1828,2003,2152,1882
45378,"Carpenter, Emma V.",non-elite,1640,3344,4991,6742,8531,10416,12319,14175,1704,1647,1751,1789,1885,1903,1856
45379,"O'Hare, Brenda A",non-elite,1604,3218,4875,6607,8362,10225,12164,14094,1614,1657,1732,1755,1863,1939,1930
45380,"Slavotinkova, Zuzana",non-elite,1542,3091,4675,6336,8133,10116,12179,14150,1549,1584,1661,1797,1983,2063,1971
45381,"McLean, Gary",non-elite,1375,2723,4127,5908,7965,9913,12116,14086,1348,1404,1781,2057,1948,2203,1970
45382,"Houghton, Georgia",non-elite,1524,3076,4680,6327,8011,9836,11879,14107,1552,1604,1647,1684,1825,2043,2228
45383,"McPherson, Christopher",non-elite,1350,2757,4182,5619,7295,9096,11296,13885,1407,1425,1437,1676,1801,2200,2589
45384,"Thompson, Myrdin",non-elite,1568,3103,4638,6210,7813,9783,11854,14162,1535,1535,1572,1603,1970,2071,2308
45385,"Stewart, Kay L",non-elite,1610,3270,4953,6758,8479,10404,12286,14183,1660,1683,1805,1721,1925,1882,1897
45386,"Farias, Rene",non-elite,1677,3294,4892,6589,8320,10220,12219,14137,1617,1598,1697,1731,1900,1999,1918
45387,"Hansen-Lardy, Lynae K",non-elite,1595,3236,4899,6602,8367,10219,12230,14139,1641,1663,1703,1765,1852,2011,1909
45388,"Cummans, Joann",non-elite,1572,3251,5046,6883,8654,10521,12464,14250,1679,1795,1837,1771,1867,1943,1786
45389,"Scarpato, Samantha S.",non-elite,1703,3430,5145,6845,8567,10397,12306,14181,1727,1715,1700,1722,1830,1909,1875
45390,"Rapp, Patricia J.",non-elite,1650,3406,5181,6947,8750,10604,12480,14206,1756,1775,1766,1803,1854,1876,1726
45391,"Federico, Chris",non-elite,1758,3419,5093,6787,8517,10350,12236,14152,1661,1674,1694,1730,1833,1886,1916
45392,"Hofheimer, Jessica",non-elite,1364,2845,4456,6136,8186,10045,12152,14172,1481,1611,1680,2050,1859,2107,2020
45393,"Hara, Hiromi",non-elite,1665,3299,4952,6642,8334,10311,12357,14157,1634,1653,1690,1692,1977,2046,1800
45394,"Martin, Christopher J.",non-elite,1846,3593,5383,7110,8834,10651,12415,14200,1747,1790,1727,1724,1817,1764,1785
45395,"Ahn, Cathy",non-elite,1599,3176,4755,6380,8061,9900,11872,13914,1577,1579,1625,1681,1839,1972,2042
45396,"Brazeau, Gerald",non-elite,1605,3311,4969,6649,8373,10241,12129,14026,1706,1658,1680,1724,1868,1888,1897
45397,"Obert, Renee A",non-elite,1650,3294,5039,6790,8545,10336,12432,14203,1644,1745,1751,1755,1791,2096,1771
45398,"Bransky, Laura",non-elite,1663,3334,5024,6702,8390,10200,12163,14143,1671,1690,1678,1688,1810,1963,1980
45399,"Rocha, Rosileide A.",non-elite,1709,3423,5109,6813,8579,10444,12326,14159,1714,1686,1704,1766,1865,1882,1833
45400,"Porter, Deana",non-elite,1626,3240,4908,6602,8305,10114,12057,14132,1614,1668,1694,1703,1809,1943,2075
45401,"Powell, Elizabeth",non-elite,1443,3002,4630,6668,8573,10445,12447,14244,1559,1628,2038,1905,1872,2002,1797
45402,"Striepe, Meg I.",non-elite,1663,3270,4877,6521,8164,10131,12258,14201,1607,1607,1644,1643,1967,2127,1943
45403,"Moldovan, Semida",non-elite,1609,3215,4943,6736,8578,10478,12375,14174,1606,1728,1793,1842,1900,1897,1799
45404,"Magnan, Bernard",non-elite,1628,3308,5009,6727,8480,10328,12276,14170,1680,1701,1718,1753,1848,1948,1894
45405,"Morissette, Julie J.",non-elite,1635,3323,4938,6613,8581,10376,12286,14154,1688,1615,1675,1968,1795,1910,1868
45406,"Spriesterbach, Alice",non-elite,1586,3273,4977,6726,8479,10332,12273,14174,1687,1704,1749,1753,1853,1941,1901
45407,"Ryder, Hugh",non-elite,1458,2915,4466,6244,8135,10184,12264,14136,1457,1551,1778,1891,2049,2080,1872
45409,"Simon, Kim J",non-elite,1825,3590,5324,7061,8729,10458,12332,14242,1765,1734,1737,1668,1729,1874,1910
45410,"Barbuto, Amy E.",non-elite,1587,3195,4821,6470,8115,9860,11828,14024,1608,1626,1649,1645,1745,1968,2196
45411,"O'Keeffe, Ian",non-elite,1499,2985,4473,6020,7583,9317,11536,13842,1486,1488,1547,1563,1734,2219,2306
45412,"Kearns, Robert F.",non-elite,1613,3243,4850,6462,8128,10035,12097,14163,1630,1607,1612,1666,1907,2062,2066
45413,"Powell, Jim",non-elite,1482,3014,4698,6552,8392,10380,12376,14185,1532,1684,1854,1840,1988,1996,1809
45414,"Joye, Joanna",non-elite,1467,2946,4479,6417,8324,10134,12170,14187,1479,1533,1938,1907,1810,2036,2017
45415,"O'Neill, Amy",non-elite,1567,3207,5042,6829,8597,10459,12352,14204,1640,1835,1787,1768,1862,1893,1852
45416,"Perry, Craig A.",non-elite,1534,2963,4433,5950,7553,9533,11925,14073,1429,1470,1517,1603,1980,2392,2148
45417,"Powers, Jamie",non-elite,1720,3432,5161,6886,8633,10465,12345,14180,1712,1729,1725,1747,1832,1880,1835
45418,"Carden, Ronald",non-elite,1486,3028,4610,6253,7982,9833,11830,13933,1542,1582,1643,1729,1851,1997,2103
45419,"Theodat, Billy",non-elite,1686,3358,5122,6773,8419,10241,12147,14193,1672,1764,1651,1646,1822,1906,2046
45420,"Loftin, Sasja",non-elite,1586,3169,4830,6575,8291,10166,12097,14052,1583,1661,1745,1716,1875,1931,1955
45421,"March Dds, Lynne",non-elite,1595,3273,5028,6821,8603,10506,12397,14213,1678,1755,1793,1782,1903,1891,1816
45422,"Quirarte, Joell L.",non-elite,1592,3177,4811,6609,8400,10358,12346,14186,1585,1634,1798,1791,1958,1988,1840
45423,"Gregoire, Nathalie",non-elite,1524,3059,4690,6452,8218,10163,12208,14168,1535,1631,1762,1766,1945,2045,1960
45424,"Floyd, Betty",non-elite,1622,3278,4988,6733,8521,10398,12330,14165,1656,1710,1745,1788,1877,1932,1835
45425,"Fergus, Todd S.",non-elite,1366,2722,4088,5504,6988,8694,10862,13956,1356,1366,1416,1484,1706,2168,3094
45426,"Rice, Andrew P.",non-elite,1450,2913,4538,6314,8275,10278,12355,14210,1463,1625,1776,1961,2003,2077,1855
45427,"Beatty, Jacqueline A.",non-elite,1875,3605,5292,7075,8880,10715,12503,14244,1730,1687,1783,1805,1835,1788,1741
45428,"Baxter, Gillian",non-elite,1765,3428,5221,7042,8852,10743,12563,14289,1663,1793,1821,1810,1891,1820,1726
45429,"Widders, Rhielle",non-elite,1550,3139,4717,6332,7953,9728,11780,14093,1589,1578,1615,1621,1775,2052,2313
45430,"Gerrish, Nicole",non-elite,1469,2962,4532,6268,8102,10049,12244,14222,1493,1570,1736,1834,1947,2195,1978
45431,"Evans, Doug D.",non-elite,1569,3103,4607,6132,7675,9393,11427,13894,1534,1504,1525,1543,1718,2034,2467
45432,"Noye, Angie E",non-elite,1573,3180,4836,6597,8423,10336,12295,14198,1607,1656,1761,1826,1913,1959,1903
45433,"Avery, Debra L",non-elite,1671,3366,5073,6784,8545,10404,12321,14166,1695,1707,1711,1761,1859,1917,1845
45434,"Vingerhoets-Ziesmann, Simone",non-elite,1592,3241,4921,6666,8377,10373,12371,14255,1649,1680,1745,1711,1996,1998,1884
45435,"Grella, Tammy A",non-elite,1574,3270,4999,6710,8453,10295,12244,14152,1696,1729,1711,1743,1842,1949,1908
45436,"Mikolay, Maxine",non-elite,1682,3429,5169,6927,8681,10628,12491,14252,1747,1740,1758,1754,1947,1863,1761
45437,"Pierson, Donna",non-elite,1634,3270,4951,6671,8430,10305,12267,14134,1636,1681,1720,1759,1875,1962,1867
45438,"Vitti, Heather M.",non-elite,1727,3376,5029,6702,8395,10232,12168,14126,1649,1653,1673,1693,1837,1936,1958
45439,"Martinez De Harding, Gabriela",non-elite,1563,3141,4776,6485,8289,10158,12151,14080,1578,1635,1709,1804,1869,1993,1929
45440,"Engert, Sheila M",non-elite,1711,3407,5123,6837,8564,10356,12232,14166,1696,1716,1714,1727,1792,1876,1934
45441,"Pesce, Claudio",non-elite,1773,3434,5095,6806,8558,10462,12393,14232,1661,1661,1711,1752,1904,1931,1839
45442,"Rancourt, Rene",non-elite,1682,3389,5047,6853,8736,10669,12950,14377,1707,1658,1806,1883,1933,2281,1427
45443,"Highland, Jason D.",non-elite,1828,3528,5167,6850,8585,10371,12268,14254,1700,1639,1683,1735,1786,1897,1986
45444,"Frome, Eric",non-elite,1189,2383,3702,5008,6645,8718,10866,13724,1194,1319,1306,1637,2073,2148,2858
45445,"Hansen, Lori A",non-elite,1576,3138,4705,6418,8363,10398,12391,14243,1562,1567,1713,1945,2035,1993,1852
45446,"Koffman, Joel",non-elite,1559,3154,4840,6604,8393,10368,12373,14217,1595,1686,1764,1789,1975,2005,1844
45447,"Kronil, Hanne K.",non-elite,1455,2970,4611,6352,8068,9941,12109,14196,1515,1641,1741,1716,1873,2168,2087
45448,"Strain, John",non-elite,1475,2976,4539,6265,8277,10230,12260,14179,1501,1563,1726,2012,1953,2030,1919
45449,"Goodrick, Delwyn A.",non-elite,1798,3512,5232,6962,8697,10528,12472,14261,1714,1720,1730,1735,1831,1944,1789
45450,"Prescott, Kristin",non-elite,1649,3264,4905,6582,8313,10172,12279,14223,1615,1641,1677,1731,1859,2107,1944
45451,"Chapman, Lesley",non-elite,1571,3176,4852,6575,8325,10291,12251,14138,1605,1676,1723,1750,1966,1960,1887
45452,"Baddley, Lorelle",non-elite,1604,3216,4836,6516,8387,10241,12190,14153,1612,1620,1680,1871,1854,1949,1963
45453,"Pendrys, Stephanie",non-elite,1506,3072,4895,6715,8523,10518,12413,14246,1566,1823,1820,1808,1995,1895,1833
45454,"Empson, Robert J",non-elite,1563,3115,4661,6286,7967,9820,12024,14159,1552,1546,1625,1681,1853,2204,2135
45455,"Devaney, Rick",non-elite,1697,3427,5184,6961,8746,10552,12435,14199,1730,1757,1777,1785,1806,1883,1764
45456,"Thomas, Alisa M",non-elite,1547,3087,4656,6291,8160,10033,11978,14122,1540,1569,1635,1869,1873,1945,2144
45457,"Cregan, Maria",non-elite,1610,3271,4989,6789,8522,10375,12307,14195,1661,1718,1800,1733,1853,1932,1888
45458,"Pina, Abel A. Sr.",non-elite,1317,2648,4067,5723,7601,9611,11744,14022,1331,1419,1656,1878,2010,2133,2278
45459,"Rudd, Nancy A.",non-elite,1593,3279,4994,6761,8535,10418,12346,14202,1686,1715,1767,1774,1883,1928,1856
45460,"Hyson, Rosemary",non-elite,1544,3161,4807,6497,8205,10143,12249,14167,1617,1646,1690,1708,1938,2106,1918
45461,"Chmielewski, Jessica",non-elite,1727,3483,5261,7041,8814,10594,12411,14212,1756,1778,1780,1773,1780,1817,1801
45462,"Fetsco, Daniel",non-elite,1398,2758,4151,5619,7387,10396,12267,14138,1360,1393,1468,1768,3009,1871,1871
45463,"Pfeffer, Julie",non-elite,1456,2939,4486,6143,7972,9985,12074,14155,1483,1547,1657,1829,2013,2089,2081
45464,"Wilcox, Pamela H.",non-elite,1773,3484,5178,6899,8616,10455,12402,14228,1711,1694,1721,1717,1839,1947,1826
45465,"Mandel, Neil S",non-elite,1661,3209,4791,6455,8188,9989,12108,14104,1548,1582,1664,1733,1801,2119,1996
45466,"Beydler, Shannon E.",non-elite,1420,2836,4272,5772,7371,9139,11460,13985,1416,1436,1500,1599,1768,2321,2525
45467,"Stoute, Luis C Sr.",non-elite,1464,2927,4418,5969,7583,9630,11862,14063,1463,1491,1551,1614,2047,2232,2201
45468,"Scheinfeld, Aaron",non-elite,1719,3340,4913,6515,8158,10015,12087,14130,1621,1573,1602,1643,1857,2072,2043
45469,"Nobles, Bill",non-elite,1739,3370,5014,6725,8438,10248,12178,14195,1631,1644,1711,1713,1810,1930,2017
45470,"Moen, Jennifer K",non-elite,1672,3375,5064,6790,8569,10421,12323,14212,1703,1689,1726,1779,1852,1902,1889
45471,"Lawlis, Meagan A",non-elite,1571,3153,4775,6510,8285,10193,12302,14235,1582,1622,1735,1775,1908,2109,1933
45472,"Forbes, Elizabeth D",non-elite,1710,3488,5291,7103,8905,10820,12601,14319,1778,1803,1812,1802,1915,1781,1718
45473,"Saaidi, Hamid",non-elite,1261,2580,4017,5733,7491,9625,12077,14326,1319,1437,1716,1758,2134,2452,2249
45474,"Malboeuf, Meaghan",non-elite,1580,3136,4702,6352,8210,10109,12263,14253,1556,1566,1650,1858,1899,2154,1990
45475,"Kos, Heather",non-elite,1523,3113,4814,6587,8436,10405,12424,14235,1590,1701,1773,1849,1969,2019,1811
45476,"Raymond, Kristal L.",non-elite,1622,3305,4975,6668,8407,10320,12304,14231,1683,1670,1693,1739,1913,1984,1927
45477,"Todd, Lauren",non-elite,1754,3517,5266,7035,8804,10624,12559,14281,1763,1749,1769,1769,1820,1935,1722
45478,"Gordon, Francis U.",non-elite,1632,3288,4941,6631,8413,10368,12306,14178,1656,1653,1690,1782,1955,1938,1872
45479,"Boulas, Nick",non-elite,1620,3269,4924,6613,8349,10358,12298,14186,1649,1655,1689,1736,2009,1940,1888
45480,"Labat, Khanh L.",non-elite,1598,3277,4938,6681,8475,10363,12334,14163,1679,1661,1743,1794,1888,1971,1829
45481,"Arnall, Kimberly S.",non-elite,1645,3282,4948,6679,8383,10208,12151,14182,1637,1666,1731,1704,1825,1943,2031
45482,"Herflicker, Patricia L.",non-elite,1597,3239,4983,6729,8506,10367,12326,14236,1642,1744,1746,1777,1861,1959,1910
45483,"Hinman, Sue",non-elite,1573,3245,4942,6676,8458,10377,12302,14183,1672,1697,1734,1782,1919,1925,1881
45484,"Moore, Jennifer",non-elite,1572,3123,4713,6428,8170,9939,11941,14116,1551,1590,1715,1742,1769,2002,2175
45485,"Carney, Veronique",non-elite,1634,3325,5055,6872,8688,10557,12443,14262,1691,1730,1817,1816,1869,1886,1819
45486,"Bucar, Nicole T.",non-elite,1771,3484,5137,6785,8441,10173,12080,14111,1713,1653,1648,1656,1732,1907,2031
45487,"Mcmillan, Leslie A",non-elite,1514,3046,4606,6249,7865,9594,11696,14006,1532,1560,1643,1616,1729,2102,2310
45488,"Yabe, Shuji",non-elite,1535,3061,4612,6231,7905,9799,11855,14082,1526,1551,1619,1674,1894,2056,2227
45489,"Suhr, John E.",non-elite,1731,3378,5071,6786,8526,10371,12261,14207,1647,1693,1715,1740,1845,1890,1946
45490,"Drange, Arvid",non-elite,1750,3454,5148,6877,8600,10482,12366,14232,1704,1694,1729,1723,1882,1884,1866
45491,"Maher, Keith H.",non-elite,1495,3063,4681,6414,8171,10045,12114,14170,1568,1618,1733,1757,1874,2069,2056
45492,"Meacham, Jamie A.",non-elite,1626,3212,4816,6495,8249,10125,12095,14158,1586,1604,1679,1754,1876,1970,2063
45493,"Varden, Mary E.",non-elite,1834,3567,5229,6931,8672,10543,12482,14284,1733,1662,1702,1741,1871,1939,1802
45494,"Snowden, Monica",non-elite,1634,3293,5059,6887,8662,10549,12405,14226,1659,1766,1828,1775,1887,1856,1821
45495,"Dorsky, Lauren",non-elite,1425,2854,4615,6409,8119,9937,12203,14292,1429,1761,1794,1710,1818,2266,2089
45496,"Torsen, William F.",non-elite,1755,3462,5173,6945,8721,10549,12387,14247,1707,1711,1772,1776,1828,1838,1860
45497,"Hjaltason, Unnar",non-elite,1460,3046,4670,6381,8134,10052,12066,14115,1586,1624,1711,1753,1918,2014,2049
45498,"Pinori, Mauro",non-elite,1712,3422,5135,6859,8607,10442,12423,14234,1710,1713,1724,1748,1835,1981,1811
45499,"Merlino, Rosy",non-elite,1690,3384,5107,6849,8638,10479,12393,14255,1694,1723,1742,1789,1841,1914,1862
45500,"Crocker, Chad M.",non-elite,1729,3418,5042,6663,8295,10020,11902,14141,1689,1624,1621,1632,1725,1882,2239
45501,"Burie, Kim M.",non-elite,1654,3390,5164,6937,8729,10582,12462,14264,1736,1774,1773,1792,1853,1880,1802
45502,"Payne, Michelle M",non-elite,1520,3122,4760,6420,8117,9996,12032,14159,1602,1638,1660,1697,1879,2036,2127
45503,"De Vries, Ieke",non-elite,1622,3391,5067,6790,8579,10370,12366,14216,1769,1676,1723,1789,1791,1996,1850
45504,"Fraser, Kristin R",non-elite,1631,3292,4954,6623,8315,10278,12191,14173,1661,1662,1669,1692,1963,1913,1982
45505,"Fraser, Alexander P.",non-elite,1631,3292,4954,6623,8315,10278,12190,14173,1661,1662,1669,1692,1963,1912,1983
45506,"Mackie, Helen",non-elite,1693,3406,5139,6888,8651,10534,12399,14258,1713,1733,1749,1763,1883,1865,1859
45507,"Francoeur, Lili",non-elite,1573,3183,4886,6633,8416,10311,12276,14173,1610,1703,1747,1783,1895,1965,1897
45508,"Greene, Roger S.",non-elite,1617,3262,4947,6669,8418,10263,12198,14140,1645,1685,1722,1749,1845,1935,1942
45509,"Muhaw, Susan A",non-elite,1662,3333,5054,6817,8611,10479,12410,14247,1671,1721,1763,1794,1868,1931,1837
45510,"Whitehurst, Michele A.",non-elite,1643,3313,5049,6798,8581,10490,12423,14269,1670,1736,1749,1783,1909,1933,1846
45511,"Smith, Heather J.",non-elite,1604,3216,4960,6664,8487,10362,12331,14207,1612,1744,1704,1823,1875,1969,1876
45512,"Harper, Patty",non-elite,1602,3221,4889,6600,8332,10204,12265,14212,1619,1668,1711,1732,1872,2061,1947
45513,"Brown, Laura D.",non-elite,1542,3083,4673,6307,7942,9844,11884,14095,1541,1590,1634,1635,1902,2040,2211
45514,"Leblanc, Jocelyne A",non-elite,1564,3144,4819,6475,8212,10121,12155,14153,1580,1675,1656,1737,1909,2034,1998
45515,"Long, Jacob L.",non-elite,1832,3525,5217,6912,8536,10336,12310,14237,1693,1692,1695,1624,1800,1974,1927
45516,"Carle, Stephen J.",non-elite,1657,3319,4987,6640,8298,10116,12058,14094,1662,1668,1653,1658,1818,1942,2036
45517,"Robinson, Eugene M",non-elite,1417,2901,4339,5850,7610,9327,11998,14246,1484,1438,1511,1760,1717,2671,2248
45518,"Fingar, Dale",non-elite,1633,3300,4999,6722,8480,10296,12248,14164,1667,1699,1723,1758,1816,1952,1916
45519,"Worthen, Kimberley D",non-elite,1563,3137,4792,6476,8163,9991,12012,14093,1574,1655,1684,1687,1828,2021,2081
45520,"Anderson, Donna M",non-elite,1665,3377,5231,6899,8802,10601,12467,14244,1712,1854,1668,1903,1799,1866,1777
45521,"Tanselle, Tina",non-elite,1713,3437,5167,6909,8648,10459,12339,14220,1724,1730,1742,1739,1811,1880,1881
45522,"Hooper, Myrna",non-elite,1658,3338,5011,6748,8484,10386,12312,14224,1680,1673,1737,1736,1902,1926,1912
45523,"Madrid, Hanna A",non-elite,1419,2847,4352,5991,7720,9724,12079,14198,1428,1505,1639,1729,2004,2355,2119
45524,"Pohzehl, John",non-elite,1415,2839,4320,5974,7768,9665,11712,14057,1424,1481,1654,1794,1897,2047,2345
45525,"Leland, Richard",non-elite,1639,3289,5007,6722,8484,10332,12277,14205,1650,1718,1715,1762,1848,1945,1928
45526,"Isherwood, Angela",non-elite,1601,3266,5031,6764,8429,10379,12331,14204,1665,1765,1733,1665,1950,1952,1873
45527,"Lu, Kuo-Hua",non-elite,1590,3217,4865,6555,8265,10102,12047,14071,1627,1648,1690,1710,1837,1945,2024
45528,"Martin, Lindsey",non-elite,1427,2896,4422,6093,7820,9760,11980,14074,1469,1526,1671,1727,1940,2220,2094
45529,"Harris, Katie",non-elite,1645,3270,4938,6644,8383,10248,12290,14234,1625,1668,1706,1739,1865,2042,1944
45530,"Schachtel, Alex J.",non-elite,1646,3270,4939,6645,8383,10248,12291,14235,1624,1669,1706,1738,1865,2043,1944
45531,"Furr, Suzanne",non-elite,1612,3265,4914,6596,8279,10033,12028,14104,1653,1649,1682,1683,1754,1995,2076
45532,"Giles, Brandi R.",non-elite,1621,3393,5134,6867,8587,10374,12291,14206,1772,1741,1733,1720,1787,1917,1915
45533,"Ford, Eric L",non-elite,1616,3221,4813,6435,8186,10130,12201,14176,1605,1592,1622,1751,1944,2071,1975
45534,"Walls, Katie L.",non-elite,1820,3550,5250,7159,8903,10677,12469,14216,1730,1700,1909,1744,1774,1792,1747
45535,"Zachary, Benjamin I",non-elite,1530,3151,4862,6619,8391,10232,12195,14207,1621,1711,1757,1772,1841,1963,2012
45536,"Hayes, Erin",non-elite,1390,2850,4420,6244,8054,9947,12052,14203,1460,1570,1824,1810,1893,2105,2151
45537,"Schwitzman, Tara",non-elite,1298,2602,3950,5520,8777,10532,12603,14299,1304,1348,1570,3257,1755,2071,1696
45538,"Lehane, Sandra A.",non-elite,1752,3342,4968,6692,8548,10413,12452,14283,1590,1626,1724,1856,1865,2039,1831
45539,"Park, Younghwa",non-elite,1669,3382,5118,6812,8528,10336,12252,14152,1713,1736,1694,1716,1808,1916,1900
45540,"Lecuyer, Lindsey B.",non-elite,1747,3451,5143,6847,8616,10359,12176,14187,1704,1692,1704,1769,1743,1817,2011
45541,"Torrens, Esteve",non-elite,1808,3579,5340,7123,8895,10747,12522,14282,1771,1761,1783,1772,1852,1775,1760
45542,"Kelley, Angelica",non-elite,1562,3127,4844,6594,8308,10216,12324,14256,1565,1717,1750,1714,1908,2108,1932
45543,"Ziola, Mary C.",non-elite,1565,3163,4783,6503,8198,10006,12059,14146,1598,1620,1720,1695,1808,2053,2087
45544,"Seshia, Sunita",non-elite,1679,3486,5296,7053,8824,10617,12460,14288,1807,1810,1757,1771,1793,1843,1828
45545,"Hasz, David",non-elite,1434,2893,4377,5940,7584,9452,11693,14061,1459,1484,1563,1644,1868,2241,2368
45546,"Yamane, Shuko",non-elite,1643,3311,5016,6864,8615,10467,12326,14238,1668,1705,1848,1751,1852,1859,1912
45547,"Mills, Grace",non-elite,1601,3251,5030,6804,8580,10532,12458,14236,1650,1779,1774,1776,1952,1926,1778
45548,"Huff, David L.",non-elite,1691,3449,5275,7077,8897,10760,12625,14328,1758,1826,1802,1820,1863,1865,1703
45549,"Lessing, Derek",non-elite,1693,3402,5105,6820,8603,10499,12407,14233,1709,1703,1715,1783,1896,1908,1826
45550,"Jelley, Susan",non-elite,1504,3052,4665,6349,8189,10115,12196,14140,1548,1613,1684,1840,1926,2081,1944
45551,"Sander, Bridget",non-elite,1711,3478,5203,6967,8738,10596,12428,14238,1767,1725,1764,1771,1858,1832,1810
45552,"Tate, Miles J",non-elite,1468,2980,4546,6291,7985,9865,11967,14156,1512,1566,1745,1694,1880,2102,2189
45553,"Cole, Jeremy",non-elite,1860,3639,5371,7121,8866,10627,12483,14341,1779,1732,1750,1745,1761,1856,1858
45554,"Egloff, Roger",non-elite,1637,3236,4805,6510,8193,10075,12045,14012,1599,1569,1705,1683,1882,1970,1967
45555,"Gantt, Candace J",non-elite,1714,3447,5178,6904,8680,10521,12331,14201,1733,1731,1726,1776,1841,1810,1870
45556,"Roppelt, Ron S.",non-elite,1658,3309,5001,6717,8424,10300,12301,14226,1651,1692,1716,1707,1876,2001,1925
45557,"Cantwell, Helen V",non-elite,1517,3083,4679,6396,8130,9990,12066,14154,1566,1596,1717,1734,1860,2076,2088
45558,"McCabe, William F.",non-elite,1866,3673,5413,7163,8887,10671,12500,14263,1807,1740,1750,1724,1784,1829,1763
45559,"Diranian, Vanessa B.",non-elite,1558,3185,4887,6676,8443,10369,12336,14211,1627,1702,1789,1767,1926,1967,1875
45560,"Wixom, Ken J.",non-elite,1703,3434,5161,6895,8635,10492,12410,14228,1731,1727,1734,1740,1857,1918,1818
45561,"Stadler, John K",non-elite,1467,2926,4407,5928,7528,9317,11352,13973,1459,1481,1521,1600,1789,2035,2621
45562,"Andelman, Dave I.",non-elite,1820,3578,5294,7017,8768,10606,12431,14266,1758,1716,1723,1751,1838,1825,1835
45563,"Tamashiro, Duane S",non-elite,1395,2810,4217,5622,7079,8863,11434,14107,1415,1407,1405,1457,1784,2571,2673
45564,"Bullard, Walt",non-elite,1597,3164,4725,6274,7807,9786,11759,14127,1567,1561,1549,1533,1979,1973,2368
45565,"Watson, Toni R",non-elite,1598,3283,5007,6726,8479,10298,12315,14211,1685,1724,1719,1753,1819,2017,1896
45566,"Irwin, Ginna",non-elite,1485,3002,4580,6251,7945,9820,11882,14048,1517,1578,1671,1694,1875,2062,2166
45567,"Lynch, Molly T.",non-elite,1744,3455,5219,6947,8672,10530,12377,14280,1711,1764,1728,1725,1858,1847,1903
45568,"Higgins, Jack",non-elite,1560,3140,4730,6384,8080,9895,11880,14104,1580,1590,1654,1696,1815,1985,2224
45569,"Gorbsky, Gary J",non-elite,1630,3302,5028,6804,8576,10449,12334,14210,1672,1726,1776,1772,1873,1885,1876
45570,"Salmon, Patricia K.",non-elite,1629,3262,4979,6749,8601,10563,12549,14314,1633,1717,1770,1852,1962,1986,1765
45571,"Johnson, Charlotte M",non-elite,1631,3292,4964,6645,8329,10243,12310,14212,1661,1672,1681,1684,1914,2067,1902
45572,"Daly, Margaret A",non-elite,1691,3376,5124,6901,8733,10665,12572,14314,1685,1748,1777,1832,1932,1907,1742
45573,"Novie, Alan",non-elite,1539,3082,4639,6381,8216,10191,12251,14253,1543,1557,1742,1835,1975,2060,2002
45574,"Meisler, Eileen",non-elite,1502,3101,4715,6382,8087,9894,11839,13987,1599,1614,1667,1705,1807,1945,2148
45575,"Brooks, Nita",non-elite,1547,3091,4640,6200,7772,9438,12476,14306,1544,1549,1560,1572,1666,3038,1830
45576,"Berni-Giarusso, Karen E",non-elite,1664,3362,5089,6878,8675,10487,12461,14268,1698,1727,1789,1797,1812,1974,1807
45577,"Yau, Yeuk Yu",non-elite,1376,2755,4150,5614,7201,9114,11738,14062,1379,1395,1464,1587,1913,2624,2324
45578,"Lebreton, Daniel",non-elite,1651,3337,5017,6822,8602,10468,12350,14220,1686,1680,1805,1780,1866,1882,1870
45579,"LaSota, Nicole",non-elite,1595,3190,4824,6540,8393,10243,12275,14256,1595,1634,1716,1853,1850,2032,1981
45580,"Bailly, Guillaume",non-elite,1295,2671,4153,5699,7365,9328,11633,13973,1376,1482,1546,1666,1963,2305,2340
45581,"Kintz, Bob A.",non-elite,1511,3020,4595,6346,8202,10207,12254,14254,1509,1575,1751,1856,2005,2047,2000
45582,"Alex, Melissa L",non-elite,1543,3129,4766,6475,8176,10251,12279,14319,1586,1637,1709,1701,2075,2028,2040
45583,"Cuva, Carmella M",non-elite,1621,3197,4813,6480,8421,10420,12504,14403,1576,1616,1667,1941,1999,2084,1899
45584,"Lusignan, David J",non-elite,1495,2987,4484,6109,7896,9912,12070,14206,1492,1497,1625,1787,2016,2158,2136
45585,"Decourcy, Tracy",non-elite,1630,3260,4929,6639,8386,10292,12243,14193,1630,1669,1710,1747,1906,1951,1950
45586,"Koon, Traci L.",non-elite,1535,3092,4684,6351,8103,10147,12206,14184,1557,1592,1667,1752,2044,2059,1978
45587,"Mccall, Dave",non-elite,1434,2880,4341,5877,7668,9731,11804,14071,1446,1461,1536,1791,2063,2073,2267
45588,"Lynch, Stephen",non-elite,1458,3010,4627,6273,7967,9858,11985,14149,1552,1617,1646,1694,1891,2127,2164
45589,"Lyons, Amanda",non-elite,1770,3579,5324,7083,8829,10623,12470,14261,1809,1745,1759,1746,1794,1847,1791
45590,"Haust, Wilhelm (Bill) M.",non-elite,1539,3142,4788,6488,8245,10088,12033,14105,1603,1646,1700,1757,1843,1945,2072
45591,"Marquez, David N.",non-elite,1414,2859,4318,5851,7638,9898,12489,14195,1445,1459,1533,1787,2260,2591,1706
45592,"Hansen, Melissa D",non-elite,1665,3355,5015,6690,8351,10283,12247,14236,1690,1660,1675,1661,1932,1964,1989
45593,"Rubio, Felipe",non-elite,1591,3205,4836,6635,9152,10718,12320,14167,1614,1631,1799,2517,1566,1602,1847
45594,"Pollard, Chris",non-elite,1699,3342,4987,6651,8396,10370,12346,14253,1643,1645,1664,1745,1974,1976,1907
45595,"Ettinger, Locke",non-elite,1526,3173,4871,6614,8383,10256,12235,14221,1647,1698,1743,1769,1873,1979,1986
45596,"Emerson, Rhonda M.",non-elite,1610,3270,4953,6758,8718,10700,12629,14360,1660,1683,1805,1960,1982,1929,1731
45597,"Bethea, Bronwen E",non-elite,1507,3028,4690,6383,8166,10186,12215,14272,1521,1662,1693,1783,2020,2029,2057
45598,"Dearnley, Thomas L.",non-elite,1720,3352,4953,6604,8353,10224,12247,14184,1632,1601,1651,1749,1871,2023,1937
45599,"Cooper, Char",non-elite,1654,3343,5049,6774,8506,10321,12252,14202,1689,1706,1725,1732,1815,1931,1950
45600,"Kennedy, Jennifer",non-elite,1688,3369,5071,6794,8494,10324,12417,14269,1681,1702,1723,1700,1830,2093,1852
45601,"Lemon, Jim",non-elite,1511,3083,4653,6233,7919,9889,11997,14159,1572,1570,1580,1686,1970,2108,2162
45602,"Braunreuther, Patricia A",non-elite,1619,3285,4960,6661,8363,10167,12132,14144,1666,1675,1701,1702,1804,1965,2012
45603,"Kennedy, Dawn",non-elite,1697,3380,5079,6777,8490,10351,12330,14223,1683,1699,1698,1713,1861,1979,1893
45604,"Carobene, Gianluca",non-elite,1834,3586,5320,7052,8758,10531,12399,14227,1752,1734,1732,1706,1773,1868,1828
45605,"Sabonis Joiner, Susan M",non-elite,1596,3236,4913,6694,8504,10428,12401,14259,1640,1677,1781,1810,1924,1973,1858
45606,"Martin, Dora E.",non-elite,1566,3176,4950,6700,8583,10469,12425,14252,1610,1774,1750,1883,1886,1956,1827
45607,"Norby, Betsy P.",non-elite,1589,3210,4854,6525,8229,10095,12103,14109,1621,1644,1671,1704,1866,2008,2006
45608,"Tebo, Robert W.",non-elite,1709,3417,5125,6861,8641,10503,12416,14272,1708,1708,1736,1780,1862,1913,1856
45609,"Gregory, Sherry L",non-elite,1747,3502,5260,7031,8802,10607,12468,14288,1755,1758,1771,1771,1805,1861,1820
45610,"Schreiner, Andy",non-elite,1677,3307,5008,6725,8432,10248,12124,14159,1630,1701,1717,1707,1816,1876,2035
45611,"Scapillato, Tim",non-elite,1424,2888,4396,5960,7613,9588,11806,14101,1464,1508,1564,1653,1975,2218,2295
45612,"Moore, Patrick",non-elite,1752,3357,4971,6610,8273,10075,12029,14152,1605,1614,1639,1663,1802,1954,2123
45613,"Lurie, Martha",non-elite,1738,3477,5224,6997,8789,10581,12417,14238,1739,1747,1773,1792,1792,1836,1821
45614,"Maggi, Jill",non-elite,1521,3216,4992,6746,8538,10402,12377,14255,1695,1776,1754,1792,1864,1975,1878
45615,"Chang, Soon K.",non-elite,1630,3292,4984,6704,8462,10349,12281,14228,1662,1692,1720,1758,1887,1932,1947
45616,"Kachan, David P",non-elite,1447,2910,4401,5998,7737,9856,12004,14121,1463,1491,1597,1739,2119,2148,2117
45617,"Pech, Bill",non-elite,1565,3157,4775,6406,8070,9858,11804,14035,1592,1618,1631,1664,1788,1946,2231
45618,"Bradley, Blanca I",non-elite,1619,3265,4920,6586,8419,10448,12400,14265,1646,1655,1666,1833,2029,1952,1865
45619,"Patrick-Melin, Amy J",non-elite,1578,3185,4872,6607,8358,10246,12389,14210,1607,1687,1735,1751,1888,2143,1821
45620,"Larsen, Carl W. Jr.",non-elite,1532,3073,4649,6427,8263,10332,12352,14277,1541,1576,1778,1836,2069,2020,1925
45621,"Shofer, Sharon L",non-elite,1613,3265,5059,6805,8682,10609,12581,14346,1652,1794,1746,1877,1927,1972,1765
45622,"Crawford, Susan",non-elite,1636,3274,4982,6676,8432,10303,12299,14243,1638,1708,1694,1756,1871,1996,1944
45623,"Berger, Ron",non-elite,1627,3270,4926,6667,8402,10332,12209,14277,1643,1656,1741,1735,1930,1877,2068
45624,"Dicecca, Richard",non-elite,1561,3089,4751,6437,8287,10191,12221,14232,1528,1662,1686,1850,1904,2030,2011
45625,"Brena, Susana",non-elite,1627,3270,4926,6667,8402,10332,12209,14278,1643,1656,1741,1735,1930,1877,2069
45626,"Rohleder, Marc",non-elite,1478,3014,4521,6116,7876,9792,11909,14144,1536,1507,1595,1760,1916,2117,2235
45627,"Yasuda, Marian",non-elite,1628,3277,4916,6568,8243,10102,12133,14153,1649,1639,1652,1675,1859,2031,2020
45628,"Ferre, Paula",non-elite,1654,3342,5033,6746,8508,10414,12370,14237,1688,1691,1713,1762,1906,1956,1867
45629,"Greenlee, Adam J.",non-elite,1528,3059,4662,6468,8684,10564,12420,14360,1531,1603,1806,2216,1880,1856,1940
45630,"Murphy, Terry",non-elite,1687,3451,5210,6969,8754,10599,12504,14270,1764,1759,1759,1785,1845,1905,1766
45631,"Fang, Jiayun",non-elite,1673,3342,5085,6942,8798,10682,12629,14359,1669,1743,1857,1856,1884,1947,1730
45632,"Margolis, Emily",non-elite,1756,3469,5166,6880,8737,10600,12434,14284,1713,1697,1714,1857,1863,1834,1850
45633,"Rohrbeck, Stacey K",non-elite,1714,3447,5178,6905,8681,10523,12416,14279,1733,1731,1727,1776,1842,1893,1863
45634,"Velazquez Rojas, Alfredo Miguel",non-elite,1566,3179,4795,6432,8086,9928,11948,14176,1613,1616,1637,1654,1842,2020,2228
45635,"Canals, Aslin",non-elite,1498,3014,4529,6063,7707,9581,11727,14052,1516,1515,1534,1644,1874,2146,2325
45636,"Higgs, Danielle M",non-elite,1523,3075,4716,6534,8371,10286,12315,14287,1552,1641,1818,1837,1915,2029,1972
45637,"Layton, Karyn",non-elite,1574,3178,4799,6467,8184,10088,12161,14212,1604,1621,1668,1717,1904,2073,2051
45638,"Casanova, Fernando J.",non-elite,1638,3229,4843,6503,8184,10036,12177,14187,1591,1614,1660,1681,1852,2141,2010
45639,"Cooney, Vanessa B",non-elite,1625,3313,5037,6834,8644,10475,12364,14251,1688,1724,1797,1810,1831,1889,1887
45640,"Bender, Dennis",non-elite,1619,3214,4829,6493,8181,10011,12024,14104,1595,1615,1664,1688,1830,2013,2080
45641,"Knoblock, Ken",non-elite,1647,3309,4992,6680,8411,10296,12281,14215,1662,1683,1688,1731,1885,1985,1934
45642,"Piligian, Pam G",non-elite,1653,3347,5075,6802,8540,10342,12281,14209,1694,1728,1727,1738,1802,1939,1928
45643,"Hershberger, Steve",non-elite,1551,3116,4705,6478,8238,10178,12213,14294,1565,1589,1773,1760,1940,2035,2081
45644,"Spalding, Marsha A",non-elite,1689,3399,5124,6868,8631,10505,12424,14262,1710,1725,1744,1763,1874,1919,1838
45645,"Garvey, Julie",non-elite,1622,3249,4903,6572,8394,10243,12228,14225,1627,1654,1669,1822,1849,1985,1997
45646,"Baker, Susie E",non-elite,1543,3108,4669,6255,7922,9640,11853,14336,1565,1561,1586,1667,1718,2213,2483
45647,"McGee, Heather L.",non-elite,1605,3175,4818,6624,8377,10236,12367,14264,1570,1643,1806,1753,1859,2131,1897
45648,"Schiller, Peter W",non-elite,1480,2979,4520,6206,8327,10199,12164,14168,1499,1541,1686,2121,1872,1965,2004
45649,"Thompson, Robert J.",non-elite,1643,3194,4764,6367,7985,9697,11676,14069,1551,1570,1603,1618,1712,1979,2393
45650,"Henderson, Rae A.",non-elite,1613,3297,5009,6739,8541,10406,12324,14246,1684,1712,1730,1802,1865,1918,1922
45651,"Forselius, Anders",non-elite,1706,3503,5217,6963,8735,10567,12399,14286,1797,1714,1746,1772,1832,1832,1887
45652,"Kim, Jung E.",non-elite,1687,3370,5076,6796,8617,10447,12417,14272,1683,1706,1720,1821,1830,1970,1855
45653,"Driscoll, Paul",non-elite,1733,3422,5111,6860,8640,10483,12408,14313,1689,1689,1749,1780,1843,1925,1905
45654,"Halling, Conrad",non-elite,1775,3593,5378,7219,8971,10795,12604,14358,1818,1785,1841,1752,1824,1809,1754
45655,"Wapshare, Amy E",non-elite,1554,3137,4851,6598,8334,10252,12281,14241,1583,1714,1747,1736,1918,2029,1960
45656,"Weber, David",non-elite,1635,3331,5010,6736,8451,10314,12306,14221,1696,1679,1726,1715,1863,1992,1915
45657,"Murphy, Kristan M.",non-elite,1890,3732,5546,7324,9069,10842,12622,14341,1842,1814,1778,1745,1773,1780,1719
45658,"Lacombe, Andrew",non-elite,1864,3552,5279,7113,8781,10628,12434,14317,1688,1727,1834,1668,1847,1806,1883
45659,"Beilenson, Lynair",non-elite,1479,2974,4527,6234,8148,10252,12288,14150,1495,1553,1707,1914,2104,2036,1862
45660,"Cadena, Piedad V.",non-elite,1633,3258,4886,6620,8446,10303,12277,14227,1625,1628,1734,1826,1857,1974,1950
45661,"Wagner, Betty",non-elite,1699,3452,5151,6899,8746,10579,12501,14303,1753,1699,1748,1847,1833,1922,1802
45662,"Otten, Samantha M.",non-elite,1720,3479,5208,6963,8731,10552,12412,14287,1759,1729,1755,1768,1821,1860,1875
45663,"Eger, Julia M.",non-elite,1705,3388,5106,6863,8633,10495,12405,14296,1683,1718,1757,1770,1862,1910,1891
45664,"Theberge, Jean-Pierre",non-elite,1528,3066,4665,6315,8009,9874,11934,14200,1538,1599,1650,1694,1865,2060,2266
45665,"Punda, Katherine",non-elite,1719,3398,5061,6747,8429,10253,12159,14205,1679,1663,1686,1682,1824,1906,2046
45666,"Buchanan, Dennis",non-elite,1641,3313,5033,6731,8444,10237,12129,14157,1672,1720,1698,1713,1793,1892,2028
45667,"Sherman, William T. Jr.",non-elite,1708,3354,4993,6676,8401,10332,12341,14247,1646,1639,1683,1725,1931,2009,1906
45668,"Harris, Glenn",non-elite,1604,3225,4861,6559,8245,10034,12080,14089,1621,1636,1698,1686,1789,2046,2009
45669,"Lankowski, Glenn R.",non-elite,1478,2997,4655,6227,7859,9679,11807,14045,1519,1658,1572,1632,1820,2128,2238
45670,"Brandon, Sarah D",non-elite,1685,3363,5082,6839,8622,10491,12439,14286,1678,1719,1757,1783,1869,1948,1847
45671,"McDonnell, Anne Marie",non-elite,1881,3724,5528,7306,9094,10887,12683,14390,1843,1804,1778,1788,1793,1796,1707
45672,"Bisignani, Robert",non-elite,1633,3333,5007,6701,8456,10289,12259,14175,1700,1674,1694,1755,1833,1970,1916
45673,"Kennedy, Katherine C.",non-elite,1719,3435,5165,6916,8704,10578,12485,14285,1716,1730,1751,1788,1874,1907,1800
45674,"Veeder, Mike Sr.",non-elite,1444,2942,4503,6154,7906,9906,12141,14225,1498,1561,1651,1752,2000,2235,2084
45675,"Schrope, Charlie J.",non-elite,1709,3348,5006,6713,8491,10410,12493,14298,1639,1658,1707,1778,1919,2083,1805
45676,"McGinn, Michael B.",non-elite,1581,3214,4852,6538,8209,9949,11861,14213,1633,1638,1686,1671,1740,1912,2352
45677,"Ruderman, Diana Y.",non-elite,1644,3273,4915,6580,8341,10233,12215,14130,1629,1642,1665,1761,1892,1982,1915
45678,"Ringenary, Robin L",non-elite,1580,3171,4792,6539,8324,10350,12405,14261,1591,1621,1747,1785,2026,2055,1856
45679,"Rollins, Eric V. II",non-elite,1609,3180,4774,6431,8185,10110,12182,14312,1571,1594,1657,1754,1925,2072,2130
45680,"Hewes, Rachel A.",non-elite,1822,3558,5263,7006,8742,10535,12359,14280,1736,1705,1743,1736,1793,1824,1921
45681,"Nelson, Laura J",non-elite,1663,3333,5043,6762,8478,10345,12299,14227,1670,1710,1719,1716,1867,1954,1928
45682,"Rosloniec, Marie-Magdalen",non-elite,1670,3352,5035,6748,8490,10298,12234,14193,1682,1683,1713,1742,1808,1936,1959
45683,"Bohm, Kendra L",non-elite,1522,3157,4779,6444,8198,9990,11844,14350,1635,1622,1665,1754,1792,1854,2506
45684,"Smedley, Joe",non-elite,1577,3194,4843,6526,8214,10031,12030,14079,1617,1649,1683,1688,1817,1999,2049
45685,"Smith, Sharon D",non-elite,1672,3382,5069,6795,8626,10513,12390,14250,1710,1687,1726,1831,1887,1877,1860
45686,"Stokowski, Craig M.",non-elite,1527,3099,4841,6623,8457,10417,12380,14342,1572,1742,1782,1834,1960,1963,1962
45687,"Scholl, James E.",non-elite,1544,3130,4737,6438,8174,10029,12068,14122,1586,1607,1701,1736,1855,2039,2054
45688,"Guillain, Bruno",non-elite,1516,3087,4687,6368,8110,10054,12227,14196,1571,1600,1681,1742,1944,2173,1969
45689,"O'Malley, Amanda",non-elite,1738,3450,5169,6904,8674,10487,12386,14267,1712,1719,1735,1770,1813,1899,1881
45690,"Salvade, Stefano",non-elite,1579,3141,4689,6311,7950,9757,11750,14017,1562,1548,1622,1639,1807,1993,2267
45691,"Francisco, Jennifer L",non-elite,1642,3314,4945,6598,8307,10253,12267,14269,1672,1631,1653,1709,1946,2014,2002
45692,"Blacksmith, Megan K.",non-elite,1563,3198,4929,6676,8521,10443,12420,14278,1635,1731,1747,1845,1922,1977,1858
45693,"Kirby, Gaye M.",non-elite,1667,3371,5115,6885,8682,10581,12483,14294,1704,1744,1770,1797,1899,1902,1811
45694,"Malm, Juanita",non-elite,1667,3371,5116,6885,8682,10581,12484,14294,1704,1745,1769,1797,1899,1903,1810
45695,"Butler, Paul N",non-elite,1509,3042,4657,6343,8146,10010,12109,14176,1533,1615,1686,1803,1864,2099,2067
45696,"Reddick, David C.",non-elite,1744,3397,5057,6727,8442,10299,12173,14329,1653,1660,1670,1715,1857,1874,2156
45697,"Commerson, Hal",non-elite,1560,3155,4788,6507,8261,10094,12071,14137,1595,1633,1719,1754,1833,1977,2066
45698,"Ebert, Stephanie",non-elite,1535,3082,4645,6303,7956,9821,12001,14145,1547,1563,1658,1653,1865,2180,2144
45699,"Hansen, Gregory J.",non-elite,1716,3335,4963,6640,8457,10350,12328,14302,1619,1628,1677,1817,1893,1978,1974
45700,"Finn, Kristen",non-elite,1625,3212,4848,6531,8298,10208,12174,14183,1587,1636,1683,1767,1910,1966,2009
45701,"Han, Kee Tai",non-elite,1509,2958,4466,6122,7977,9972,12131,14253,1449,1508,1656,1855,1995,2159,2122
45702,"Manzo, Robert A.",non-elite,1769,3444,5194,6923,8718,10550,12468,14328,1675,1750,1729,1795,1832,1918,1860
45703,"Henry, Kathleen C.",non-elite,1811,3522,5205,6932,8675,10472,12369,14291,1711,1683,1727,1743,1797,1897,1922
45704,"Jordan, James J.",non-elite,1653,3270,4908,6614,8354,10201,12194,14217,1617,1638,1706,1740,1847,1993,2023
45705,"Harkin, Paula",non-elite,1504,3055,4722,6474,8304,10243,12238,14233,1551,1667,1752,1830,1939,1995,1995
45706,"Folio, Beth",non-elite,1629,3233,4854,6520,8230,10112,12194,14195,1604,1621,1666,1710,1882,2082,2001
45707,"Mori-Stoodley, Josephine",non-elite,1587,3278,5021,6790,8579,10478,12396,14303,1691,1743,1769,1789,1899,1918,1907
45708,"He, Yufeng Sr.",non-elite,1327,2656,4005,5455,7027,9122,11488,14054,1329,1349,1450,1572,2095,2366,2566
45709,"Conlon, Joe",non-elite,1723,3357,5030,6706,8356,10214,12310,14286,1634,1673,1676,1650,1858,2096,1976
45710,"Guerette Pelletier, Nathalie",non-elite,1615,3256,4929,6623,8360,10230,12221,14157,1641,1673,1694,1737,1870,1991,1936
45711,"Sherman, Michelle L",non-elite,1562,3147,4942,6659,8428,10315,12270,14188,1585,1795,1717,1769,1887,1955,1918
45712,"Yi, Wha-Young",non-elite,1494,3021,4582,6261,8080,10113,12178,14395,1527,1561,1679,1819,2033,2065,2217
45713,"Vandyke, Lisa",non-elite,1660,3314,4994,6758,8553,10315,12268,14248,1654,1680,1764,1795,1762,1953,1980
45714,"Howell, William M",non-elite,1504,3004,4502,6033,7687,9564,11710,14069,1500,1498,1531,1654,1877,2146,2359
45715,"Wright, Tricia E.",non-elite,1631,3285,4950,6667,8439,10337,12361,14263,1654,1665,1717,1772,1898,2024,1902
45716,"Sullivan, Edward C.",non-elite,1595,3210,4818,6447,8105,9862,11946,14071,1615,1608,1629,1658,1757,2084,2125
45717,"Ming, Kettia",non-elite,1676,3412,5202,7028,8842,10646,12464,14318,1736,1790,1826,1814,1804,1818,1854
45718,"Fragala, Ryan C.",non-elite,1688,3375,5096,6814,8569,10351,12288,14206,1687,1721,1718,1755,1782,1937,1918
45719,"Cain, Kristy",non-elite,1596,3219,4896,6643,8451,10378,12355,14281,1623,1677,1747,1808,1927,1977,1926
45720,"Elliott, Kelley",non-elite,1557,3133,4809,6485,8371,10236,12201,14234,1576,1676,1676,1886,1865,1965,2033
45721,"Hermon, Maria",non-elite,1684,3378,5117,6824,8556,10388,12384,14280,1694,1739,1707,1732,1832,1996,1896
45722,"Safar, Maria Juliana",non-elite,1556,3153,4815,6520,8349,10319,12305,14241,1597,1662,1705,1829,1970,1986,1936
45723,"Giacomazzi, Ornella",non-elite,1733,3457,5185,6965,8733,10594,12510,14297,1724,1728,1780,1768,1861,1916,1787
45724,"Owen, Jon W",non-elite,1608,3226,4845,6504,8193,10086,12178,14172,1618,1619,1659,1689,1893,2092,1994
45725,"Hirshorn, Lindsey M",non-elite,1525,3115,4744,6440,8170,10040,12089,14237,1590,1629,1696,1730,1870,2049,2148
45726,"Mccreery, Melissa",non-elite,1639,3301,5054,6866,8693,10547,12455,14306,1662,1753,1812,1827,1854,1908,1851
45727,"Newby, Lesa",non-elite,1719,3441,5160,6933,8720,10568,12452,14293,1722,1719,1773,1787,1848,1884,1841
45728,"Ceponis, Veronica J",non-elite,1485,2973,4506,6028,7621,9317,11272,14001,1488,1533,1522,1593,1696,1955,2729
45729,"Gallant, David",non-elite,1584,3161,4751,6478,8246,10139,12168,14166,1577,1590,1727,1768,1893,2029,1998
45730,"Sanders, John L",non-elite,1448,2874,4316,5779,7290,9693,12182,14299,1426,1442,1463,1511,2403,2489,2117
45731,"Cleary, Denis J. III",non-elite,1689,3324,4951,6572,8194,9990,12136,14244,1635,1627,1621,1622,1796,2146,2108
45732,"Kenyon, Betsy A.",non-elite,1595,3194,4832,6645,8414,10388,12382,14294,1599,1638,1813,1769,1974,1994,1912
45733,"Niroii, Manila",non-elite,1627,3259,4877,6566,8297,10220,12228,14216,1632,1618,1689,1731,1923,2008,1988
45734,"Leibowitz, Amy",non-elite,1811,3558,5420,7159,9034,10930,12671,14372,1747,1862,1739,1875,1896,1741,1701
45735,"Clink, Pamela",non-elite,1684,3354,5034,6762,8437,10184,12203,14260,1670,1680,1728,1675,1747,2019,2057
45736,"Hawkinson, Stephanie L.",non-elite,1811,3559,5420,7159,9034,10931,12672,14372,1748,1861,1739,1875,1897,1741,1700
45737,"Badalamenti, Joe",non-elite,1606,3265,4940,6666,8347,10096,12057,14191,1659,1675,1726,1681,1749,1961,2134
45738,"Simmons, Kimberly J",non-elite,1817,3684,5498,7274,8999,10780,12576,14343,1867,1814,1776,1725,1781,1796,1767
45739,"Mabie, Renee B",non-elite,1623,3320,5062,6859,8656,10535,12448,14325,1697,1742,1797,1797,1879,1913,1877
45740,"Smith, Bruce A",non-elite,1405,2931,4693,6532,8371,10311,12370,14288,1526,1762,1839,1839,1940,2059,1918
45741,"Goetz, Mark A",non-elite,1370,2782,4242,5874,7733,9849,11956,14215,1412,1460,1632,1859,2116,2107,2259
45742,"Bay, William A",non-elite,1539,3107,4732,6453,8146,10023,12115,14222,1568,1625,1721,1693,1877,2092,2107
45743,"Layden, Kayla H.",non-elite,1491,2919,4380,5871,7472,9381,11882,14168,1428,1461,1491,1601,1909,2501,2286
45744,"McNally, Danielle",non-elite,1760,3397,5089,6793,8534,10427,12404,14321,1637,1692,1704,1741,1893,1977,1917
45745,"Ehlinger, Curt",non-elite,1912,4113,5960,7693,9353,11028,12713,14385,2201,1847,1733,1660,1675,1685,1672
45746,"Mingo, Mal A.",non-elite,1654,3306,4991,6668,8364,10265,12231,14249,1652,1685,1677,1696,1901,1966,2018
45747,"Vanderlinden, Jenn",non-elite,1601,3224,4908,6641,8408,10318,12291,14279,1623,1684,1733,1767,1910,1973,1988
45748,"Plunkett, Cheri L",non-elite,1731,3425,5141,6888,8639,10498,12419,14323,1694,1716,1747,1751,1859,1921,1904
45749,"Foley, Patrick J.",non-elite,1665,3303,4967,6731,8509,10377,12341,14310,1638,1664,1764,1778,1868,1964,1969
45750,"Simon, Carsten",non-elite,1598,3261,4957,6698,8436,10350,12376,14274,1663,1696,1741,1738,1914,2026,1898
45751,"Morrow, Jesse D.",non-elite,1301,2577,3842,5188,6662,8303,12016,14393,1276,1265,1346,1474,1641,3713,2377
45752,"Thibaudeau, Bernadette",non-elite,1595,3214,4873,6513,8219,10023,11951,14081,1619,1659,1640,1706,1804,1928,2130
45753,"Renn, Rachel 'Renee' R.",non-elite,1607,3302,4914,6675,8456,10340,12326,14224,1695,1612,1761,1781,1884,1986,1898
45754,"Alessi, Kristina D.",non-elite,1763,3473,5194,6965,8781,10608,12492,14331,1710,1721,1771,1816,1827,1884,1839
45755,"Van Der Pluijm, Brigitte",non-elite,1792,3557,5331,7110,8919,10769,12608,14364,1765,1774,1779,1809,1850,1839,1756
45756,"Martek, Craig M. Jr.",non-elite,1729,3336,4959,6626,8314,10352,12257,14283,1607,1623,1667,1688,2038,1905,2026
45757,"Gennaro, Erica",non-elite,1671,3278,4977,6787,8643,10505,12429,14305,1607,1699,1810,1856,1862,1924,1876
45758,"Rickert, Jenna",non-elite,1468,2955,4428,5898,7427,9108,10924,13986,1487,1473,1470,1529,1681,1816,3062
45759,"Stent, Maxine H",non-elite,1645,3305,4975,6691,8453,10348,12336,14259,1660,1670,1716,1762,1895,1988,1923
45760,"Orman, William H.",non-elite,1471,3100,4970,6713,8501,10367,12344,14288,1629,1870,1743,1788,1866,1977,1944
45761,"Grant, Katharine A.",non-elite,1684,3336,4991,6704,8470,10365,12346,14303,1652,1655,1713,1766,1895,1981,1957
45762,"Grace, Andrew W.",non-elite,1801,3453,5012,6713,8478,10418,12368,14296,1652,1559,1701,1765,1940,1950,1928
45763,"Sertich, David G.",non-elite,1635,3203,4786,6446,8167,10087,12192,14190,1568,1583,1660,1721,1920,2105,1998
45764,"Noe, Rebecca",non-elite,1556,3118,4677,6264,8013,9811,11956,14214,1562,1559,1587,1749,1798,2145,2258
45766,"Snyder, William",non-elite,1739,3430,5056,6744,8387,10140,12110,14182,1691,1626,1688,1643,1753,1970,2072
45767,"Spero, Scott",non-elite,1578,3188,4838,6561,8334,10312,12458,14365,1610,1650,1723,1773,1978,2146,1907
45768,"Andrade, Juan J.",non-elite,1730,3461,5175,6896,8615,10369,12302,14261,1731,1714,1721,1719,1754,1933,1959
45769,"Robillard, Jason D.",non-elite,1713,3356,5004,6658,8304,10120,12204,14259,1643,1648,1654,1646,1816,2084,2055
45770,"Kajino, Meg",non-elite,1523,3127,4769,6467,8178,9996,11989,14224,1604,1642,1698,1711,1818,1993,2235
45771,"Connolly, Leonela",non-elite,1674,3334,4994,6687,8522,10453,12502,14295,1660,1660,1693,1835,1931,2049,1793
45772,"Amend, Andrea L",non-elite,1628,3407,5148,6967,8743,10569,12480,14322,1779,1741,1819,1776,1826,1911,1842
45773,"Hunter, Eimear",non-elite,1544,3064,4567,6199,8154,10193,12252,14255,1520,1503,1632,1955,2039,2059,2003
45774,"Kent, Michael R.",non-elite,1574,3239,4989,6761,8532,10427,12415,14326,1665,1750,1772,1771,1895,1988,1911
45775,"Marlow, Scott",non-elite,1535,3098,4707,6512,8362,10274,12298,14258,1563,1609,1805,1850,1912,2024,1960
45777,"Viegas, Stephen G.",non-elite,1658,3322,4995,6699,8420,10345,12326,14332,1664,1673,1704,1721,1925,1981,2006
45778,"Felt, Tiffany K.",non-elite,1406,2839,4284,5754,9232,10881,12675,14402,1433,1445,1470,3478,1649,1794,1727
45779,"Sommers, Camille",non-elite,1724,3372,5200,6893,8624,10529,12459,14318,1648,1828,1693,1731,1905,1930,1859
45780,"Seemiller, Daniel",non-elite,1724,3372,5200,6893,8624,10530,12459,14318,1648,1828,1693,1731,1906,1929,1859
45781,"Dekalb, Joy",non-elite,1566,3147,4784,6522,8350,10250,12226,14239,1581,1637,1738,1828,1900,1976,2013
45782,"Coucci, Karen J",non-elite,1496,3053,4730,6472,8257,10261,12445,14329,1557,1677,1742,1785,2004,2184,1884
45783,"Harrop, Sheryl M",non-elite,1570,3114,4731,6418,8322,10143,12186,14257,1544,1617,1687,1904,1821,2043,2071
45784,"Phillips, Paul",non-elite,1595,3257,4925,6633,8348,10223,12193,14221,1662,1668,1708,1715,1875,1970,2028
45785,"Pustovar, Leah",non-elite,1553,3116,4726,6428,8148,9992,12004,14157,1563,1610,1702,1720,1844,2012,2153
45786,"O'Neil, Tantra",non-elite,1496,2941,4480,6081,7837,9758,11970,14281,1445,1539,1601,1756,1921,2212,2311
45787,"Novak, Amy M",non-elite,1778,3626,5353,7167,8909,10713,12601,14349,1848,1727,1814,1742,1804,1888,1748
45788,"Anderson, Carla",non-elite,1470,2983,4603,6449,8316,10362,12372,14319,1513,1620,1846,1867,2046,2010,1947
45789,"Boyer, Cindy",non-elite,1629,3206,4783,6408,8121,10013,12229,14242,1577,1577,1625,1713,1892,2216,2013
45790,"Morris, Marcy A",non-elite,1778,3627,5353,7168,8909,10714,12600,14350,1849,1726,1815,1741,1805,1886,1750
45791,"Garrison, Sharon L",non-elite,1652,3432,5090,6821,8884,10765,12610,14384,1780,1658,1731,2063,1881,1845,1774
45792,"Anderson, Joey T",non-elite,1654,3286,4934,6591,8245,9985,12080,14163,1632,1648,1657,1654,1740,2095,2083
45793,"Duerksen, John V.",non-elite,1733,3475,5383,7159,8929,10802,12603,14382,1742,1908,1776,1770,1873,1801,1779
45794,"Briggs, Sadie S.",non-elite,1565,3120,4804,6677,8469,10404,12406,14333,1555,1684,1873,1792,1935,2002,1927
45795,"Robbins, Robin",non-elite,1643,3367,5101,6832,8595,10416,12332,14248,1724,1734,1731,1763,1821,1916,1916
45796,"Gill, Catherine W",non-elite,1556,3173,4842,6574,8466,10341,12304,14266,1617,1669,1732,1892,1875,1963,1962
45797,"Miles, Hannah",non-elite,1734,3518,5291,7066,8835,10674,12563,14384,1784,1773,1775,1769,1839,1889,1821
45798,"Davis, Amy L.",non-elite,1689,3350,5057,6783,8525,10394,12316,14271,1661,1707,1726,1742,1869,1922,1955
45799,"Allen, Marilyn A.",non-elite,1749,3520,5300,7073,8845,10675,12553,14327,1771,1780,1773,1772,1830,1878,1774
45800,"Martin, Elizabeth M.",non-elite,1616,3217,4861,6556,8408,10293,12311,14353,1601,1644,1695,1852,1885,2018,2042
45801,"Gagnon, Eric",non-elite,1746,3379,5039,6726,8434,10427,12423,14368,1633,1660,1687,1708,1993,1996,1945
45802,"Wonnell, Tamal",non-elite,1556,3129,4751,6616,8380,10344,12431,14381,1573,1622,1865,1764,1964,2087,1950
45803,"Bierbrauer, Kimberly L",non-elite,1526,3154,4907,6756,8604,10517,12496,14350,1628,1753,1849,1848,1913,1979,1854
45804,"Litvay, Patrice M",non-elite,1559,3115,4710,6428,8072,9971,12382,14267,1556,1595,1718,1644,1899,2411,1885
45805,"Campione, Diane M",non-elite,1677,3374,5077,6817,8667,10530,12420,14303,1697,1703,1740,1850,1863,1890,1883
45806,"Sonn, Lindsey R.",non-elite,1731,3399,5108,6835,8579,10408,12457,14355,1668,1709,1727,1744,1829,2049,1898
45807,"Koh, Laura",non-elite,1611,3264,4978,6731,8511,10433,12400,14314,1653,1714,1753,1780,1922,1967,1914
45808,"Kent, Savannah M.",non-elite,1370,2871,4676,6406,8207,10080,12105,14346,1501,1805,1730,1801,1873,2025,2241
45809,"Bowe, Henry",non-elite,1455,2891,4339,5813,7330,9158,11545,14108,1436,1448,1474,1517,1828,2387,2563
45810,"Stanbrough, Darryl R",non-elite,1646,3321,5000,6704,8438,10281,12318,14263,1675,1679,1704,1734,1843,2037,1945
45811,"Shanley, Susan",non-elite,1740,3454,5190,6942,8714,10572,12480,14370,1714,1736,1752,1772,1858,1908,1890
45812,"Allen, Melissa A",non-elite,1542,3117,4746,6481,8290,10305,12394,14301,1575,1629,1735,1809,2015,2089,1907
45813,"Page, Austin J.",non-elite,1768,3492,5120,6744,8484,10370,12321,14348,1724,1628,1624,1740,1886,1951,2027
45814,"Hurley, Susan A.",non-elite,1614,3280,4976,6690,8417,10277,12283,14287,1666,1696,1714,1727,1860,2006,2004
45815,"Gates, Rebecca C",non-elite,1609,3257,4942,6696,8466,10285,12280,14243,1648,1685,1754,1770,1819,1995,1963
45816,"Briery, Melissa",non-elite,1515,3087,4677,6603,8237,10152,12226,14274,1572,1590,1926,1634,1915,2074,2048
45817,"Ojimba, Erisa",non-elite,1491,3016,4645,6389,8211,10272,12373,14300,1525,1629,1744,1822,2061,2101,1927
45818,"Garfield, David",non-elite,1669,3371,5105,6868,8609,10382,12302,14251,1702,1734,1763,1741,1773,1920,1949
45819,"Lortie, Jim N",non-elite,1579,3196,4852,6638,8534,10509,12560,14390,1617,1656,1786,1896,1975,2051,1830
45820,"Resnick, Elizabeth",non-elite,1685,3379,5067,6776,8498,10407,12383,14278,1694,1688,1709,1722,1909,1976,1895
45821,"Ralston, Leigh A",non-elite,1683,3373,5077,6821,8583,10431,12330,14239,1690,1704,1744,1762,1848,1899,1909
45822,"O'Connell, Patrick H.",non-elite,1894,3637,5384,7153,8861,10670,12528,14351,1743,1747,1769,1708,1809,1858,1823
45823,"Sanchez Gallego, Jimena",non-elite,1620,3158,4715,6380,8097,9939,12755,14446,1538,1557,1665,1717,1842,2816,1691
45824,"Pena, Yen C.",non-elite,1550,3143,4951,6696,8654,10545,12515,14323,1593,1808,1745,1958,1891,1970,1808
45825,"Andrews, Neil A",non-elite,1632,3322,5062,6842,8636,10549,12471,14339,1690,1740,1780,1794,1913,1922,1868
45826,"Jonker, Jelka M.",non-elite,1697,3369,5043,6738,8506,10393,12413,14291,1672,1674,1695,1768,1887,2020,1878
45827,"Mateskon, Julia",non-elite,1541,3067,4585,6190,7779,9559,11575,14048,1526,1518,1605,1589,1780,2016,2473
45828,"Yatsu-Lim, Noriko",non-elite,1505,3013,4606,6417,8204,10079,12123,13930,1508,1593,1811,1787,1875,2044,1807
45829,"Crothers, Patricia C.",non-elite,1605,3259,4962,6767,8556,10459,12439,14334,1654,1703,1805,1789,1903,1980,1895
45830,"Bourque, Susan",non-elite,1689,3322,4976,6705,8461,10277,12195,14331,1633,1654,1729,1756,1816,1918,2136
45831,"Siegel, Noah",non-elite,1627,3224,4811,6460,8191,10207,12338,14308,1597,1587,1649,1731,2016,2131,1970
45832,"Morrison, Tracy",non-elite,1564,3152,4770,6415,8121,10012,12054,14196,1588,1618,1645,1706,1891,2042,2142
45833,"Kirkpatrick, David G",non-elite,1562,3144,4883,6644,8474,10453,12456,14352,1582,1739,1761,1830,1979,2003,1896
45834,"Bolin, Ken",non-elite,1435,2903,4558,6256,8033,10086,12144,14284,1468,1655,1698,1777,2053,2058,2140
45835,"Biciocchi, James W.",non-elite,1653,3197,4709,6309,8014,9968,12137,14226,1544,1512,1600,1705,1954,2169,2089
45836,"Mahoney, Matt B.",non-elite,1628,3278,4946,6628,8554,10367,12538,14389,1650,1668,1682,1926,1813,2171,1851
45837,"Usry, Suzy",non-elite,1688,3376,5063,6770,8506,10342,12334,14321,1688,1687,1707,1736,1836,1992,1987
45838,"Wolfrum, Jordan C",non-elite,1577,3153,4817,6617,8432,10339,12359,14324,1576,1664,1800,1815,1907,2020,1965
45839,"Hoogendoorn, Thomas J",non-elite,1497,3128,4726,6365,8055,9813,11739,14068,1631,1598,1639,1690,1758,1926,2329
45840,"Hayes, Erin L.",non-elite,1557,3096,4657,6290,8032,10302,12391,14460,1539,1561,1633,1742,2270,2089,2069
45841,"Farrell, Adrian",non-elite,1757,3509,5267,7010,8764,10599,12456,14332,1752,1758,1743,1754,1835,1857,1876
45842,"Anderson, Arik",non-elite,1384,2808,4369,5953,7616,9484,12419,14291,1424,1561,1584,1663,1868,2935,1872
45843,"Marshall, Sammi",non-elite,1581,3175,4937,6782,8587,10430,12388,14332,1594,1762,1845,1805,1843,1958,1944
45844,"Jones, Steve A",non-elite,1438,2940,4578,6347,8149,10141,12173,14268,1502,1638,1769,1802,1992,2032,2095
45845,"Mazur, Lisa",non-elite,1683,3388,5082,6808,8560,10429,12575,14401,1705,1694,1726,1752,1869,2146,1826
45846,"Basnyat, Karma",non-elite,1561,3206,4898,6573,8314,10167,12295,14317,1645,1692,1675,1741,1853,2128,2022
45847,"Wakulchik, Natalie",non-elite,1654,3318,5014,6800,8585,10554,12499,14337,1664,1696,1786,1785,1969,1945,1838
45848,"Hudyma, Wade W",non-elite,1408,2877,4415,6076,7800,9783,11989,14173,1469,1538,1661,1724,1983,2206,2184
45849,"Bourassa, Justin T.",non-elite,1786,3534,5253,7032,8812,10636,12483,14368,1748,1719,1779,1780,1824,1847,1885
45850,"Smith, Robin O",non-elite,1688,3379,5109,6865,8662,10512,12442,14354,1691,1730,1756,1797,1850,1930,1912
45851,"Miskell, Robin L.",non-elite,1636,3296,4979,6685,8387,10167,12012,14091,1660,1683,1706,1702,1780,1845,2079
45852,"Daiber, Mark",non-elite,1438,2885,4340,5839,7415,9266,11497,14019,1447,1455,1499,1576,1851,2231,2522
45853,"Fair, Katherine H.",non-elite,1659,3325,4998,6745,8489,10379,12314,14340,1666,1673,1747,1744,1890,1935,2026
45854,"Creedon, Brianne",non-elite,1729,3457,5167,7023,8782,10625,12489,14342,1728,1710,1856,1759,1843,1864,1853
45855,"Willits, Bill",non-elite,1448,2891,4361,5905,7466,9216,11183,13456,1443,1470,1544,1561,1750,1967,2273
45856,"Truong, Samantha (Xoan) L.",non-elite,1555,3183,4867,6626,8596,10492,12491,14361,1628,1684,1759,1970,1896,1999,1870
45857,"Gilrein, David M.",non-elite,1632,3332,5026,6799,8578,10439,12394,14304,1700,1694,1773,1779,1861,1955,1910
45858,"Pinto, Marc R",non-elite,1534,3196,4831,6532,8253,10161,12165,14242,1662,1635,1701,1721,1908,2004,2077
45859,"Rogers, Kurt",non-elite,1708,3282,4807,6502,8069,9848,11554,14282,1574,1525,1695,1567,1779,1706,2728
45860,"Witter, Heidi G.",non-elite,1507,3131,4880,6778,8603,10531,12415,14317,1624,1749,1898,1825,1928,1884,1902
45861,"Corson, Karen J.",non-elite,1418,2892,4493,6218,8081,10087,12250,14314,1474,1601,1725,1863,2006,2163,2064
45862,"Russell, Kim A.",non-elite,1613,3271,4995,6699,8560,10616,12529,14368,1658,1724,1704,1861,2056,1913,1839
45863,"Jackson, Amy",non-elite,1494,2938,4395,6207,8194,10062,12016,14306,1444,1457,1812,1987,1868,1954,2290
45864,"Hollins, Katrina",non-elite,1642,3329,5129,6902,8683,10602,12521,14414,1687,1800,1773,1781,1919,1919,1893
45865,"Tijskens, Guido",non-elite,1681,3317,4949,6610,8265,10474,12432,14268,1636,1632,1661,1655,2209,1958,1836
45866,"Blewitt, Stephen J.",non-elite,1782,3434,5049,6720,8433,10231,12242,14243,1652,1615,1671,1713,1798,2011,2001
45867,"Saito, Satoshi",non-elite,1517,3107,4807,6589,8445,10339,12271,14244,1590,1700,1782,1856,1894,1932,1973
45868,"Sekhon, Bal",non-elite,1494,3146,4858,6651,8470,10424,12424,14321,1652,1712,1793,1819,1954,2000,1897
45869,"Schwarz, Donald J.",non-elite,1665,3271,4873,6517,8209,10111,12160,14242,1606,1602,1644,1692,1902,2049,2082
45870,"Dery, Normand",non-elite,1755,3509,5291,7054,8816,10628,12524,14372,1754,1782,1763,1762,1812,1896,1848
45871,"Huff, Emily W.",non-elite,1536,3069,4616,6207,7838,9586,11605,14154,1533,1547,1591,1631,1748,2019,2549
45872,"Survil, Taylor",non-elite,1465,2966,4518,6183,7919,9842,12050,14313,1501,1552,1665,1736,1923,2208,2263
45873,"Pipkin, Sherry M",non-elite,1658,3345,5035,6755,8529,10481,12453,14356,1687,1690,1720,1774,1952,1972,1903
45874,"Bishop, Steve G",non-elite,1583,3221,4889,6621,8379,10252,12318,14308,1638,1668,1732,1758,1873,2066,1990
45875,"Keenan, Karen C",non-elite,1722,3446,5185,6926,8676,10507,12422,14331,1724,1739,1741,1750,1831,1915,1909
45876,"Krueger, Brenda",non-elite,1742,3482,5215,6959,8724,10538,12432,14337,1740,1733,1744,1765,1814,1894,1905
45877,"Arai, Junichi",non-elite,1467,2935,4428,5987,7664,9599,11867,14266,1468,1493,1559,1677,1935,2268,2399
45878,"Boychuk, Jill",non-elite,1571,3193,4975,6731,8580,10536,12507,14338,1622,1782,1756,1849,1956,1971,1831
45879,"Lavallee, Julien",non-elite,1513,3097,4774,6455,8160,10063,12114,14239,1584,1677,1681,1705,1903,2051,2125
45880,"Takagi, Arisa O.",non-elite,1580,3170,4774,6477,8317,10343,12650,14423,1590,1604,1703,1840,2026,2307,1773
45881,"Horstmann, David L.",non-elite,1692,3371,5060,6766,8531,10389,12424,14255,1679,1689,1706,1765,1858,2035,1831
45882,"Whelan, Kevin M",non-elite,1371,2722,4086,5801,8272,10181,12221,14327,1351,1364,1715,2471,1909,2040,2106
45883,"Breau, Marcelle",non-elite,1713,3371,5041,6742,8522,10390,12298,14258,1658,1670,1701,1780,1868,1908,1960
45884,"Morton, James R.",non-elite,1501,3060,4665,6384,8157,10111,12209,14249,1559,1605,1719,1773,1954,2098,2040
45885,"Shields, Maria N",non-elite,1669,3381,5089,6878,8694,10712,12645,14403,1712,1708,1789,1816,2018,1933,1758
45886,"Cook, Marie",non-elite,1641,3361,5153,6966,8762,10688,12570,14393,1720,1792,1813,1796,1926,1882,1823
45887,"Wilkinson, Joey K",non-elite,1404,2828,4283,5838,7522,9417,11546,14069,1424,1455,1555,1684,1895,2129,2523
45888,"Kent, Cherry C",non-elite,1707,3438,5191,6975,8781,10652,12557,14354,1731,1753,1784,1806,1871,1905,1797
45889,"Spencer, Scott A.",non-elite,1494,3028,4597,6265,8130,10167,12303,14318,1534,1569,1668,1865,2037,2136,2015
45890,"Gross, Brent D.",non-elite,1736,3364,4973,6652,8463,10399,12403,14360,1628,1609,1679,1811,1936,2004,1957
45891,"Hunter, Jon S.",non-elite,1770,3595,5294,6995,8671,10429,12271,14324,1825,1699,1701,1676,1758,1842,2053
45892,"Lord, San M.",non-elite,1514,3018,4528,6059,7611,9748,12776,14426,1504,1510,1531,1552,2137,3028,1650
45893,"Mamola, Lee J",non-elite,1672,3342,5026,6693,8386,10136,12029,14228,1670,1684,1667,1693,1750,1893,2199
45894,"Cleveland, Eli S.",non-elite,1779,3448,5063,6727,8440,10268,12275,14294,1669,1615,1664,1713,1828,2007,2019
45895,"Schwartz, Derek N.",non-elite,1850,3684,5440,7152,8874,10665,12480,14348,1834,1756,1712,1722,1791,1815,1868
45896,"Baumann, Michael",non-elite,1613,3332,5057,6899,8675,10756,12789,14413,1719,1725,1842,1776,2081,2033,1624
45897,"Sander, Jacqueline M.",non-elite,1654,3289,4995,6812,8531,10346,12255,14291,1635,1706,1817,1719,1815,1909,2036
45898,"Raaberg, Colin",non-elite,1679,3311,4898,6639,8404,10281,12300,14339,1632,1587,1741,1765,1877,2019,2039
45899,"Galea, Jon",non-elite,1455,2967,4625,6374,8193,10268,12327,14326,1512,1658,1749,1819,2075,2059,1999
45900,"Lenz, Paul J",non-elite,1455,2912,4355,5861,7909,9970,12264,14307,1457,1443,1506,2048,2061,2294,2043
45901,"Yamazaki Tanabe, Elisa",non-elite,1413,2876,4450,6123,7856,9720,11946,14109,1463,1574,1673,1733,1864,2226,2163
45902,"Lanagan, Olivia R.",non-elite,1750,3445,5111,6812,8642,10521,12461,14389,1695,1666,1701,1830,1879,1940,1928
45903,"Olson, Arlane",non-elite,1639,3302,5054,6829,8634,10547,12489,14341,1663,1752,1775,1805,1913,1942,1852
45904,"Porter, Chris",non-elite,1743,3419,5149,6868,8591,10409,12361,14363,1676,1730,1719,1723,1818,1952,2002
45905,"Fish, Michelle",non-elite,1595,3251,4943,6683,8443,10347,12351,14322,1656,1692,1740,1760,1904,2004,1971
45907,"Trefry, Anne A",non-elite,1739,3489,5308,7077,8833,10624,12444,14331,1750,1819,1769,1756,1791,1820,1887
45908,"Kanto, Veikko A.",non-elite,1559,3139,4749,6379,8054,9906,11868,13955,1580,1610,1630,1675,1852,1962,2087
45909,"Leverentz, Andrea",non-elite,1787,3517,5270,7067,8846,10694,12561,14386,1730,1753,1797,1779,1848,1867,1825
45910,"Gottlieb, Sarah C",non-elite,1413,2848,4353,5900,7517,9337,11629,14077,1435,1505,1547,1617,1820,2292,2448
45911,"Wooley, John S.",non-elite,1665,3303,4954,6622,8295,10089,12189,14324,1638,1651,1668,1673,1794,2100,2135
45912,"Stemer, Anniebee R",non-elite,1629,3250,4908,6622,8689,10605,12502,14379,1621,1658,1714,2067,1916,1897,1877
45913,"Shen, Mary",non-elite,1626,3271,4939,6638,8340,10136,12336,14304,1645,1668,1699,1702,1796,2200,1968
45914,"Palmer, Irma L.",non-elite,1786,3545,5302,7076,8976,10815,12578,14417,1759,1757,1774,1900,1839,1763,1839
45915,"Airasian, Kimberly F.",non-elite,1577,3209,4985,6749,8507,10425,12350,14312,1632,1776,1764,1758,1918,1925,1962
45916,"Dhumkhang, Sherab",non-elite,1719,3481,5283,7070,8849,10724,12649,14403,1762,1802,1787,1779,1875,1925,1754
45917,"Simpson, Raymond A.",non-elite,1719,3481,5283,7070,8850,10724,12649,14403,1762,1802,1787,1780,1874,1925,1754
45918,"Collins, Laurel",non-elite,1689,3434,5211,6989,8754,10638,12537,14350,1745,1777,1778,1765,1884,1899,1813
45919,"Zydel, Laurie",non-elite,1598,3278,5039,6802,8583,10462,12491,14368,1680,1761,1763,1781,1879,2029,1877
45920,"Mars Wunderlich, Janis",non-elite,1583,3182,4794,6465,8201,10114,12159,14259,1599,1612,1671,1736,1913,2045,2100
45921,"Reynolds, Alexandra W",non-elite,1408,2929,4541,6260,8061,9970,12113,14343,1521,1612,1719,1801,1909,2143,2230
45922,"Schatte, Doreen",non-elite,1681,3436,5185,6985,8779,10643,12550,14409,1755,1749,1800,1794,1864,1907,1859
45923,"Nash, Chad A.",non-elite,1559,3113,4708,6368,8193,10160,12297,14339,1554,1595,1660,1825,1967,2137,2042
45924,"Breer, Andreas Pater Tobias",non-elite,1513,3020,4636,6370,8162,10125,12202,14246,1507,1616,1734,1792,1963,2077,2044
45925,"Mcewan, Barbara A.",non-elite,1672,3389,5144,6933,8748,10647,12572,14394,1717,1755,1789,1815,1899,1925,1822
45926,"Mielbye, Kristi",non-elite,1771,3459,5124,6800,8579,10459,12447,14364,1688,1665,1676,1779,1880,1988,1917
45927,"Lea, Colin",non-elite,1800,3499,5175,6934,8687,10594,12537,14434,1699,1676,1759,1753,1907,1943,1897
45928,"Hibbitts, Marla",non-elite,1624,3244,4888,6545,8166,9957,11961,14264,1620,1644,1657,1621,1791,2004,2303
45929,"Lee, Kevin J.",non-elite,1439,2892,4342,5849,7426,9202,11418,14095,1453,1450,1507,1577,1776,2216,2677
45930,"Woodard, Chuck F. II",non-elite,1754,3429,5105,6794,8551,10424,12402,14358,1675,1676,1689,1757,1873,1978,1956
45931,"Jacobs, Jacquie A",non-elite,1671,3304,5024,6812,8559,10385,12404,14367,1633,1720,1788,1747,1826,2019,1963
45932,"Sirois, Janice",non-elite,1665,3341,5005,6724,8489,10363,12292,14305,1676,1664,1719,1765,1874,1929,2013
45933,"Drury, Julie",non-elite,1629,3269,4957,6770,8556,10415,12370,14345,1640,1688,1813,1786,1859,1955,1975
45934,"Ryan, Katie H",non-elite,1745,3471,5191,6919,8759,10589,12522,14355,1726,1720,1728,1840,1830,1933,1833
45935,"Fuller, Jared A.",non-elite,1515,2971,4501,6043,7630,9563,11819,14260,1456,1530,1542,1587,1933,2256,2441
45936,"Park, Deric M",non-elite,1746,3484,5191,6920,8759,10589,12522,14355,1738,1707,1729,1839,1830,1933,1833
45937,"Mccabe, Angela",non-elite,1644,3323,5072,6855,8682,10581,12541,14399,1679,1749,1783,1827,1899,1960,1858
45938,"Anooshehpoor, Rasool",non-elite,1480,3035,4670,6398,8139,10029,12126,14278,1555,1635,1728,1741,1890,2097,2152
45939,"Yost, Kathryn",non-elite,1601,3312,5079,6892,8763,10655,12555,14381,1711,1767,1813,1871,1892,1900,1826
45940,"Murney, Robert J. Jr.",non-elite,1666,3353,5030,6731,8554,10414,12318,14275,1687,1677,1701,1823,1860,1904,1957
45941,"Svedberg, Stefan",non-elite,1573,3155,4759,6382,8014,9856,11891,14159,1582,1604,1623,1632,1842,2035,2268
45942,"Wu, Xiao Dong",non-elite,1561,3190,4874,6629,8414,10365,12384,14322,1629,1684,1755,1785,1951,2019,1938
45943,"Liu, Peter",non-elite,1422,2939,4591,6366,8332,10411,12490,14406,1517,1652,1775,1966,2079,2079,1916
45944,"White, Stephanie L",non-elite,1559,3128,4779,6527,8353,10438,12540,14377,1569,1651,1748,1826,2085,2102,1837
45945,"Kucyla, Brandie L.",non-elite,1775,3516,5279,7069,8855,10684,12557,14392,1741,1763,1790,1786,1829,1873,1835
45946,"Delgado, Luis",non-elite,1779,3468,5146,6844,8515,10267,12229,14230,1689,1678,1698,1671,1752,1962,2001
45947,"Myers, Terri G",non-elite,1718,3438,5175,6913,8636,10466,12346,14287,1720,1737,1738,1723,1830,1880,1941
45948,"Cheshire, James W.",non-elite,1791,3576,5370,7205,9046,10881,12720,14428,1785,1794,1835,1841,1835,1839,1708
45949,"Sindel, John",non-elite,1628,3312,5094,6864,8657,10587,12552,14390,1684,1782,1770,1793,1930,1965,1838
45950,"Ferguson, Gary A",non-elite,1652,3320,5003,6712,8423,10320,12327,14320,1668,1683,1709,1711,1897,2007,1993
45951,"Talos Bindrum, Simona",non-elite,1454,3241,5201,6966,9056,10839,12632,14371,1787,1960,1765,2090,1783,1793,1739
45952,"Visser, Michele",non-elite,1485,2956,4480,6197,8031,9900,11913,14126,1471,1524,1717,1834,1869,2013,2213
45953,"Condlyffe, Pamela J",non-elite,1579,3152,4769,6458,8335,10219,12351,14362,1573,1617,1689,1877,1884,2132,2011
45954,"Castorena, Monica",non-elite,1566,3239,4974,6759,8575,10484,12444,14351,1673,1735,1785,1816,1909,1960,1907
45955,"Burkard, Paul R.",non-elite,1655,3191,4705,6316,8047,9969,12043,14302,1536,1514,1611,1731,1922,2074,2259
45956,"Donovan, Caren A.",non-elite,1883,3733,5579,7383,9147,10972,12734,14431,1850,1846,1804,1764,1825,1762,1697
45957,"Coe, Richard",non-elite,1571,3106,4775,6442,8213,10125,12218,14326,1535,1669,1667,1771,1912,2093,2108
45958,"Workman, Kristie J.",non-elite,1634,3351,5088,6826,8593,10488,12430,14339,1717,1737,1738,1767,1895,1942,1909
45959,"Lucas, Lena A",non-elite,1640,3369,5138,6918,8694,10544,12482,14362,1729,1769,1780,1776,1850,1938,1880
45960,"Vu, Doan",non-elite,1713,3490,5275,7086,8882,10784,12668,14445,1777,1785,1811,1796,1902,1884,1777
45961,"Donakowski, Darren J",non-elite,1280,2583,3961,5459,7119,9164,11889,14312,1303,1378,1498,1660,2045,2725,2423
45962,"White, Todd T",non-elite,1442,2905,4382,5922,7553,9447,11666,14086,1463,1477,1540,1631,1894,2219,2420
45963,"Lusk, Mark",non-elite,1770,3547,5313,7095,8878,10710,12515,14357,1777,1766,1782,1783,1832,1805,1842
45964,"Taylor, Frederick W",non-elite,1641,3316,5048,6767,8497,10296,12227,14300,1675,1732,1719,1730,1799,1931,2073
45965,"Wettlaufer, Michael J",non-elite,1534,3074,4573,6236,8097,10163,12233,14268,1540,1499,1663,1861,2066,2070,2035
45966,"Johnson, Paul D.",non-elite,1765,3527,5290,7051,8820,10686,12573,14408,1762,1763,1761,1769,1866,1887,1835
45967,"Jurado, Jorge E",non-elite,1288,2587,3909,5364,9908,11525,13049,14577,1299,1322,1455,4544,1617,1524,1528
45968,"Gerlin, Cynthia",non-elite,1812,3672,5421,7196,8982,10801,12667,14429,1860,1749,1775,1786,1819,1866,1762
45969,"Plumb, Laurie",non-elite,1812,3672,5421,7196,8982,10802,12668,14430,1860,1749,1775,1786,1820,1866,1762
45970,"Keely, Hilleri A",non-elite,1503,3089,4898,6718,8538,10494,12436,14360,1586,1809,1820,1820,1956,1942,1924
45971,"Hernandez, Kathy",non-elite,1598,3208,4838,6496,8168,9943,11938,14236,1610,1630,1658,1672,1775,1995,2298
45972,"Ao, Weng Tong",non-elite,1403,2810,4263,5853,7663,9991,12391,14418,1407,1453,1590,1810,2328,2400,2027
45973,"Duchesne, Caroline",non-elite,1573,3181,4788,6433,8140,9956,12030,14330,1608,1607,1645,1707,1816,2074,2300
45974,"Schimek, Rob S.",non-elite,1609,3250,4913,6681,8490,10479,12493,14386,1641,1663,1768,1809,1989,2014,1893
45975,"Jensen, Amy J",non-elite,1575,3165,4787,6459,8152,10036,12233,14241,1590,1622,1672,1693,1884,2197,2008
45976,"O'Brien, Meghan",non-elite,1722,3401,5080,6788,8575,10528,12487,14384,1679,1679,1708,1787,1953,1959,1897
45977,"Fiore, Bill",non-elite,1588,3144,4668,6235,7839,9609,11539,13640,1556,1524,1567,1604,1770,1930,2101
45978,"Woolford, Paul",non-elite,1420,2808,4202,5644,7206,9367,12024,14471,1388,1394,1442,1562,2161,2657,2447
45979,"Verleyen, Norbert",non-elite,1622,3229,4863,6564,8298,10227,12304,14291,1607,1634,1701,1734,1929,2077,1987
45980,"Huang, Shu-Yen",non-elite,1556,3173,4858,6630,8444,10406,12397,14340,1617,1685,1772,1814,1962,1991,1943
45981,"Hoffmeister, Gayle E.",non-elite,1557,3214,4943,6707,8491,10418,12428,14347,1657,1729,1764,1784,1927,2010,1919
45982,"Rumford, Wendy L",non-elite,1720,3445,5141,6826,8531,10353,12347,14343,1725,1696,1685,1705,1822,1994,1996
45983,"Hast, Laura S.",non-elite,1630,3315,5249,7030,8818,10728,12596,14409,1685,1934,1781,1788,1910,1868,1813
45984,"Meyer, Margaret",non-elite,1716,3407,5119,6820,8508,10267,12190,14309,1691,1712,1701,1688,1759,1923,2119
45985,"Kabot, Timothy",non-elite,1737,3564,5389,7206,8970,10804,12655,14426,1827,1825,1817,1764,1834,1851,1771
45986,"Josefsson, Jonny",non-elite,1489,3006,4519,6202,7991,10024,12073,14324,1517,1513,1683,1789,2033,2049,2251
45987,"White, Reagan",non-elite,1403,2807,4220,5698,8350,10050,12199,14351,1404,1413,1478,2652,1700,2149,2152
45988,"Pack, Jacqueline R.",non-elite,1614,3253,4986,6771,8589,10513,12486,14408,1639,1733,1785,1818,1924,1973,1922
45989,"Green, Kerry S",non-elite,1616,3276,4948,6718,8511,10391,12370,14385,1660,1672,1770,1793,1880,1979,2015
45990,"Bonter, Laura",non-elite,1592,3306,5039,6888,8738,10654,12566,14406,1714,1733,1849,1850,1916,1912,1840
45991,"Scorer, Allan H.",non-elite,1584,3187,4867,6672,8483,10339,12368,14390,1603,1680,1805,1811,1856,2029,2022
45992,"Ricedorff, Ryan",non-elite,1616,3277,4949,6719,8511,10382,12364,14385,1661,1672,1770,1792,1871,1982,2021
45993,"Cleary, Lisa B.",non-elite,1563,3189,4870,6747,8574,10634,12650,14498,1626,1681,1877,1827,2060,2016,1848
45994,"Wick, Amy S.",non-elite,1561,3145,4771,6511,8371,10391,12515,14416,1584,1626,1740,1860,2020,2124,1901
45995,"Gariepy, Isabelle",non-elite,1736,3497,5250,7029,8779,10540,12385,14345,1761,1753,1779,1750,1761,1845,1960
45996,"Hwang, Heesul",non-elite,1503,3019,4598,6253,8048,9944,12238,14324,1516,1579,1655,1795,1896,2294,2086
45997,"Whitworth, Dave Sr.",non-elite,1547,3162,4860,6661,8459,10372,12444,14363,1615,1698,1801,1798,1913,2072,1919
45998,"Smith, Joanna H.",non-elite,1696,3343,4977,6640,8324,10221,12181,14229,1647,1634,1663,1684,1897,1960,2048
45999,"Sable, Rebecca J",non-elite,1618,3307,5044,6834,8586,10382,12438,14299,1689,1737,1790,1752,1796,2056,1861
46000,"Horan, Moira A",non-elite,1753,3455,5178,6957,8735,10597,12515,14361,1702,1723,1779,1778,1862,1918,1846
46001,"Nagra, Pardeep S",non-elite,1390,2813,4280,5874,7539,9657,11936,14294,1423,1467,1594,1665,2118,2279,2358
46002,"Monaghan-Geernaert, Pamela",non-elite,1565,3183,4915,6777,8597,10514,12439,14353,1618,1732,1862,1820,1917,1925,1914
46003,"Scofield Contijoch, Paige M.",non-elite,1709,3349,5051,6806,8626,10511,12446,14389,1640,1702,1755,1820,1885,1935,1943
46004,"Tomich, Maryanne",non-elite,1639,3313,5063,6812,8600,10526,12496,14372,1674,1750,1749,1788,1926,1970,1876
46005,"Hall, Doug",non-elite,1455,2914,4458,6257,8165,10328,12396,14350,1459,1544,1799,1908,2163,2068,1954
46006,"Mcneill, Matthew J.",non-elite,1823,3560,5265,6987,8697,10630,12507,14400,1737,1705,1722,1710,1933,1877,1893
46007,"Goodwin, Elizabeth",non-elite,1620,3275,4953,6685,8434,10289,12444,14380,1655,1678,1732,1749,1855,2155,1936
46008,"Bailey, Cassi",non-elite,1712,3470,5209,6966,8845,10646,12516,14388,1758,1739,1757,1879,1801,1870,1872
46009,"Powers, Kelly F.",non-elite,1706,3436,5157,6871,8628,10416,12246,14338,1730,1721,1714,1757,1788,1830,2092
46010,"Powers, Jason",non-elite,1706,3480,5157,6870,8628,10416,12262,14339,1774,1677,1713,1758,1788,1846,2077
46011,"Engel, Kristy",non-elite,1587,3229,4925,6695,8493,10438,12426,14408,1642,1696,1770,1798,1945,1988,1982
46012,"Christopherson, Wayne H.",non-elite,1715,3453,5201,6972,8739,10544,12397,14316,1738,1748,1771,1767,1805,1853,1919
46013,"Kraus, Eric C.",non-elite,1764,3503,5183,6909,8652,10490,12449,14395,1739,1680,1726,1743,1838,1959,1946
46014,"Centofanti, Melissa L.",non-elite,1743,3439,5113,6836,8599,10428,12421,14371,1696,1674,1723,1763,1829,1993,1950
46015,"Douglas, Todd A.",non-elite,1434,3024,4709,6535,8242,10187,12252,14248,1590,1685,1826,1707,1945,2065,1996
46016,"Majesko, Alyssa",non-elite,1541,3084,4629,6217,7808,9675,11714,13967,1543,1545,1588,1591,1867,2039,2253
46017,"Griffin, Kathryn S.",non-elite,1666,3466,5277,6973,8672,10438,12351,14358,1800,1811,1696,1699,1766,1913,2007
46018,"Ke, Qingfeng",non-elite,1407,2932,4610,6422,8240,10145,12467,14405,1525,1678,1812,1818,1905,2322,1938
46019,"Carr, Bill L Sr.",non-elite,1481,2949,4478,6222,8073,10081,12187,14365,1468,1529,1744,1851,2008,2106,2178
46020,"Hernandez, Bobby",non-elite,1503,3047,4660,6379,8138,10008,12178,14262,1544,1613,1719,1759,1870,2170,2084
46021,"Gill, Elizabeth",non-elite,1478,3040,4768,6591,8335,10335,12467,14385,1562,1728,1823,1744,2000,2132,1918
46022,"Cole, Sara",non-elite,1726,3376,5029,6695,8451,10419,12537,14419,1650,1653,1666,1756,1968,2118,1882
46023,"Powell, Stephanie J.",non-elite,1668,3347,5029,6720,8464,10343,12295,14296,1679,1682,1691,1744,1879,1952,2001
46024,"Donley, Teresa",non-elite,1744,3498,5274,7050,8818,10661,12565,14405,1754,1776,1776,1768,1843,1904,1840
46025,"Johnson, Annette",non-elite,1592,3205,4851,6544,8436,10462,12478,14433,1613,1646,1693,1892,2026,2016,1955
46026,"Framnes, Karen",non-elite,1625,3272,4978,6730,8523,10419,12391,14341,1647,1706,1752,1793,1896,1972,1950
46027,"Lamberti, Amy",non-elite,1849,3548,5247,7177,8885,10671,12655,14442,1699,1699,1930,1708,1786,1984,1787
46028,"Zhang, Jingli",non-elite,1489,3054,4668,6351,8112,10114,12306,14312,1565,1614,1683,1761,2002,2192,2006
46029,"Roberts, Mary Ann",non-elite,1679,3378,5162,7005,8795,10636,12548,14375,1699,1784,1843,1790,1841,1912,1827
46030,"Jones, Kenneth J.",non-elite,1540,3145,4744,6377,7995,9699,11925,14203,1605,1599,1633,1618,1704,2226,2278
46031,"Dunn, Marie E",non-elite,1660,3334,5052,6870,8747,10725,12673,14449,1674,1718,1818,1877,1978,1948,1776
46032,"Stokoe, Gail E",non-elite,1623,3249,4869,6533,8388,10352,12507,14424,1626,1620,1664,1855,1964,2155,1917
46033,"Jover, Angel",non-elite,1330,2709,4162,5771,7663,9593,11800,14194,1379,1453,1609,1892,1930,2207,2394
46034,"Ederle, Nicole",non-elite,1619,3267,4902,6550,8227,10244,12328,14381,1648,1635,1648,1677,2017,2084,2053
46035,"Brooks, Kylene",non-elite,1655,3371,5038,6760,8536,10388,12388,14379,1716,1667,1722,1776,1852,2000,1991
46036,"Marx, Gary R",non-elite,1576,3228,4830,6493,8173,10028,12064,14295,1652,1602,1663,1680,1855,2036,2231
46037,"Plantinga, Sarah J.",non-elite,1628,3232,4895,6633,8360,10228,12281,14341,1604,1663,1738,1727,1868,2053,2060
46038,"Leadholm, Charles",non-elite,1714,3411,5141,6896,8643,10494,12406,14334,1697,1730,1755,1747,1851,1912,1928
46039,"Macnabb, Pat",non-elite,1607,3288,5021,6773,8528,10398,12293,14233,1681,1733,1752,1755,1870,1895,1940
46040,"Pratt, Carol M",non-elite,1652,3311,4977,6693,8405,10291,12395,14370,1659,1666,1716,1712,1886,2104,1975
46041,"Lemma, Mihret B.",non-elite,1727,3480,5239,6998,8761,10635,12490,14376,1753,1759,1759,1763,1874,1855,1886
46042,"Mondragon, Carmelo",non-elite,1409,2860,4417,6082,7856,9848,11985,14241,1451,1557,1665,1774,1992,2137,2256
46043,"Rivetti, Karen",non-elite,1630,3345,5079,6887,8662,10602,12515,14409,1715,1734,1808,1775,1940,1913,1894
46044,"Jenkins, Kevin A",non-elite,1508,3028,4568,6147,7767,9472,11338,13915,1520,1540,1579,1620,1705,1866,2577
46045,"Riegel, Amy",non-elite,1659,3386,5057,6776,8614,10553,12520,14396,1727,1671,1719,1838,1939,1967,1876
46046,"Ross, Sheila M.",non-elite,1682,3384,5117,6872,8647,10510,12527,14429,1702,1733,1755,1775,1863,2017,1902
46047,"Logue, Denise A.",non-elite,1611,3265,4964,6682,8414,10285,12375,14335,1654,1699,1718,1732,1871,2090,1960
46048,"Emm, Jerri",non-elite,1782,3495,5176,6876,8610,10433,12326,14366,1713,1681,1700,1734,1823,1893,2040
46049,"Muldoon, Amanda",non-elite,1717,3414,5126,6889,8675,10572,12490,14372,1697,1712,1763,1786,1897,1918,1882
46050,"Bellemare, Chantal",non-elite,1402,2948,4562,6300,8103,10129,12297,14349,1546,1614,1738,1803,2026,2168,2052
46051,"Leung, Kwong Ming",non-elite,1381,2785,4275,5825,7522,9436,11731,14122,1404,1490,1550,1697,1914,2295,2391
46052,"Saville, Colin",non-elite,1564,3220,4962,6805,8536,10411,12694,14433,1656,1742,1843,1731,1875,2283,1739
46053,"Stone, Colleen M",non-elite,1540,3132,4799,6578,8378,10274,12278,14386,1592,1667,1779,1800,1896,2004,2108
46054,"Chiovitti, Susan L",non-elite,1419,2885,4377,6291,8041,9823,12255,14239,1466,1492,1914,1750,1782,2432,1984
46055,"Hayes, Susan E",non-elite,1715,3427,5206,6967,8770,10726,12631,14443,1712,1779,1761,1803,1956,1905,1812
46056,"Loula, Mark F",non-elite,1477,3053,4629,6283,7992,9880,12029,14235,1576,1576,1654,1709,1888,2149,2206
46057,"McLinden, Jeffrey A.",non-elite,1659,3269,4911,6585,8246,9997,11908,14195,1610,1642,1674,1661,1751,1911,2287
46058,"Wise, Kurt A",non-elite,1662,3366,5121,6890,8724,10673,12609,14440,1704,1755,1769,1834,1949,1936,1831
46059,"Sowsy, Allison L.",non-elite,1806,3504,5179,6934,8715,10585,12521,14453,1698,1675,1755,1781,1870,1936,1932
46060,"Ritter, Cheryl E",non-elite,1600,3202,4883,6659,8466,10398,12428,14399,1602,1681,1776,1807,1932,2030,1971
46061,"Kanner, Howard S",non-elite,1601,3202,4882,6655,8466,10398,12428,14399,1601,1680,1773,1811,1932,2030,1971
46062,"Fink, Cindy",non-elite,1714,3413,5165,6952,8759,10657,12574,14440,1699,1752,1787,1807,1898,1917,1866
46063,"Jung, Meoung Su",non-elite,1430,2909,4694,6581,8426,10425,12550,14476,1479,1785,1887,1845,1999,2125,1926
46064,"Hennessy, Maura",non-elite,1801,3470,5175,6898,8696,10603,12481,14400,1669,1705,1723,1798,1907,1878,1919
46065,"Ryce, Dionida X",non-elite,1574,3255,5016,6783,8596,10470,12420,14454,1681,1761,1767,1813,1874,1950,2034
46066,"Glass, Allen",non-elite,1516,3089,4674,6359,8094,9980,12048,14273,1573,1585,1685,1735,1886,2068,2225
46067,"Horan, Christine",non-elite,1728,3395,5035,6753,8515,10450,12543,14464,1667,1640,1718,1762,1935,2093,1921
46068,"Dean, Bobby",non-elite,1553,3135,4731,6382,8055,9917,12005,14159,1582,1596,1651,1673,1862,2088,2154
46069,"Dezso, Tonya",non-elite,1552,3100,4693,6393,8114,10104,12157,14268,1548,1593,1700,1721,1990,2053,2111
46070,"Dolores, Gilbert F",non-elite,1483,3009,4580,6271,8253,10279,12394,14337,1526,1571,1691,1982,2026,2115,1943
46071,"Frenette, Teresa A",non-elite,1511,3053,4636,6272,7957,9888,12178,14287,1542,1583,1636,1685,1931,2290,2109
46072,"Nykerk, Fay",non-elite,1685,3351,5045,6781,8560,10457,12448,14403,1666,1694,1736,1779,1897,1991,1955
46073,"Owens, Leslie A",non-elite,1518,3012,4496,5996,7492,9059,10877,14249,1494,1484,1500,1496,1567,1818,3372
46074,"Myers, Jennifer A",non-elite,1643,3292,4969,6690,8428,10436,12464,14406,1649,1677,1721,1738,2008,2028,1942
46075,"Krok, Michelle R",non-elite,1643,3318,5035,6830,8664,10590,12534,14406,1675,1717,1795,1834,1926,1944,1872
46076,"Minucci, Harry W. Sr.",non-elite,1838,3564,5231,6886,8538,10406,12331,14322,1726,1667,1655,1652,1868,1925,1991
46077,"Herr, David W.",non-elite,1473,2981,4569,6229,7985,9807,11758,14421,1508,1588,1660,1756,1822,1951,2663
46078,"Coyne, Rick",non-elite,1839,3564,5231,6885,8538,10406,12327,14322,1725,1667,1654,1653,1868,1921,1995
46079,"O'Quinn-Page, Viola M",non-elite,1575,3181,4867,6692,8467,10365,12405,14337,1606,1686,1825,1775,1898,2040,1932
46080,"Choi, Alexandria I",non-elite,1545,3115,4712,6630,8528,10537,12670,14505,1570,1597,1918,1898,2009,2133,1835
46081,"Bibiano, Melanie",non-elite,1812,3597,5378,7171,8968,10783,12641,14438,1785,1781,1793,1797,1815,1858,1797
46082,"King, Tyson",non-elite,1665,3466,5225,6873,8546,10401,12351,14358,1801,1759,1648,1673,1855,1950,2007
46083,"Brower, Kristin K.",non-elite,1624,3293,4957,6680,8451,10309,12344,14338,1669,1664,1723,1771,1858,2035,1994
46084,"Bertucci, Dario",non-elite,1569,3090,4572,6122,7749,9520,11799,14236,1521,1482,1550,1627,1771,2279,2437
46085,"Bjornsson, Bjorn J.",non-elite,1750,3448,5143,6820,8529,10353,12365,14406,1698,1695,1677,1709,1824,2012,2041
46086,"Streit, Emily",non-elite,1467,2950,4523,7365,8969,10837,12673,14459,1483,1573,2842,1604,1868,1836,1786
46087,"d'Hemecourt, Michael A.",non-elite,1835,3540,5275,7070,8884,10776,12725,14477,1705,1735,1795,1814,1892,1949,1752
46088,"Gilday, Timothy J.",non-elite,1590,3182,4822,6503,8219,10093,12112,14208,1592,1640,1681,1716,1874,2019,2096
46089,"Gunnarsson, Gunnar",non-elite,1750,3448,5143,6820,8530,10353,12365,14406,1698,1695,1677,1710,1823,2012,2041
46090,"Haberman, Kristin K",non-elite,1631,3300,5096,6870,8670,10649,12539,14399,1669,1796,1774,1800,1979,1890,1860
46091,"Winkelhake, Lori",non-elite,1684,3437,5270,7101,8919,10798,12719,14487,1753,1833,1831,1818,1879,1921,1768
46092,"Demick, Tuyet T",non-elite,1684,3437,5270,7101,8919,10798,12719,14487,1753,1833,1831,1818,1879,1921,1768
46093,"Kingsbury, Jill S",non-elite,1497,3041,4686,6438,8289,10241,12377,14383,1544,1645,1752,1851,1952,2136,2006
46094,"Rutlen, David L",non-elite,1560,3113,4697,6371,8101,9959,11924,14317,1553,1584,1674,1730,1858,1965,2393
46095,"Lussier, Mackenzie",non-elite,1805,3508,5191,6899,8673,10504,12510,14413,1703,1683,1708,1774,1831,2006,1903
46096,"Troy, Erin",non-elite,1510,3044,4624,6441,8204,10272,12289,14351,1534,1580,1817,1763,2068,2017,2062
46097,"Cygan, Jessica P.",non-elite,1805,3509,5191,6899,8673,10504,12510,14414,1704,1682,1708,1774,1831,2006,1904
46098,"Reider, Jeffrey L.",non-elite,1633,3337,5081,6880,8704,10604,12577,14440,1704,1744,1799,1824,1900,1973,1863
46099,"Fishman, Gretchen",non-elite,1598,3212,5013,6691,8407,10270,12299,14339,1614,1801,1678,1716,1863,2029,2040
46100,"Chevalier, Maria A.",non-elite,1598,3212,5014,6691,8407,10270,12299,14339,1614,1802,1677,1716,1863,2029,2040
46101,"Tyson, Jennifer L.",non-elite,1608,3267,4962,6673,8447,10321,12309,14355,1659,1695,1711,1774,1874,1988,2046
46102,"Jenks, Jennifer A",non-elite,1581,3261,4959,6687,8676,10745,12778,14483,1680,1698,1728,1989,2069,2033,1705
46103,"Choa, Pong",non-elite,1552,3071,4631,6255,8006,9846,12015,14310,1519,1560,1624,1751,1840,2169,2295
46104,"Milano, Debra",non-elite,1511,3038,4643,6389,8213,10216,12315,14392,1527,1605,1746,1824,2003,2099,2077
46105,"Bott, Reto",non-elite,1755,3415,5064,6772,8585,10462,12515,14443,1660,1649,1708,1813,1877,2053,1928
46106,"Lorig, Milton L",non-elite,1587,3259,5064,6809,8748,10575,12497,14381,1672,1805,1745,1939,1827,1922,1884
46107,"Getz, David A.",non-elite,1648,3330,5009,6709,8383,10285,12281,14366,1682,1679,1700,1674,1902,1996,2085
46108,"Knight, Matt",non-elite,1528,3071,4680,6373,8110,10002,12203,14301,1543,1609,1693,1737,1892,2201,2098
46109,"Wist, Brenna",non-elite,1654,3347,5077,6832,8613,10445,12413,14371,1693,1730,1755,1781,1832,1968,1958
46110,"Murray, Melanie R",non-elite,1598,3236,4906,6663,8455,10381,12377,14400,1638,1670,1757,1792,1926,1996,2023
46111,"Kosny, Mitchell E",non-elite,1468,2965,4568,6274,8181,10195,12384,14416,1497,1603,1706,1907,2014,2189,2032
46112,"Rownd, Tom",non-elite,1612,3220,4949,6591,8271,10373,12465,14391,1608,1729,1642,1680,2102,2092,1926
46113,"Helm, Tina S",non-elite,1565,3179,4936,6741,8540,10472,12440,14419,1614,1757,1805,1799,1932,1968,1979
46114,"Boivin, Nathalie",non-elite,1560,3185,4831,6569,8412,10392,12384,14390,1625,1646,1738,1843,1980,1992,2006
46115,"Klose, Charles",non-elite,1344,2676,4014,5384,6841,8586,10696,13357,1332,1338,1370,1457,1745,2110,2661
46116,"Beucker, Matthew F.",non-elite,1440,2920,4417,5934,7465,9084,11458,14110,1480,1497,1517,1531,1619,2374,2652
46117,"Burke, Patrick M.",non-elite,1684,3430,5138,6880,8596,10443,12426,14427,1746,1708,1742,1716,1847,1983,2001
46118,"Dillon, Tricia",non-elite,1761,3471,5186,6936,8707,10571,12501,14418,1710,1715,1750,1771,1864,1930,1917
46119,"Otsuka, Toshifumi",non-elite,1487,2974,4533,6267,8086,10032,12036,14091,1487,1559,1734,1819,1946,2004,2055
46120,"Doherty, Michael P.",non-elite,1780,3466,5127,6821,8519,10312,12184,14328,1686,1661,1694,1698,1793,1872,2144
46121,"Gregory, Laurie A.",non-elite,1674,3365,5048,6775,8472,10342,12469,14377,1691,1683,1727,1697,1870,2127,1908
46122,"Ducharme, Sharon",non-elite,1607,3235,4927,6713,8576,10480,12482,14403,1628,1692,1786,1863,1904,2002,1921
46123,"Barnes, Kimberly S.",non-elite,1583,3263,4995,6810,8605,10476,12480,14340,1680,1732,1815,1795,1871,2004,1860
46124,"Uttecht, Carole N.",non-elite,1665,3345,5006,6692,8395,10200,12239,14276,1680,1661,1686,1703,1805,2039,2037
46125,"Costello, Stephen",non-elite,1665,3345,5006,6691,8395,10200,12239,14276,1680,1661,1685,1704,1805,2039,2037
46126,"Horwitz, Laura",non-elite,1606,3315,4998,6682,8397,10259,12267,14311,1709,1683,1684,1715,1862,2008,2044
46127,"Kelledy, Martin P.",non-elite,1748,3427,5107,6861,8590,10382,12465,14439,1679,1680,1754,1729,1792,2083,1974
46128,"Wells, Jennifer",non-elite,1541,3104,4763,6507,8325,10337,12419,14486,1563,1659,1744,1818,2012,2082,2067
46129,"Reynolds, Julie A.",non-elite,1811,3545,5248,6975,8728,10569,12516,14494,1734,1703,1727,1753,1841,1947,1978
46130,"Rivers, Micki J",non-elite,1670,3399,5175,7097,9004,10838,12733,14497,1729,1776,1922,1907,1834,1895,1764
46131,"Nguyen, Nancy",non-elite,1528,3075,4649,6322,8064,10014,12253,14375,1547,1574,1673,1742,1950,2239,2122
46132,"Beaulieu, Guy",non-elite,1454,2883,4328,5799,7406,9323,11489,13838,1429,1445,1471,1607,1917,2166,2349
46133,"Sonia, Lisa-Marie",non-elite,1606,3245,4950,6639,8775,10523,12388,14407,1639,1705,1689,2136,1748,1865,2019
46134,"Charman, Annabelle",non-elite,1570,3221,5116,6911,8693,10584,12537,14477,1651,1895,1795,1782,1891,1953,1940
46135,"Corrigan, Una R",non-elite,1567,3187,5314,7129,8918,10760,12664,14492,1620,2127,1815,1789,1842,1904,1828
46136,"Carvalho, Kristyn L.",non-elite,1774,3431,5163,6952,8823,10711,12602,14492,1657,1732,1789,1871,1888,1891,1890
46137,"Lynch, Mary Anne",non-elite,1640,3378,5160,6925,8713,10580,12472,14379,1738,1782,1765,1788,1867,1892,1907
46138,"Lee, Joon",non-elite,1633,3377,5098,6900,8664,10556,12558,14458,1744,1721,1802,1764,1892,2002,1900
46139,"Culver, John H. III",non-elite,1842,3544,5261,6978,8706,10523,12463,14409,1702,1717,1717,1728,1817,1940,1946
46140,"Romano, Elaine R",non-elite,1542,3138,4870,6676,8496,10498,12523,14439,1596,1732,1806,1820,2002,2025,1916
46141,"Kickels, Christine M",non-elite,1632,3294,4970,6719,8479,10383,12415,14413,1662,1676,1749,1760,1904,2032,1998
46142,"Sato, Tsutomu",non-elite,1636,3327,5066,6849,8651,10579,12570,14428,1691,1739,1783,1802,1928,1991,1858
46143,"Crawford, David",non-elite,1637,3318,5006,6731,8505,10340,12269,14348,1681,1688,1725,1774,1835,1929,2079
46144,"Vrcan, Blair M",non-elite,1531,3079,4757,6524,8279,10244,12508,14484,1548,1678,1767,1755,1965,2264,1976
46145,"Carrasquillo, Rudy",non-elite,1544,3144,4802,6533,8300,10269,12343,14380,1600,1658,1731,1767,1969,2074,2037
46146,"Sturm, Sabine",non-elite,1530,3101,4680,6270,7893,9596,11736,14359,1571,1579,1590,1623,1703,2140,2623
46147,"Carr, Bruce R",non-elite,1461,2974,4590,6293,8029,10078,12299,14413,1513,1616,1703,1736,2049,2221,2114
46148,"Thurston, Mark O",non-elite,1731,3467,5199,6936,8689,10510,12466,14427,1736,1732,1737,1753,1821,1956,1961
46149,"Schreiber, Maria E.",non-elite,1464,3035,4722,6452,8198,10087,12160,14198,1571,1687,1730,1746,1889,2073,2038
46150,"Fasciglione, Joe",non-elite,1541,3121,4683,6442,8118,10022,12108,14424,1580,1562,1759,1676,1904,2086,2316
46151,"Healy, Katie E.",non-elite,1542,3217,5063,6901,8707,10715,12604,14432,1675,1846,1838,1806,2008,1889,1828
46152,"Mckay, Sandy A.",non-elite,1625,3294,5007,6774,8669,10590,12536,14445,1669,1713,1767,1895,1921,1946,1909
46153,"Abbott, Sandra S",non-elite,1734,3480,5151,6878,8650,10529,12451,14423,1746,1671,1727,1772,1879,1922,1972
46154,"Mikolay, Chris",non-elite,1446,2913,4411,6031,8003,10113,12582,14521,1467,1498,1620,1972,2110,2469,1939
46155,"Rusconi, Peg",non-elite,1701,3423,5133,6892,8637,10498,12484,14414,1722,1710,1759,1745,1861,1986,1930
46156,"Eng, Quentin H",non-elite,1568,3207,4936,6870,8663,10568,12540,14427,1639,1729,1934,1793,1905,1972,1887
46157,"Merschantz, Brenda L.",non-elite,1507,3055,4679,6327,8230,10172,12309,14456,1548,1624,1648,1903,1942,2137,2147
46158,"Dicesare, Robyn",non-elite,1589,3233,4934,6712,8530,10462,12472,14425,1644,1701,1778,1818,1932,2010,1953
46159,"Han, Ki M",non-elite,1692,3379,5078,6791,8526,10417,12437,14365,1687,1699,1713,1735,1891,2020,1928
46160,"Iannacone, Steven",non-elite,1761,3459,5119,6864,8606,10479,12423,14434,1698,1660,1745,1742,1873,1944,2011
46161,"Curiel, Ramon M. Jr.",non-elite,1493,3001,4530,6152,7799,9609,11648,14247,1508,1529,1622,1647,1810,2039,2599
46162,"Sparks, Jennifer E.",non-elite,1757,3577,5345,7134,8939,10791,12667,14472,1820,1768,1789,1805,1852,1876,1805
46163,"Baez, Carolina",non-elite,1843,3614,5362,7123,8887,10737,12653,14517,1771,1748,1761,1764,1850,1916,1864
46164,"Cugno, Thomas A.",non-elite,1539,3060,4654,6362,8180,10131,12188,14355,1521,1594,1708,1818,1951,2057,2167
46165,"Mendez, Maryro",non-elite,1556,3153,4850,6589,8749,10575,12568,14435,1597,1697,1739,2160,1826,1993,1867
46166,"Meng, Angela",non-elite,1718,3440,5190,6971,8774,10660,12583,14452,1722,1750,1781,1803,1886,1923,1869
46167,"Hawkins, Lynda J",non-elite,1706,3442,5202,6958,8749,10629,12555,14424,1736,1760,1756,1791,1880,1926,1869
46168,"Wood, Kimberly",non-elite,1571,3115,5201,6957,8749,10628,12554,14424,1544,2086,1756,1792,1879,1926,1870
46169,"Hempel, Simon C.",non-elite,1480,3022,4709,6469,8229,10104,12313,14388,1542,1687,1760,1760,1875,2209,2075
46170,"Brey, Pete",non-elite,1321,2682,4063,5498,7023,8977,11168,13977,1361,1381,1435,1525,1954,2191,2809
46171,"Deb, Deepjyoti",non-elite,1562,3034,4519,6090,7744,9570,11593,14094,1472,1485,1571,1654,1826,2023,2501
46172,"Cameron, Benjamin J.",non-elite,1480,3022,4709,6469,8230,10107,12314,14388,1542,1687,1760,1761,1877,2207,2074
46173,"Matuszak, Jason M.",non-elite,1648,3302,4987,6713,8452,10456,12459,14434,1654,1685,1726,1739,2004,2003,1975
46174,"Seidenstuecker, Hans",non-elite,1793,3529,5202,6916,8596,10357,12292,14355,1736,1673,1714,1680,1761,1935,2063
46175,"Fossen, Richard",non-elite,1608,3302,5066,6796,8623,10462,12447,14435,1694,1764,1730,1827,1839,1985,1988
46176,"Mcfarlane, Colin J",non-elite,1476,2967,4445,6010,7640,9433,11667,14136,1491,1478,1565,1630,1793,2234,2469
46177,"Tighe, Maureen",non-elite,1684,3380,5120,6921,8744,10649,12573,14462,1696,1740,1801,1823,1905,1924,1889
46179,"Gallup, Marci A.",non-elite,1566,3195,4854,6560,8306,10183,12299,14348,1629,1659,1706,1746,1877,2116,2049
46180,"Berryman, Gregory",non-elite,1561,3200,4845,6519,8322,10342,12405,14383,1639,1645,1674,1803,2020,2063,1978
46181,"Brown, Ellyn G.",non-elite,1673,3295,4918,6651,8513,10561,12552,14431,1622,1623,1733,1862,2048,1991,1879
46182,"Keith, Douglas D.",non-elite,1860,3668,5445,7238,9025,10942,12808,14558,1808,1777,1793,1787,1917,1866,1750
46183,"Logue, Leah S",non-elite,1597,3299,5086,6899,8682,10630,12665,14469,1702,1787,1813,1783,1948,2035,1804
46184,"Kuestner, Kai-Uwe",non-elite,1342,3059,4882,6635,8536,10529,12634,14481,1717,1823,1753,1901,1993,2105,1847
46185,"Voorhees, Amy M",non-elite,1652,3317,5022,6769,8527,10393,12382,14405,1665,1705,1747,1758,1866,1989,2023
46186,"Stoll, Belinda A",non-elite,1602,3309,4918,6600,8396,10288,12393,14406,1707,1609,1682,1796,1892,2105,2013
46187,"Kandt, Rebecca",non-elite,1598,3206,4804,6449,8134,9944,12020,14286,1608,1598,1645,1685,1810,2076,2266
46188,"Miller, Susan C",non-elite,1684,3373,5082,6822,8693,10608,12597,14445,1689,1709,1740,1871,1915,1989,1848
46189,"Melendez, Efrain Jr.",non-elite,1256,2519,4052,5512,7100,9105,11234,14175,1263,1533,1460,1588,2005,2129,2941
46190,"Hintz, Brent M",non-elite,1666,3416,5176,6948,8734,10619,12544,14425,1750,1760,1772,1786,1885,1925,1881
46191,"Hamel, Dominique",non-elite,1772,3554,5330,7114,8918,10773,12647,14465,1782,1776,1784,1804,1855,1874,1818
46192,"Simpson, Teresa",non-elite,1772,3554,5329,7113,8917,10773,12647,14465,1782,1775,1784,1804,1856,1874,1818
46193,"Peterson, Thomas",non-elite,1544,3154,4987,6867,8643,10718,12738,14480,1610,1833,1880,1776,2075,2020,1742
46194,"Viana, Alberto",non-elite,1464,2958,4470,6133,7928,10105,12150,14438,1494,1512,1663,1795,2177,2045,2288
46195,"Vallee, Caroline",non-elite,1641,3309,5021,6765,8549,10455,12417,14366,1668,1712,1744,1784,1906,1962,1949
46196,"Delfosse, Anne",non-elite,1653,3315,4989,6726,8503,10457,12460,14370,1662,1674,1737,1777,1954,2003,1910
46197,"Rettelle, Maggie M",non-elite,1422,2879,4508,6211,8005,10366,12522,14461,1457,1629,1703,1794,2361,2156,1939
46198,"Luistro, Julie K.",non-elite,1908,3761,5610,7592,9257,10984,12730,14488,1853,1849,1982,1665,1727,1746,1758
46199,"Gasperini, Bethany W",non-elite,1620,3264,4849,6493,8189,10107,12312,14546,1644,1585,1644,1696,1918,2205,2234
46200,"Dexter, Mona",non-elite,1620,3264,4849,6493,8189,10107,12312,14546,1644,1585,1644,1696,1918,2205,2234
46201,"Atwood, Justin A.",non-elite,1585,3159,4752,6414,8374,10355,12394,14373,1574,1593,1662,1960,1981,2039,1979
46202,"Alvarez Hernandez, Mario A. Sr.",non-elite,1508,3012,4485,5993,7594,9492,11552,14182,1504,1473,1508,1601,1898,2060,2630
46203,"Boba, Stuart W.",non-elite,1606,3214,4843,6488,8225,10159,12282,14393,1608,1629,1645,1737,1934,2123,2111
46204,"Newton, Annette",non-elite,1544,3173,4864,6610,8416,10404,12443,14369,1629,1691,1746,1806,1988,2039,1926
46206,"Lecours, Kelly",non-elite,1493,3019,4612,6461,8225,10367,12456,14436,1526,1593,1849,1764,2142,2089,1980
46207,"Gross, Warren",non-elite,1588,3228,4960,6690,8460,10322,12265,14419,1640,1732,1730,1770,1862,1943,2154
46208,"Sardas, Isabela",non-elite,1673,3374,5101,6870,8652,10547,12455,14422,1701,1727,1769,1782,1895,1908,1967
46209,"Ridout, Margo",non-elite,1626,3303,5040,6842,8660,10609,12596,14467,1677,1737,1802,1818,1949,1987,1871
46210,"Menis, Ed J",non-elite,1480,2922,4409,5900,7384,8921,11299,14163,1442,1487,1491,1484,1537,2378,2864
46211,"Bartel, Darcey",non-elite,1530,3074,4679,6338,8065,10040,12168,14384,1544,1605,1659,1727,1975,2128,2216
46212,"Miller, Janet M",non-elite,1725,3492,5300,7110,8925,10826,12702,14497,1767,1808,1810,1815,1901,1876,1795
46213,"Albers, Alison B.",non-elite,1672,3313,5032,6835,8787,10697,12586,14461,1641,1719,1803,1952,1910,1889,1875
46214,"Etches, Karen A",non-elite,1716,3458,5211,6972,8760,10614,12538,14472,1742,1753,1761,1788,1854,1924,1934
46215,"Joo, Sangyong",non-elite,1753,3511,5156,6835,8624,10517,12435,14304,1758,1645,1679,1789,1893,1918,1869
46216,"Cole, Jodi C.",non-elite,1646,3383,5203,7031,8810,10701,12645,14482,1737,1820,1828,1779,1891,1944,1837
46217,"Cotsakis, Caroline",non-elite,1535,3123,4721,6407,8165,10040,12087,14314,1588,1598,1686,1758,1875,2047,2227
46218,"Scribe, Frances",non-elite,1580,3180,4943,6741,8605,10546,12542,14452,1600,1763,1798,1864,1941,1996,1910
46219,"Fogarty, Sean J.",non-elite,1516,3056,4620,6510,8405,10434,12595,14499,1540,1564,1890,1895,2029,2161,1904
46220,"Clark, Patrick C.",non-elite,1769,3481,5193,6917,8659,10473,12592,14487,1712,1712,1724,1742,1814,2119,1895
46221,"Ku, Siu Hing",non-elite,1661,3367,5120,6911,8722,10605,12573,14448,1706,1753,1791,1811,1883,1968,1875
46222,"Fleming, Sarah",non-elite,1590,3204,4850,6535,8290,10302,12340,14429,1614,1646,1685,1755,2012,2038,2089
46223,"Porges, Shannon M",non-elite,1576,3153,4764,6399,8070,9842,11668,13980,1577,1611,1635,1671,1772,1826,2312
46224,"Burchell, Thomas J.",non-elite,1898,3704,5464,7323,9258,11054,12841,14567,1806,1760,1859,1935,1796,1787,1726
46225,"Robinson, Francine L",non-elite,1618,3361,5072,6846,8609,10435,12370,14379,1743,1711,1774,1763,1826,1935,2009
46226,"Moss, Joanne L",non-elite,1572,3179,4855,6608,8529,10543,12590,14488,1607,1676,1753,1921,2014,2047,1898
46227,"Kolaric, Bostjan",non-elite,1609,3208,4838,6533,8350,10345,12376,14406,1599,1630,1695,1817,1995,2031,2030
46228,"Petrilla, Amy",non-elite,1649,3326,5012,6754,8571,10470,12493,14406,1677,1686,1742,1817,1899,2023,1913
46229,"Demagistris, Samantha R.",non-elite,1702,3352,5027,6725,8476,10429,12386,14405,1650,1675,1698,1751,1953,1957,2019
46230,"Deware, Patrick S.",non-elite,1804,3584,5364,7175,8982,10817,12646,14460,1780,1780,1811,1807,1835,1829,1814
46231,"Brooks, Ron",non-elite,1618,3305,5008,6814,8537,10430,12457,14416,1687,1703,1806,1723,1893,2027,1959
46232,"Vickery, Lindsey",non-elite,1806,3568,5321,7104,8894,10759,12650,14525,1762,1753,1783,1790,1865,1891,1875
46233,"Palmer, Pamela",non-elite,1590,3303,5097,6792,8523,10568,12616,14438,1713,1794,1695,1731,2045,2048,1822
46234,"Brooks-Asplund, Esther M",non-elite,1618,3305,5008,6815,8537,10430,12457,14416,1687,1703,1807,1722,1893,2027,1959
46235,"Chenier, Janet M.",non-elite,1787,3566,5358,7158,8951,10829,12728,14507,1779,1792,1800,1793,1878,1899,1779
46236,"Mullaney, Brian W.",non-elite,1618,3269,4924,6613,8348,10291,12353,14425,1651,1655,1689,1735,1943,2062,2072
46237,"Meyer, Manfred",non-elite,1792,3533,5221,6967,8732,10573,12524,14455,1741,1688,1746,1765,1841,1951,1931
46238,"Croxton, David J",non-elite,1919,3989,6071,7908,9554,11200,12876,14555,2070,2082,1837,1646,1646,1676,1679
46239,"Klaassen, Matthijs",non-elite,1488,2998,4531,6116,7774,9804,12093,14333,1510,1533,1585,1658,2030,2289,2240
46240,"Oliveros, Marvin",non-elite,1750,3404,5053,6769,8498,10427,12431,14511,1654,1649,1716,1729,1929,2004,2080
46241,"Lau, Wai Lam",non-elite,1626,3254,4890,6599,8345,10197,12202,14350,1628,1636,1709,1746,1852,2005,2148
46242,"Donovan, Katherine M.",non-elite,1686,3337,5029,6817,8625,10698,12662,14497,1651,1692,1788,1808,2073,1964,1835
46243,"Ferdman, Jorge",non-elite,1706,3428,5148,6875,8639,10526,12526,14447,1722,1720,1727,1764,1887,2000,1921
46244,"Gorman, Sophie",non-elite,1547,3130,4867,6660,8470,10346,12299,14448,1583,1737,1793,1810,1876,1953,2149
46245,"Huerta, Ramona L",non-elite,1614,3217,4903,6652,8476,10430,12506,14478,1603,1686,1749,1824,1954,2076,1972
46246,"Tendrich, Kimberly",non-elite,1677,3446,5275,7125,8925,10787,12679,14459,1769,1829,1850,1800,1862,1892,1780
46247,"Bates, Cheri L",non-elite,1719,3359,4999,6643,8307,10083,12020,14399,1640,1640,1644,1664,1776,1937,2379
46248,"Cortright, Lesley L",non-elite,1374,2799,4403,6360,8503,10517,12669,14526,1425,1604,1957,2143,2014,2152,1857
46249,"McCarthy, Molly",non-elite,1763,3453,5127,6835,8603,10507,12481,14481,1690,1674,1708,1768,1904,1974,2000
46250,"Witchey, R.G. Jr.",non-elite,1500,3033,4668,6425,8291,10217,12313,14436,1533,1635,1757,1866,1926,2096,2123
46251,"Hawkins, Jeffrey",non-elite,1612,3330,5078,6852,8670,10631,12638,14495,1718,1748,1774,1818,1961,2007,1857
46252,"Zygun, David A.",non-elite,1509,2942,4429,5982,7840,10039,12293,14387,1433,1487,1553,1858,2199,2254,2094
46253,"Hoag, Theresa",non-elite,1640,3368,5130,6888,8640,10511,12497,14413,1728,1762,1758,1752,1871,1986,1916
46254,"Antus, Jeannine",non-elite,1523,3145,4856,6615,8552,10539,12542,14453,1622,1711,1759,1937,1987,2003,1911
46255,"Adams, Diane H",non-elite,1605,3295,5021,6877,8690,10594,12606,14509,1690,1726,1856,1813,1904,2012,1903
46256,"Gaffney, Lukas",non-elite,1688,3272,4865,6541,8331,10288,12466,14473,1584,1593,1676,1790,1957,2178,2007
46257,"Hernandez, Anel",non-elite,1473,3007,4631,6382,8199,10252,12398,14381,1534,1624,1751,1817,2053,2146,1983
46258,"Zygun, Heather",non-elite,1510,2944,4431,5983,7841,10040,12294,14388,1434,1487,1552,1858,2199,2254,2094
46259,"Knafel, Andrzej J",non-elite,1488,3057,4706,6451,8281,10267,12368,14392,1569,1649,1745,1830,1986,2101,2024
46260,"Mcclorey, Nancy A",non-elite,1697,3447,5214,7006,8800,10675,12595,14455,1750,1767,1792,1794,1875,1920,1860
46261,"Dunne, Michael C.",non-elite,1631,3116,4594,6114,8007,9912,11950,14406,1485,1478,1520,1893,1905,2038,2456
46262,"Wright, Pam",non-elite,1680,3413,5174,6980,8887,10805,12733,14519,1733,1761,1806,1907,1918,1928,1786
46263,"Erdmann, Susan",non-elite,1637,3364,5116,6907,8706,10576,12535,14435,1727,1752,1791,1799,1870,1959,1900
46264,"Young, Jeff",non-elite,1531,3069,4621,6165,7720,9363,11544,14130,1538,1552,1544,1555,1643,2181,2586
46265,"Moon, Renita J",non-elite,1593,3216,4926,6686,8701,10645,12673,14495,1623,1710,1760,2015,1944,2028,1822
46266,"Lucas, Argenta",non-elite,1668,3321,5086,6950,8812,10754,12762,14515,1653,1765,1864,1862,1942,2008,1753
46267,"McGovern, Kelly",non-elite,1519,3030,4547,6129,7804,9666,12413,14394,1511,1517,1582,1675,1862,2747,1981
46268,"Bull, Debi J",non-elite,1719,3457,5220,7007,8812,10707,12620,14509,1738,1763,1787,1805,1895,1913,1889
46269,"Crim, Douglas",non-elite,1555,3089,4645,6243,7926,9807,12192,14383,1534,1556,1598,1683,1881,2385,2191
46270,"Hamer, Linda",non-elite,1672,3350,5119,6930,8687,10544,12479,14458,1678,1769,1811,1757,1857,1935,1979
46271,"Jerzak, Daniel M.",non-elite,1602,3252,4903,6574,8282,10137,12185,14405,1650,1651,1671,1708,1855,2048,2220
46272,"Barker, Matthew W.",non-elite,1303,2647,4213,5957,7723,9714,12003,14374,1344,1566,1744,1766,1991,2289,2371
46273,"Burgasser, Joseph M.",non-elite,1634,3295,4960,6626,8295,10053,12201,14360,1661,1665,1666,1669,1758,2148,2159
46274,"Duchesney, Mary M",non-elite,1723,3428,5146,6922,8727,10647,12599,14479,1705,1718,1776,1805,1920,1952,1880
46275,"Molk, Joshua T.",non-elite,1801,3591,5369,7198,9001,10815,12633,14481,1790,1778,1829,1803,1814,1818,1848
46276,"Radmanesh, Jennifer",non-elite,1752,3570,5357,7154,8963,10799,12740,14530,1818,1787,1797,1809,1836,1941,1790
46277,"Van Zeijl, Riny",non-elite,1573,3220,4902,6659,8449,10404,12432,14416,1647,1682,1757,1790,1955,2028,1984
46278,"Zold, Michael D",non-elite,1433,2896,4483,6259,8136,10191,12384,14417,1463,1587,1776,1877,2055,2193,2033
46279,"Haglof, Ronald",non-elite,1468,2948,4448,6102,7828,9892,12103,14435,1480,1500,1654,1726,2064,2211,2332
46280,"Porell, Agnes",non-elite,1641,3302,5021,6717,8453,10289,12275,14314,1661,1719,1696,1736,1836,1986,2039
46281,"Splete, Heidi",non-elite,1535,3072,4692,6356,8140,10045,12173,14227,1537,1620,1664,1784,1905,2128,2054
46282,"Jacobs, Quinton",non-elite,1392,2840,4280,5860,7553,10265,12556,14529,1448,1440,1580,1693,2712,2291,1973
46283,"Egan, Nicole",non-elite,1443,2949,4865,6726,8528,10612,12694,14566,1506,1916,1861,1802,2084,2082,1872
46284,"Garcia Vaquero, Ignacio Sr.",non-elite,1655,3288,4920,6586,8263,10091,12103,14346,1633,1632,1666,1677,1828,2012,2243
46285,"De Paz Mancho, Javier Sr.",non-elite,1655,3288,4919,6586,8263,10091,12103,14346,1633,1631,1667,1677,1828,2012,2243
46286,"Renna, Patrick",non-elite,1693,3365,5031,6734,8473,10321,12379,14389,1672,1666,1703,1739,1848,2058,2010
46287,"Lison, Norman",non-elite,1769,3526,5281,7086,8878,10743,12650,14495,1757,1755,1805,1792,1865,1907,1845
46288,"Joyce, Maureen",non-elite,1769,3526,5281,7086,8878,10743,12698,14552,1757,1755,1805,1792,1865,1955,1854
46289,"McClatchey, Devereaux",non-elite,1578,3175,4762,6384,8078,9980,12071,14329,1597,1587,1622,1694,1902,2091,2258
46290,"Handler, Darla",non-elite,1663,3356,5075,7006,8771,10741,12732,14548,1693,1719,1931,1765,1970,1991,1816
46291,"Van Norman, Chris",non-elite,1527,3046,4560,6104,7649,9546,11797,14206,1519,1514,1544,1545,1897,2251,2409
46292,"Yeung, Siu Wa",non-elite,1496,3023,4579,6171,7830,9893,12211,14332,1527,1556,1592,1659,2063,2318,2121
46293,"Lanford, William B.",non-elite,1799,3471,5096,6775,8487,10285,12264,14414,1672,1625,1679,1712,1798,1979,2150
46294,"Hudnall, Steven G",non-elite,1644,3310,5017,6717,8431,10224,12342,14457,1666,1707,1700,1714,1793,2118,2115
46295,"Baillieul, Charlotte A.",non-elite,1692,3348,5027,6743,8496,10406,12434,14430,1656,1679,1716,1753,1910,2028,1996
46296,"Vickerman, Susan",non-elite,1771,3508,5192,6930,8688,10566,12568,14461,1737,1684,1738,1758,1878,2002,1893
46297,"Largo, Peg A",non-elite,1657,3314,5043,6862,8737,10725,12691,14527,1657,1729,1819,1875,1988,1966,1836
46298,"Clemente, Adrianna",non-elite,1795,3534,5260,7010,8751,10561,12498,14465,1739,1726,1750,1741,1810,1937,1967
46299,"Cummings, Patricia A",non-elite,1603,3265,5039,6917,8776,10801,12723,14551,1662,1774,1878,1859,2025,1922,1828
46300,"Coyne, David A.",non-elite,1494,3043,4626,6310,8019,9889,11858,14037,1549,1583,1684,1709,1870,1969,2179
46301,"McGrath, Allison",non-elite,1640,3356,5115,6897,8709,10619,12630,14581,1716,1759,1782,1812,1910,2011,1951
46302,"Benoit, Victoria A.",non-elite,1878,3630,5299,7012,8983,10848,12597,14435,1752,1669,1713,1971,1865,1749,1838
46303,"Yamada, Kelvin A.",non-elite,1470,2934,4424,5951,7540,9500,12353,14432,1464,1490,1527,1589,1960,2853,2079
46304,"Accurso, Joseph L",non-elite,1769,3468,5179,6945,8693,10605,12564,14468,1699,1711,1766,1748,1912,1959,1904
46305,"Tuzzeo, Lisa G",non-elite,1582,3194,4892,6693,8581,10466,12473,14443,1612,1698,1801,1888,1885,2007,1970
46306,"Wilson, Cynthia C",non-elite,1617,3310,5056,6851,8700,10678,12715,14535,1693,1746,1795,1849,1978,2037,1820
46307,"Contreras, Ramiro G Sr.",non-elite,1271,2589,4022,5642,7398,9763,11994,14305,1318,1433,1620,1756,2365,2231,2311
46308,"Lease, Amy C.",non-elite,1706,3430,5186,6954,8803,10654,12577,14452,1724,1756,1768,1849,1851,1923,1875
46309,"Bosse, John P.",non-elite,1647,3416,5113,6845,8631,10492,12475,14434,1769,1697,1732,1786,1861,1983,1959
46310,"Mauro, Julianne Q.",non-elite,1810,3583,5353,7135,8940,10788,12663,14493,1773,1770,1782,1805,1848,1875,1830
46311,"Edie, Melinda N.",non-elite,1851,3633,5360,7108,8853,10719,12632,14517,1782,1727,1748,1745,1866,1913,1885
46312,"Godfrey, Paul",non-elite,1691,3373,5068,6803,8570,10440,12404,14487,1682,1695,1735,1767,1870,1964,2083
46313,"Sionne, Steve",non-elite,1731,3383,5020,6637,8240,10071,12132,14379,1652,1637,1617,1603,1831,2061,2247
46314,"Moody, Stephen C.",non-elite,1507,3045,4626,6355,8349,10368,12430,14451,1538,1581,1729,1994,2019,2062,2021
46315,"Kaye, Eric",non-elite,1908,3721,5517,7305,9086,10916,12744,14537,1813,1796,1788,1781,1830,1828,1793
46316,"Weir, Adam J.",non-elite,1404,2867,4402,6290,8113,10099,12258,14371,1463,1535,1888,1823,1986,2159,2113
46317,"Harder, Steven M",non-elite,1706,3415,5116,6844,8600,10536,12579,14449,1709,1701,1728,1756,1936,2043,1870
46318,"Hong, Sunhwa",non-elite,1667,3387,5256,7152,9074,11087,12985,14593,1720,1869,1896,1922,2013,1898,1608
46319,"Leao, Enio",non-elite,1766,3509,5240,6976,8727,10614,12563,14477,1743,1731,1736,1751,1887,1949,1914
46320,"Jacques, Richard G",non-elite,1571,3207,5043,6711,8422,10341,12370,14419,1636,1836,1668,1711,1919,2029,2049
46321,"Isenbarger, Jennifer L.",non-elite,1672,3384,5122,6916,8742,10653,12577,14476,1712,1738,1794,1826,1911,1924,1899
46322,"Hart, Nicole",non-elite,1716,3427,5136,6877,8690,10635,12564,14478,1711,1709,1741,1813,1945,1929,1914
46323,"Gress, Cindy",non-elite,1571,3171,4789,6437,8303,10147,12220,14357,1600,1618,1648,1866,1844,2073,2137
46324,"Fink, Aaron S.",non-elite,1768,3506,5182,6882,8636,10553,12537,14473,1738,1676,1700,1754,1917,1984,1936
46325,"Braun, Kelly",non-elite,1527,3148,4738,6433,8243,10115,12247,14385,1621,1590,1695,1810,1872,2132,2138
46326,"Goldberg, Roger A.",non-elite,1768,3507,5182,6882,8636,10539,12537,14472,1739,1675,1700,1754,1903,1998,1935
46327,"Bentzen, Martin",non-elite,1681,3320,4929,6540,8201,10095,12136,14445,1639,1609,1611,1661,1894,2041,2309
46328,"Harding, Gene",non-elite,1662,3454,5347,7283,9154,10988,12829,14525,1792,1893,1936,1871,1834,1841,1696
46329,"Gersitz, Lorraine",non-elite,1743,3515,5299,7135,9009,10922,12846,14577,1772,1784,1836,1874,1913,1924,1731
46330,"Lawson, Aaron D",non-elite,1524,3041,4668,6433,8289,10218,12249,14400,1517,1627,1765,1856,1929,2031,2151
46331,"Gosnell, Ashley",non-elite,1667,3326,4944,6597,8348,10316,12479,14508,1659,1618,1653,1751,1968,2163,2029
46332,"Williams, Jennifer E",non-elite,1580,3318,5015,6813,8578,10584,12512,14511,1738,1697,1798,1765,2006,1928,1999
46333,"Doyle, Meghan J.",non-elite,1718,3463,5246,6964,8756,10649,12595,14489,1745,1783,1718,1792,1893,1946,1894
46334,"Byrne, Trapper",non-elite,1603,3274,4999,6764,8577,10497,12479,14430,1671,1725,1765,1813,1920,1982,1951
46335,"Kaminska, Megan J.",non-elite,1812,3559,5309,7145,8978,10823,12674,14516,1747,1750,1836,1833,1845,1851,1842
46336,"Lehr, Janet K.",non-elite,1728,3439,5194,6986,8767,10644,12612,14467,1711,1755,1792,1781,1877,1968,1855
46337,"Verry, Jennie R.",non-elite,1673,3381,5105,6885,8725,10615,12633,14509,1708,1724,1780,1840,1890,2018,1876
46338,"Galbraith, Deanna",non-elite,1611,3303,5089,6912,8693,10587,12610,14515,1692,1786,1823,1781,1894,2023,1905
46339,"Suris, Edgar",non-elite,1737,3445,5217,6981,8779,10682,12608,14503,1708,1772,1764,1798,1903,1926,1895
46340,"Merritt, Jeanna B",non-elite,1629,3338,5111,6936,8759,10667,12612,14518,1709,1773,1825,1823,1908,1945,1906
46341,"Harms, Hinrich J",non-elite,1553,3145,4886,6762,8522,10498,12500,14479,1592,1741,1876,1760,1976,2002,1979
46342,"Pariseau Telge, Christine",non-elite,1529,3143,4882,6713,8530,10459,12483,14430,1614,1739,1831,1817,1929,2024,1947
46343,"Molson, Jeff",non-elite,1487,2971,4508,6204,7965,9814,12065,14259,1484,1537,1696,1761,1849,2251,2194
46344,"Hawksworth, Martha L",non-elite,1670,3335,5005,6725,8461,10304,12357,14415,1665,1670,1720,1736,1843,2053,2058
46345,"Bachelet, Nicole",non-elite,1660,3412,5232,7044,8878,10769,12738,14562,1752,1820,1812,1834,1891,1969,1824
46346,"Mooney, Linda",non-elite,1550,3113,4722,6422,8223,10138,12362,14468,1563,1609,1700,1801,1915,2224,2106
46347,"Hirschi, Linda R",non-elite,1587,3185,4847,6678,8511,10430,12411,14438,1598,1662,1831,1833,1919,1981,2027
46348,"Williams, Bobbie J.",non-elite,1722,3489,5263,7040,8870,10774,12714,14527,1767,1774,1777,1830,1904,1940,1813
46349,"Nelson, Alana",non-elite,1532,3102,4849,6699,8614,10616,12694,14537,1570,1747,1850,1915,2002,2078,1843
46350,"Smoker, Conrad L",non-elite,1388,2797,4334,5760,7304,9270,11245,13918,1409,1537,1426,1544,1966,1975,2673
46351,"Mcguigan, Holly S.",non-elite,1653,3347,5161,6964,8812,10736,12657,14535,1694,1814,1803,1848,1924,1921,1878
46352,"Mauro, Joanna",non-elite,1717,3408,5107,6859,8681,10566,12513,14457,1691,1699,1752,1822,1885,1947,1944
46353,"Lazaroff, Deborah J",non-elite,1627,3245,4909,6712,8505,10513,12568,14490,1618,1664,1803,1793,2008,2055,1922
46354,"Durben, Robert",non-elite,2114,3998,5919,7731,9534,11294,12957,14631,1884,1921,1812,1803,1760,1663,1674
46355,"Fixter, Stephen R.",non-elite,1534,3056,4591,6149,7743,10021,12213,14574,1522,1535,1558,1594,2278,2192,2361
46356,"Farnham, Mary",non-elite,1672,3366,5088,6849,8634,10514,12483,14423,1694,1722,1761,1785,1880,1969,1940
46357,"Shorall, Claire K",non-elite,1472,3064,4785,6656,8458,10347,12449,14523,1592,1721,1871,1802,1889,2102,2074
46358,"Harris, Kassie",non-elite,1421,2830,4360,6027,7838,10096,12487,14594,1409,1530,1667,1811,2258,2391,2107
46359,"Abber, Tracy",non-elite,1819,3584,5382,7152,8993,10885,12760,14576,1765,1798,1770,1841,1892,1875,1816
46360,"Cakounes, Amy",non-elite,1744,3455,5193,6979,8809,10730,12650,14572,1711,1738,1786,1830,1921,1920,1922
46361,"Thompson, Patricia",non-elite,1684,3408,5126,6875,8649,10538,12502,14479,1724,1718,1749,1774,1889,1964,1977
46362,"Wolfe, Claudia",non-elite,1586,3232,4965,6746,8539,10515,12568,14483,1646,1733,1781,1793,1976,2053,1915
46363,"Smith, Jason N.",non-elite,1813,3685,5447,7291,9031,10792,12652,14537,1872,1762,1844,1740,1761,1860,1885
46364,"Battson, Elaine C",non-elite,1588,3225,4919,6695,8544,10515,12555,14501,1637,1694,1776,1849,1971,2040,1946
46365,"Guilliom, Allison R.",non-elite,1599,3224,4864,6715,8574,10509,12549,14504,1625,1640,1851,1859,1935,2040,1955
46366,"Bennett, Alexia",non-elite,1665,3299,4895,6558,8300,10237,12302,14398,1634,1596,1663,1742,1937,2065,2096
46367,"Abbott, Patricia",non-elite,1644,3341,5066,6937,8733,10680,12627,14504,1697,1725,1871,1796,1947,1947,1877
46368,"Reid, Nina C",non-elite,1710,3523,5261,7089,8901,10798,12750,14558,1813,1738,1828,1812,1897,1952,1808
46369,"Puckett, Dan",non-elite,1497,3012,4515,6068,7802,9803,11999,14321,1515,1503,1553,1734,2001,2196,2322
46370,"Hines, Lisa",non-elite,1574,3141,4738,6372,8055,9809,11841,14497,1567,1597,1634,1683,1754,2032,2656
46371,"Hung, Pamela",non-elite,1777,3458,5164,6934,8727,10563,12493,14510,1681,1706,1770,1793,1836,1930,2017
46372,"Runion, Brenda",non-elite,1607,3261,5021,6870,8702,10620,12551,14521,1654,1760,1849,1832,1918,1931,1970
46373,"Albers, Deb",non-elite,1579,3163,4790,6513,8308,10314,12387,14448,1584,1627,1723,1795,2006,2073,2061
46374,"Susi, Rebecca M.",non-elite,1639,3277,4958,6704,8524,10468,12568,14510,1638,1681,1746,1820,1944,2100,1942
46375,"Scott, Kim",non-elite,1684,3372,5059,6852,8670,10603,12549,14508,1688,1687,1793,1818,1933,1946,1959
46376,"Gerrity, Holly L",non-elite,1685,3372,5059,6852,8670,10603,12549,14508,1687,1687,1793,1818,1933,1946,1959
46377,"Simon, Sandi",non-elite,1477,3078,4759,6577,8506,10536,12688,14523,1601,1681,1818,1929,2030,2152,1835
46378,"Lawrence, Michael",non-elite,1689,3380,5063,6797,8643,10702,12713,14582,1691,1683,1734,1846,2059,2011,1869
46379,"Doughney, Kathleen B.",non-elite,1755,3519,5269,7044,8825,10698,12644,14527,1764,1750,1775,1781,1873,1946,1883
46380,"Zeringis, Tonis",non-elite,1508,3154,4877,6632,8447,10399,12386,14487,1646,1723,1755,1815,1952,1987,2101
46381,"Dickey, Clyde E. IV",non-elite,1611,3261,5082,6778,8482,10284,12402,14434,1650,1821,1696,1704,1802,2118,2032
46382,"Bellerby, Chris G",non-elite,1354,2737,4250,5979,7838,9841,12038,14346,1383,1513,1729,1859,2003,2197,2308
46383,"Perri-Simonetta, Toni",non-elite,1717,3405,5106,6867,8615,10616,12666,14537,1688,1701,1761,1748,2001,2050,1871
46384,"Lee, Howook",non-elite,1719,3378,5084,6815,8713,10760,12609,14495,1659,1706,1731,1898,2047,1849,1886
46385,"Tijskens, Maria",non-elite,1732,3443,5202,6959,8732,10621,12612,14496,1711,1759,1757,1773,1889,1991,1884
46386,"Samland, Gina M",non-elite,1615,3290,4966,6681,8424,10247,12300,14418,1675,1676,1715,1743,1823,2053,2118
46387,"Wreden, Julia J.",non-elite,1912,3720,5470,7281,9043,10861,12733,14547,1808,1750,1811,1762,1818,1872,1814
46388,"Gonzalez, Donald A.",non-elite,1666,3242,4772,6365,7999,9700,11896,14396,1576,1530,1593,1634,1701,2196,2500
46389,"Vondruska, Martin",non-elite,1349,2739,4225,5918,7750,9712,11925,14322,1390,1486,1693,1832,1962,2213,2397
46390,"Macnaughton, Tom",non-elite,1569,3169,4768,6379,8009,9816,11755,13887,1600,1599,1611,1630,1807,1939,2132
46391,"Lebioda-Skoczen, Violetta",non-elite,1593,3237,4952,6722,8530,10564,12655,14504,1644,1715,1770,1808,2034,2091,1849
46392,"Yaiser, Patricia",non-elite,1560,3152,4855,6685,8576,10519,12617,14489,1592,1703,1830,1891,1943,2098,1872
46393,"Dyck, Laura",non-elite,1757,3524,5310,7141,8984,10906,12766,14554,1767,1786,1831,1843,1922,1860,1788
46394,"Gregory, Bruce",non-elite,1607,3233,4845,6507,8289,10226,12293,14373,1626,1612,1662,1782,1937,2067,2080
46395,"Hughes, Brandon R.",non-elite,1707,3386,5040,6749,8563,10442,12481,14509,1679,1654,1709,1814,1879,2039,2028
46396,"Valiquette, Real",non-elite,1478,2989,4531,6146,7792,9789,12166,14437,1511,1542,1615,1646,1997,2377,2271
46397,"Peller, Jeff",non-elite,1504,3012,4556,6171,7935,10248,12371,14361,1508,1544,1615,1764,2313,2123,1990
46398,"Berton, Giuseppe",non-elite,1798,3546,5295,7054,8797,10626,12528,14463,1748,1749,1759,1743,1829,1902,1935
46399,"Staudt, Caroline",non-elite,1526,3077,4691,6391,8105,10005,12154,14411,1551,1614,1700,1714,1900,2149,2257
46400,"Accola-Newell, Tammy A.",non-elite,1520,3037,4567,6160,7934,9944,12117,14439,1517,1530,1593,1774,2010,2173,2322
46401,"Markham, Nancy",non-elite,1504,3052,4739,6581,8428,10592,12744,14549,1548,1687,1842,1847,2164,2152,1805
46402,"Cash, Jennifer A.",non-elite,1609,3229,4896,6698,8561,10559,12671,14592,1620,1667,1802,1863,1998,2112,1921
46403,"Brulo, Lori",non-elite,1610,3274,4986,6770,8599,10582,12663,14487,1664,1712,1784,1829,1983,2081,1824
46404,"Nahrstedt, Linda S",non-elite,1672,3369,5106,6857,8642,10547,12549,14505,1697,1737,1751,1785,1905,2002,1956
46405,"Scanlon, Daniel",non-elite,1710,3443,5127,6832,8565,10399,12357,14446,1733,1684,1705,1733,1834,1958,2089
46406,"Walker, Jodie L",non-elite,1665,3422,5183,7072,8851,10738,12755,14585,1757,1761,1889,1779,1887,2017,1830
46407,"Smith, Danielle M",non-elite,1485,3069,4767,6516,8475,10518,12670,14568,1584,1698,1749,1959,2043,2152,1898
46408,"Durkin, Patrick E",non-elite,1687,3374,5073,6803,8570,10482,12486,14454,1687,1699,1730,1767,1912,2004,1968
46409,"Guzman, Henry J.",non-elite,1620,3188,4816,6504,8380,10594,12932,14580,1568,1628,1688,1876,2214,2338,1648
46410,"Mazza, Benjamin",non-elite,1597,3134,4667,6224,7830,9911,12515,14550,1537,1533,1557,1606,2081,2604,2035
46411,"Connell, Richard D. Sr.",non-elite,1679,3374,4986,6676,8418,10407,12473,14464,1695,1612,1690,1742,1989,2066,1991
46412,"Wilcox, Haley A.",non-elite,1766,3578,5379,7181,8926,10808,12748,14594,1812,1801,1802,1745,1882,1940,1846
46413,"Norberg, Angela",non-elite,1519,3035,4582,6204,7889,9871,12134,14411,1516,1547,1622,1685,1982,2263,2277
46414,"Harward, Timothy",non-elite,1631,3293,4951,6696,8478,10384,12413,14460,1662,1658,1745,1782,1906,2029,2047
46415,"Cucherat, Jacqueline",non-elite,1600,3265,4978,6745,8513,10458,12471,14465,1665,1713,1767,1768,1945,2013,1994
46416,"Healy, Timothy",non-elite,1564,3052,4528,6044,7710,9528,11805,14230,1488,1476,1516,1666,1818,2277,2425
46417,"Schnoor, Bill",non-elite,1868,3705,5483,7307,9123,10926,12751,14567,1837,1778,1824,1816,1803,1825,1816
46418,"Adams, Susan",non-elite,1682,3383,5119,6913,8720,10585,12544,14518,1701,1736,1794,1807,1865,1959,1974
46419,"Loo, Celene P",non-elite,1555,3111,4826,6653,8564,10564,12662,14473,1556,1715,1827,1911,2000,2098,1811
46420,"Ireland, Christopher",non-elite,1679,3363,5050,6779,8534,10455,12460,14448,1684,1687,1729,1755,1921,2005,1988
46421,"Shugerman, Jed E.",non-elite,1634,3290,4988,6706,8517,10534,12510,14501,1656,1698,1718,1811,2017,1976,1991
46422,"Hess, Kathryn L",non-elite,1649,3304,4999,6675,8432,10357,12371,14511,1655,1695,1676,1757,1925,2014,2140
46423,"Denully, Michelle C",non-elite,1575,3217,4891,6623,8437,10480,12590,14488,1642,1674,1732,1814,2043,2110,1898
46424,"Kirkner, Gregory J",non-elite,1332,2686,4045,5464,6939,8538,11167,14132,1354,1359,1419,1475,1599,2629,2965
46425,"White, Samantha",non-elite,1424,2901,4416,6318,8265,10336,12572,14552,1477,1515,1902,1947,2071,2236,1980
46426,"Booms, Carolyn",non-elite,1771,3473,5216,7055,8925,10857,12801,14557,1702,1743,1839,1870,1932,1944,1756
46427,"Moore, Gerald W",non-elite,1595,3235,4806,6604,8349,10354,12375,14417,1640,1571,1798,1745,2005,2021,2042
46428,"Mallen, Timothy",non-elite,1249,2510,3809,5153,6727,8279,10146,14166,1261,1299,1344,1574,1552,1867,4020
46429,"Marsano, Katherine A.",non-elite,1721,3451,5192,7052,8861,10730,12664,14581,1730,1741,1860,1809,1869,1934,1917
46430,"Sherman, David N",non-elite,1585,3185,4789,6435,8114,10044,12331,14490,1600,1604,1646,1679,1930,2287,2159
46431,"Park, Mi Young",non-elite,1566,3125,4820,6694,8576,10604,12694,14673,1559,1695,1874,1882,2028,2090,1979
46432,"Hankey, Richard A. Jr.",non-elite,1673,3325,4996,6892,8946,10839,12615,14574,1652,1671,1896,2054,1893,1776,1959
46433,"Robinson, Jody",non-elite,1685,3334,4983,6654,8419,10350,12369,14510,1649,1649,1671,1765,1931,2019,2141
46434,"Hoefer, Michael",non-elite,1451,2927,4506,6105,7854,9805,12089,14366,1476,1579,1599,1749,1951,2284,2277
46435,"Barry, Jonathan M.",non-elite,1712,3341,5009,6685,8458,10308,12331,14470,1629,1668,1676,1773,1850,2023,2139
46436,"Conigliaro, Matthew",non-elite,1654,3366,5105,6913,8738,10624,12553,14467,1712,1739,1808,1825,1886,1929,1914
46437,"Parmentier, Gretchen H.",non-elite,1430,2925,4524,6176,8269,10483,12743,14562,1495,1599,1652,2093,2214,2260,1819
46438,"Funk, Emily J.",non-elite,1581,3170,4817,6553,8393,10334,12470,14455,1589,1647,1736,1840,1941,2136,1985
46439,"Belew, Greg H.",non-elite,1655,3367,5105,6908,8738,10625,12554,14468,1712,1738,1803,1830,1887,1929,1914
46440,"Desnoyers, Olivier",non-elite,1593,3309,5068,6837,8597,10527,12514,14443,1716,1759,1769,1760,1930,1987,1929
46441,"Stoffer, Wayne D",non-elite,1404,3011,4758,6565,8353,10251,12361,14406,1607,1747,1807,1788,1898,2110,2045
46442,"Miller-Goldstein, Kaia K",non-elite,1499,3088,4794,6578,8372,10343,12413,14464,1589,1706,1784,1794,1971,2070,2051
46443,"O'Riain, Liam",non-elite,1630,3312,5102,6895,8681,10546,12531,14475,1682,1790,1793,1786,1865,1985,1944
46444,"Ahrens, Christine M",non-elite,1586,3283,4969,6709,8457,10377,12564,14509,1697,1686,1740,1748,1920,2187,1945
46445,"Benz, Kristi E",non-elite,1624,3288,5010,6753,8634,10548,12564,14550,1664,1722,1743,1881,1914,2016,1986
46446,"Lemieux, Kayla L",non-elite,1627,3401,5175,6953,8753,10635,12605,14531,1774,1774,1778,1800,1882,1970,1926
46447,"Vasconcellos-Cammas, Claudia",non-elite,1786,3565,5358,7158,8951,10828,12741,14551,1779,1793,1800,1793,1877,1913,1810
46448,"Fowler, Matthew",non-elite,1728,3377,5062,6751,8498,10310,12467,14555,1649,1685,1689,1747,1812,2157,2088
46449,"Biondi-Huffman, Amy",non-elite,1534,3173,4950,6815,8657,10626,12556,14504,1639,1777,1865,1842,1969,1930,1948
46450,"Jones, Alison M",non-elite,1709,3442,5218,7038,8890,10808,12712,14575,1733,1776,1820,1852,1918,1904,1863
46451,"Toomey, Melanie R.",non-elite,1697,3430,5100,6932,8783,10634,12624,14508,1733,1670,1832,1851,1851,1990,1884
46452,"Bolgar, Ellie",non-elite,1612,3316,5030,6878,8718,10668,12632,14509,1704,1714,1848,1840,1950,1964,1877
46453,"Zimmer, Mark",non-elite,1467,2974,4487,6169,7951,9928,12068,14156,1507,1513,1682,1782,1977,2140,2088
46454,"Standifer, Steve",non-elite,1639,3242,4883,6581,8333,10271,12344,14428,1603,1641,1698,1752,1938,2073,2084
46455,"Radford, Carmen H",non-elite,1762,3525,5301,7105,8928,10769,12693,14572,1763,1776,1804,1823,1841,1924,1879
46456,"Richins, Sheandi",non-elite,1762,3526,5301,7105,8928,10769,12693,14572,1764,1775,1804,1823,1841,1924,1879
46457,"Graf, Bruce H",non-elite,1646,3319,5028,6787,8563,10466,12445,14452,1673,1709,1759,1776,1903,1979,2007
46458,"Cunningham, Jennifer M",non-elite,1667,3356,5044,6784,8612,10588,12601,14518,1689,1688,1740,1828,1976,2013,1917
46459,"Osche, William D",non-elite,1534,3161,4949,6852,8661,10682,12729,14582,1627,1788,1903,1809,2021,2047,1853
46460,"Dediu, Andreea A.",non-elite,1617,3305,5045,6799,8654,10629,12701,14626,1688,1740,1754,1855,1975,2072,1925
46461,"Varga, Elizabeth A",non-elite,1566,3197,4835,6593,8473,10501,12576,14507,1631,1638,1758,1880,2028,2075,1931
46462,"Meyer, Klaus",non-elite,1585,3187,4820,6494,8253,10107,12236,14568,1602,1633,1674,1759,1854,2129,2332
46463,"Spadaro, Kristin M.",non-elite,1763,3497,5226,6972,8753,10655,12641,14546,1734,1729,1746,1781,1902,1986,1905
46464,"Epstein, Michael",non-elite,1956,3817,5585,7346,9065,10854,12784,14576,1861,1768,1761,1719,1789,1930,1792
46465,"Pisarik, Elizabeth A.",non-elite,1956,3817,5585,7346,9065,10855,12785,14576,1861,1768,1761,1719,1790,1930,1791
46466,"Huss, Kelly",non-elite,1545,3144,4978,6748,8538,10485,12486,14486,1599,1834,1770,1790,1947,2001,2000
46467,"Brown, Patrick W.",non-elite,1547,3126,4815,6550,8302,10230,12376,14484,1579,1689,1735,1752,1928,2146,2108
46468,"Graff, Christilyn",non-elite,1572,3189,4869,6579,8321,10165,12150,14544,1617,1680,1710,1742,1844,1985,2394
46469,"Aegerter, Jackie",non-elite,1681,3400,5100,6815,8560,10454,12463,14526,1719,1700,1715,1745,1894,2009,2063
46470,"Wiles, Midori",non-elite,1790,3596,5438,7270,9080,10931,12812,14605,1806,1842,1832,1810,1851,1881,1793
46471,"Boswell, Sarah A",non-elite,1632,3291,5019,6863,8720,10708,12706,14592,1659,1728,1844,1857,1988,1998,1886
46472,"Born, Peter",non-elite,1633,3246,4864,6510,8205,10094,12365,14515,1613,1618,1646,1695,1889,2271,2150
46473,"Lovejoy, Sally P",non-elite,1658,3402,5192,6990,8807,10687,12631,14527,1744,1790,1798,1817,1880,1944,1896
46474,"Rogers, Tristen A.",non-elite,1684,3426,5192,7007,8778,10681,12617,14554,1742,1766,1815,1771,1903,1936,1937
46475,"Hennig, Shanna",non-elite,1684,3426,5192,7006,8778,10681,12617,14554,1742,1766,1814,1772,1903,1936,1937
46476,"Dittmann, Kristin M",non-elite,1766,3493,5214,6976,8767,10713,12602,14569,1727,1721,1762,1791,1946,1889,1967
46477,"Butler, Abby",non-elite,1814,3594,5396,7197,9108,11090,12917,14645,1780,1802,1801,1911,1982,1827,1728
46478,"Van Bibber-Widrig, Joanne",non-elite,1747,3473,5225,7001,8793,10711,12703,14525,1726,1752,1776,1792,1918,1992,1822
46479,"Calhan, Kristine",non-elite,1638,3293,5002,6788,8626,10562,12610,14570,1655,1709,1786,1838,1936,2048,1960
46480,"Hugel, Stephen",non-elite,1720,3322,4945,6609,8759,10495,12323,14462,1602,1623,1664,2150,1736,1828,2139
46481,"Quitugua, Xochilt M.",non-elite,1654,3309,4981,6690,8474,10418,12480,14508,1655,1672,1709,1784,1944,2062,2028
46482,"Galantino, Gina",non-elite,1635,3296,5029,6851,8785,10769,12711,14582,1661,1733,1822,1934,1984,1942,1871
46483,"Smith, Mandy K.",non-elite,1709,3367,5006,6750,8482,10433,12547,14543,1658,1639,1744,1732,1951,2114,1996
46484,"Deyoung, Scott L.",non-elite,1507,3022,4575,6269,8128,10158,12337,14480,1515,1553,1694,1859,2030,2179,2143
46485,"Ennis, Erin S",non-elite,1488,3053,4656,6380,8215,10175,12321,14469,1565,1603,1724,1835,1960,2146,2148
46486,"Campbell, Keith J.",non-elite,1722,3442,5151,6897,8656,10527,12493,14476,1720,1709,1746,1759,1871,1966,1983
46487,"Burwig, Susan",non-elite,1658,3330,4994,6722,8572,10557,12610,14527,1672,1664,1728,1850,1985,2053,1917
46488,"Connelly, Jennifer H",non-elite,1547,3161,4920,6719,8558,10495,12569,14539,1614,1759,1799,1839,1937,2074,1970
46489,"Staxen, Anne Marie",non-elite,1543,3182,4854,6642,8507,10480,12555,14521,1639,1672,1788,1865,1973,2075,1966
46490,"Gasperich, Anne",non-elite,1689,3468,5224,7014,8846,10690,12603,14516,1779,1756,1790,1832,1844,1913,1913
46491,"Van Rooyen, William",non-elite,1539,3165,4885,6684,8500,10453,12470,14471,1626,1720,1799,1816,1953,2017,2001
46492,"Baghai, Darius A.",non-elite,1520,3125,4793,6580,8358,10300,12515,14416,1605,1668,1787,1778,1942,2215,1901
46493,"Frazier, Connie",non-elite,1689,3402,5119,6873,8615,10414,12304,14378,1713,1717,1754,1742,1799,1890,2074
46494,"Bartlett, Darrin J",non-elite,1395,2798,4247,5796,7485,9333,11434,14172,1403,1449,1549,1689,1848,2101,2738
46495,"Griffith, Page",non-elite,1585,3192,4887,6692,8542,10418,12445,14518,1607,1695,1805,1850,1876,2027,2073
46496,"Self, Kerry",non-elite,1656,3307,4975,6695,8509,10435,12482,14482,1651,1668,1720,1814,1926,2047,2000
46497,"Emerson, Regina A",non-elite,1684,3411,5192,7016,8883,10756,12759,14613,1727,1781,1824,1867,1873,2003,1854
46498,"Gubbay, Laura",non-elite,1548,3119,4805,6587,8413,10380,12462,14498,1571,1686,1782,1826,1967,2082,2036
46499,"Imbacuan, Hector B. Sr.",non-elite,1608,3253,4895,6557,8253,10017,12338,14486,1645,1642,1662,1696,1764,2321,2148
46500,"Roggekamp, Courtney P.",non-elite,1702,3441,5176,6956,8757,10632,12528,14518,1739,1735,1780,1801,1875,1896,1990
46501,"Havlicek, Jennifer R.",non-elite,1803,3493,5151,6875,8608,10545,12591,14615,1690,1658,1724,1733,1937,2046,2024
46502,"Gaudion, Carri",non-elite,1743,3491,5228,6982,8822,10714,12663,14591,1748,1737,1754,1840,1892,1949,1928
46503,"Lee, Sung Jin",non-elite,1445,2897,4508,6104,7994,9923,11948,14368,1452,1611,1596,1890,1929,2025,2420
46504,"Helling, Dorothy (Dot) L.",non-elite,1718,3507,5315,7140,8971,10810,12719,14565,1789,1808,1825,1831,1839,1909,1846
46505,"Mcgonigle, Alice",non-elite,1738,3415,5110,6838,8611,10643,12608,14580,1677,1695,1728,1773,2032,1965,1972
46506,"Yao, Baiyun",non-elite,1736,3418,5104,6822,8600,10545,12570,14568,1682,1686,1718,1778,1945,2025,1998
46507,"Kim, Soon Ha",non-elite,1445,2914,4544,6235,8005,9953,11997,14368,1469,1630,1691,1770,1948,2044,2371
46508,"Grote, Hans-Joachim",non-elite,1742,3446,5112,6821,8571,10466,12554,14521,1704,1666,1709,1750,1895,2088,1967
46509,"Gilreath, Richard G.",non-elite,1756,3392,4950,6594,8349,10385,12529,14580,1636,1558,1644,1755,2036,2144,2051
46510,"Pham, V. P.",non-elite,1442,2910,4436,6213,8074,10245,12340,14549,1468,1526,1777,1861,2171,2095,2209
46511,"Lauziere, Andree",non-elite,1656,3338,5165,6974,8882,10859,12744,14571,1682,1827,1809,1908,1977,1885,1827
46512,"Wilsey, Patrick R.",non-elite,1586,3158,4780,6561,8379,10535,12582,14585,1572,1622,1781,1818,2156,2047,2003
46513,"Isherwood, Robert K",non-elite,1547,3095,4670,6299,7973,9875,12147,14448,1548,1575,1629,1674,1902,2272,2301
46514,"Thimot, Tom",non-elite,1656,3225,4812,6478,8234,10289,12393,14480,1569,1587,1666,1756,2055,2104,2087
46515,"Micue, Tracey M.",non-elite,1902,3638,5365,7086,8854,10720,12645,14553,1736,1727,1721,1768,1866,1925,1908
46516,"Mooney, Orla",non-elite,1698,3594,5351,7137,8928,10843,12755,14563,1896,1757,1786,1791,1915,1912,1808
46517,"Moss, Nick",non-elite,1757,3430,5111,6863,8669,10590,12680,14563,1673,1681,1752,1806,1921,2090,1883
46518,"Altieri, Brandon C.",non-elite,1335,2597,3988,5610,7266,9196,11380,14464,1262,1391,1622,1656,1930,2184,3084
46519,"Laughlin, Michelle",non-elite,1580,3224,4965,6778,8663,10677,12675,14573,1644,1741,1813,1885,2014,1998,1898
46520,"Jardell, Colleen",non-elite,1605,3242,5007,6761,8563,10451,12468,14522,1637,1765,1754,1802,1888,2017,2054
46521,"Fitch, Paula",non-elite,1634,3352,5096,6948,8788,10702,12676,14577,1718,1744,1852,1840,1914,1974,1901
46523,"Tierney, Leanne S.",non-elite,1610,3323,5042,6764,8551,10449,12472,14507,1713,1719,1722,1787,1898,2023,2035
46524,"Gerowitz, Kate",non-elite,1696,3499,5290,7083,8918,10792,12666,14566,1803,1791,1793,1835,1874,1874,1900
46525,"Sheldon, Lisa A",non-elite,1739,3519,5309,7081,8811,10741,12704,14592,1780,1790,1772,1730,1930,1963,1888
46526,"Mahoney, Deborah L.",non-elite,1572,3215,4908,6607,8343,10241,12228,14374,1643,1693,1699,1736,1898,1987,2146
46527,"Peck, Kristen",non-elite,1676,3404,5071,6816,8589,10544,12564,14536,1728,1667,1745,1773,1955,2020,1972
46528,"Flahive, Frank M.",non-elite,1666,3278,4959,6660,8460,10357,12391,14442,1612,1681,1701,1800,1897,2034,2051
46529,"White, Randie",non-elite,1785,3504,5264,7038,8836,10726,12634,14555,1719,1760,1774,1798,1890,1908,1921
46530,"Texeira, Michael",non-elite,1654,3220,4863,6583,8340,10317,12356,14591,1566,1643,1720,1757,1977,2039,2235
46531,"Carlos, Ivan",non-elite,1528,3058,4656,6370,8289,10361,12435,14548,1530,1598,1714,1919,2072,2074,2113
46532,"Hurst, Cathie",non-elite,1644,3301,5008,6762,8495,10358,12328,14461,1657,1707,1754,1733,1863,1970,2133
46533,"Levy, Norman S.",non-elite,1755,3497,5227,6948,8753,10585,12565,14501,1742,1730,1721,1805,1832,1980,1936
46534,"Patz Clarke, Debby A.",non-elite,1696,3391,5086,6851,8650,10573,12548,14520,1695,1695,1765,1799,1923,1975,1972
46535,"Kohli, Pat",non-elite,1699,3444,5216,7049,8855,10746,12678,14531,1745,1772,1833,1806,1891,1932,1853
46536,"Tropeano, Marco",non-elite,1613,3177,4741,6341,7987,9927,12185,14439,1564,1564,1600,1646,1940,2258,2254
46537,"Nicolaysen, Thessaly",non-elite,1361,2908,4497,6133,7863,9855,11914,14329,1547,1589,1636,1730,1992,2059,2415
46538,"Amstutz, Rebekah",non-elite,1389,2876,4463,6348,8125,10195,12377,14566,1487,1587,1885,1777,2070,2182,2189
46539,"Levine, Kevin",non-elite,1568,3145,4745,6370,8003,9790,11900,14609,1577,1600,1625,1633,1787,2110,2709
46540,"Colone, Terri",non-elite,1630,3352,5228,7157,9025,10883,12797,14613,1722,1876,1929,1868,1858,1914,1816
46541,"Callaghan, Joseph G.",non-elite,1532,3009,4558,6162,7884,9911,12192,14503,1477,1549,1604,1722,2027,2281,2311
46542,"Troy, Terry",non-elite,1777,3574,5415,7194,8991,10871,12799,14612,1797,1841,1779,1797,1880,1928,1813
46543,"Staffin, Kevin",non-elite,1680,3288,4873,6475,8146,10208,12433,14510,1608,1585,1602,1671,2062,2225,2077
46544,"Hughes, Samantha E.",non-elite,1875,3602,5332,7059,8804,10624,12504,14367,1727,1730,1727,1745,1820,1880,1863
46545,"Bird, Rachel L.",non-elite,1571,3224,4949,6716,8495,10453,12641,14640,1653,1725,1767,1779,1958,2188,1999
46546,"Varnes, Vickie C",non-elite,1706,3440,5239,7040,8870,10747,12634,14570,1734,1799,1801,1830,1877,1887,1936
46547,"Spowart, Amy",non-elite,1589,3197,4865,6562,8328,10408,12519,14533,1608,1668,1697,1766,2080,2111,2014
46548,"Huizar, Lourdes",non-elite,1518,3036,4628,6339,8229,10149,12207,14436,1518,1592,1711,1890,1920,2058,2229
46549,"Kearns, Mayumi S.",non-elite,1882,3652,5371,7134,8941,10795,12716,14598,1770,1719,1763,1807,1854,1921,1882
46550,"Hodgson-Jones, Louise",non-elite,1703,3481,5253,7054,8859,10717,12660,14549,1778,1772,1801,1805,1858,1943,1889
46551,"Egloff, Sandra",non-elite,1631,3288,5025,6798,8614,10530,12539,14520,1657,1737,1773,1816,1916,2009,1981
46552,"Murray, Alexandra L.",non-elite,1672,3326,5043,6797,8607,10554,12582,14577,1654,1717,1754,1810,1947,2028,1995
46553,"Dewley, Karin M",non-elite,1677,3420,5225,7073,8894,10782,12729,14604,1743,1805,1848,1821,1888,1947,1875
46554,"Galloway, Elyse N.",non-elite,1745,3435,5165,6901,8672,10517,12487,14497,1690,1730,1736,1771,1845,1970,2010
46555,"Breiddal, Gudmundur",non-elite,1605,3242,4906,6607,8367,10314,12341,14496,1637,1664,1701,1760,1947,2027,2155
46556,"Bond, Caren-Anne J.",non-elite,1610,3293,5077,6937,8792,10751,12816,14643,1683,1784,1860,1855,1959,2065,1827
46557,"Carver, Sharon A.",non-elite,1610,3293,5077,6937,8793,10751,12817,14644,1683,1784,1860,1856,1958,2066,1827
46558,"Hammill, Eric F.",non-elite,1767,3465,5191,7091,8873,10775,12732,14603,1698,1726,1900,1782,1902,1957,1871
46559,"Bernatchez, Anne",non-elite,1698,3434,5187,6966,8796,10718,12655,14574,1736,1753,1779,1830,1922,1937,1919
46560,"Beeman, Mike",non-elite,1657,3323,5021,6689,8414,10208,12237,14387,1666,1698,1668,1725,1794,2029,2150
46561,"Rice, Monica",non-elite,1600,3237,4909,6660,8516,10459,12591,14599,1637,1672,1751,1856,1943,2132,2008
46562,"Paul, Elizabeth M.",non-elite,1662,3316,5021,6849,8762,10712,12711,14617,1654,1705,1828,1913,1950,1999,1906
46563,"Pastorek, Allison",non-elite,1305,2641,4016,5458,7192,9236,11880,14362,1336,1375,1442,1734,2044,2644,2482
46564,"West, James",non-elite,1470,2933,4387,6145,8098,10076,12281,14419,1463,1454,1758,1953,1978,2205,2138
46565,"Kobayashi, Yasumasa",non-elite,1577,3181,4816,6489,8224,10262,12454,14552,1604,1635,1673,1735,2038,2192,2098
46566,"Bower, Brandy L.",non-elite,1493,3041,4658,6462,8352,10488,12643,14573,1548,1617,1804,1890,2136,2155,1930
46567,"Swedick, Lisa A",non-elite,1704,3367,5037,6788,8539,10428,12413,14489,1663,1670,1751,1751,1889,1985,2076
46568,"Alltucker, Irene L",non-elite,1774,3532,5318,7119,8950,10850,12753,14580,1758,1786,1801,1831,1900,1903,1827
46569,"Moran, Sara E.",non-elite,1597,3312,5213,6920,8691,10596,12611,14597,1715,1901,1707,1771,1905,2015,1986
46570,"Riddle, Melinda A",non-elite,1654,3328,5089,6865,8605,10527,12565,14553,1674,1761,1776,1740,1922,2038,1988
46571,"Johnston, Suzanne",non-elite,1682,3352,5076,6827,8636,10601,12610,14542,1670,1724,1751,1809,1965,2009,1932
46573,"Wege, Reiner J.",non-elite,1744,3468,5157,6848,8572,10434,12512,14458,1724,1689,1691,1724,1862,2078,1946
46574,"Giltz, Julia",non-elite,1540,3131,4841,6649,8523,10521,12572,14553,1591,1710,1808,1874,1998,2051,1981
46575,"Chase, Eric",non-elite,1807,3549,5287,7051,8852,10736,12742,14662,1742,1738,1764,1801,1884,2006,1920
46576,"Koerper, Robert J",non-elite,1592,3196,4895,6529,8205,10014,12214,14434,1604,1699,1634,1676,1809,2200,2220
46577,"Cui, Aiguo",non-elite,1534,3118,5065,6689,8508,10572,12567,14620,1584,1947,1624,1819,2064,1995,2053
46578,"Hammar, Nicole",non-elite,1619,3218,4816,6420,8069,10004,12310,14477,1599,1598,1604,1649,1935,2306,2167
46579,"Sullivan, Gregory M.",non-elite,1870,3653,5396,7131,8844,10685,12668,14574,1783,1743,1735,1713,1841,1983,1906
46580,"Jensen, Dennis",non-elite,1606,3217,4876,6622,8436,10433,12557,14589,1611,1659,1746,1814,1997,2124,2032
46581,"Newett, James",non-elite,1814,3567,5324,7048,8785,10559,12428,14465,1753,1757,1724,1737,1774,1869,2037
46582,"Stuart, Eva M",non-elite,1483,3001,4718,6554,8505,10648,12681,14593,1518,1717,1836,1951,2143,2033,1912
46583,"Holliday, Mary Q",non-elite,1692,3404,5150,6898,8658,10515,12504,14529,1712,1746,1748,1760,1857,1989,2025
46585,"Steckbeck, Catherine F.",non-elite,1797,3586,5439,7334,9169,11129,12940,14653,1789,1853,1895,1835,1960,1811,1713
46586,"Harvey, Marie-France",non-elite,1448,2938,4614,6487,8447,10426,12554,14628,1490,1676,1873,1960,1979,2128,2074
46587,"Bromstad, Murray N.",non-elite,1517,3026,4543,6100,7708,9596,12340,14527,1509,1517,1557,1608,1888,2744,2187
46588,"Galetto Plascencia, Raquel",non-elite,1725,3513,5356,7254,9204,11041,12938,14674,1788,1843,1898,1950,1837,1897,1736
46589,"Bujacich, Cindy L",non-elite,1646,3351,5128,6952,8802,10747,12724,14558,1705,1777,1824,1850,1945,1977,1834
46590,"Cooney, Rick S.",non-elite,1600,3239,4918,6697,8560,10549,12634,14579,1639,1679,1779,1863,1989,2085,1945
46591,"Milton, Daniel",non-elite,1514,3076,4683,6342,8080,9919,12014,14470,1562,1607,1659,1738,1839,2095,2456
46592,"Kimmich, Allison B",non-elite,1561,3175,4898,6730,8634,10650,12765,14640,1614,1723,1832,1904,2016,2115,1875
46593,"Kamm, Joel K.",non-elite,1569,3119,4732,6420,8186,10220,12213,14505,1550,1613,1688,1766,2034,1993,2292
46594,"Madden, Steven M.",non-elite,1374,2772,4288,5977,7830,10012,12385,14551,1398,1516,1689,1853,2182,2373,2166
46595,"Rubadeau, Alley P",non-elite,1498,2992,4507,6857,8843,11017,12976,14698,1494,1515,2350,1986,2174,1959,1722
46596,"Zanuck, Harrison",non-elite,1502,3060,4655,6324,8044,9964,12344,14583,1558,1595,1669,1720,1920,2380,2239
46597,"Sauer, Jason T.",non-elite,1509,2964,4475,6033,7664,9743,12080,14519,1455,1511,1558,1631,2079,2337,2439
46598,"Jordan, Cynthia",non-elite,1724,3406,5101,6817,8609,10549,12610,14587,1682,1695,1716,1792,1940,2061,1977
46599,"Komure-Chan, Heather S.",non-elite,1586,3221,4900,6605,8369,10252,12328,14507,1635,1679,1705,1764,1883,2076,2179
46600,"Valentijn, Tjerk",non-elite,1268,2539,3874,5410,7256,9554,11908,14285,1271,1335,1536,1846,2298,2354,2377
46601,"Ioppolo, Lory D",non-elite,1420,3090,4836,6981,8737,10835,12732,14618,1670,1746,2145,1756,2098,1897,1886
46602,"Messina, Michael J.",non-elite,1879,3532,5112,6711,8413,10160,12109,14404,1653,1580,1599,1702,1747,1949,2295
46603,"Himrich, Poksil",non-elite,1622,3316,5093,7030,8858,10821,12802,14615,1694,1777,1937,1828,1963,1981,1813
46604,"Ellis, Alison W",non-elite,1642,3300,5008,6752,8605,10493,12497,14522,1658,1708,1744,1853,1888,2004,2025
46605,"Gorgone, Salvatore",non-elite,1602,3305,5057,6872,8696,10608,12606,14534,1703,1752,1815,1824,1912,1998,1928
46606,"McCracken, Ronald S.",non-elite,1740,3535,5207,6999,8826,10718,12647,14579,1795,1672,1792,1827,1892,1929,1932
46607,"Girling, Brittany A",non-elite,1468,3025,4634,6280,8000,9908,12039,14337,1557,1609,1646,1720,1908,2131,2298
46608,"Strand, Eric",non-elite,1467,2983,4541,6245,8056,9995,12201,14417,1516,1558,1704,1811,1939,2206,2216
46609,"Branum, Ashley",non-elite,1873,3977,5649,7383,9121,11046,12849,14670,2104,1672,1734,1738,1925,1803,1821
46610,"Mcgurk, Terry",non-elite,1440,2882,4337,5926,8108,10102,12426,14737,1442,1455,1589,2182,1994,2324,2311
46611,"Peterson, Thomas H.",non-elite,1722,3354,4995,6715,8473,10542,12570,14552,1632,1641,1720,1758,2069,2028,1982
46612,"Birdsong Ottman, Jodi",non-elite,1523,3147,4824,6561,8447,10575,12718,14640,1624,1677,1737,1886,2128,2143,1922
46613,"Nam, Kyung J.",non-elite,1574,3097,4725,6488,8329,10698,12738,14629,1523,1628,1763,1841,2369,2040,1891
46614,"Dunn, Stephen",non-elite,1759,3511,5233,6985,8775,10658,12588,14565,1752,1722,1752,1790,1883,1930,1977
46615,"Schwartz, Jay",non-elite,1484,3067,4685,6385,8118,10111,12267,14436,1583,1618,1700,1733,1993,2156,2169
46616,"Astrop, Cecil",non-elite,1699,3428,5142,6907,8714,10713,12667,14558,1729,1714,1765,1807,1999,1954,1891
46617,"Eddy, John H.",non-elite,1586,3290,5079,6831,8655,10528,12505,14459,1704,1789,1752,1824,1873,1977,1954
46618,"Goergen, Scott W.",non-elite,1660,3223,4770,6446,8414,10522,12675,14605,1563,1547,1676,1968,2108,2153,1930
46619,"Cooper, Deanna J.",non-elite,1590,3355,5153,6943,8782,10756,12728,14605,1765,1798,1790,1839,1974,1972,1877
46620,"Hillman, Tracy L",non-elite,1673,3400,5233,7019,8843,10719,12786,14636,1727,1833,1786,1824,1876,2067,1850
46621,"Collins, Julie S.",non-elite,1612,3367,5074,6872,8634,10536,12510,14586,1755,1707,1798,1762,1902,1974,2076
46622,"Wedewer, Harry E.",non-elite,1464,2925,4505,6257,8020,10086,12244,14455,1461,1580,1752,1763,2066,2158,2211
46623,"Lane, Mary",non-elite,1641,3284,4942,6620,8372,10357,12494,14521,1643,1658,1678,1752,1985,2137,2027
46624,"Herrera, Patty",non-elite,1779,3588,5374,7161,8995,10913,12812,14655,1809,1786,1787,1834,1918,1899,1843
46625,"Hoffman, Colleen",non-elite,1680,3430,5213,7037,8936,10819,12750,14641,1750,1783,1824,1899,1883,1931,1891
46626,"Scott, K Dunlop",non-elite,1653,3347,5162,6965,8812,10736,12657,14580,1694,1815,1803,1847,1924,1921,1923
46627,"Banning, Angie M.",non-elite,1622,3290,4959,6711,8517,10531,12507,14625,1668,1669,1752,1806,2014,1976,2118
46628,"Meenaghan, Kevin",non-elite,1525,3190,4877,6686,8506,10434,12497,14571,1665,1687,1809,1820,1928,2063,2074
46629,"Catacchio, Lauren L.",non-elite,1796,3557,5334,7104,8905,10792,12741,14632,1761,1777,1770,1801,1887,1949,1891
46630,"Buday, John M.",non-elite,1570,3177,4809,6489,8239,10198,12341,14441,1607,1632,1680,1750,1959,2143,2100
46631,"Myung, Hongjin",non-elite,1663,3288,4950,6704,8465,10427,12515,14538,1625,1662,1754,1761,1962,2088,2023
46632,"Moloney, Urs",non-elite,1607,3362,5125,6946,8810,10776,12748,14640,1755,1763,1821,1864,1966,1972,1892
46633,"Alcock, Caroline S.",non-elite,1705,3419,5118,6899,8906,10905,12820,14629,1714,1699,1781,2007,1999,1915,1809
46634,"Terbeek, Bruce",non-elite,1576,3236,4919,6646,8412,10354,12416,14470,1660,1683,1727,1766,1942,2062,2054
46635,"Elderenbosch, Olaf",non-elite,1594,3154,4776,6387,8528,10501,12450,14603,1560,1622,1611,2141,1973,1949,2153
46636,"Garcia, Ashley",non-elite,1705,3395,5088,6816,8634,10555,12533,14547,1690,1693,1728,1818,1921,1978,2014
46637,"Margetts, Michelle",non-elite,1743,3504,5203,6961,8805,10625,12761,14630,1761,1699,1758,1844,1820,2136,1869
46638,"Tran, Cindy",non-elite,1785,3562,5330,7120,8922,10763,12739,14607,1777,1768,1790,1802,1841,1976,1868
46639,"Chretien, Renee-Claude",non-elite,1620,3318,5058,6874,8724,10716,12674,14587,1698,1740,1816,1850,1992,1958,1913
46640,"Bhatia, Samir",non-elite,1690,3374,5066,6766,8567,10537,12795,14617,1684,1692,1700,1801,1970,2258,1822
46641,"Milligan, Susan J.",non-elite,1665,3370,5098,6884,8663,10552,12549,14570,1705,1728,1786,1779,1889,1997,2021
46642,"Comeau, Mistii",non-elite,1520,3129,4793,6535,8320,10243,12321,14439,1609,1664,1742,1785,1923,2078,2118
46643,"Dewar, Walter S",non-elite,1699,3453,5203,6979,8738,10557,12492,14490,1754,1750,1776,1759,1819,1935,1998
46644,"Nechleba, Debi",non-elite,1587,3293,5107,6978,8868,10800,12799,14637,1706,1814,1871,1890,1932,1999,1838
46645,"Porse, Charsey",non-elite,1617,3246,4969,6632,8625,10693,12898,14715,1629,1723,1663,1993,2068,2205,1817
46646,"Lopez, Lisa",non-elite,1624,3256,4991,6726,8569,10490,12521,14541,1632,1735,1735,1843,1921,2031,2020
46647,"Kowalski, Paul",non-elite,1562,3181,4951,6831,8700,10663,12654,14577,1619,1770,1880,1869,1963,1991,1923
46648,"Langley, Mark",non-elite,1684,3328,4944,6610,8282,10209,12212,14410,1644,1616,1666,1672,1927,2003,2198
46649,"Geyer, Sharon G.",non-elite,1726,3566,5307,7137,8976,10822,12799,14648,1840,1741,1830,1839,1846,1977,1849
46650,"Romero, Paulino",non-elite,1410,2938,4710,6665,8631,10724,12713,14633,1528,1772,1955,1966,2093,1989,1920
46651,"Storto, David E.",non-elite,1524,3130,4896,6711,8637,10534,12394,14558,1606,1766,1815,1926,1897,1860,2164
46652,"Rinderer, Rudy",non-elite,1557,3176,4852,6650,8503,10504,12583,14578,1619,1676,1798,1853,2001,2079,1995
46653,"Grady, Ryan",non-elite,1760,3490,5185,6949,8730,10660,12649,14558,1730,1695,1764,1781,1930,1989,1909
46654,"Paredes, Minerva",non-elite,1604,3247,4897,6574,8260,10078,12598,14573,1643,1650,1677,1686,1818,2520,1975
46655,"Phillips, Scott B.",non-elite,1552,3163,4845,6570,8491,10555,12462,14425,1611,1682,1725,1921,2064,1907,1963
46656,"Pettersson, Michael",non-elite,1594,3315,5068,6915,8796,10737,12727,14610,1721,1753,1847,1881,1941,1990,1883
46657,"Robinson, David Jr.",non-elite,1288,2658,4179,5893,7616,9561,11772,14520,1370,1521,1714,1723,1945,2211,2748
46658,"Hechler, Mark",non-elite,1685,3439,5182,6969,8764,10663,12648,14582,1754,1743,1787,1795,1899,1985,1934
46659,"Noyes, Peter C.",non-elite,1446,2896,4392,5937,7534,9344,11907,14500,1450,1496,1545,1597,1810,2563,2593
46660,"Couture, Carolyn M",non-elite,1670,3337,5023,6757,8549,10463,12516,14530,1667,1686,1734,1792,1914,2053,2014
46661,"Gordon, Jamie N.",non-elite,1966,3725,5452,7212,8983,10877,12780,14672,1759,1727,1760,1771,1894,1903,1892
46662,"Dinsmore, Vern E",non-elite,1768,3650,5447,7297,9100,11022,12883,14662,1882,1797,1850,1803,1922,1861,1779
46663,"Giorgetti, Thomas",non-elite,1780,3443,5163,6852,8562,10485,12572,14644,1663,1720,1689,1710,1923,2087,2072
46664,"Horn, William A.",non-elite,1847,3599,5263,6930,8599,10373,12247,14467,1752,1664,1667,1669,1774,1874,2220
46665,"Oguchi, Junko",non-elite,1681,3395,5165,6985,8821,10786,12804,14644,1714,1770,1820,1836,1965,2018,1840
46666,"Tate, John T Jr.",non-elite,1492,2982,4519,6224,7980,9939,12236,14518,1490,1537,1705,1756,1959,2297,2282
46667,"Squires, Blaine",non-elite,1499,3014,4608,6261,8027,9936,12075,14541,1515,1594,1653,1766,1909,2139,2466
46668,"Clements, Tom J",non-elite,1482,2980,4571,6242,7984,9877,11969,14547,1498,1591,1671,1742,1893,2092,2578
46669,"Lamson, Mark",non-elite,1758,3420,5093,6788,8517,10409,12447,14556,1662,1673,1695,1729,1892,2038,2109
46670,"Hoeltzel, Rico",non-elite,1734,3444,5151,6914,8740,10680,12691,14595,1710,1707,1763,1826,1940,2011,1904
46671,"Hoeltzel, Susann",non-elite,1734,3444,5151,6914,8740,10680,12692,14594,1710,1707,1763,1826,1940,2012,1902
46672,"Brummer, Michael",non-elite,1580,3294,5017,6777,8628,10443,12539,14456,1714,1723,1760,1851,1815,2096,1917
46673,"Kean, Mairead K.",non-elite,1722,3442,5146,6930,8695,10545,12506,14576,1720,1704,1784,1765,1850,1961,2070
46674,"Baan, Boudewijn",non-elite,1748,3478,5210,6968,8754,10602,12665,14576,1730,1732,1758,1786,1848,2063,1911
46675,"Nicholas, Richard",non-elite,1551,3112,4669,6241,7831,9501,11598,14083,1561,1557,1572,1590,1670,2097,2485
46676,"Cannon, Nancy B.",non-elite,1730,3527,5273,7079,9031,10827,12707,14655,1797,1746,1806,1952,1796,1880,1948
46677,"Cline, Lisa A.",non-elite,1668,3309,4971,6710,8678,10638,12678,14612,1641,1662,1739,1968,1960,2040,1934
46678,"Pohlmann, Birgit-Kristin",non-elite,1708,3479,5259,7087,8872,10794,12774,14663,1771,1780,1828,1785,1922,1980,1889
46679,"Lewis, Taber",non-elite,1449,2978,4492,6048,7805,10113,12319,14525,1529,1514,1556,1757,2308,2206,2206
46680,"Bryar, Alexandra",non-elite,1744,3401,5058,6728,8429,10260,12250,14500,1657,1657,1670,1701,1831,1990,2250
46681,"Selig, Marjory",non-elite,1646,3290,4969,6718,8526,10498,12512,14567,1644,1679,1749,1808,1972,2014,2055
46682,"Spitler, Mann III",non-elite,1699,3470,5255,7056,8854,10727,12683,14617,1771,1785,1801,1798,1873,1956,1934
46683,"McKiernan, Brendan H.",non-elite,1917,3752,5517,7281,9097,10934,12809,14679,1835,1765,1764,1816,1837,1875,1870
46684,"Thompson, Tom",non-elite,1603,3258,4979,6719,8480,10355,12412,14489,1655,1721,1740,1761,1875,2057,2077
46685,"Bigalke, Sara",non-elite,1553,3140,4791,6519,8408,10311,12449,14535,1587,1651,1728,1889,1903,2138,2086
46686,"Petty, Jennifer L.",non-elite,1802,3470,5177,6898,8686,10646,12528,14625,1668,1707,1721,1788,1960,1882,2097
46687,"Kizer, Janyne M",non-elite,1628,3272,4954,6696,8466,10362,12422,14505,1644,1682,1742,1770,1896,2060,2083
46688,"Mika, Alois",non-elite,1687,3347,5032,6736,8511,10371,12373,14530,1660,1685,1704,1775,1860,2002,2157
46689,"Kokal, Jim",non-elite,1391,2834,4415,6231,8130,10228,12346,14494,1443,1581,1816,1899,2098,2118,2148
46690,"Pham, Chinh H.",non-elite,1677,3350,5018,6714,8474,10423,12493,14577,1673,1668,1696,1760,1949,2070,2084
46691,"Larkin, Laura",non-elite,1484,3069,4725,6437,8184,10127,12253,14631,1585,1656,1712,1747,1943,2126,2378
46692,"Williamson, John P",non-elite,1412,2813,4211,5641,7076,8787,11134,14025,1401,1398,1430,1435,1711,2347,2891
46693,"Kozek, Kenneth R.",non-elite,1683,3373,5071,6827,8551,10377,12460,14502,1690,1698,1756,1724,1826,2083,2042
46694,"McWeeny, Daniel J.",non-elite,1465,2932,4464,6187,7976,10285,12555,14679,1467,1532,1723,1789,2309,2270,2124
46695,"Hoelzle, Tina M",non-elite,1801,3593,5350,7145,8951,10829,12719,14609,1792,1757,1795,1806,1878,1890,1890
46696,"Hsu, Chin Ming",non-elite,1570,3143,4715,6330,8006,10119,12850,14672,1573,1572,1615,1676,2113,2731,1822
46697,"Kirby, Michelle",non-elite,1675,3403,5150,6935,8779,10795,12677,14585,1728,1747,1785,1844,2016,1882,1908
46698,"Quaranto, Michael A",non-elite,1428,3125,4869,6670,8520,10500,12492,14488,1697,1744,1801,1850,1980,1992,1996
46699,"Haislip, Karla J",non-elite,1679,3407,5180,6977,8811,10715,12645,14557,1728,1773,1797,1834,1904,1930,1912
46700,"Dembroski, Heather M",non-elite,1634,3290,4951,6624,8350,10234,12354,14513,1656,1661,1673,1726,1884,2120,2159
46701,"Dumke, Kelly A",non-elite,1602,3296,5046,6883,8746,10680,12716,14650,1694,1750,1837,1863,1934,2036,1934
46702,"Huang, Meihui",non-elite,1632,3324,5134,6963,8837,10791,12822,14628,1692,1810,1829,1874,1954,2031,1806
46703,"Holtet, Soelve",non-elite,1741,3384,5004,6650,8346,10329,12521,14559,1643,1620,1646,1696,1983,2192,2038
46704,"Huss, Robert",non-elite,1728,3509,5335,7199,9038,10925,12741,14589,1781,1826,1864,1839,1887,1816,1848
46705,"Lemieux, John",non-elite,1569,3191,4856,6583,8619,10641,12656,14588,1622,1665,1727,2036,2022,2015,1932
46706,"Cybowski, Molly",non-elite,1685,3332,5069,6875,8777,10772,12716,14602,1647,1737,1806,1902,1995,1944,1886
46707,"Espinosa, Erika",non-elite,1704,3404,5078,6858,8718,10671,12670,14621,1700,1674,1780,1860,1953,1999,1951
46708,"Bubar, Lorraine E",non-elite,1694,3431,5244,7130,8957,10795,12688,14622,1737,1813,1886,1827,1838,1893,1934
46709,"Mcgovern, Brenda J.",non-elite,1745,3457,5185,6954,8836,10810,12796,14623,1712,1728,1769,1882,1974,1986,1827
46710,"Gim, Ho Sik",non-elite,1460,2953,4508,6113,7791,9772,12271,14467,1493,1555,1605,1678,1981,2499,2196
46711,"Samsom, Debbie",non-elite,1714,3481,5250,7021,8840,10726,12661,14623,1767,1769,1771,1819,1886,1935,1962
46712,"Campbell, Jonathan",non-elite,1132,2237,3343,4453,5563,6968,10623,14554,1105,1106,1110,1110,1405,3655,3931
46713,"Glover, Michael",non-elite,1669,3346,5085,6882,8715,10633,12672,14643,1677,1739,1797,1833,1918,2039,1971
46714,"Rasmussen, Kandi E",non-elite,1591,3443,5288,7147,8952,10871,12805,14639,1852,1845,1859,1805,1919,1934,1834
46715,"Enis, Sara L",non-elite,1615,3302,4997,6721,8510,10385,12454,14520,1687,1695,1724,1789,1875,2069,2066
46716,"Harmon, Aimee R.",non-elite,1525,3169,4945,6840,8802,10800,12776,14669,1644,1776,1895,1962,1998,1976,1893
46717,"Swenton, Stacy M.",non-elite,1615,3286,5063,6886,8719,10693,12688,14638,1671,1777,1823,1833,1974,1995,1950
46718,"Turner, Suzanne",non-elite,1663,3401,5153,6918,8673,10582,12580,14584,1738,1752,1765,1755,1909,1998,2004
46719,"Peak, Candice E.",non-elite,1650,3208,4727,6294,7940,9905,12190,14571,1558,1519,1567,1646,1965,2285,2381
46720,"O'Grady, Beth E.",non-elite,1702,3412,5117,6845,8604,10514,12512,14519,1710,1705,1728,1759,1910,1998,2007
46721,"Maria, Tammy L.",non-elite,1621,3283,5004,6945,8759,10681,12688,14630,1662,1721,1941,1814,1922,2007,1942
46722,"Bakhos, Carol",non-elite,1661,3379,5149,6935,8797,10764,12739,14623,1718,1770,1786,1862,1967,1975,1884
46723,"Harvill, Monte",non-elite,1400,2846,4444,6156,7870,9810,12181,14602,1446,1598,1712,1714,1940,2371,2421
46724,"Staub, Christine",non-elite,1552,3184,4839,6551,8329,10250,12371,14539,1632,1655,1712,1778,1921,2121,2168
46725,"Wheaton, Jadeene Y",non-elite,1720,3482,5287,7175,9047,11027,12895,14698,1762,1805,1888,1872,1980,1868,1803
46726,"Lee, Chien-Ping",non-elite,1508,3160,4932,6804,8699,10708,12687,14616,1652,1772,1872,1895,2009,1979,1929
46727,"Chen, Kristi",non-elite,1606,3304,4956,6705,8631,10552,12809,14655,1698,1652,1749,1926,1921,2257,1846
46728,"Lee, Jaegon",non-elite,1429,2876,4439,6103,7995,9944,12213,14521,1447,1563,1664,1892,1949,2269,2308
46729,"Anderson, Samuel",non-elite,1555,3110,4702,6385,8171,10166,12435,14582,1555,1592,1683,1786,1995,2269,2147
46730,"Pike, Tony J.",non-elite,1396,2797,4212,5714,7382,9246,12468,14749,1401,1415,1502,1668,1864,3222,2281
46731,"Harrington, James",non-elite,1614,3118,4654,6300,8105,10105,12226,14450,1504,1536,1646,1805,2000,2121,2224
46732,"Egge, Randall J.",non-elite,1655,3330,5060,6819,8682,10587,12566,14574,1675,1730,1759,1863,1905,1979,2008
46733,"Egge, Elizabeth",non-elite,1655,3330,5060,6819,8682,10588,12567,14574,1675,1730,1759,1863,1906,1979,2007
46734,"Cleveland, Russ",non-elite,1556,3254,5006,6837,8631,10655,12642,14643,1698,1752,1831,1794,2024,1987,2001
46735,"Danits, John",non-elite,1442,3140,4884,6685,8535,10515,12507,14503,1698,1744,1801,1850,1980,1992,1996
46736,"Memmott, Alison",non-elite,1472,3014,4815,6615,8857,10666,12617,14603,1542,1801,1800,2242,1809,1951,1986
46737,"Luton, Missy",non-elite,1726,3481,5261,7012,8763,10664,12642,14611,1755,1780,1751,1751,1901,1978,1969
46738,"Warfield, Joseph",non-elite,1497,3060,4701,6455,8366,10523,12938,14749,1563,1641,1754,1911,2157,2415,1811
46739,"Baxter, Julia C.",non-elite,1630,3316,5067,6861,8689,10609,12592,14601,1686,1751,1794,1828,1920,1983,2009
46740,"Lolar, Dale E.",non-elite,1767,3516,5368,7135,8915,10839,12739,14641,1749,1852,1767,1780,1924,1900,1902
46741,"Silva, Maria J.",non-elite,1677,3389,5126,6923,8803,10752,12757,14667,1712,1737,1797,1880,1949,2005,1910
46742,"Jessop, Jack",non-elite,1514,3047,4595,6184,7894,9878,12215,14535,1533,1548,1589,1710,1984,2337,2320
46743,"Burfoot, Amby",non-elite,1733,3576,5411,7283,9099,10959,12862,14690,1843,1835,1872,1816,1860,1903,1828
46744,"Kim, Yong",non-elite,1558,3091,4619,6173,7721,9738,12403,14616,1533,1528,1554,1548,2017,2665,2213
46745,"Sauriol, Denise",non-elite,1853,3786,5591,7436,9265,11251,13085,14750,1933,1805,1845,1829,1986,1834,1665
46746,"Haarala, Vesa A. Sr.",non-elite,1710,3459,5219,6991,8802,10706,12661,14617,1749,1760,1772,1811,1904,1955,1956
46747,"Trevillian, Sara",non-elite,1559,3071,4839,6599,8424,10426,12450,14578,1512,1768,1760,1825,2002,2024,2128
46748,"Travers, Robin L.",non-elite,1770,3416,5119,6914,8741,10832,12805,14650,1646,1703,1795,1827,2091,1973,1845
46749,"McGuire, Kelly",non-elite,1580,3156,4727,6322,8074,10098,12240,14486,1576,1571,1595,1752,2024,2142,2246
46750,"Buckley, Conor",non-elite,1752,3458,5156,6884,8700,10609,12672,14627,1706,1698,1728,1816,1909,2063,1955
46751,"Pawlowski, Eric P.",non-elite,1826,3648,5422,7188,8988,10889,12811,14720,1822,1774,1766,1800,1901,1922,1909
46752,"Dumphy, Deborah A.",non-elite,1800,3600,5389,7178,8987,10884,12788,14690,1800,1789,1789,1809,1897,1904,1902
46753,"O'Halloran, Christine",non-elite,1887,3682,5415,7155,8872,10731,12665,14608,1795,1733,1740,1717,1859,1934,1943
46754,"Holt, Rachel",non-elite,1587,3223,5104,7072,8956,11006,12924,14736,1636,1881,1968,1884,2050,1918,1812
46755,"Forrester, Nichola P.",non-elite,1614,3189,4855,6586,8379,10385,12492,14530,1575,1666,1731,1793,2006,2107,2038
46756,"Williams, Carrie A",non-elite,1626,3261,4995,6689,8609,10621,12666,14666,1635,1734,1694,1920,2012,2045,2000
46757,"Gasse, Marie Josee",non-elite,1688,3409,5150,6867,8626,10445,12522,14573,1721,1741,1717,1759,1819,2077,2051
46758,"Skoog, Jennifer A",non-elite,1545,3134,4892,6572,8329,10307,12516,14591,1589,1758,1680,1757,1978,2209,2075
46759,"Hersey, Sarah A",non-elite,1480,3043,4634,6281,7988,9906,11965,14232,1563,1591,1647,1707,1918,2059,2267
46760,"McCaffrey, Ryan F.",non-elite,1497,2990,4525,6164,8207,10304,12499,14618,1493,1535,1639,2043,2097,2195,2119
46761,"Lacy, Nicole N.",non-elite,1799,3536,5328,7169,9006,10926,12810,14666,1737,1792,1841,1837,1920,1884,1856
46762,"Gingras, Daniel R.",non-elite,1598,3198,4918,6662,8497,10528,12561,14608,1600,1720,1744,1835,2031,2033,2047
46763,"Kasschau, Dane",non-elite,1620,3188,4692,6199,7834,9744,12340,14522,1568,1504,1507,1635,1910,2596,2182
46764,"Curcio, Margaret A",non-elite,1602,3190,4788,6416,8086,10203,12071,14544,1588,1598,1628,1670,2117,1868,2473
46765,"Neil, Kenneth M",non-elite,1717,3460,5177,6956,8852,10782,12770,14668,1743,1717,1779,1896,1930,1988,1898
46766,"Cruse, Haley",non-elite,1575,3252,4995,6832,8638,10463,12448,14615,1677,1743,1837,1806,1825,1985,2167
46767,"Van Leeuwen, Diana E.",non-elite,1572,3255,5014,6900,8820,10800,12821,14653,1683,1759,1886,1920,1980,2021,1832
46768,"Bachman, Miranda",non-elite,1473,3005,4535,6127,7766,9657,12109,14530,1532,1530,1592,1639,1891,2452,2421
46769,"Hochmuth, Greg J.",non-elite,1758,3460,5140,6819,8525,10489,12573,14648,1702,1680,1679,1706,1964,2084,2075
46770,"Greer, Catherine",non-elite,1665,3284,4914,6655,8443,10322,12453,14540,1619,1630,1741,1788,1879,2131,2087
46771,"Kooiman, Susan E",non-elite,1524,3152,4911,6761,8685,10700,12710,14656,1628,1759,1850,1924,2015,2010,1946
46772,"Muzquiz, Barbara",non-elite,1564,3220,5043,6932,8770,10729,12803,14695,1656,1823,1889,1838,1959,2074,1892
46773,"Hopkins, Michael C.",non-elite,1585,3151,4769,6429,8330,10388,12490,14615,1566,1618,1660,1901,2058,2102,2125
46774,"Hess, Kevin G",non-elite,1542,3091,4704,6455,8339,10406,12655,14625,1549,1613,1751,1884,2067,2249,1970
46775,"Soltys Larson, Sarah",non-elite,1589,3243,4970,6750,8593,10542,12630,14628,1654,1727,1780,1843,1949,2088,1998
46776,"Peterson, Brian",non-elite,1746,3424,5101,6797,8565,10531,12598,14587,1678,1677,1696,1768,1966,2067,1989
46777,"Parke, Carolyn J.",non-elite,1660,3365,5081,6800,8568,10476,12516,14580,1705,1716,1719,1768,1908,2040,2064
46779,"Hays, Alexandra M.",non-elite,1626,3240,5006,6769,8669,10698,12781,14699,1614,1766,1763,1900,2029,2083,1918
46780,"Mastella, Laura",non-elite,1502,3052,4721,6524,8399,10404,12521,14653,1550,1669,1803,1875,2005,2117,2132
46781,"Kujawski, Robert",non-elite,1678,3479,5377,7313,9265,11069,12963,14742,1801,1898,1936,1952,1804,1894,1779
46782,"Franks, Dorette L.",non-elite,1642,3313,4997,6775,8584,10588,12709,14629,1671,1684,1778,1809,2004,2121,1920
46783,"Grimes, Katie",non-elite,1604,3213,4981,6674,8580,10414,12431,14571,1609,1768,1693,1906,1834,2017,2140
46784,"Nieves, Ana L. II",non-elite,1524,3018,4602,6287,8084,10097,12256,14515,1494,1584,1685,1797,2013,2159,2259
46785,"Severa, Renee",non-elite,1651,3287,4960,6856,8690,10584,12590,14625,1636,1673,1896,1834,1894,2006,2035
46786,"Weis, Gail R.",non-elite,1609,3346,5044,6786,8739,10684,12629,14610,1737,1698,1742,1953,1945,1945,1981
46787,"Parks, Tori",non-elite,1740,3482,5235,7033,8821,10714,12737,14634,1742,1753,1798,1788,1893,2023,1897
46788,"Vammus, Derek",non-elite,1433,2910,4524,6267,8088,10050,12037,14526,1477,1614,1743,1821,1962,1987,2489
46789,"Von Der Linde, Tilman",non-elite,1558,3449,5178,6986,8803,10705,12726,14643,1891,1729,1808,1817,1902,2021,1917
46791,"Lindenberg, Eric A",non-elite,1604,3234,4885,6585,8316,10233,12361,14550,1630,1651,1700,1731,1917,2128,2189
46792,"Novas, Jacqueline",non-elite,1750,3445,5177,7076,8861,10753,12750,14655,1695,1732,1899,1785,1892,1997,1905
46793,"Elliott, Nick",non-elite,1532,3162,4797,6398,8041,10388,12161,14575,1630,1635,1601,1643,2347,1773,2414
46794,"Vidrine, Melissa A",non-elite,1623,3247,4916,6614,8540,10557,12579,14639,1624,1669,1698,1926,2017,2022,2060
46795,"Coomans, Helen",non-elite,1729,3458,5209,7035,8887,10814,12753,14629,1729,1751,1826,1852,1927,1939,1876
46796,"Creamer, Steven E.",non-elite,1666,3389,5066,6754,8480,10415,12525,14580,1723,1677,1688,1726,1935,2110,2055
46797,"Maxwell, Rafe J.",non-elite,1478,3063,4687,6377,8263,10160,12164,14577,1585,1624,1690,1886,1897,2004,2413
46798,"Carlson, Ashley L.",non-elite,1798,3611,5436,7260,9093,11002,12873,14701,1813,1825,1824,1833,1909,1871,1828
46799,"Kinkade, Jennifer",non-elite,1701,3418,5228,7119,8971,10840,12793,14690,1717,1810,1891,1852,1869,1953,1897
46800,"Desgagne, Chantal",non-elite,1570,3195,5022,6881,8715,10658,12699,14680,1625,1827,1859,1834,1943,2041,1981
46801,"Mehm, Olivia L.",non-elite,1850,3608,5368,7059,8873,10822,12748,14633,1758,1760,1691,1814,1949,1926,1885
46802,"Jaworski, Kathleen",non-elite,1680,3365,5095,6848,8645,10550,12606,14614,1685,1730,1753,1797,1905,2056,2008
46803,"Turner, James",non-elite,1684,3366,5077,6815,8658,10589,12625,14661,1682,1711,1738,1843,1931,2036,2036
46804,"Zechman, Michelle M",non-elite,1655,3327,5015,6738,8494,10488,12552,14643,1672,1688,1723,1756,1994,2064,2091
46805,"McVeigh, Sarah A.",non-elite,1710,3392,5150,6867,8665,10732,12716,14663,1682,1758,1717,1798,2067,1984,1947
46806,"Horan, Taylor A.",non-elite,1727,3384,5068,6925,8749,10736,12707,14681,1657,1684,1857,1824,1987,1971,1974
46807,"Stromberg, Bjorn",non-elite,1561,3150,4801,6508,8228,10097,12325,14499,1589,1651,1707,1720,1869,2228,2174
46808,"Ford, Frank J",non-elite,1609,3182,4753,6371,8074,9967,12258,14540,1573,1571,1618,1703,1893,2291,2282
46809,"Jesse, David",non-elite,1388,2852,4248,6113,7945,10474,12691,14783,1464,1396,1865,1832,2529,2217,2092
46810,"Jaas, Lee G.",non-elite,1625,3349,5076,6838,8635,10520,12541,14521,1724,1727,1762,1797,1885,2021,1980
46811,"Lamb, Robert C. Jr.",non-elite,1690,3350,5006,6688,8403,10277,12331,14485,1660,1656,1682,1715,1874,2054,2154
46812,"Owens, Tony",non-elite,1538,3173,4967,6842,8670,10546,12562,14619,1635,1794,1875,1828,1876,2016,2057
46813,"Craig, Katie",non-elite,1470,3133,4894,6728,8587,10570,12560,14590,1663,1761,1834,1859,1983,1990,2030
46814,"Boyd, Hazel",non-elite,1669,3334,5024,6792,8596,10511,12600,14683,1665,1690,1768,1804,1915,2089,2083
46815,"Weeks, Douglas R",non-elite,1612,3221,4832,6458,8086,9829,11654,14232,1609,1611,1626,1628,1743,1825,2578
46816,"Bobkoskie, Michael A.",non-elite,1578,3132,4772,6562,8317,10259,12499,14632,1554,1640,1790,1755,1942,2240,2133
46817,"Tolles, Gary J.",non-elite,1547,3074,4611,6189,7926,10106,12278,14531,1527,1537,1578,1737,2180,2172,2253
46818,"Jacobs, Michael",non-elite,1704,3363,5074,6864,8717,10660,12674,14685,1659,1711,1790,1853,1943,2014,2011
46819,"Sigouin, Alan-John A",non-elite,1407,2926,4644,6432,8247,10220,12324,14580,1519,1718,1788,1815,1973,2104,2256
46820,"Ishikawa, John M",non-elite,1713,3464,5231,7043,8867,10796,12826,14697,1751,1767,1812,1824,1929,2030,1871
46821,"Dubuc, Christopher",non-elite,1763,3515,5259,6996,8705,10594,12579,14667,1752,1744,1737,1709,1889,1985,2088
46822,"Swartz, Bethann L.",non-elite,1791,3580,5328,7113,8930,10870,12825,14711,1789,1748,1785,1817,1940,1955,1886
46823,"Bieser, Patrick Sr.",non-elite,1374,2795,4270,5848,7470,9511,12125,14574,1421,1475,1578,1622,2041,2614,2449
46824,"Wengler, Dale D.",non-elite,1822,3591,5406,7202,9018,10916,12850,14705,1769,1815,1796,1816,1898,1934,1855
46825,"O'Connor, Maureen M.",non-elite,1783,3518,5243,6986,8838,10829,12727,14669,1735,1725,1743,1852,1991,1898,1942
46826,"Nickerson, Michelle H.",non-elite,1831,3644,5499,7265,9030,11020,12887,14730,1813,1855,1766,1765,1990,1867,1843
46827,"Mengerink, Kathryn",non-elite,1560,3158,4793,6528,8260,10244,12433,14624,1598,1635,1735,1732,1984,2189,2191
46828,"Nickerson, Kelsey V.",non-elite,1831,3645,5499,7265,9030,11020,12888,14730,1814,1854,1766,1765,1990,1868,1842
46829,"Velasquez, Rocio",non-elite,1570,3155,4783,6482,8303,10333,12486,14562,1585,1628,1699,1821,2030,2153,2076
46830,"Milewski, Michael R.",non-elite,1782,3575,5339,7073,8838,10734,12712,14655,1793,1764,1734,1765,1896,1978,1943
46831,"Smalley, Steve",non-elite,1726,3479,5235,6966,8734,10668,12685,14616,1753,1756,1731,1768,1934,2017,1931
46832,"Carton, Lorna B.",non-elite,1926,3779,5569,7393,9236,11088,12922,14747,1853,1790,1824,1843,1852,1834,1825
46833,"Martini, James D",non-elite,1409,2890,4456,6195,8116,10269,12380,14616,1481,1566,1739,1921,2153,2111,2236
46834,"Maze, Lauren",non-elite,1458,3056,4928,6862,8686,10634,12700,14697,1598,1872,1934,1824,1948,2066,1997
46835,"Brunner, Jason C",non-elite,1314,2698,4229,5830,7562,9467,11796,14578,1384,1531,1601,1732,1905,2329,2782
46836,"Dube, Carolyn J.",non-elite,1641,3346,5230,7094,8923,10892,12865,14700,1705,1884,1864,1829,1969,1973,1835
46837,"Basquill, Mark",non-elite,1700,3509,5339,7174,9034,10918,12876,14745,1809,1830,1835,1860,1884,1958,1869
46838,"Sullivan, Ted",non-elite,1546,3046,4566,6142,7772,9726,12127,14615,1500,1520,1576,1630,1954,2401,2488
46839,"Linfield, Robin M",non-elite,1717,3332,5011,6743,8498,10318,12410,14594,1615,1679,1732,1755,1820,2092,2184
46840,"Johnston, Rochelle",non-elite,1574,3259,4997,6877,8628,10485,12679,14674,1685,1738,1880,1751,1857,2194,1995
46841,"Fearnley, Elaine A",non-elite,1765,3534,5318,7125,8935,10801,12726,14620,1769,1784,1807,1810,1866,1925,1894
46842,"Vitolo, Armando",non-elite,1745,3440,5134,6873,8669,10715,12757,14750,1695,1694,1739,1796,2046,2042,1993
46843,"Mansulla, Donna",non-elite,1647,3301,4976,6691,8450,10338,12739,14582,1654,1675,1715,1759,1888,2401,1843
46844,"Horan, Katie M.",non-elite,1864,3697,5471,7247,9049,10945,12832,14696,1833,1774,1776,1802,1896,1887,1864
46845,"Thorndike, Emily",non-elite,1906,3765,5577,7369,9168,11037,12912,14743,1859,1812,1792,1799,1869,1875,1831
46846,"Darton, David",non-elite,1662,3319,4986,6653,8342,10257,12488,14671,1657,1667,1667,1689,1915,2231,2183
46847,"Herbst, Eilleen",non-elite,1562,3134,4731,6377,8339,10285,12490,14724,1572,1597,1646,1962,1946,2205,2234
46848,"Horan, Clare",non-elite,1604,3290,5097,6830,8600,10634,12704,14691,1686,1807,1733,1770,2034,2070,1987
46849,"Newton, David",non-elite,1552,3227,4917,6677,8493,10442,12475,14530,1675,1690,1760,1816,1949,2033,2055
46850,"Teague, Stephen A.",non-elite,1687,3321,4994,6697,8471,10383,12423,14620,1634,1673,1703,1774,1912,2040,2197
46851,"Gooding, Richard",non-elite,1643,3341,5063,6887,8794,10642,12697,14639,1698,1722,1824,1907,1848,2055,1942
46852,"Arana, Maria E",non-elite,1579,3183,4817,6508,8261,10262,12362,14668,1604,1634,1691,1753,2001,2100,2306
46853,"Smith, Patrice",non-elite,1525,3082,4712,6417,8321,10344,12456,14563,1557,1630,1705,1904,2023,2112,2107
46854,"Johnson, Francene L",non-elite,1607,3243,5007,6737,8720,10708,12794,14757,1636,1764,1730,1983,1988,2086,1963
46855,"Bourassa, Richard",non-elite,1495,3028,4627,6344,8200,10311,12514,14533,1533,1599,1717,1856,2111,2203,2019
46856,"Wilcox, Macy S",non-elite,1621,3300,5001,6754,8518,10425,12420,14560,1679,1701,1753,1764,1907,1995,2140
46857,"Hamilton, Jeanette",non-elite,1621,3300,5001,6755,8519,10425,12420,14560,1679,1701,1754,1764,1906,1995,2140
46858,"Bialek, Lisa J.",non-elite,1586,3303,5075,6906,8851,10751,12753,14705,1717,1772,1831,1945,1900,2002,1952
46859,"Lippold, Holger",non-elite,1844,3535,5182,6840,8522,10291,12340,14406,1691,1647,1658,1682,1769,2049,2066
46860,"McNamara, Donna",non-elite,1621,3249,4890,6625,8453,10529,12650,14738,1628,1641,1735,1828,2076,2121,2088
46861,"Niebrzydowski, Leon",non-elite,1630,3326,5070,6917,8690,10568,12559,14596,1696,1744,1847,1773,1878,1991,2037
46862,"Natale, Christian M.",non-elite,1968,3808,5572,7341,9322,11135,12942,14777,1840,1764,1769,1981,1813,1807,1835
46863,"Price, Heather",non-elite,1488,3010,4694,6385,8173,10089,12277,14630,1522,1684,1691,1788,1916,2188,2353
46864,"Fyffe, Alan R.",non-elite,1487,2918,4353,5832,7429,9404,11651,14638,1431,1435,1479,1597,1975,2247,2987
46865,"Nguyen, Voi",non-elite,1672,3325,4971,6685,8462,10485,12617,14591,1653,1646,1714,1777,2023,2132,1974
46866,"Deluchi, Brad",non-elite,1620,3254,4927,6602,8429,10377,12537,14525,1634,1673,1675,1827,1948,2160,1988
46867,"Gilligan, Andrew",non-elite,1841,3595,5277,7014,8770,10765,12717,14679,1754,1682,1737,1756,1995,1952,1962
46868,"Weiche, Jessica A.",non-elite,1527,3137,4770,6447,8165,10190,12473,14564,1610,1633,1677,1718,2025,2283,2091
46869,"Davis, Brendan M.",non-elite,1650,3280,4883,6616,8461,10310,12452,14613,1630,1603,1733,1845,1849,2142,2161
46870,"Crispie, Gerard T",non-elite,1488,3137,4926,6825,8687,10609,12681,14715,1649,1789,1899,1862,1922,2072,2034
46871,"Kallman, Annelle",non-elite,1712,3445,5174,6984,8799,10716,12740,14700,1733,1729,1810,1815,1917,2024,1960
46872,"Jacques, Katherine A.",non-elite,1810,3555,5283,7055,8859,10722,12701,14699,1745,1728,1772,1804,1863,1979,1998
46873,"Greenlimb, Holly A.",non-elite,1528,3134,4758,6437,8258,10377,12502,14680,1606,1624,1679,1821,2119,2125,2178
46874,"Boak, Roger",non-elite,1583,3205,4842,6519,8209,10012,12199,14506,1622,1637,1677,1690,1803,2187,2307
46875,"Rivera Trujillo, Carlos Alfredo Sr.",non-elite,1520,3125,4795,6557,8382,10408,12512,14623,1605,1670,1762,1825,2026,2104,2111
46876,"Earp, Brandon E.",non-elite,1683,3378,5046,6770,8589,10571,12588,14651,1695,1668,1724,1819,1982,2017,2063
46877,"Rebhun, Andrew S.",non-elite,1503,2919,4376,5946,7626,10106,12378,14631,1416,1457,1570,1680,2480,2272,2253
46878,"Eshleman, Ryo",non-elite,1501,3079,4751,6468,8203,10052,12204,14562,1578,1672,1717,1735,1849,2152,2358
46879,"Marciszyn, Lauren",non-elite,1624,3288,4977,6744,8677,10797,12800,14699,1664,1689,1767,1933,2120,2003,1899
46880,"Lim, Kris M",non-elite,1851,3646,5454,7246,9052,10934,12855,14721,1795,1808,1792,1806,1882,1921,1866
46881,"Handy, Beverly C",non-elite,1621,3327,5103,6914,8729,10637,12640,14602,1706,1776,1811,1815,1908,2003,1962
46882,"Moran, Mike",non-elite,1329,2752,4236,5764,7726,10238,12589,14573,1423,1484,1528,1962,2512,2351,1984
46883,"Heinold, Linda K",non-elite,1714,3497,5303,7133,8952,10852,12805,14713,1783,1806,1830,1819,1900,1953,1908
46884,"Rasband, Regan L.",non-elite,1519,3121,4784,6542,8331,10272,12399,14611,1602,1663,1758,1789,1941,2127,2212
46885,"Parke, Marsha",non-elite,1536,3101,5030,6876,8627,10644,12784,14767,1565,1929,1846,1751,2017,2140,1983
46886,"Washkurak, Allison R",non-elite,1563,3168,4801,6524,8329,10393,12633,14634,1605,1633,1723,1805,2064,2240,2001
46887,"Jones, Gregory",non-elite,1674,3304,4975,6698,8574,10638,12748,14709,1630,1671,1723,1876,2064,2110,1961
46888,"Fagan, Jeannine",non-elite,1578,3185,4868,6611,8454,10492,12643,14640,1607,1683,1743,1843,2038,2151,1997
46889,"Hughes, Michael B",non-elite,1353,2747,4195,5812,7605,9575,11806,14533,1394,1448,1617,1793,1970,2231,2727
46890,"Machnik, Mike",non-elite,1685,3421,5139,6898,8645,10583,12606,14662,1736,1718,1759,1747,1938,2023,2056
46891,"Aguilar Munoz, Jesus",non-elite,1885,3696,5434,7214,8937,10819,12743,14675,1811,1738,1780,1723,1882,1924,1932
46892,"White, Gail M.",non-elite,1545,3254,5055,6916,8711,10671,12662,14645,1709,1801,1861,1795,1960,1991,1983
46893,"Leigh, Marla",non-elite,1803,3620,5228,6905,8878,10566,12537,14657,1817,1608,1677,1973,1688,1971,2120
46894,"Keesling, James",non-elite,1582,3470,5421,7134,8818,10539,12476,14599,1888,1951,1713,1684,1721,1937,2123
46895,"Randolph, Katie",non-elite,1594,3210,4821,6543,8228,10149,12321,14716,1616,1611,1722,1685,1921,2172,2395
46896,"Musante, Jim E",non-elite,1440,2896,4388,5983,7894,9982,12279,14539,1456,1492,1595,1911,2088,2297,2260
46897,"Randolph, Jason",non-elite,1594,3211,4822,6543,8228,10149,12321,14716,1617,1611,1721,1685,1921,2172,2395
46898,"Bhatia, Robert",non-elite,1615,3236,4864,6557,8324,10294,12594,14632,1621,1628,1693,1767,1970,2300,2038
46899,"Adams, Paul D.",non-elite,1603,3198,4816,6517,8275,10287,12365,14560,1595,1618,1701,1758,2012,2078,2195
46900,"Myers, Marvin J.",non-elite,1558,3180,4910,6706,8537,10503,12600,14603,1622,1730,1796,1831,1966,2097,2003
46901,"Diarte, Jill A",non-elite,1660,3419,5221,7037,8844,10776,12783,14687,1759,1802,1816,1807,1932,2007,1904
46902,"Caldwell, Sheri A",non-elite,1668,3390,5252,7081,8967,10932,12863,14743,1722,1862,1829,1886,1965,1931,1880
46903,"Stanton, Danielle",non-elite,1394,2907,4553,6348,8137,10018,12766,14754,1513,1646,1795,1789,1881,2748,1988
46904,"Wyatt, Gail R",non-elite,1652,3347,5074,6909,8723,10672,12704,14712,1695,1727,1835,1814,1949,2032,2008
46905,"Lessard, Shaun R.",non-elite,1750,3326,4897,6579,8434,10361,12270,14637,1576,1571,1682,1855,1927,1909,2367
46906,"Shaw, Kevin A.",non-elite,1791,3595,5402,7216,9064,10942,12893,14777,1804,1807,1814,1848,1878,1951,1884
46907,"Furlan, Nicoletta",non-elite,1587,3212,4885,6590,8349,10273,12659,14709,1625,1673,1705,1759,1924,2386,2050
46908,"Skinner, Paul",non-elite,1498,3221,5072,6933,8787,10873,12812,14788,1723,1851,1861,1854,2086,1939,1976
46909,"Barnes, Terry",non-elite,1597,3237,4915,6623,8353,10202,12196,14424,1640,1678,1708,1730,1849,1994,2228
46910,"Hicks, William F",non-elite,1419,2924,4526,6293,8083,10084,12327,14655,1505,1602,1767,1790,2001,2243,2328
46911,"Campana Orr, Teresa C.",non-elite,1570,3227,4919,6753,8669,10611,12659,14637,1657,1692,1834,1916,1942,2048,1978
46912,"Langley, R J",non-elite,1779,3582,5481,7272,9076,10931,12807,14682,1803,1899,1791,1804,1855,1876,1875
46913,"Pray, Jared W.",non-elite,1664,3300,4917,6566,8278,10185,12277,14556,1636,1617,1649,1712,1907,2092,2279
46914,"Bruce, Jennifer",non-elite,1778,3582,5390,7219,9093,10996,12920,14782,1804,1808,1829,1874,1903,1924,1862
46915,"Minner, Stacey",non-elite,1778,3583,5391,7219,9094,10996,12920,14782,1805,1808,1828,1875,1902,1924,1862
46916,"Barr, Eimar",non-elite,1603,3213,4815,6467,8129,9979,12082,14422,1610,1602,1652,1662,1850,2103,2340
46917,"Rich, Anthony E.",non-elite,1619,3218,4901,6694,8518,10541,12675,14785,1599,1683,1793,1824,2023,2134,2110
46918,"Morley, Colleen A.",non-elite,1487,3115,4964,6685,8455,10379,12453,14605,1628,1849,1721,1770,1924,2074,2152
46919,"Blues, Johnny",non-elite,1621,3268,4963,6734,8433,10214,12265,14411,1647,1695,1771,1699,1781,2051,2146
46920,"Evans, Karen",non-elite,1722,3419,5109,6886,8664,10630,12677,14670,1697,1690,1777,1778,1966,2047,1993
46921,"Sword-Olson, Jackie",non-elite,1538,3091,4695,6382,8372,10416,12559,14608,1553,1604,1687,1990,2044,2143,2049
46922,"Kimball, Tracy",non-elite,1561,3336,5122,6987,8810,10789,12829,14703,1775,1786,1865,1823,1979,2040,1874
46923,"Ito, Masato",non-elite,1817,3598,5362,7194,9017,10921,12807,14732,1781,1764,1832,1823,1904,1886,1925
46924,"Kimball, Jeff",non-elite,1562,3337,5137,6987,8815,10791,12840,14703,1775,1800,1850,1828,1976,2049,1863
46925,"Hintz, Julie M.",non-elite,1747,3538,5329,7109,8930,10824,12874,14716,1791,1791,1780,1821,1894,2050,1842
46926,"Bliss, Meghan M.",non-elite,1611,3265,4952,6711,8511,10469,12542,14666,1654,1687,1759,1800,1958,2073,2124
46927,"Kohoutek, John",non-elite,1732,3491,5273,7078,8916,10832,12789,14694,1759,1782,1805,1838,1916,1957,1905
46928,"Nelson, Julie",non-elite,1575,3148,4716,6521,8394,10431,12643,14697,1573,1568,1805,1873,2037,2212,2054
46929,"O'Donohue, Kelli M.",non-elite,1735,3487,5217,6999,8882,10799,12810,14748,1752,1730,1782,1883,1917,2011,1938
46930,"Yeager, Kathy A",non-elite,1587,3204,4893,6700,8570,10618,12700,14661,1617,1689,1807,1870,2048,2082,1961
46931,"Reading, Nigel A",non-elite,1608,3245,4932,6621,8327,10178,12137,14510,1637,1687,1689,1706,1851,1959,2373
46932,"Larson, David D",non-elite,1501,3025,4575,6314,8133,10273,12595,14616,1524,1550,1739,1819,2140,2322,2021
46933,"Patterson, Joseph A.",non-elite,1799,3533,5235,6946,8726,10637,12671,14708,1734,1702,1711,1780,1911,2034,2037
46934,"Lueck, Cheryl L",non-elite,1598,3226,4954,6796,8689,10651,12701,14656,1628,1728,1842,1893,1962,2050,1955
46935,"Alekna, Tess E.",non-elite,1906,3765,5577,7369,9168,11037,12912,14743,1859,1812,1792,1799,1869,1875,1831
46936,"Housum, Laura S",non-elite,1602,3268,4991,6796,8620,10609,12733,14702,1666,1723,1805,1824,1989,2124,1969
46937,"Fahey, Laura D.",non-elite,1701,3417,5147,6924,8701,10707,12722,14699,1716,1730,1777,1777,2006,2015,1977
46938,"Bragdon, Leanne L.",non-elite,1766,3565,5368,7201,9035,10978,12928,14732,1799,1803,1833,1834,1943,1950,1804
46939,"Walsh, Courtney",non-elite,1654,3325,5020,6735,8487,10340,12599,14690,1671,1695,1715,1752,1853,2259,2091
46940,"Hall, Lawrence C",non-elite,1678,3339,5014,6688,8379,10265,12390,14643,1661,1675,1674,1691,1886,2125,2253
46941,"Deluca, John A",non-elite,1543,3127,4694,6300,7955,9881,12052,14541,1584,1567,1606,1655,1926,2171,2489
46942,"Benedit, Beatriz",non-elite,1605,3258,4965,6904,8693,10648,12685,14670,1653,1707,1939,1789,1955,2037,1985
46943,"Alexander, Klaren K.",non-elite,1646,3290,5044,6819,8565,10490,12470,14616,1644,1754,1775,1746,1925,1980,2146
46944,"Potter, Bailey C.",non-elite,1625,3192,4896,6814,8674,10622,12702,14801,1567,1704,1918,1860,1948,2080,2099
46945,"Morris, Kerry R",non-elite,1754,3555,5369,7193,8999,11032,12919,14747,1801,1814,1824,1806,2033,1887,1828
46946,"Wilson, Jill A.",non-elite,1680,3426,5205,7023,8843,10773,12749,14652,1746,1779,1818,1820,1930,1976,1903
46947,"Van Aarde, Gideon M.",non-elite,2249,3954,5637,7361,9063,10868,12745,14696,1705,1683,1724,1702,1805,1877,1951
46948,"Maxfield, Cory W",non-elite,1680,3427,5205,7023,8843,10773,12749,14653,1747,1778,1818,1820,1930,1976,1904
46949,"Kramer, Angela L",non-elite,1605,3274,5007,6815,8698,10718,12805,14771,1669,1733,1808,1883,2020,2087,1966
46950,"Mohr, Amanda",non-elite,1466,3032,4701,6463,8266,10293,12430,14630,1566,1669,1762,1803,2027,2137,2200
46951,"Marsden, Philip A",non-elite,1552,3181,4777,6563,8513,10551,12759,14712,1629,1596,1786,1950,2038,2208,1953
46952,"Vogt, Susan",non-elite,1595,3221,4963,6716,8516,10488,12610,14684,1626,1742,1753,1800,1972,2122,2074
46953,"LaVallee, Laurie A.",non-elite,1846,3609,5354,7146,8992,10883,12871,14728,1763,1745,1792,1846,1891,1988,1857
46954,"Gutierrez, Jennifer",non-elite,1858,3645,5447,7293,9218,11062,12947,14754,1787,1802,1846,1925,1844,1885,1807
46955,"Woogmaster, Amy",non-elite,1847,3658,5442,7237,9082,10978,12867,14739,1811,1784,1795,1845,1896,1889,1872
46956,"Balzano, Elizabeth",non-elite,1847,3658,5442,7237,9082,10977,12867,14739,1811,1784,1795,1845,1895,1890,1872
46957,"Orth, Julianne O.",non-elite,1669,3365,5016,6856,8754,10636,12629,14672,1696,1651,1840,1898,1882,1993,2043
46958,"Cohen, Lee Anne",non-elite,1650,3353,5087,6887,8744,10703,12690,14674,1703,1734,1800,1857,1959,1987,1984
46959,"Healy, Michael P.",non-elite,1752,3404,5022,6643,8282,10069,12029,14465,1652,1618,1621,1639,1787,1960,2436
46960,"Castro, Nikole C.",non-elite,1504,3019,4608,6286,8129,10061,12130,14504,1515,1589,1678,1843,1932,2069,2374
46961,"Wentworth, Bruce",non-elite,1641,3317,5032,6794,8573,10406,12441,14633,1676,1715,1762,1779,1833,2035,2192
46962,"Flowers, Dan",non-elite,1739,3491,5250,7009,8773,10646,12563,14632,1752,1759,1759,1764,1873,1917,2069
46963,"Zedros, Alexandra A.",non-elite,1758,3544,5281,7008,8823,10767,12809,14721,1786,1737,1727,1815,1944,2042,1912
46964,"Bundy, Katie S",non-elite,1670,3366,5017,6857,8755,10637,12630,14673,1696,1651,1840,1898,1882,1993,2043
46965,"O'Donnell, Mary Jane",non-elite,1700,3403,5068,6727,8410,10148,12158,14626,1703,1665,1659,1683,1738,2010,2468
46966,"Voorhees, Marc O.",non-elite,1591,3223,4860,6536,8263,10130,12298,14628,1632,1637,1676,1727,1867,2168,2330
46967,"Flannery, Jillian L.",non-elite,1609,3248,4857,6600,8380,10332,12473,14685,1639,1609,1743,1780,1952,2141,2212
46968,"Brown, Michael C.",non-elite,1411,2859,4396,6148,8067,10361,12584,14692,1448,1537,1752,1919,2294,2223,2108
46969,"Morris, James",non-elite,1660,3399,5358,7339,9167,10983,12869,14723,1739,1959,1981,1828,1816,1886,1854
46970,"Shaw, Shirley Y",non-elite,1683,3401,5189,7040,8868,10785,12765,14743,1718,1788,1851,1828,1917,1980,1978
46971,"Reitmeier, Amaza A",non-elite,1527,3103,4895,6567,8311,10350,12407,14616,1576,1792,1672,1744,2039,2057,2209
46972,"Kurman, David",non-elite,1598,3248,4916,6635,8411,10424,12717,14778,1650,1668,1719,1776,2013,2293,2061
46973,"Barr, Michael P.",non-elite,1553,3102,4705,6489,8314,10331,12540,14622,1549,1603,1784,1825,2017,2209,2082
46974,"Millhouse, Steven R.",non-elite,1771,3440,5058,6733,8484,10515,12643,14679,1669,1618,1675,1751,2031,2128,2036
46975,"Moore, Bryon",non-elite,1376,2796,4341,6090,7859,9826,12006,14542,1420,1545,1749,1769,1967,2180,2536
46976,"Canter, David E.",non-elite,1754,3437,5081,6816,8800,10791,12852,14789,1683,1644,1735,1984,1991,2061,1937
46977,"Maass, Donna M.",non-elite,1760,3517,5310,7146,9005,10953,12932,14767,1757,1793,1836,1859,1948,1979,1835
46978,"O'Brien, Tom M.",non-elite,1753,3437,5081,6816,8800,10792,12852,14789,1684,1644,1735,1984,1992,2060,1937
46979,"Fingar, Erica",non-elite,1504,3186,4973,6903,8789,10762,12833,14747,1682,1787,1930,1886,1973,2071,1914
46980,"Childs, Dennis A.",non-elite,1707,3428,5156,6958,8827,10782,12863,14744,1721,1728,1802,1869,1955,2081,1881
46981,"Sherman, Ken D.",non-elite,1650,3354,5110,6919,8796,10740,12758,14711,1704,1756,1809,1877,1944,2018,1953
46982,"Murphy, Brittany M.",non-elite,1774,3580,5324,7066,8872,10796,12793,14733,1806,1744,1742,1806,1924,1997,1940
46983,"Carey, Lauren E.",non-elite,1825,3563,5518,7284,9050,11020,12937,14784,1738,1955,1766,1766,1970,1917,1847
46984,"Boudreau-Ninkov, Marie A",non-elite,1539,3185,4957,6732,8528,10464,12570,14633,1646,1772,1775,1796,1936,2106,2063
46985,"Voelker, Troy L",non-elite,1682,3450,5137,6870,8655,10619,12683,14704,1768,1687,1733,1785,1964,2064,2021
46986,"Soares, Greta",non-elite,1628,3274,4951,6747,8602,10556,12620,14675,1646,1677,1796,1855,1954,2064,2055
46987,"Leblanc, Allie E.",non-elite,1807,3669,5456,7265,9094,10967,12897,14787,1862,1787,1809,1829,1873,1930,1890
46988,"Greenhalgh, Kenzie L",non-elite,1691,3398,5148,6937,8777,10764,12746,14701,1707,1750,1789,1840,1987,1982,1955
46989,"Luscinski, Jessica A.",non-elite,1836,3659,5489,7340,9230,11139,13036,14888,1823,1830,1851,1890,1909,1897,1852
46990,"Minoru, Ootaka",non-elite,1698,3456,5236,7029,8845,10676,12583,14618,1758,1780,1793,1816,1831,1907,2035
46991,"Lind, Steve",non-elite,1656,3299,4999,6768,8707,10654,12752,14692,1643,1700,1769,1939,1947,2098,1940
46992,"Hoever, Carsten",non-elite,1513,3098,4702,6337,8023,9947,11890,14655,1585,1604,1635,1686,1924,1943,2765
46993,"Young, Sharon L.",non-elite,1659,3291,5058,6899,8766,10767,12765,14674,1632,1767,1841,1867,2001,1998,1909
46994,"Humphrey, Melanie",non-elite,1616,3296,5105,6844,8796,10833,12852,14750,1680,1809,1739,1952,2037,2019,1898
46995,"Hildebrand, Shep",non-elite,1573,3272,5057,6894,8638,10594,12686,14749,1699,1785,1837,1744,1956,2092,2063
46996,"Zura, Lili",non-elite,1677,3378,5146,6951,8702,10669,12902,14754,1701,1768,1805,1751,1967,2233,1852
46997,"Burns, Donna L",non-elite,1606,3218,5015,6901,8754,10644,12642,14683,1612,1797,1886,1853,1890,1998,2041
46998,"Wade, Brandon",non-elite,2006,3855,5641,7453,9278,11076,12930,14784,1849,1786,1812,1825,1798,1854,1854
46999,"Roman, Steve R.",non-elite,1654,3243,4876,6632,8456,10428,12641,14773,1589,1633,1756,1824,1972,2213,2132
47000,"Vaughan, Marna",non-elite,1689,3440,5248,7016,8905,10841,12775,14692,1751,1808,1768,1889,1936,1934,1917
47001,"Merriam, Tamara",non-elite,1763,3529,5307,7131,8933,10847,12800,14750,1766,1778,1824,1802,1914,1953,1950
47002,"Clark, Patricia",non-elite,1645,3291,4960,6697,8594,10530,12608,14634,1646,1669,1737,1897,1936,2078,2026
47003,"Cordon Compan, Cristina",non-elite,1605,3250,4921,6678,8577,10687,12789,14720,1645,1671,1757,1899,2110,2102,1931
47004,"Holmes, Jonathan D.",non-elite,1781,3548,5315,7101,8900,10781,12741,14669,1767,1767,1786,1799,1881,1960,1928
47005,"McElroy, Michael P.",non-elite,1789,3522,5257,7029,8830,10696,12627,14679,1733,1735,1772,1801,1866,1931,2052
47006,"Stradley, Marlo S.",non-elite,1511,3118,4729,6433,8207,10170,12476,14709,1607,1611,1704,1774,1963,2306,2233
47007,"Adams, Mark",non-elite,1626,3233,4867,6563,8382,10389,12550,14697,1607,1634,1696,1819,2007,2161,2147
47008,"Pustinger, Jenni",non-elite,1449,2963,4780,6631,8515,10623,12786,14767,1514,1817,1851,1884,2108,2163,1981
47009,"Hulbert, Karen",non-elite,1789,3566,5334,7141,8960,10848,12756,14722,1777,1768,1807,1819,1888,1908,1966
47010,"Park, Seok Il",non-elite,1633,3249,4908,6579,8329,10401,12530,14698,1616,1659,1671,1750,2072,2129,2168
47011,"Gerules, Jo A.",non-elite,1668,3428,5189,6983,8788,10775,12796,14710,1760,1761,1794,1805,1987,2021,1914
47012,"Godley, Benjamin",non-elite,1831,3605,5397,7223,9037,10934,12833,14739,1774,1792,1826,1814,1897,1899,1906
47013,"Gullage, Daniel M.",non-elite,1681,3399,5131,6906,8760,10688,12678,14662,1718,1732,1775,1854,1928,1990,1984
47014,"Spence, Steve",non-elite,1532,3050,4601,6173,7765,9766,12231,14649,1518,1551,1572,1592,2001,2465,2418
47015,"McCarron, Kevin M.",non-elite,1735,3393,5078,6844,8611,10549,12679,14739,1658,1685,1766,1767,1938,2130,2060
47016,"Winter, Tori O",non-elite,1629,3315,5118,6929,8792,10776,12752,14749,1686,1803,1811,1863,1984,1976,1997
47017,"Coletto, Rosemarie",non-elite,1577,3152,4735,6465,8299,10348,12655,14745,1575,1583,1730,1834,2049,2307,2090
47018,"Williams, Steve",non-elite,1747,3508,5270,7045,8805,10703,12743,14756,1761,1762,1775,1760,1898,2040,2013
47019,"Forkner, Debbie",non-elite,1712,3466,5242,7058,8902,10846,12834,14730,1754,1776,1816,1844,1944,1988,1896
47020,"Fleetwood, Courtney",non-elite,1590,3210,4840,6482,8152,10317,12845,14829,1620,1630,1642,1670,2165,2528,1984
47021,"O'Connor, Ashling",non-elite,1902,3692,5397,7120,8868,10710,12687,14724,1790,1705,1723,1748,1842,1977,2037
47022,"Mittelberg, Tara",non-elite,1748,3575,5474,7355,9129,11166,13059,14836,1827,1899,1881,1774,2037,1893,1777
47023,"Gavin, Timothy V",non-elite,1141,2295,3484,4721,6008,7435,8973,10566,1154,1189,1237,1287,1427,1538,1593
47024,"Foster, Marcy",non-elite,1724,3465,5229,7040,8829,10723,12656,14649,1741,1764,1811,1789,1894,1933,1993
47025,"Castan Fornes, Luis",non-elite,1704,3448,5226,7059,8902,10883,12869,14712,1744,1778,1833,1843,1981,1986,1843
47026,"Decker, Timothy D",non-elite,1440,2840,4406,6218,8172,10473,12559,14695,1400,1566,1812,1954,2301,2086,2136
47027,"Johnson, Kimberly A",non-elite,1640,3355,5195,7029,8856,10814,12891,14853,1715,1840,1834,1827,1958,2077,1962
47028,"Puchades, Mary",non-elite,1554,3198,4955,6797,8659,10664,12603,14611,1644,1757,1842,1862,2005,1939,2008
47029,"Geurin, Andrea N.",non-elite,1554,3092,4700,6625,8521,10568,12650,14766,1538,1608,1925,1896,2047,2082,2116
47030,"Sanchez Marin, Maria Jose",non-elite,1706,3450,5226,7056,8903,10884,12869,14755,1744,1776,1830,1847,1981,1985,1886
47031,"Tomaseti Costa, Andres",non-elite,1706,3450,5226,7058,8903,10883,12869,14755,1744,1776,1832,1845,1980,1986,1886
47032,"Deuell, Aprelle R",non-elite,1794,3421,5199,7110,8900,10830,12789,14740,1627,1778,1911,1790,1930,1959,1951
47033,"Cassells, Devon R.",non-elite,3017,4542,6172,7837,9520,11324,13098,14781,1525,1630,1665,1683,1804,1774,1683
47034,"Mariscal, Raquel R",non-elite,1662,3317,5132,6914,8709,10690,12833,14815,1655,1815,1782,1795,1981,2143,1982
47035,"Costantino, Andrea",non-elite,1688,3450,5249,7060,8869,10806,12752,14723,1762,1799,1811,1809,1937,1946,1971
47036,"Crane, Krysta N.",non-elite,2083,3797,5541,7320,9143,11071,13009,14831,1714,1744,1779,1823,1928,1938,1822
47037,"Wyzanski, Tamara G.",non-elite,1800,3617,5420,7269,9135,11064,12975,14797,1817,1803,1849,1866,1929,1911,1822
47038,"Martel, Joanne",non-elite,1682,3460,5288,7136,9039,11010,12972,14792,1778,1828,1848,1903,1971,1962,1820
47039,"Moore, Mireille",non-elite,1598,3197,4836,6542,8408,10451,12561,14666,1599,1639,1706,1866,2043,2110,2105
47040,"Marsh, Lyle H.",non-elite,1741,3395,5156,6850,8577,10577,12659,14693,1654,1761,1694,1727,2000,2082,2034
47041,"Triano, Nicholas P. III",non-elite,1736,3533,5386,7221,8969,10842,12740,14753,1797,1853,1835,1748,1873,1898,2013
47042,"Grant, Laura",non-elite,1612,3201,4853,6627,8446,10454,12809,14760,1589,1652,1774,1819,2008,2355,1951
47043,"Chevalier, Jacqueline",non-elite,1617,3251,4923,6648,8397,10385,12464,14659,1634,1672,1725,1749,1988,2079,2195
47044,"Littlewood, Joyce",non-elite,1629,3319,5110,6880,8677,10548,12510,14719,1690,1791,1770,1797,1871,1962,2209
47045,"Mcdonald, Susan",non-elite,1732,3500,5315,7182,9033,10945,12903,14773,1768,1815,1867,1851,1912,1958,1870
47046,"Scheffler, Kim",non-elite,1609,3247,4935,6705,8504,10500,12551,14591,1638,1688,1770,1799,1996,2051,2040
47047,"Savage, Allan",non-elite,1862,3675,5519,7384,9250,11141,13002,14787,1813,1844,1865,1866,1891,1861,1785
47048,"Glass, Roy L.",non-elite,1626,3252,4947,6615,8324,10218,12386,14638,1626,1695,1668,1709,1894,2168,2252
47049,"Mang Lung, Cheung",non-elite,1332,2746,4283,5954,8459,10637,12809,14719,1414,1537,1671,2505,2178,2172,1910
47050,"Egger, Christin",non-elite,1813,3613,5399,7199,9006,10938,12909,14795,1800,1786,1800,1807,1932,1971,1886
47051,"Hurley, Shannon E",non-elite,1560,3180,4832,6654,8500,10457,12683,14749,1620,1652,1822,1846,1957,2226,2066
47052,"Dent, John A.",non-elite,1851,3566,5311,7090,8895,10783,12757,14716,1715,1745,1779,1805,1888,1974,1959
47053,"Alcock, Bernard L.",non-elite,1473,2980,4732,6589,8502,10545,12768,14744,1507,1752,1857,1913,2043,2223,1976
47054,"Varner, John L",non-elite,1525,3173,4755,6424,8584,10578,12574,14708,1648,1582,1669,2160,1994,1996,2134
47055,"McCormick, Zack",non-elite,1571,3194,4895,6662,8579,10731,12837,14872,1623,1701,1767,1917,2152,2106,2035
47056,"Kornfeld, Sarah H",non-elite,1570,3194,4896,6662,8580,10731,12838,14873,1624,1702,1766,1918,2151,2107,2035
47057,"Fortier, Dave",non-elite,1786,3448,5135,6861,8612,10509,12792,14765,1662,1687,1726,1751,1897,2283,1973
47058,"Nagy, Kathy L",non-elite,1635,3294,4990,6895,8761,10862,12894,14813,1659,1696,1905,1866,2101,2032,1919
47059,"Woodyard, Hal A.",non-elite,1554,3065,4647,6227,7838,9607,11812,14512,1511,1582,1580,1611,1769,2205,2700
47060,"Allen, Beth A.",non-elite,1685,3466,5289,7102,8939,10829,12852,14757,1781,1823,1813,1837,1890,2023,1905
47061,"Poudrier, Suzanne L.",non-elite,1542,3192,4853,6602,8514,10672,12934,14792,1650,1661,1749,1912,2158,2262,1858
47062,"Muck, Vanessa",non-elite,1568,3132,4707,6318,7987,9934,12429,14710,1564,1575,1611,1669,1947,2495,2281
47063,"Walker, Gail",non-elite,1664,3423,5109,6898,8843,10888,12843,14779,1759,1686,1789,1945,2045,1955,1936
47064,"Xu, Chunhai",non-elite,1577,3172,4882,6782,8669,10733,12757,14724,1595,1710,1900,1887,2064,2024,1967
47065,"Maynard, Ralph W III",non-elite,1528,3049,4602,6254,7986,9891,11984,14430,1521,1553,1652,1732,1905,2093,2446
47066,"Hastings, Rachel A",non-elite,1793,3539,5339,7106,8913,10813,12745,14810,1746,1800,1767,1807,1900,1932,2065
47067,"Drown, Helen",non-elite,1684,3369,5138,6956,8845,10925,12905,14783,1685,1769,1818,1889,2080,1980,1878
47068,"Whowell, Sarah E.",non-elite,1760,3443,5182,7006,8855,10808,12822,14738,1683,1739,1824,1849,1953,2014,1916
47069,"Etters, Corey",non-elite,1832,3637,5396,7191,8980,10865,12855,14786,1805,1759,1795,1789,1885,1990,1931
47070,"Krzynowek, Lauren K.",non-elite,1742,3486,5235,6985,8758,10686,12878,14800,1744,1749,1750,1773,1928,2192,1922
47071,"Etters, Sarah K.",non-elite,1833,3637,5396,7191,8980,10865,12858,14786,1804,1759,1795,1789,1885,1993,1928
47072,"Hubbard, Amy",non-elite,1662,3356,5045,6930,8739,10767,12786,14747,1694,1689,1885,1809,2028,2019,1961
47073,"Crouse, Allison",non-elite,2059,3866,5633,7422,9206,11085,12964,14805,1807,1767,1789,1784,1879,1879,1841
47074,"Pidgeon, Kevin",non-elite,2059,3866,5633,7421,9209,11086,12964,14806,1807,1767,1788,1788,1877,1878,1842
47075,"Jantz, Kathryn",non-elite,1457,3031,4872,6696,8460,10582,12569,14667,1574,1841,1824,1764,2122,1987,2098
47076,"Crouse, Nina C.",non-elite,2059,3866,5634,7423,9210,11086,12967,14806,1807,1768,1789,1787,1876,1881,1839
47077,"Gloven, Janet",non-elite,1689,3403,5215,7036,8835,10822,12816,14740,1714,1812,1821,1799,1987,1994,1924
47078,"Wuerch, Ryan",non-elite,1451,3020,4732,6644,8691,10869,12893,14782,1569,1712,1912,2047,2178,2024,1889
47079,"Sheridan, Jennifer F.",non-elite,1620,3270,4926,6614,8350,10292,12419,14679,1650,1656,1688,1736,1942,2127,2260
47080,"Fairley, Scott",non-elite,1563,3165,4809,6533,8336,10326,12599,14704,1602,1644,1724,1803,1990,2273,2105
47081,"Baillargeon, Helene",non-elite,1718,3527,5239,6954,8896,10714,12813,14866,1809,1712,1715,1942,1818,2099,2053
47082,"Heely, John L",non-elite,1526,3133,5107,6988,8696,10522,12611,14619,1607,1974,1881,1708,1826,2089,2008
47083,"Gao, Qianlin",non-elite,1326,2796,4556,6592,8423,10468,12669,14759,1470,1760,2036,1831,2045,2201,2090
47084,"Ahlgren, Karl",non-elite,1710,3489,5291,7111,8906,10820,12748,14746,1779,1802,1820,1795,1914,1928,1998
47085,"Kirouac, Scott A.",non-elite,1780,3469,5127,6840,8706,10693,12755,14856,1689,1658,1713,1866,1987,2062,2101
47086,"Stefaniuk, Tunia",non-elite,1629,3236,4869,6565,8366,10293,12489,14722,1607,1633,1696,1801,1927,2196,2233
47087,"Handal, Daniel",non-elite,1685,3422,5199,6979,8812,10847,12848,14748,1737,1777,1780,1833,2035,2001,1900
47088,"McGill, Sarah",non-elite,1815,3641,5460,7290,9102,11021,12955,14811,1826,1819,1830,1812,1919,1934,1856
47089,"Suter, Christine",non-elite,1856,3757,5586,7405,9222,11086,12944,14819,1901,1829,1819,1817,1864,1858,1875
47090,"McLay, Kelly",non-elite,1855,3756,5586,7405,9222,11086,12944,14825,1901,1830,1819,1817,1864,1858,1881
47091,"Pinto, Sergio",non-elite,1540,3122,4774,6510,8328,10430,12586,14716,1582,1652,1736,1818,2102,2156,2130
47092,"Everett, Emma C.",non-elite,2079,4002,5829,7631,9399,11223,13070,14864,1923,1827,1802,1768,1824,1847,1794
47093,"Covington-Hicks, Cullen",non-elite,1677,3405,5213,7059,8936,10829,12952,14789,1728,1808,1846,1877,1893,2123,1837
47094,"Trousseau, Peggy",non-elite,1580,3121,4689,6330,8045,10032,12430,14698,1541,1568,1641,1715,1987,2398,2268
47095,"Mccall, Clint",non-elite,1496,3011,4548,6167,7896,9954,12289,14622,1515,1537,1619,1729,2058,2335,2333
47097,"Jewell, Mark C.",non-elite,1719,3419,5192,7007,8913,10842,12929,14769,1700,1773,1815,1906,1929,2087,1840
47098,"Michael, Todd P.",non-elite,1803,3509,5195,6883,8703,10693,12687,14875,1706,1686,1688,1820,1990,1994,2188
47099,"Mccabe, Jan",non-elite,1576,3242,4985,6791,8765,10720,12735,14730,1666,1743,1806,1974,1955,2015,1995
47100,"Jessee, Kenneth M.",non-elite,1658,3308,4995,6797,8595,10604,12711,14769,1650,1687,1802,1798,2009,2107,2058
47101,"Kopchick, Joseph",non-elite,1696,3366,5107,6802,8597,10576,12659,14701,1670,1741,1695,1795,1979,2083,2042
47102,"Whited, Melissa",non-elite,1615,3250,4924,6688,8471,10393,12609,14697,1635,1674,1764,1783,1922,2216,2088
47103,"Garretson, Robin L.",non-elite,1689,3569,5345,7136,8967,10799,12695,14684,1880,1776,1791,1831,1832,1896,1989
47104,"Jackson, Karen L.",non-elite,1658,3390,5153,6932,8862,10759,12751,14762,1732,1763,1779,1930,1897,1992,2011
47105,"Trainer, Debbie",non-elite,1679,3407,5179,6977,8828,10845,12836,14767,1728,1772,1798,1851,2017,1991,1931
47106,"Woods, Nicole H.",non-elite,1623,3344,5141,6974,8823,10787,12766,14742,1721,1797,1833,1849,1964,1979,1976
47107,"Barlow, Amanda",non-elite,1629,3213,4923,6571,8337,10320,12412,14660,1584,1710,1648,1766,1983,2092,2248
47108,"Mersman, Gloria W",non-elite,1651,3409,5246,7110,9004,10960,12928,14809,1758,1837,1864,1894,1956,1968,1881
47109,"Richards, Karen",non-elite,1609,3187,4897,6805,8695,10665,12851,14772,1578,1710,1908,1890,1970,2186,1921
47110,"Cavan, Christine L",non-elite,1597,3274,4949,6678,8453,10437,12619,14720,1677,1675,1729,1775,1984,2182,2101
47111,"Rogers, Carolee M",non-elite,1700,3457,5194,7039,8901,10863,12871,14787,1757,1737,1845,1862,1962,2008,1916
47112,"Freeman, Joshua M.",non-elite,1678,3399,5101,6822,8634,10564,12627,14739,1721,1702,1721,1812,1930,2063,2112
47113,"Kim, Daniel K.",non-elite,1718,3490,5276,7170,9019,10968,12934,14831,1772,1786,1894,1849,1949,1966,1897
47114,"Hediger, Amy L.",non-elite,1886,3712,5545,7355,9130,10972,12886,14778,1826,1833,1810,1775,1842,1914,1892
47115,"Bottillo, Antonio",non-elite,1799,3549,5323,7168,9065,11059,13025,14846,1750,1774,1845,1897,1994,1966,1821
47116,"Robitaille, Anne-Michelle",non-elite,1654,3400,5213,7021,8831,10854,12836,14771,1746,1813,1808,1810,2023,1982,1935
47117,"Mehlhorn, Reiner",non-elite,1491,2997,4577,6260,8063,10066,12253,14463,1506,1580,1683,1803,2003,2187,2210
47118,"Breiland, Michelle",non-elite,1531,3062,4764,6477,8342,10426,12604,14781,1531,1702,1713,1865,2084,2178,2177
47119,"Van Arendonk, Jan Arie",non-elite,1473,2993,4548,6158,7842,9838,12345,14622,1520,1555,1610,1684,1996,2507,2277
47120,"Young, Christian A.",non-elite,1835,3529,5223,6945,8642,10467,12432,14677,1694,1694,1722,1697,1825,1965,2245
47121,"Sweeney, Howard D.",non-elite,1766,3530,5316,7094,8909,10839,12817,14765,1764,1786,1778,1815,1930,1978,1948
47122,"Overmyer, Tim",non-elite,1615,3281,4979,6742,8577,10489,12617,14679,1666,1698,1763,1835,1912,2128,2062
47123,"D'Imperio, Trish",non-elite,1756,3558,5321,7119,8931,10852,12848,14781,1802,1763,1798,1812,1921,1996,1933
47124,"Fox, David W.",non-elite,1652,3360,5124,6946,8809,10733,12778,14769,1708,1764,1822,1863,1924,2045,1991
47125,"Smith, Jennifer L.",non-elite,1591,3250,5053,6987,8900,10852,12868,14829,1659,1803,1934,1913,1952,2016,1961
47126,"Allen, Priscilla A.",non-elite,1566,3281,5034,6840,8706,10681,12748,14782,1715,1753,1806,1866,1975,2067,2034
47127,"Zanone, Massimo",non-elite,1773,3434,5096,6807,8559,10463,12527,14630,1661,1662,1711,1752,1904,2064,2103
47128,"Iiams, Kate",non-elite,1721,3453,5223,7024,8823,10743,12835,14759,1732,1770,1801,1799,1920,2092,1924
47129,"Ross, Charles E.",non-elite,1608,3305,4970,6658,8382,10198,12198,14392,1697,1665,1688,1724,1816,2000,2194
47130,"Marshall, Gary S",non-elite,1683,3342,5056,6769,8614,10661,12763,14768,1659,1714,1713,1845,2047,2102,2005
47131,"Hacker, Hartmut",non-elite,1811,3615,5421,7227,9064,10971,12906,14785,1804,1806,1806,1837,1907,1935,1879
47132,"Hacker, Carmen",non-elite,1811,3615,5421,7228,9064,10971,12907,14785,1804,1806,1807,1836,1907,1936,1878
47133,"Freedman, Barbara",non-elite,1672,3368,5107,6910,9023,11008,12986,14838,1696,1739,1803,2113,1985,1978,1852
47134,"McMeniman, Amanda L.",non-elite,1558,3220,4938,6818,8686,10625,12831,14865,1662,1718,1880,1868,1939,2206,2034
47135,"Hoekman, Robert E",non-elite,1754,3505,5323,7124,8940,10822,12811,14768,1751,1818,1801,1816,1882,1989,1957
47136,"Hernandez, Francisco M.",non-elite,1774,3488,5208,6928,8631,10555,12693,14701,1714,1720,1720,1703,1924,2138,2008
47137,"Pavlov, Gregory C.",non-elite,1682,3316,4956,6630,8399,10445,12614,14727,1634,1640,1674,1769,2046,2169,2113
47138,"Salado Santiago, Francisco Javier F. Sr.",non-elite,1291,2669,4139,5757,7562,9377,12037,14867,1378,1470,1618,1805,1815,2660,2830
47139,"Bizi, Anna",non-elite,1564,3242,4994,6832,8650,10637,12695,14744,1678,1752,1838,1818,1987,2058,2049
47140,"Clark, Wendy A.",non-elite,1606,3303,5135,7016,8872,10779,12827,14748,1697,1832,1881,1856,1907,2048,1921
47141,"Maultsby, John",non-elite,1641,3325,5048,6802,8582,10475,12487,14620,1684,1723,1754,1780,1893,2012,2133
47142,"McNeil, Paul M.",non-elite,1713,3389,5129,6880,8692,10631,12688,14741,1676,1740,1751,1812,1939,2057,2053
47143,"Hancock, Dawson R",non-elite,1519,3069,4638,6218,7796,9505,11526,14766,1550,1569,1580,1578,1709,2021,3240
47144,"Newton, Richard J.",non-elite,1621,3197,4899,6861,8794,10801,12909,14814,1576,1702,1962,1933,2007,2108,1905
47145,"Clark, Carly N.",non-elite,1442,2924,4497,6281,9408,11205,13065,14878,1482,1573,1784,3127,1797,1860,1813
47146,"Jardine, Darrell",non-elite,1764,3492,5222,6971,8745,10665,12744,14777,1728,1730,1749,1774,1920,2079,2033
47147,"Lacey, Lorene K",non-elite,1813,3616,5409,7207,9009,10896,12835,14762,1803,1793,1798,1802,1887,1939,1927
47148,"Carbone, Brittney D",non-elite,1635,3318,5089,6860,8669,10656,12789,14761,1683,1771,1771,1809,1987,2133,1972
47149,"Stempel, Jonathan D.",non-elite,1788,3546,5334,7119,8936,10818,12753,14735,1758,1788,1785,1817,1882,1935,1982
47150,"Sanft, Doran",non-elite,1431,2910,4381,5882,7435,9192,11392,14323,1479,1471,1501,1553,1757,2200,2931
47151,"Hayes, Nancy A.",non-elite,1533,3099,4776,6633,8542,10688,12768,14785,1566,1677,1857,1909,2146,2080,2017
47153,"Gouthro, Courtney A.",non-elite,1927,3759,5518,7282,9040,10898,12887,14811,1832,1759,1764,1758,1858,1989,1924
47154,"Anderson, Renee A",non-elite,1584,3174,4799,6471,8116,9969,11963,14667,1590,1625,1672,1645,1853,1994,2704
47155,"Marbaugh, Laurie",non-elite,1715,3501,5287,7096,8929,10837,12832,14788,1786,1786,1809,1833,1908,1995,1956
47156,"Johnson, Kathryn",non-elite,1910,3760,5558,7339,9123,11020,12930,14835,1850,1798,1781,1784,1897,1910,1905
47157,"Dupuis, Jean Louis",non-elite,1760,3484,5191,6939,8694,10608,12631,14702,1724,1707,1748,1755,1914,2023,2071
47158,"Patton, Tim",non-elite,1503,3144,4817,6592,8420,10452,12640,14769,1641,1673,1775,1828,2032,2188,2129
47159,"Johnson, Sarah E.",non-elite,1926,3812,5679,7583,9488,11385,13203,14930,1886,1867,1904,1905,1897,1818,1727
47160,"Pearson McDonald, Susan F.",non-elite,1686,3395,5244,7114,9039,11022,12997,14854,1709,1849,1870,1925,1983,1975,1857
47161,"Schaefer, Tom",non-elite,1543,3055,4814,6641,8523,10560,12702,14815,1512,1759,1827,1882,2037,2142,2113
47162,"Meacham, Denise",non-elite,1730,3498,5302,7110,8923,10841,12797,14766,1768,1804,1808,1813,1918,1956,1969
47163,"Holthe, Tom",non-elite,1704,3404,5078,6752,8448,10216,12503,14730,1700,1674,1674,1696,1768,2287,2227
47164,"Cespedes, Andrea",non-elite,1763,3556,5400,7207,9035,10944,12917,14833,1793,1844,1807,1828,1909,1973,1916
47165,"Hayes, David B.",non-elite,1375,2780,4186,5642,7517,10261,13176,14960,1405,1406,1456,1875,2744,2915,1784
47166,"Alicea, Raymond L. Jr.",non-elite,1471,3057,4703,6398,8119,10019,12276,14586,1586,1646,1695,1721,1900,2257,2310
47167,"Winkler, Richard",non-elite,1621,3285,5006,6810,8645,10623,12694,14745,1664,1721,1804,1835,1978,2071,2051
47168,"Koster, Shirley A.",non-elite,1673,3400,5202,7091,8987,11081,13026,14854,1727,1802,1889,1896,2094,1945,1828
47169,"Mattsson, Helena",non-elite,1590,3173,4796,6446,8150,9992,12334,14730,1583,1623,1650,1704,1842,2342,2396
47170,"Vaughan, Dorothy D",non-elite,1673,3371,5101,7033,8967,10914,12961,14823,1698,1730,1932,1934,1947,2047,1862
47171,"Hang, William M",non-elite,1649,3372,5144,6961,8856,10824,12878,14847,1723,1772,1817,1895,1968,2054,1969
47172,"Ketchem, William",non-elite,1393,2792,4195,5686,7284,9134,11868,14739,1399,1403,1491,1598,1850,2734,2871
47173,"Kerr, Tara",non-elite,1618,3268,4914,6802,8763,10741,12851,14807,1650,1646,1888,1961,1978,2110,1956
47174,"Miller, Todd D.",non-elite,1711,3387,5068,6799,8622,10549,12467,14724,1676,1681,1731,1823,1927,1918,2257
47175,"Bridges, Gene",non-elite,1710,3354,5026,6837,8715,10680,12703,14748,1644,1672,1811,1878,1965,2023,2045
47176,"Magdeburger, Laura",non-elite,1543,3109,4772,6561,8351,10331,12449,14697,1566,1663,1789,1790,1980,2118,2248
47177,"Kennedy, Jake",non-elite,1658,3342,5097,6838,8653,10693,12804,14836,1684,1755,1741,1815,2040,2111,2032
47178,"Fayad, Johnny",non-elite,1803,3453,5118,6880,8717,10675,12696,14828,1650,1665,1762,1837,1958,2021,2132
47179,"Leroux, Scott",non-elite,1492,2993,4511,6068,7652,9515,12085,14852,1501,1518,1557,1584,1863,2570,2767
47180,"Thompson, Michael J.",non-elite,1468,2913,4452,6080,7942,10126,12209,14592,1445,1539,1628,1862,2184,2083,2383
47181,"Lourim, Bernard T.",non-elite,1574,3215,4895,6623,8379,10430,12729,14890,1641,1680,1728,1756,2051,2299,2161
47182,"Marshall, Tracy D.",non-elite,1651,3388,5164,6947,8867,10748,12713,14706,1737,1776,1783,1920,1881,1965,1993
47183,"Ellero, Eleonore F.",non-elite,1691,3345,5043,6787,8650,10765,12787,14758,1654,1698,1744,1863,2115,2022,1971
47184,"Miller, Wendy A",non-elite,1723,3535,5324,7172,9020,10940,12938,14821,1812,1789,1848,1848,1920,1998,1883
47185,"Hodges, Barbara",non-elite,1604,3249,4937,6753,8607,10637,12732,14676,1645,1688,1816,1854,2030,2095,1944
47186,"Laquian, Iben",non-elite,1638,3326,5057,6834,8644,10560,12598,14755,1688,1731,1777,1810,1916,2038,2157
47187,"Giebel, Yaniha",non-elite,1677,3313,4950,6654,8480,10394,12519,14756,1636,1637,1704,1826,1914,2125,2237
47188,"Ojea, Joe",non-elite,1404,2852,4351,5918,7563,9478,11963,14535,1448,1499,1567,1645,1915,2485,2572
47189,"Gerhardt, Wayne J.",non-elite,1613,3277,5014,6790,8603,10542,12675,14679,1664,1737,1776,1813,1939,2133,2004
47190,"Campbell, Bethany",non-elite,1659,3363,5141,6867,8649,10614,12628,14714,1704,1778,1726,1782,1965,2014,2086
47191,"Schochet, Elli (Yoel)",non-elite,1786,3477,5251,7040,8865,10806,12903,14851,1691,1774,1789,1825,1941,2097,1948
47192,"Hogan, Raylene M",non-elite,1616,3317,5005,6795,8638,10572,12579,14718,1701,1688,1790,1843,1934,2007,2139
47193,"Walterhouse, Kim G.",non-elite,1652,3346,5101,6963,8816,10826,12844,14814,1694,1755,1862,1853,2010,2018,1970
47194,"Bradley, Folanyah C.",non-elite,1498,3134,4895,6789,8759,10813,12894,14779,1636,1761,1894,1970,2054,2081,1885
47195,"Lieberman, Davine",non-elite,1746,3514,5282,7074,8884,10766,12768,14783,1768,1768,1792,1810,1882,2002,2015
47196,"Koonce, Suzanne S",non-elite,1711,3429,5197,6989,8804,10793,12857,14801,1718,1768,1792,1815,1989,2064,1944
47197,"Binsfield, Mary",non-elite,1709,3430,5189,6885,8735,10776,12850,14781,1721,1759,1696,1850,2041,2074,1931
47198,"Cover, Rebecca J",non-elite,1720,3406,5091,6816,8622,10619,12668,14760,1686,1685,1725,1806,1997,2049,2092
47199,"Meaby, Caroline R.",non-elite,1553,3137,4841,6716,8604,10557,12920,14805,1584,1704,1875,1888,1953,2363,1885
47200,"Callaghan, Christine E",non-elite,1646,3311,5031,6840,8675,10690,12788,14792,1665,1720,1809,1835,2015,2098,2004
47201,"Shay, Marie A",non-elite,1740,3525,5352,7236,9096,11018,13011,14868,1785,1827,1884,1860,1922,1993,1857
47202,"Bernier, Donna M.",non-elite,1636,3301,4974,6704,8357,10088,11843,14425,1665,1673,1730,1653,1731,1755,2582
47203,"Fox, Mary K",non-elite,1762,3505,5263,7054,8842,10741,12730,14788,1743,1758,1791,1788,1899,1989,2058
47204,"Little, Denise A",non-elite,1741,3494,5266,7089,8927,10872,12870,14825,1753,1772,1823,1838,1945,1998,1955
47205,"Jermyn, Chris G",non-elite,1702,3394,5099,6846,8617,10546,12681,14691,1692,1705,1747,1771,1929,2135,2010
47206,"Moroney, John",non-elite,1397,2780,4146,5574,7032,8638,11340,14585,1383,1366,1428,1458,1606,2702,3245
47207,"Cabal, Donato",non-elite,1768,3601,5472,7369,9245,11148,13105,14921,1833,1871,1897,1876,1903,1957,1816
47208,"Bally, Robert",non-elite,1542,3130,4787,6527,8257,10195,12407,14747,1588,1657,1740,1730,1938,2212,2340
47209,"Jabs, Doris K.",non-elite,1635,3270,4916,6605,8347,10262,12497,14633,1635,1646,1689,1742,1915,2235,2136
47210,"Cravens, Isabel M.",non-elite,1744,3410,5073,6779,8563,10510,12574,14778,1666,1663,1706,1784,1947,2064,2204
47211,"Price, Steve",non-elite,1438,2872,4543,6492,8201,10278,12429,14833,1434,1671,1949,1709,2077,2151,2404
47212,"Min, Yungmoon",non-elite,1674,3351,5022,6742,8538,10471,12600,14683,1677,1671,1720,1796,1933,2129,2083
47213,"Wendt, Sara",non-elite,1617,3275,5007,6826,8704,10648,12647,14759,1658,1732,1819,1878,1944,1999,2112
47214,"Kemp, Bob",non-elite,1577,3198,4898,6796,8765,10769,12844,14826,1621,1700,1898,1969,2004,2075,1982
47215,"Scott, Michael B",non-elite,1617,3275,5007,6827,8704,10649,12647,14759,1658,1732,1820,1877,1945,1998,2112
47216,"Mariconda, Alan R",non-elite,1551,3122,4753,6422,8200,10224,12375,14648,1571,1631,1669,1778,2024,2151,2273
47217,"Degrauwe, Casandra",non-elite,1511,3020,4544,6135,7854,9937,12160,14658,1509,1524,1591,1719,2083,2223,2498
47218,"Slotte, Clas-Eirik",non-elite,1683,3343,5062,6848,8673,10675,12737,14748,1660,1719,1786,1825,2002,2062,2011
47219,"Liang, Gang",non-elite,1360,2827,4601,6408,8267,10230,12696,14725,1467,1774,1807,1859,1963,2466,2029
47220,"Tabor, Troy L Jr.",non-elite,1577,3191,4843,6509,8256,10200,12443,14760,1614,1652,1666,1747,1944,2243,2317
47221,"Nichols, Gary",non-elite,1616,3285,5094,6898,8775,10809,12852,14823,1669,1809,1804,1877,2034,2043,1971
47222,"Ramage, James B.",non-elite,1671,3349,5065,6840,8640,10564,12667,14760,1678,1716,1775,1800,1924,2103,2093
47223,"Gray, Terri J",non-elite,1658,3371,5153,6999,8869,10853,12893,14849,1713,1782,1846,1870,1984,2040,1956
47224,"Liu, Qianyue",non-elite,1544,3115,4711,6630,8527,10537,12706,14767,1571,1596,1919,1897,2010,2169,2061
47225,"Richard, John",non-elite,1642,3253,4907,6559,8230,10395,12449,14680,1611,1654,1652,1671,2165,2054,2231
47226,"Lin, Shuheng",non-elite,1735,3417,5103,6821,8600,10547,12719,14801,1682,1686,1718,1779,1947,2172,2082
47227,"Pedro, Eustaquio Jose",non-elite,1776,3555,5317,7162,9042,10913,12808,14708,1779,1762,1845,1880,1871,1895,1900
47228,"Murphy, Michael E.",non-elite,1836,3671,5478,7302,9132,11011,12946,14845,1835,1807,1824,1830,1879,1935,1899
47229,"Bonnefous, Bernard",non-elite,1516,3072,4673,6326,7973,9935,12536,14760,1556,1601,1653,1647,1962,2601,2224
47230,"McCarthy, Kevin B.",non-elite,1633,3201,4818,6419,8054,10323,12644,14788,1568,1617,1601,1635,2269,2321,2144
47231,"Richard, Paul",non-elite,1645,3256,4909,6561,8233,10398,12451,14682,1611,1653,1652,1672,2165,2053,2231
47232,"Kurowski, Christy",non-elite,1559,3247,5032,6885,8728,10785,12839,14827,1688,1785,1853,1843,2057,2054,1988
47233,"Walker, Kimberly R",non-elite,1651,3436,5295,7220,9122,11066,13012,14868,1785,1859,1925,1902,1944,1946,1856
47234,"Gadient, Teresa A",non-elite,1637,3340,5106,6903,8821,10804,12818,14797,1703,1766,1797,1918,1983,2014,1979
47235,"Canale, Stephen T.",non-elite,1830,3541,5276,7071,8884,10776,12847,14805,1711,1735,1795,1813,1892,2071,1958
47236,"Canale, Michele A.",non-elite,1809,3540,5275,7071,8907,10776,12847,14805,1731,1735,1796,1836,1869,2071,1958
47237,"Ramos, Kelly",non-elite,1949,3718,5637,7410,9319,11149,13077,14882,1769,1919,1773,1909,1830,1928,1805
47238,"Harris, Brian F",non-elite,1794,3638,5464,7300,9123,11008,12919,14808,1844,1826,1836,1823,1885,1911,1889
47239,"Wheeler, Sue",non-elite,1949,3718,5636,7410,9319,11149,13077,14883,1769,1918,1774,1909,1830,1928,1806
47240,"Knapp, Kimberlie A.",non-elite,1949,3718,5637,7421,9319,11150,13077,14883,1769,1919,1784,1898,1831,1927,1806
47241,"Allen, Terry J",non-elite,1949,3718,5637,7421,9319,11149,13077,14883,1769,1919,1784,1898,1830,1928,1806
47242,"Krishnan, Kousik",non-elite,1619,3268,4962,6695,8472,10481,12670,14845,1649,1694,1733,1777,2009,2189,2175
47243,"Lyon, Jessica A.",non-elite,1537,3162,4862,6679,8561,10609,12790,14814,1625,1700,1817,1882,2048,2181,2024
47244,"Ossanna, Melissa J",non-elite,1558,3169,4772,6461,8345,10350,12607,14737,1611,1603,1689,1884,2005,2257,2130
47245,"Dourte, Alyssa M.",non-elite,1638,3302,5102,7004,8849,10896,12861,14858,1664,1800,1902,1845,2047,1965,1997
47246,"Marsh, Christopher S.",non-elite,1602,3206,4867,6595,8426,10356,12670,14870,1604,1661,1728,1831,1930,2314,2200
47247,"Pearson, Heather",non-elite,1652,3315,4986,6718,8472,10368,12485,14795,1663,1671,1732,1754,1896,2117,2310
47248,"Magargee, Madison R",non-elite,1675,3373,5115,6911,8878,10810,12864,14838,1698,1742,1796,1967,1932,2054,1974
47249,"Myers, Joey",non-elite,1715,3464,5208,7005,8869,10759,12910,14833,1749,1744,1797,1864,1890,2151,1923
47250,"Usher, Camille",non-elite,1464,2949,4610,6524,8343,10326,12871,14925,1485,1661,1914,1819,1983,2545,2054
47251,"Brown, Bruce P.",non-elite,1465,2950,4610,6524,8344,10326,12870,14926,1485,1660,1914,1820,1982,2544,2056
47252,"Benson, Susanne G.",non-elite,1810,3633,5456,7267,9091,10993,12961,14885,1823,1823,1811,1824,1902,1968,1924
47253,"Boutwell, Hilary",non-elite,1621,3227,4896,6722,8705,10753,12736,14777,1606,1669,1826,1983,2048,1983,2041
47254,"Wang, Shan",non-elite,1721,3389,5088,6907,8713,10655,12694,14760,1668,1699,1819,1806,1942,2039,2066
47255,"Reuveni, Doron",non-elite,1555,3194,4883,6638,8496,10522,12658,14789,1639,1689,1755,1858,2026,2136,2131
47256,"Bordonaro, Carmen",non-elite,1668,3236,4813,6405,8064,10076,12289,14723,1568,1577,1592,1659,2012,2213,2434
47257,"Griffard, John",non-elite,1599,3201,4870,6630,8469,10463,12517,14727,1602,1669,1760,1839,1994,2054,2210
47258,"Smyth, Brighid B",non-elite,1607,3286,5050,6865,8713,10682,12754,14784,1679,1764,1815,1848,1969,2072,2030
47259,"Naft, Aaron",non-elite,2054,3909,5724,7566,9460,11347,13068,14893,1855,1815,1842,1894,1887,1721,1825
47260,"Lemoine, Michael",non-elite,1730,3439,5050,6744,8545,10544,12739,14802,1709,1611,1694,1801,1999,2195,2063
47261,"Menke, Scott H.",non-elite,1937,3678,5342,6990,8831,10807,12784,14795,1741,1664,1648,1841,1976,1977,2011
47262,"Schroeder, Allyson D",non-elite,1532,3117,4772,6585,8524,10513,12637,14831,1585,1655,1813,1939,1989,2124,2194
47263,"Ripley, Nancy H",non-elite,1683,3452,5291,7109,8962,10902,12895,14814,1769,1839,1818,1853,1940,1993,1919
47264,"Iwaizumi, Kumiko",non-elite,1618,3237,4911,6687,8521,10459,12625,14777,1619,1674,1776,1834,1938,2166,2152
47265,"Merejil Rodriguez, Ignacio",non-elite,1220,2487,3832,5544,7234,9441,12468,14763,1267,1345,1712,1690,2207,3027,2295
47266,"Warfel, Susan",non-elite,1644,3405,5212,7290,9098,11024,13022,14887,1761,1807,2078,1808,1926,1998,1865
47267,"Gaughran, Eileen K.",non-elite,1705,3472,5299,7182,9073,11019,12976,14853,1767,1827,1883,1891,1946,1957,1877
47268,"Kim, Yunsang",non-elite,1690,3370,5088,6851,8671,10629,12674,14704,1680,1718,1763,1820,1958,2045,2030
47269,"Eyre, Jay",non-elite,1690,3376,5120,6913,8778,10755,12776,14794,1686,1744,1793,1865,1977,2021,2018
47270,"Smidt, Karen J",non-elite,1712,3501,5264,7047,8917,10863,12895,14853,1789,1763,1783,1870,1946,2032,1958
47271,"Kim, Nahyun",non-elite,1691,3371,5088,6849,8671,10630,12673,14706,1680,1717,1761,1822,1959,2043,2033
47272,"Kokotovich, Lisa",non-elite,1515,3096,4779,6556,8499,10689,12840,14797,1581,1683,1777,1943,2190,2151,1957
47273,"Steinbrunner, Thomas A.",non-elite,1493,3046,4744,6587,8565,10560,12755,14818,1553,1698,1843,1978,1995,2195,2063
47274,"Bertilacchi-Green, Susan D",non-elite,1691,3368,5122,6936,8814,10792,12841,14841,1677,1754,1814,1878,1978,2049,2000
47275,"Miller, Patricia",non-elite,1615,3313,5148,7048,8932,10939,12960,14882,1698,1835,1900,1884,2007,2021,1922
47276,"Reidy, Jillian M.",non-elite,1757,3414,5066,6805,8595,10612,12751,14939,1657,1652,1739,1790,2017,2139,2188
47277,"Cheung, Ming",non-elite,1766,3480,5146,6878,8620,10543,12509,14697,1714,1666,1732,1742,1923,1966,2188
47278,"Arendt, Laura G.",non-elite,1700,3372,5072,6859,8674,10614,12661,14759,1672,1700,1787,1815,1940,2047,2098
47279,"Cover, Michael S",non-elite,1634,3259,4883,6533,8256,10267,12470,14739,1625,1624,1650,1723,2011,2203,2269
47280,"Drennan, Lizette B.",non-elite,1677,3396,5204,7034,8893,10882,12893,14814,1719,1808,1830,1859,1989,2011,1921
47281,"Riley, Laura A.",non-elite,1791,3637,5451,7255,9040,10883,12779,14761,1846,1814,1804,1785,1843,1896,1982
47282,"Xiong, Jinlei",non-elite,1823,3628,5400,7222,9047,11037,13014,14903,1805,1772,1822,1825,1990,1977,1889
47283,"Galloway, Paula J",non-elite,1725,3562,5494,7445,9351,11240,13143,14943,1837,1932,1951,1906,1889,1903,1800
47284,"Lynch, Jennifer J.",non-elite,1684,3345,4976,6656,8385,10290,12408,14711,1661,1631,1680,1729,1905,2118,2303
47285,"Chewning, Jason",non-elite,1826,3555,5253,6985,8763,10692,12812,14833,1729,1698,1732,1778,1929,2120,2021
47286,"Ealey, Mark A.",non-elite,1761,3544,5304,7127,8969,10893,12844,14815,1783,1760,1823,1842,1924,1951,1971
47287,"Best, Tami M",non-elite,1641,3302,4992,6779,8588,10538,12622,14747,1661,1690,1787,1809,1950,2084,2125
47288,"Yuen, Megan",non-elite,1735,3491,5266,7074,8934,10833,12773,14796,1756,1775,1808,1860,1899,1940,2023
47289,"Volpe, Arthur F. Jr.",non-elite,1774,3478,5186,6966,8675,10501,12593,14735,1704,1708,1780,1709,1826,2092,2142
47290,"Crookshank, Patti",non-elite,1684,3414,5187,6993,8853,10828,12924,14858,1730,1773,1806,1860,1975,2096,1934
47291,"Steis, Tatyana",non-elite,1527,3041,4689,6390,8099,10293,12375,14529,1514,1648,1701,1709,2194,2082,2154
47292,"Jansen, Margaret K",non-elite,1694,3463,5223,7034,8904,10897,12876,14822,1769,1760,1811,1870,1993,1979,1946
47293,"Kauffman, William L. Jr.",non-elite,1642,3398,5410,7434,9291,11141,13132,14933,1756,2012,2024,1857,1850,1991,1801
47294,"Kashima, Koichi",non-elite,1585,3195,4857,6580,8376,10351,12491,14678,1610,1662,1723,1796,1975,2140,2187
47295,"Hickey, Jennifer G",non-elite,1548,3092,4713,6358,8182,10181,12280,14744,1544,1621,1645,1824,1999,2099,2464
47296,"Schmidlkofer, Helen",non-elite,1667,3487,5377,7236,9112,11120,13103,14941,1820,1890,1859,1876,2008,1983,1838
47297,"Ott, Nikolas",non-elite,1848,3621,5385,7194,9016,10949,12884,14831,1773,1764,1809,1822,1933,1935,1947
47298,"Felts, Katie M",non-elite,1739,3484,5240,7022,8800,10691,12689,14726,1745,1756,1782,1778,1891,1998,2037
47299,"Howell, Emily S",non-elite,1664,3376,5219,7104,9015,11088,13110,14910,1712,1843,1885,1911,2073,2022,1800
47300,"Bae, Man H",non-elite,1544,3156,4874,6678,8462,10475,12579,14723,1612,1718,1804,1784,2013,2104,2144
47301,"Duggan, Shelley",non-elite,1741,3468,5202,6978,8760,10673,12670,14738,1727,1734,1776,1782,1913,1997,2068
47302,"Perez, Gerry",non-elite,1625,3323,5053,6873,8682,10611,12729,14818,1698,1730,1820,1809,1929,2118,2089
47303,"Conner, Debbie",non-elite,1624,3323,5053,6873,8680,10611,12728,14818,1699,1730,1820,1807,1931,2117,2090
47304,"Miller, Charla",non-elite,1669,3342,5037,6773,8620,10560,12664,14779,1673,1695,1736,1847,1940,2104,2115
47305,"Raps, Karen L",non-elite,1668,3392,5183,7040,8938,10900,12916,14865,1724,1791,1857,1898,1962,2016,1949
47306,"Cohen, Liz D.",non-elite,1689,3296,4947,6692,8556,10658,12646,14872,1607,1651,1745,1864,2102,1988,2226
47307,"Pirrung, Roy",non-elite,1695,3476,5296,7133,8990,10949,12971,14878,1781,1820,1837,1857,1959,2022,1907
47308,"Harris, Russell D.",non-elite,1731,3484,5232,7040,8952,10830,12774,14768,1753,1748,1808,1912,1878,1944,1994
47309,"Smith, Stephanie E.",non-elite,1737,3445,5128,6877,8729,10657,12703,14784,1708,1683,1749,1852,1928,2046,2081
47310,"Martl-Wallem, Renate",non-elite,1550,3199,4903,6723,8617,10678,12828,14838,1649,1704,1820,1894,2061,2150,2010
47311,"Scavetta, Joe",non-elite,1824,3522,5163,6840,8705,10726,12694,14789,1698,1641,1677,1865,2021,1968,2095
47312,"Keroack, Mary E.",non-elite,1956,3845,5736,7595,9452,11321,13195,14977,1889,1891,1859,1857,1869,1874,1782
47313,"Rizo Pinzon, Miryam S. Jr.",non-elite,1643,3323,5053,6864,8733,10763,12797,14869,1680,1730,1811,1869,2030,2034,2072
47314,"Kimoto, Jennifer M.",non-elite,1470,3007,4614,6304,8045,10016,12511,14818,1537,1607,1690,1741,1971,2495,2307
47315,"Sartor, Michelle",non-elite,1664,3368,5150,7006,8951,11032,13018,14915,1704,1782,1856,1945,2081,1986,1897
47316,"Andreottola, Michael D.",non-elite,1774,3538,5296,7086,8874,10843,12923,14863,1764,1758,1790,1788,1969,2080,1940
47317,"Courville, Bernard",non-elite,1584,3188,4830,6519,8238,10144,12404,14758,1604,1642,1689,1719,1906,2260,2354
47318,"Maggiore, Lori",non-elite,1670,3372,5098,6891,8696,10760,12741,14866,1702,1726,1793,1805,2064,1981,2125
47319,"Levinson, Randy",non-elite,1626,3254,4870,6702,8648,10733,12798,14825,1628,1616,1832,1946,2085,2065,2027
47320,"Weber, Joshua D.",non-elite,1373,2773,4314,6006,7776,9777,12196,14728,1400,1541,1692,1770,2001,2419,2532
47321,"Cunliffe, Karen",non-elite,1830,3718,5573,7453,9315,11189,13055,14931,1888,1855,1880,1862,1874,1866,1876
47322,"English, James F.",non-elite,1772,3529,5267,7058,8920,10794,12796,14838,1757,1738,1791,1862,1874,2002,2042
47323,"Cefalu, Justine",non-elite,1393,2834,4606,6253,8584,10426,12471,14865,1441,1772,1647,2331,1842,2045,2394
47324,"Wilson, Jolene",non-elite,1746,3524,5282,7092,8923,10841,12845,14802,1778,1758,1810,1831,1918,2004,1957
47325,"Mulinix, Carol",non-elite,1746,3523,5281,7092,8923,10841,12845,14802,1777,1758,1811,1831,1918,2004,1957
47326,"Bellazain-Harris, Sheba",non-elite,1569,3278,4961,6705,8575,10578,12694,14777,1709,1683,1744,1870,2003,2116,2083
47327,"Boud, Thomas",non-elite,1633,3266,4957,6709,8487,10463,12515,14706,1633,1691,1752,1778,1976,2052,2191
47328,"Andersen, Jimmy L. Jr.",non-elite,1873,3630,5354,7080,8860,10763,12913,14857,1757,1724,1726,1780,1903,2150,1944
47329,"Valdes, Freddie",non-elite,1358,2781,4340,6153,8029,10190,12308,14629,1423,1559,1813,1876,2161,2118,2321
47330,"Olsen, Spencer D.",non-elite,1787,3555,5339,7172,9040,10983,12944,14876,1768,1784,1833,1868,1943,1961,1932
47331,"Scott, Laura E.",non-elite,1595,3197,4942,6746,8678,10787,12874,14900,1602,1745,1804,1932,2109,2087,2026
47332,"Rinderer, Sandra",non-elite,1643,3358,5189,7038,9030,10978,12950,14864,1715,1831,1849,1992,1948,1972,1914
47333,"Constantineau, Jason A.",non-elite,1663,3307,5002,6704,8433,10399,12623,14789,1644,1695,1702,1729,1966,2224,2166
47334,"Kapinos, Kim N",non-elite,1460,2978,4564,6358,8229,10795,12756,14964,1518,1586,1794,1871,2566,1961,2208
47335,"Erskine, Kim",non-elite,1712,3455,5266,7078,8977,10843,12841,14870,1743,1811,1812,1899,1866,1998,2029
47336,"Gilbert, Marlin J",non-elite,1450,3029,4685,6466,8296,10419,12649,14791,1579,1656,1781,1830,2123,2230,2142
47337,"Sloman, Angela Y",non-elite,1641,3356,5074,6885,8724,10665,12796,14777,1715,1718,1811,1839,1941,2131,1981
47338,"Rozembersky, Ildiko R.",non-elite,1759,3522,5339,7165,9077,11023,13017,14904,1763,1817,1826,1912,1946,1994,1887
47339,"Irwin, Lori E.",non-elite,1622,3267,4991,7481,9246,11117,13008,14881,1645,1724,2490,1765,1871,1891,1873
47340,"Nelms, Stacy L.",non-elite,1517,3060,4647,6313,8340,10333,12643,14891,1543,1587,1666,2027,1993,2310,2248
47341,"Graham, Scott R.",non-elite,1443,3090,4848,6671,8532,10611,12711,14784,1647,1758,1823,1861,2079,2100,2073
47342,"Roth, Benjamin",non-elite,1639,3197,4793,6450,8193,10046,12799,14883,1558,1596,1657,1743,1853,2753,2084
47343,"Krasovec, Wendy",non-elite,1761,3498,5267,7032,8828,10767,12800,14802,1737,1769,1765,1796,1939,2033,2002
47344,"Webb, Kevin L",non-elite,1399,2826,4500,6336,8261,10345,12549,14788,1427,1674,1836,1925,2084,2204,2239
47345,"Loeb, Ingemar Sr.",non-elite,1730,3497,5226,7044,8943,10878,12886,14852,1767,1729,1818,1899,1935,2008,1966
47346,"Doherty, Cristina M.",non-elite,1609,3294,5073,6902,8784,10780,12856,14839,1685,1779,1829,1882,1996,2076,1983
47347,"Bellamy, Debra J.",non-elite,1708,3477,5286,7160,9032,10962,12939,14876,1769,1809,1874,1872,1930,1977,1937
47348,"Maturo, Andrea",non-elite,1834,3586,5321,7058,8839,10758,12790,14779,1752,1735,1737,1781,1919,2032,1989
47349,"Frederickson, Deborah A",non-elite,1714,3529,5295,7165,9028,10966,12966,14852,1815,1766,1870,1863,1938,2000,1886
47350,"Burrows, Jennifer",non-elite,1539,3108,4755,6477,8478,10498,12909,14923,1569,1647,1722,2001,2020,2411,2014
47351,"Rohn, John D.",non-elite,1762,3414,5058,6737,8442,10245,12291,14746,1652,1644,1679,1705,1803,2046,2455
47352,"Tifft, Dale C",non-elite,1662,3307,5026,7002,8873,10789,12943,14915,1645,1719,1976,1871,1916,2154,1972
47353,"Alanis Marcos, Alejandra",non-elite,1673,3375,5230,7191,9125,11139,13053,14912,1702,1855,1961,1934,2014,1914,1859
47354,"Zaborac, Dennis M",non-elite,1665,3345,5039,6851,8623,10543,12674,14813,1680,1694,1812,1772,1920,2131,2139
47355,"Amend, Kandace",non-elite,1620,3258,4954,6751,8622,10589,12676,14741,1638,1696,1797,1871,1967,2087,2065
47356,"Deree, Jessica A",non-elite,1695,3424,5328,7173,9020,11005,13015,14896,1729,1904,1845,1847,1985,2010,1881
47357,"Sandoval, George",non-elite,1584,3192,4800,6462,8153,9990,12081,14478,1608,1608,1662,1691,1837,2091,2397
47358,"Dohrn, Laurie K",non-elite,1709,3434,5223,7068,8921,10892,12912,14861,1725,1789,1845,1853,1971,2020,1949
47359,"Criman, Monika",non-elite,1374,2766,4223,5780,7442,9413,11758,14654,1392,1457,1557,1662,1971,2345,2896
47360,"Grady, Ellen C",non-elite,1648,3377,5139,6961,8804,10759,12772,14855,1729,1762,1822,1843,1955,2013,2083
47361,"Schmidt, Judy",non-elite,1702,3430,5155,6897,8712,10704,12841,14872,1728,1725,1742,1815,1992,2137,2031
47362,"McVay, Thomas",non-elite,1687,3304,4930,6641,8368,10420,12703,14860,1617,1626,1711,1727,2052,2283,2157
47363,"Wolf, Andrea S",non-elite,1767,3607,5463,7328,9217,11173,13088,14979,1840,1856,1865,1889,1956,1915,1891
47364,"O'Donald, A. J. III",non-elite,1850,3743,5544,7443,9178,10901,12778,14864,1893,1801,1899,1735,1723,1877,2086
47365,"Willett, Dana L",non-elite,1702,3535,5265,7033,8834,10822,12849,14826,1833,1730,1768,1801,1988,2027,1977
47366,"Dwyer, Greg T.",non-elite,1688,3275,4858,6522,8389,10557,12784,14846,1587,1583,1664,1867,2168,2227,2062
47367,"Darling, Mike",non-elite,1668,3302,4949,6684,8545,10630,12814,14884,1634,1647,1735,1861,2085,2184,2070
47368,"Rojas Navarro, Magaly P.",non-elite,1766,3539,5301,7108,8945,10883,12887,14867,1773,1762,1807,1837,1938,2004,1980
47369,"Lopes Fernandes, Philippe",non-elite,1808,3536,5282,7106,8901,10759,12902,14877,1728,1746,1824,1795,1858,2143,1975
47370,"Devine, Meredith",non-elite,1564,3133,4774,6458,8246,10280,12492,14818,1569,1641,1684,1788,2034,2212,2326
47371,"McGoldrick, Maggie",non-elite,1823,3569,5349,7196,9077,10991,12946,14887,1746,1780,1847,1881,1914,1955,1941
47372,"Mills, Jesse",non-elite,1686,3346,5028,6755,8659,10573,12684,14868,1660,1682,1727,1904,1914,2111,2184
47373,"Farnell, Dee Anna",non-elite,1667,3458,5280,7258,9173,11162,13182,14939,1791,1822,1978,1915,1989,2020,1757
47374,"Boyd, Lana",non-elite,1603,3308,5114,7003,8935,10932,12958,14865,1705,1806,1889,1932,1997,2026,1907
47375,"Spillman, Cindy",non-elite,1671,3341,5078,6922,8804,10769,12810,14837,1670,1737,1844,1882,1965,2041,2027
47376,"Waterberg, Marinus E.",non-elite,1620,3289,4989,6742,8652,10656,12795,14875,1669,1700,1753,1910,2004,2139,2080
47377,"Lamb, Christopher R.",non-elite,1552,3088,4733,6464,8237,10210,12425,14722,1536,1645,1731,1773,1973,2215,2297
47379,"Kato, Satomi",non-elite,1547,3150,4820,6562,8437,10560,12762,14844,1603,1670,1742,1875,2123,2202,2082
47380,"Kirkwood, James F.",non-elite,1783,3494,5249,6965,8757,10686,12730,14808,1711,1755,1716,1792,1929,2044,2078
47381,"Gilbert, Andrew R.",non-elite,1665,3294,4927,6599,8354,10302,12550,14813,1629,1633,1672,1755,1948,2248,2263
47382,"Hampton, Joy",non-elite,1612,3398,5184,7124,8991,11011,13007,14893,1786,1786,1940,1867,2020,1996,1886
47383,"Bennett, Richard A",non-elite,1598,3224,4796,6426,8391,10467,12658,14795,1626,1572,1630,1965,2076,2191,2137
47384,"Dance, Art",non-elite,1629,3250,4905,6590,8275,10133,12279,14605,1621,1655,1685,1685,1858,2146,2326
47385,"Hagin, John",non-elite,1664,3395,5197,7050,8946,10958,13017,14901,1731,1802,1853,1896,2012,2059,1884
47386,"Alene, Terris",non-elite,1677,3341,5125,6981,8846,10831,12859,14847,1664,1784,1856,1865,1985,2028,1988
47387,"Schaffhauser, Armin",non-elite,1749,3460,5185,6992,8792,10761,12844,14805,1711,1725,1807,1800,1969,2083,1961
47388,"Fiske, Darrell",non-elite,1721,3501,5237,6938,8706,10570,12573,14863,1780,1736,1701,1768,1864,2003,2290
47389,"Sheppard, Judy",non-elite,1773,3628,5448,7312,9171,11132,13106,14960,1855,1820,1864,1859,1961,1974,1854
47390,"Kuhn, Stephanie J.",non-elite,1719,3441,5183,6960,8821,10826,12867,14876,1722,1742,1777,1861,2005,2041,2009
47391,"Hartge, Thomas E",non-elite,1575,3077,4557,6070,7598,9242,12048,14896,1502,1480,1513,1528,1644,2806,2848
47392,"Stratton, Richard F.",non-elite,1702,3366,5025,6748,8649,10697,12846,14850,1664,1659,1723,1901,2048,2149,2004
47393,"Badve, Sandeep",non-elite,1407,2848,4307,5850,7504,9657,12057,14570,1441,1459,1543,1654,2153,2400,2513
47394,"Ritland, John C",non-elite,1665,3389,5163,7021,8880,10870,12916,14874,1724,1774,1858,1859,1990,2046,1958
47395,"Zuber, Alexandra",non-elite,1576,3230,4968,6752,8597,10694,12843,14908,1654,1738,1784,1845,2097,2149,2065
47396,"Venick, Robin",non-elite,1685,3383,5160,6981,8871,10802,12834,14859,1698,1777,1821,1890,1931,2032,2025
47397,"Nicholson, Kellyann",non-elite,1617,3345,5227,7137,8950,11064,13028,14879,1728,1882,1910,1813,2114,1964,1851
47398,"Liston, Jill K.",non-elite,1585,3352,5237,7299,9094,11032,13009,14962,1767,1885,2062,1795,1938,1977,1953
47399,"Howell, Julie A.",non-elite,1807,3585,5375,7182,8999,10887,12872,14788,1778,1790,1807,1817,1888,1985,1916
47400,"Rosen, Michele",non-elite,1768,3618,5512,7391,9263,11159,13038,14927,1850,1894,1879,1872,1896,1879,1889
47401,"Kumeda, Andy",non-elite,1585,3352,5238,7299,9095,11033,13009,14963,1767,1886,2061,1796,1938,1976,1954
47402,"Regan, Cecelia E",non-elite,1548,3088,4683,6335,8029,9947,12394,14649,1540,1595,1652,1694,1918,2447,2255
47403,"Martinez-Sobral, Pichon Sr.",non-elite,1368,2760,4225,5908,7800,9876,12418,14790,1392,1465,1683,1892,2076,2542,2372
47404,"Neczypyr, Nicholas P.",non-elite,1779,3529,5260,7110,8923,10833,12850,14827,1750,1731,1850,1813,1910,2017,1977
47405,"Bolcome, Zachary J.",non-elite,1672,3433,5194,6950,8695,10514,12848,14869,1761,1761,1756,1745,1819,2334,2021
47406,"Benestad, Elizabeth",non-elite,1625,3254,4898,6587,8288,10367,12573,14882,1629,1644,1689,1701,2079,2206,2309
47407,"Kim, Grace",non-elite,1754,3504,5235,7009,8801,10849,12911,14897,1750,1731,1774,1792,2048,2062,1986
47408,"Shibuya, Etsuko",non-elite,1610,3305,5168,7122,9165,11191,13183,14949,1695,1863,1954,2043,2026,1992,1766
47409,"O'Sullivan, John",non-elite,1789,3607,5386,7203,9076,10986,12957,14917,1818,1779,1817,1873,1910,1971,1960
47410,"Sapia, Dinah V",non-elite,1550,3276,5135,7021,8923,10887,12906,14849,1726,1859,1886,1902,1964,2019,1943
47411,"Scannell, Caroline E.",non-elite,1648,3196,4877,6635,8482,10624,12836,14889,1548,1681,1758,1847,2142,2212,2053
47412,"Kaboub, Paul H.",non-elite,1739,3344,4994,6634,8422,10460,12667,14804,1605,1650,1640,1788,2038,2207,2137
47413,"Rempel, Rod",non-elite,1667,3449,5236,7031,8841,10750,12785,14829,1782,1787,1795,1810,1909,2035,2044
47414,"Carpenter, Julia A.",non-elite,1624,3262,4909,6580,8273,10104,12241,14628,1638,1647,1671,1693,1831,2137,2387
47415,"Brannen, Stephanie E.",non-elite,1586,3191,5006,6812,8894,10957,13096,14985,1605,1815,1806,2082,2063,2139,1889
47416,"Devan, Sean",non-elite,1522,2990,4497,6088,7931,10070,12336,14732,1468,1507,1591,1843,2139,2266,2396
47417,"Donahue, Gabrielle S.",non-elite,1830,3598,5447,7255,9069,10941,12962,14900,1768,1849,1808,1814,1872,2021,1938
47418,"Ray, Rose M",non-elite,1598,3195,4829,6478,8402,10277,12411,14675,1597,1634,1649,1924,1875,2134,2264
47419,"Takahashi, Akira",non-elite,1737,3484,5291,7155,9010,10926,12896,14880,1747,1807,1864,1855,1916,1970,1984
47420,"Kirk, Christine",non-elite,1671,3400,5180,6989,8817,10732,12764,14827,1729,1780,1809,1828,1915,2032,2063
47421,"Krakauer, David B.",non-elite,1746,3381,5004,6668,8421,10290,12502,14669,1635,1623,1664,1753,1869,2212,2167
47422,"Lavigne, Bridget",non-elite,1554,3163,4811,6533,8313,10368,12607,14787,1609,1648,1722,1780,2055,2239,2180
47423,"Harris, Robert B.",non-elite,1682,3450,5289,7135,9043,11036,13013,14919,1768,1839,1846,1908,1993,1977,1906
47424,"Talbot, Elisabeth T.",non-elite,1847,3597,5348,7197,9045,10974,12956,14896,1750,1751,1849,1848,1929,1982,1940
47425,"Rivera, Jose",non-elite,1656,3377,5174,7011,8845,10836,12885,14859,1721,1797,1837,1834,1991,2049,1974
47426,"Hollenhorst, Thomas M",non-elite,1587,3208,4815,6470,8228,10277,12506,14788,1621,1607,1655,1758,2049,2229,2282
47427,"Del Vecchio, Nicole M.",non-elite,1685,3341,5034,6906,8867,10853,12901,14856,1656,1693,1872,1961,1986,2048,1955
47428,"Nardelli, Heather",non-elite,1862,3705,5451,7340,9218,11077,13084,14940,1843,1746,1889,1878,1859,2007,1856
47429,"Lam, Fung Fong",non-elite,1635,3370,5187,7041,8942,10916,12974,14882,1735,1817,1854,1901,1974,2058,1908
47430,"Merrick, George N",non-elite,1557,3114,4902,6745,8667,10699,12776,14869,1557,1788,1843,1922,2032,2077,2093
47431,"Portwine, Alexandra K.",non-elite,1639,3360,5231,7098,8976,10980,13009,14885,1721,1871,1867,1878,2004,2029,1876
47432,"Zinkel, John",non-elite,1814,3701,5500,7314,9106,10972,12885,14875,1887,1799,1814,1792,1866,1913,1990
47433,"Price, Nikita C.",non-elite,1572,3124,4863,6748,8558,10633,12912,14929,1552,1739,1885,1810,2075,2279,2017
47434,"O'Brien, Katherine M.",non-elite,1855,3709,5538,7406,9262,11141,13081,14968,1854,1829,1868,1856,1879,1940,1887
47435,"Gipson, Donald",non-elite,1810,3507,5178,6915,8657,10555,12720,14836,1697,1671,1737,1742,1898,2165,2116
47436,"Fairfield, Caitlin S.",non-elite,1702,3399,5155,6951,8758,10680,12723,14821,1697,1756,1796,1807,1922,2043,2098
47437,"Norman, Katya",non-elite,1589,3180,4821,6601,8452,10673,12878,14891,1591,1641,1780,1851,2221,2205,2013
47438,"Studley, Linda M",non-elite,1844,3704,5550,7423,9287,11199,13102,14938,1860,1846,1873,1864,1912,1903,1836
47439,"Kokal, Debbie",non-elite,1573,3178,4868,6692,8556,10523,12690,14842,1605,1690,1824,1864,1967,2167,2152
47440,"Whitsitt, Lisa",non-elite,1771,3643,5481,7348,9220,11145,13045,14933,1872,1838,1867,1872,1925,1900,1888
47441,"Gannon, Lurleen A.",non-elite,1789,3568,5312,7112,8881,11036,12977,14939,1779,1744,1800,1769,2155,1941,1962
47442,"Manning, Carolyn",non-elite,1789,3569,5312,7112,8881,11036,12977,14939,1780,1743,1800,1769,2155,1941,1962
47443,"Alves, Fernando B. Sr.",non-elite,1566,3208,4858,6572,8377,10435,12816,14984,1642,1650,1714,1805,2058,2381,2168
47444,"Johnsen, Lars Petter",non-elite,1569,3167,4817,6595,8391,10453,12665,14851,1598,1650,1778,1796,2062,2212,2186
47445,"Milliken, David",non-elite,1555,3228,5026,6896,8686,10604,12719,14871,1673,1798,1870,1790,1918,2115,2152
47446,"Chen, Stephanie",non-elite,1729,3391,5038,6761,8509,10432,12528,14891,1662,1647,1723,1748,1923,2096,2363
47447,"Ng, Paul",non-elite,1539,3132,4822,6621,8443,10517,12667,14793,1593,1690,1799,1822,2074,2150,2126
47448,"Omalley, Janet",non-elite,1582,3199,4813,6521,8347,10327,12547,14793,1617,1614,1708,1826,1980,2220,2246
47449,"Graves, Heather R.",non-elite,1505,3083,4720,6439,8159,10081,12254,14620,1578,1637,1719,1720,1922,2173,2366
47450,"Gregorczyk, Karen N",non-elite,1511,3058,4632,6455,8398,10543,12930,14902,1547,1574,1823,1943,2145,2387,1972
47451,"Myers, Sandee",non-elite,1720,3521,5304,7147,9041,10963,13030,14918,1801,1783,1843,1894,1922,2067,1888
47452,"Ridout, Edwin M",non-elite,1765,3564,5369,7193,9067,11022,12965,14906,1799,1805,1824,1874,1955,1943,1941
47453,"Kash, Leslie Rigby",non-elite,1765,3564,5369,7192,9066,11022,12965,14906,1799,1805,1823,1874,1956,1943,1941
47454,"Nette, Eric R.",non-elite,1874,3582,5274,6972,8708,10519,12652,14752,1708,1692,1698,1736,1811,2133,2100
47455,"McSweeney, Brianna",non-elite,1832,3737,5492,7272,9097,11006,12975,14909,1905,1755,1780,1825,1909,1969,1934
47456,"Albert, Caitlyn V.",non-elite,1863,3704,5528,7386,9306,11214,13134,15051,1841,1824,1858,1920,1908,1920,1917
47457,"Cooper, Shelly K.",non-elite,1560,3260,5037,6877,8753,10761,12821,14855,1700,1777,1840,1876,2008,2060,2034
47458,"Vent, Craig",non-elite,1567,3173,4859,6568,8327,10250,12381,14858,1606,1686,1709,1759,1923,2131,2477
47459,"Saxman, Renee K",non-elite,1659,3274,4943,6710,8722,10769,12944,14952,1615,1669,1767,2012,2047,2175,2008
47460,"Chiles, Linda",non-elite,1599,3293,4956,6664,8543,10671,12834,14850,1694,1663,1708,1879,2128,2163,2016
47461,"Delehanty, Margaret A",non-elite,1690,3409,5200,7052,8992,11039,13042,14950,1719,1791,1852,1940,2047,2003,1908
47462,"McCormick, Heather",non-elite,1809,3569,5351,7191,9075,11013,13013,14950,1760,1782,1840,1884,1938,2000,1937
47463,"Ziemba, Natalie C",non-elite,1574,3192,4822,6489,8213,9997,11888,14203,1618,1630,1667,1724,1784,1891,2315
47464,"Chukuske, Ryan",non-elite,1886,3517,5143,6884,8920,10827,12827,14898,1631,1626,1741,2036,1907,2000,2071
47465,"Seidel, Ulrich",non-elite,1777,3615,5329,7082,8852,10707,12734,14848,1838,1714,1753,1770,1855,2027,2114
47466,"Tarabelsi, Kristen",non-elite,1769,3529,5317,7129,8992,10980,12976,14899,1760,1788,1812,1863,1988,1996,1923
47467,"Rubin, Jerome A.",non-elite,1625,3302,5044,6832,8652,10660,12693,14860,1677,1742,1788,1820,2008,2033,2167
47468,"Tripp, Holly",non-elite,1716,3506,5336,7163,9028,10971,12908,14896,1790,1830,1827,1865,1943,1937,1988
47469,"Sohn, Catherine S",non-elite,1653,3283,4940,6643,8404,10336,12458,14748,1630,1657,1703,1761,1932,2122,2290
47470,"Jangro, Robert J.",non-elite,2094,4043,5850,7550,9294,11115,13017,14945,1949,1807,1700,1744,1821,1902,1928
47471,"Chesson, Joslyn",non-elite,1518,3033,4599,6229,7954,9834,12562,14688,1515,1566,1630,1725,1880,2728,2126
47472,"Shaughnessy, Timothy J.",non-elite,1889,3641,5370,7116,8865,10679,12527,14778,1752,1729,1746,1749,1814,1848,2251
47473,"Plumb, David R.",non-elite,1854,3664,5401,7159,8949,10865,12843,14857,1810,1737,1758,1790,1916,1978,2014
47474,"Erwine, Lynn B",non-elite,1728,3479,5219,7007,8850,10829,12805,14817,1751,1740,1788,1843,1979,1976,2012
47475,"Shellenberger, Casey M.",non-elite,1816,3588,5356,7181,9028,10959,12954,14921,1772,1768,1825,1847,1931,1995,1967
47476,"Jamerson, Miki",non-elite,1693,3407,5162,6956,8838,10751,12869,14888,1714,1755,1794,1882,1913,2118,2019
47477,"Gold, Emily M",non-elite,1563,3116,4698,6464,8361,10355,12719,14849,1553,1582,1766,1897,1994,2364,2130
47478,"Bishop, Carol F.",non-elite,1514,3022,4645,6366,8438,10386,12696,14944,1508,1623,1721,2072,1948,2310,2248
47479,"Pathak, Rachana",non-elite,1595,3248,5102,6936,8832,10982,13029,14948,1653,1854,1834,1896,2150,2047,1919
47480,"Vafa, Keyon",non-elite,1745,3410,5100,6829,8586,10477,12595,14904,1665,1690,1729,1757,1891,2118,2309
47481,"Ross, Christine M",non-elite,1608,3313,4939,6829,8576,10559,12735,14846,1705,1626,1890,1747,1983,2176,2111
47482,"Harrison, William J.",non-elite,1803,3621,5426,7273,9094,11006,13038,14943,1818,1805,1847,1821,1912,2032,1905
47483,"Barthelemy, Vic",non-elite,1550,3113,4811,6730,8638,10669,12787,14881,1563,1698,1919,1908,2031,2118,2094
47484,"Slagger, David A.",non-elite,1570,3182,4991,6852,8704,10573,12802,14861,1612,1809,1861,1852,1869,2229,2059
47485,"Cortizo, Lauren A.",non-elite,1549,3214,4952,6826,8734,10826,12929,14925,1665,1738,1874,1908,2092,2103,1996
47486,"Ingold, Karen",non-elite,1596,3310,5032,6838,8663,10843,13348,15045,1714,1722,1806,1825,2180,2505,1697
47487,"Pazen, Paul M.",non-elite,1612,3300,5015,6773,8581,10607,12760,14816,1688,1715,1758,1808,2026,2153,2056
47488,"Neylon, Shaun",non-elite,1688,3374,5095,6813,8598,10689,12925,14931,1686,1721,1718,1785,2091,2236,2006
47489,"Southmayd, Roseann",non-elite,1866,3772,5562,7403,9246,11177,13131,14968,1906,1790,1841,1843,1931,1954,1837
47490,"Towler, Brian F",non-elite,1654,3396,5209,7050,8921,10902,12881,14838,1742,1813,1841,1871,1981,1979,1957
47491,"Mcclelland, Katy",non-elite,1567,3134,4737,6500,8259,10240,12589,14823,1567,1603,1763,1759,1981,2349,2234
47492,"Myers, Nancy",non-elite,1789,3606,5431,7264,9115,11041,12978,14934,1817,1825,1833,1851,1926,1937,1956
47493,"Jones, Teri",non-elite,1594,3268,5059,6904,8841,10944,12984,14938,1674,1791,1845,1937,2103,2040,1954
47494,"Mattox, Karen",non-elite,1671,3360,5162,7005,8839,10923,12995,14949,1689,1802,1843,1834,2084,2072,1954
47495,"Brown, Nanette A.",non-elite,1638,3448,5300,7180,9059,10981,12958,14906,1810,1852,1880,1879,1922,1977,1948
47496,"Weber, Joel B",non-elite,1644,3316,5137,6870,8730,10682,12736,14810,1672,1821,1733,1860,1952,2054,2074
47497,"Johnson, Tim",non-elite,1429,2902,4402,6062,7816,9703,12008,14541,1473,1500,1660,1754,1887,2305,2533
47498,"Wilson, Amy E.",non-elite,1850,3733,5559,7454,9238,11150,13090,14993,1883,1826,1895,1784,1912,1940,1903
47499,"Helmuth, Erik D.",non-elite,1798,3568,5421,7274,9148,11098,13113,15037,1770,1853,1853,1874,1950,2015,1924
47500,"Cochrane, Amanda E.",non-elite,1750,3500,5249,7052,8880,10788,12743,14947,1750,1749,1803,1828,1908,1955,2204
47501,"Haasen, John",non-elite,1575,3131,4702,6311,7936,9828,12365,14841,1556,1571,1609,1625,1892,2537,2476
47502,"Larson, Victoria L",non-elite,1690,3422,5171,6991,8836,10793,12820,14881,1732,1749,1820,1845,1957,2027,2061
47503,"Greer, Dave T Jr.",non-elite,1617,3335,5032,6816,8584,10609,12807,14907,1718,1697,1784,1768,2025,2198,2100
47504,"O'Connor, Margaret",non-elite,1884,3716,5645,7443,9221,11068,12976,14900,1832,1929,1798,1778,1847,1908,1924
47505,"Christensen, Jennifer S.",non-elite,1634,3364,5175,7048,8978,11016,13083,15040,1730,1811,1873,1930,2038,2067,1957
47506,"Kanaracus, Stavros",non-elite,1746,3531,5361,7240,9102,11076,13146,14995,1785,1830,1879,1862,1974,2070,1849
47507,"Dunbar, Walter S.",non-elite,1661,3353,5036,6753,8635,10655,12789,14887,1692,1683,1717,1882,2020,2134,2098
47508,"Paulsen, Johan",non-elite,1673,3358,5204,7178,8983,10980,13046,14965,1685,1846,1974,1805,1997,2066,1919
47509,"Robeson, Nathaniel",non-elite,1649,3249,4925,6642,8647,10641,12795,14901,1600,1676,1717,2005,1994,2154,2106
47510,"Iacoponi Junior, Ruy Ferreira Sr.",non-elite,1597,3237,4867,6628,8366,10342,12559,14902,1640,1630,1761,1738,1976,2217,2343
47511,"Cho, Patricia S.",non-elite,1808,3568,5350,7188,9073,11012,13009,14978,1760,1782,1838,1885,1939,1997,1969
47512,"Morrison, Todd W.",non-elite,1615,3330,5102,6884,8756,10768,12885,14917,1715,1772,1782,1872,2012,2117,2032
47513,"MacDonell, Nancy Y.",non-elite,1676,3406,5214,6976,8867,10891,12901,14879,1730,1808,1762,1891,2024,2010,1978
47514,"Labine, Glenn D",non-elite,1492,3011,4548,6136,7750,9627,11979,14883,1519,1537,1588,1614,1877,2352,2904
47515,"Anderson, Phillip S.",non-elite,1631,3281,4998,6779,8619,10594,12647,14771,1650,1717,1781,1840,1975,2053,2124
47516,"Dunn, Alexis A.",non-elite,1901,3692,5397,7120,8868,10705,12749,14925,1791,1705,1723,1748,1837,2044,2176
47517,"Smith, Jacquelyn N.",non-elite,1772,3544,5367,7177,9032,10995,13043,14961,1772,1823,1810,1855,1963,2048,1918
47518,"Nault, Colleen",non-elite,1577,3177,4854,6699,8727,10777,12936,14952,1600,1677,1845,2028,2050,2159,2016
47519,"Cameron, Micaela",non-elite,1823,3671,5539,7397,9268,11173,13092,14956,1848,1868,1858,1871,1905,1919,1864
47520,"Bachman, Glenne E.",non-elite,1761,3506,5402,7238,9063,10985,12975,14966,1745,1896,1836,1825,1922,1990,1991
47521,"Randall, Thomas C.",non-elite,1545,3159,4871,6619,8408,10392,12510,14792,1614,1712,1748,1789,1984,2118,2282
47522,"Crowne, Angeles",non-elite,1667,3395,5198,7087,8888,10846,12884,14879,1728,1803,1889,1801,1958,2038,1995
47523,"Jamerson, Charmaine",non-elite,1705,3418,5164,6957,8838,10751,12871,14893,1713,1746,1793,1881,1913,2120,2022
47524,"Bauders, Chris A.",non-elite,1740,3574,5388,7174,8969,10831,12711,14837,1834,1814,1786,1795,1862,1880,2126
47525,"Hohman, Lauri E.",non-elite,1700,3418,5218,7036,8898,10866,12885,14867,1718,1800,1818,1862,1968,2019,1982
47526,"Ammerlaan, Rianne",non-elite,1667,3366,5215,7007,8834,10818,12890,14880,1699,1849,1792,1827,1984,2072,1990
47527,"Poirier, Denise",non-elite,1758,3510,5345,7185,9024,10977,12987,14911,1752,1835,1840,1839,1953,2010,1924
47528,"Rybeck, Abraham P.",non-elite,1862,3644,5419,7306,9197,11201,13154,14985,1782,1775,1887,1891,2004,1953,1831
47529,"Fujisawa, Veronica",non-elite,1836,3644,5501,7343,9198,11145,13080,14959,1808,1857,1842,1855,1947,1935,1879
47530,"Taborsky, Christina",non-elite,1550,3154,4845,6564,8414,10395,12640,14834,1604,1691,1719,1850,1981,2245,2194
47531,"Alford, Eddie J",non-elite,1658,3375,5152,6965,8840,10762,12784,14893,1717,1777,1813,1875,1922,2022,2109
47532,"Mckee, Julie",non-elite,1602,3257,4934,6733,8562,10625,12861,14884,1655,1677,1799,1829,2063,2236,2023
47533,"DiStasi, Lou A. Jr.",non-elite,1619,3126,4772,6575,8481,10590,12759,14909,1507,1646,1803,1906,2109,2169,2150
47534,"Moreno, William",non-elite,1371,2777,4671,6403,8501,10294,12472,14720,1406,1894,1732,2098,1793,2178,2248
47535,"Taylor, Felicia",non-elite,1550,3092,4669,6334,8117,10156,12438,14906,1542,1577,1665,1783,2039,2282,2468
47536,"Bodeau, Melissa J",non-elite,1623,3334,5080,6903,8739,10690,12750,14844,1711,1746,1823,1836,1951,2060,2094
47537,"Megerdichian, Stephen D.",non-elite,1684,3379,5186,7017,8860,10830,12862,14904,1695,1807,1831,1843,1970,2032,2042
47538,"Hassenstein, Casey C.",non-elite,1870,3658,5457,7300,9210,11143,13099,14986,1788,1799,1843,1910,1933,1956,1887
47539,"Geiger, Shari",non-elite,1612,3257,5002,6780,8548,10439,12462,14725,1645,1745,1778,1768,1891,2023,2263
47540,"Muskat, Dave",non-elite,1587,3239,4962,6739,8528,10518,12788,14906,1652,1723,1777,1789,1990,2270,2118
47541,"Smith, Lisa B.",non-elite,1800,3633,5484,7351,9217,11132,13093,14970,1833,1851,1867,1866,1915,1961,1877
47542,"Linton, Eric",non-elite,1552,3109,4648,6262,8008,10007,12322,14785,1557,1539,1614,1746,1999,2315,2463
47543,"Gillespie, Heather",non-elite,1487,3015,4780,6565,8430,10627,12854,14913,1528,1765,1785,1865,2197,2227,2059
47544,"Mori, Seiko",non-elite,1746,3449,5193,7075,9235,11422,13345,15067,1703,1744,1882,2160,2187,1923,1722
47545,"Pallotta, Joe",non-elite,1653,3277,4884,6579,8343,10300,12624,14855,1624,1607,1695,1764,1957,2324,2231
47546,"Bonilla, Juan",non-elite,1663,3353,5076,6838,8650,10691,12842,14943,1690,1723,1762,1812,2041,2151,2101
47547,"Craig, Susan M.",non-elite,1618,3326,5101,7008,8811,10853,12977,14978,1708,1775,1907,1803,2042,2124,2001
47548,"Lim, Elissa",non-elite,1737,3440,5132,6888,8790,10984,12994,14960,1703,1692,1756,1902,2194,2010,1966
47549,"Edwards, Jolee",non-elite,1670,3400,5218,7125,9008,10952,12969,14929,1730,1818,1907,1883,1944,2017,1960
47550,"Hirsch, Pauline A.",non-elite,1853,3690,5563,7436,9363,11287,13203,15022,1837,1873,1873,1927,1924,1916,1819
47551,"Guilbert, Jessica L.",non-elite,1738,3440,5132,6888,8790,10985,12994,14960,1702,1692,1756,1902,2195,2009,1966
47552,"McDonough, Kaitlyn L.",non-elite,1696,3327,5162,7085,9078,11032,13104,15014,1631,1835,1923,1993,1954,2072,1910
47553,"Castillon, Martha E",non-elite,1574,3191,4889,6699,8547,10589,12781,14879,1617,1698,1810,1848,2042,2192,2098
47554,"Zockoll, Debbie",non-elite,1670,3401,5218,7126,9009,10953,12970,14930,1731,1817,1908,1883,1944,2017,1960
47555,"Miller, Donald",non-elite,1523,3011,4507,6130,8074,10132,12219,14864,1488,1496,1623,1944,2058,2087,2645
47556,"Boyle-Marin, Maura A",non-elite,1694,3427,5159,6915,8715,10741,12800,14881,1733,1732,1756,1800,2026,2059,2081
47557,"Wireman, Karen",non-elite,1713,3489,5279,7112,8948,10936,12974,14928,1776,1790,1833,1836,1988,2038,1954
47558,"Frampton, Todd A.",non-elite,1918,3607,5272,7014,8901,10847,12861,14932,1689,1665,1742,1887,1946,2014,2071
47559,"McDonald, Heather M.",non-elite,1543,3129,4791,6646,8538,10599,12856,14951,1586,1662,1855,1892,2061,2257,2095
47560,"Braden, Rhonda K",non-elite,1635,3282,4992,6857,8832,10875,12914,14910,1647,1710,1865,1975,2043,2039,1996
47561,"Bischoff, Dieter",non-elite,1779,3515,5246,7058,8935,11006,13191,15019,1736,1731,1812,1877,2071,2185,1828
47562,"Herbert, Teresa K",non-elite,1649,3308,4989,6750,8656,10797,12960,14919,1659,1681,1761,1906,2141,2163,1959
47563,"Mariani, John C.",non-elite,1864,3716,5531,7403,9311,11350,13262,15048,1852,1815,1872,1908,2039,1912,1786
47564,"Cathie, Jeffrey R.",non-elite,1736,3543,5362,7190,9049,10991,12962,14935,1807,1819,1828,1859,1942,1971,1973
47565,"Suther, Emily F.",non-elite,1697,3477,5226,7043,8908,10882,12976,14954,1780,1749,1817,1865,1974,2094,1978
47566,"Milligan, Kathy",non-elite,1647,3350,5065,6868,8706,10678,12854,14919,1703,1715,1803,1838,1972,2176,2065
47567,"Brunson, Tahereh Z.",non-elite,1671,3365,5116,6903,8796,10787,12846,14895,1694,1751,1787,1893,1991,2059,2049
47568,"Jeal, Yvette A",non-elite,1627,3265,4979,6701,8455,10311,12542,14798,1638,1714,1722,1754,1856,2231,2256
47569,"Ouma, Birone-Bay",non-elite,1531,3235,5054,7151,9007,10834,12871,14991,1704,1819,2097,1856,1827,2037,2120
47570,"Leary, Erin",non-elite,1820,3665,5521,7401,9285,11236,13125,14987,1845,1856,1880,1884,1951,1889,1862
47571,"Covarrubias Albarran, Pedro",non-elite,1858,3610,5339,7119,8891,10819,12885,14976,1752,1729,1780,1772,1928,2066,2091
47572,"Hanson, Larry R.",non-elite,1795,3534,5261,7011,8874,10831,12899,14930,1739,1727,1750,1863,1957,2068,2031
47573,"Chang, Shih Chang",non-elite,1313,2642,4005,5396,6957,8984,11566,14648,1329,1363,1391,1561,2027,2582,3082
47574,"Platzke, Michael",non-elite,1417,2932,4895,6610,8660,10891,12981,14955,1515,1963,1715,2050,2231,2090,1974
47575,"Gallant, Paul V",non-elite,1576,3186,4774,6475,8245,10230,12505,14802,1610,1588,1701,1770,1985,2275,2297
47576,"Manney, Matthew P",non-elite,1499,3175,4869,6665,8568,10611,12765,14869,1676,1694,1796,1903,2043,2154,2104
47577,"Baker, Kathy M",non-elite,1671,3345,5041,6746,8575,10564,12655,14883,1674,1696,1705,1829,1989,2091,2228
47578,"Burns, Kevin J",non-elite,1711,3496,5281,7109,8974,10931,12949,14948,1785,1785,1828,1865,1957,2018,1999
47579,"Gautreau, Edward M.",non-elite,1854,3575,5296,7096,8866,10713,12692,14859,1721,1721,1800,1770,1847,1979,2167
47580,"Munsey, Wk",non-elite,1704,3414,5189,6991,8785,10660,12623,14831,1710,1775,1802,1794,1875,1963,2208
47581,"Greene, Charla B.",non-elite,1814,3582,5293,7043,9042,10967,12936,14947,1768,1711,1750,1999,1925,1969,2011
47582,"Shanklin, Lee",non-elite,1852,3631,5366,7115,8860,10753,12748,14887,1779,1735,1749,1745,1893,1995,2139
47583,"Hanson, Shannon M.",non-elite,1845,3541,5240,6975,8769,10697,12943,14969,1696,1699,1735,1794,1928,2246,2026
47584,"Goldring-Bechard, Heather A",non-elite,1723,3468,5247,7058,8920,10916,12951,14938,1745,1779,1811,1862,1996,2035,1987
47585,"Steeves, Amber A",non-elite,1565,3161,4827,6575,8415,10454,12639,14873,1596,1666,1748,1840,2039,2185,2234
47586,"Alcorn, Melissa",non-elite,1595,3197,4914,6746,8678,10787,12888,14924,1602,1717,1832,1932,2109,2101,2036
47587,"Toomey, John F.",non-elite,1753,3469,5204,7045,8827,10907,12948,14950,1716,1735,1841,1782,2080,2041,2002
47588,"Inman, Francine",non-elite,1617,3318,5089,6908,8810,10801,12964,14932,1701,1771,1819,1902,1991,2163,1968
47589,"Ortiz, Marie T",non-elite,1586,3244,5022,6815,8712,10706,12828,14883,1658,1778,1793,1897,1994,2122,2055
47590,"Koshitani, Eri",non-elite,1638,3362,5072,6991,8889,10967,12999,14979,1724,1710,1919,1898,2078,2032,1980
47591,"Smith, Madeline M.",non-elite,1733,3451,5203,6994,8917,10951,13032,15054,1718,1752,1791,1923,2034,2081,2022
47592,"Fischl, Gracie",non-elite,1693,3442,5211,7004,8808,10877,12941,14958,1749,1769,1793,1804,2069,2064,2017
47593,"Hodges, Philip",non-elite,1686,3419,5173,7009,8841,10768,12840,14923,1733,1754,1836,1832,1927,2072,2083
47594,"Reedich, Lisa M",non-elite,1491,3027,4718,6564,8428,10503,12724,14872,1536,1691,1846,1864,2075,2221,2148
47595,"Crosser, Beth",non-elite,1533,3117,4839,6650,8572,10730,12827,14888,1584,1722,1811,1922,2158,2097,2061
47596,"Macaluso, Catherine",non-elite,1733,3451,5203,6994,8917,10951,13032,15054,1718,1752,1791,1923,2034,2081,2022
47597,"Weiss, Steve",non-elite,1815,3608,5396,7201,9039,10971,12946,14931,1793,1788,1805,1838,1932,1975,1985
47598,"Salvador, Ricardo J.",non-elite,1574,3124,4696,6303,8240,10361,12652,14901,1550,1572,1607,1937,2121,2291,2249
47599,"Ray, Justine M.",non-elite,1844,3627,5420,7242,9147,11106,13081,15007,1783,1793,1822,1905,1959,1975,1926
47600,"Olsen, Keld",non-elite,1609,3246,4930,6622,8353,10253,12495,14800,1637,1684,1692,1731,1900,2242,2305
47601,"Prince, Kellie A.",non-elite,1630,3217,4824,6490,8302,10286,12593,14941,1587,1607,1666,1812,1984,2307,2348
47602,"Bishop, Christa",non-elite,1710,3490,5249,7044,8874,10807,12839,14940,1780,1759,1795,1830,1933,2032,2101
47603,"Smith, Douglas R",non-elite,1487,2988,4515,6130,7865,9727,12086,14811,1501,1527,1615,1735,1862,2359,2725
47604,"Oost-Lievense, Ashley M.",non-elite,1796,3536,5262,7012,8809,10712,12808,14840,1740,1726,1750,1797,1903,2096,2032
47605,"Greene, Collace C. III",non-elite,1526,3039,4601,6217,8016,10022,12308,14777,1513,1562,1616,1799,2006,2286,2469
47606,"Sy, Angela",non-elite,1630,3334,5078,6879,8824,10785,12911,14925,1704,1744,1801,1945,1961,2126,2014
47607,"Chen, Marilyn",non-elite,1612,3369,5182,7035,8950,11001,13151,15032,1757,1813,1853,1915,2051,2150,1881
47608,"Yen, Alen",non-elite,1746,3423,5070,6790,8540,10631,12847,14887,1677,1647,1720,1750,2091,2216,2040
47609,"Stauffer, Angela",non-elite,1715,3337,4925,6615,8422,10519,12692,14928,1622,1588,1690,1807,2097,2173,2236
47610,"McLaughlin, Joe",non-elite,1783,3587,5429,7254,9144,11109,13156,15007,1804,1842,1825,1890,1965,2047,1851
47611,"Baldwin, Megan E.",non-elite,1347,2679,4035,5484,6990,12365,13761,15179,1332,1356,1449,1506,5375,1396,1418
47612,"Vooijs, Diederik P",non-elite,1379,2819,4752,6437,9146,11117,13046,15048,1440,1933,1685,2709,1971,1929,2002
47613,"Hauff, Chadwick",non-elite,1696,3302,4860,6594,8457,10436,12804,14916,1606,1558,1734,1863,1979,2368,2112
47614,"Bosh, Cynthia",non-elite,1606,3250,5060,6952,9045,11078,13146,14987,1644,1810,1892,2093,2033,2068,1841
47615,"Parry, Aaron",non-elite,1697,3304,4862,6596,8459,10439,12806,14918,1607,1558,1734,1863,1980,2367,2112
47616,"Keenholtz, Steven L.",non-elite,1665,3361,5052,6812,8620,10578,12733,14881,1696,1691,1760,1808,1958,2155,2148
47617,"Kolendrianos, Chris A.",non-elite,1735,3408,5228,7014,8891,10877,12899,14974,1673,1820,1786,1877,1986,2022,2075
47618,"Russo, F. Robert Jr.",non-elite,1747,3640,5533,7423,9193,11137,13170,15058,1893,1893,1890,1770,1944,2033,1888
47619,"Russell, Dale D",non-elite,1663,3534,5341,7143,8976,10919,12934,14903,1871,1807,1802,1833,1943,2015,1969
47620,"Halstead, Amy M",non-elite,1589,3235,5033,6795,8655,10630,12793,14914,1646,1798,1762,1860,1975,2163,2121
47621,"Giuliano, Steve",non-elite,1589,3235,5033,6795,8655,10631,12794,14914,1646,1798,1762,1860,1976,2163,2120
47622,"Brown, Daniel T",non-elite,1705,3433,5193,6936,8680,10482,12463,14621,1728,1760,1743,1744,1802,1981,2158
47623,"Babiarz, Billy",non-elite,1714,3370,5074,6886,8757,10767,12900,14975,1656,1704,1812,1871,2010,2133,2075
47624,"Carey, Katherine G.",non-elite,1621,3228,4933,6628,8470,10570,12731,14846,1607,1705,1695,1842,2100,2161,2115
47625,"Macvicar, Angus C.",non-elite,1746,3423,5073,6885,8713,10770,12870,14977,1677,1650,1812,1828,2057,2100,2107
47626,"Jankowski, Alexandra S",non-elite,1528,3191,4978,6913,8895,10988,13018,15013,1663,1787,1935,1982,2093,2030,1995
47627,"Nathan, Kathryn M.",non-elite,1823,3535,5257,7093,8944,10971,13025,14959,1712,1722,1836,1851,2027,2054,1934
47628,"Rumely, Marta-Beth",non-elite,1683,3322,5019,6793,8692,10673,12844,14964,1639,1697,1774,1899,1981,2171,2120
47629,"King, Susan",non-elite,1682,3334,5022,6765,8577,10707,12852,14919,1652,1688,1743,1812,2130,2145,2067
47630,"Picardo, Nicholas A.",non-elite,1812,3581,5406,7221,9042,10986,13030,14999,1769,1825,1815,1821,1944,2044,1969
47631,"Iwasaki, Kathy M",non-elite,1575,3159,4768,7044,8958,11017,12993,14984,1584,1609,2276,1914,2059,1976,1991
47632,"Locke, Laurie C.",non-elite,1785,3591,5371,7244,9195,11174,13138,15037,1806,1780,1873,1951,1979,1964,1899
47633,"Forgues, Brittany L.",non-elite,1879,3723,5533,7350,9169,11039,13112,15022,1844,1810,1817,1819,1870,2073,1910
47634,"Whitney, Jonathan B",non-elite,1524,3079,4673,6288,7974,9838,12031,15016,1555,1594,1615,1686,1864,2193,2985
47635,"Valenzuela, Oliver",non-elite,1692,3475,5194,7200,8900,10739,12663,14780,1783,1719,2006,1700,1839,1924,2117
47636,"Lippert, John A",non-elite,1589,3275,5007,6692,8740,10866,12940,14948,1686,1732,1685,2048,2126,2074,2008
47637,"McCarron, Bob",non-elite,1703,3363,5012,6699,8422,10362,12581,14810,1660,1649,1687,1723,1940,2219,2229
47638,"Wilkinson, Jennifer M.",non-elite,1858,3578,5306,7233,9080,11123,13063,14945,1720,1728,1927,1847,2043,1940,1882
47639,"Broas, Cheryl",non-elite,1593,3397,5210,7034,8888,10868,12959,14939,1804,1813,1824,1854,1980,2091,1980
47640,"Mather, Christine",non-elite,1725,3454,5271,7121,9032,11013,13029,14983,1729,1817,1850,1911,1981,2016,1954
47641,"Cardenas, Myriam",non-elite,1918,3740,5568,7413,9278,11245,13224,15045,1822,1828,1845,1865,1967,1979,1821
47642,"Lanois, Catherine Coffin",non-elite,1539,3181,4951,6769,8629,10616,12776,14919,1642,1770,1818,1860,1987,2160,2143
47643,"Yano, Marjorie",non-elite,1767,3557,5327,7097,8892,10797,12810,14944,1790,1770,1770,1795,1905,2013,2134
47644,"Begin, Robert H. Jr.",non-elite,1697,3308,4912,6546,8205,10092,12408,14911,1611,1604,1634,1659,1887,2316,2503
47645,"Niemann, Christoph",non-elite,1682,3281,4910,6697,8595,10677,12772,14886,1599,1629,1787,1898,2082,2095,2114
47646,"Lim, Elizabeth",non-elite,1520,3146,4882,6712,8592,10612,12811,14978,1626,1736,1830,1880,2020,2199,2167
47647,"Leier, Lisa",non-elite,1745,3409,5131,7094,8890,11003,13044,14934,1664,1722,1963,1796,2113,2041,1890
47648,"Bushee, Tracy",non-elite,1722,3418,5141,6931,8791,10785,12826,14967,1696,1723,1790,1860,1994,2041,2141
47649,"Wilkerson, Deana",non-elite,1636,3281,4975,6714,8538,10526,12617,14811,1645,1694,1739,1824,1988,2091,2194
47650,"Flores, Jill C",non-elite,1561,3172,4987,6878,8796,10855,12973,14991,1611,1815,1891,1918,2059,2118,2018
47651,"Jaffier, Ian Jr.",non-elite,1735,3405,4926,6640,8364,10207,12292,15068,1670,1521,1714,1724,1843,2085,2776
47652,"Singer, Lynn M.",non-elite,1486,3040,4753,6511,8393,10486,12675,14960,1554,1713,1758,1882,2093,2189,2285
47653,"Mcmillen, Sandee E",non-elite,1609,3218,4918,6730,8645,10737,12896,14986,1609,1700,1812,1915,2092,2159,2090
47654,"Saso, Yoshio",non-elite,1481,2962,4473,6013,7568,9339,11758,14703,1481,1511,1540,1555,1771,2419,2945
47655,"Mattingly, Mendy L",non-elite,1567,3135,4723,6435,8266,10413,12718,14930,1568,1588,1712,1831,2147,2305,2212
47656,"Lopez, Norman M.",non-elite,1600,3222,4982,6707,8462,10429,12649,14899,1622,1760,1725,1755,1967,2220,2250
47657,"Wallace, Emily",non-elite,1803,3641,5484,7303,9179,11106,13069,14994,1838,1843,1819,1876,1927,1963,1925
47658,"Lundberg, Peter",non-elite,1478,3034,4712,6528,8477,10532,12763,14932,1556,1678,1816,1949,2055,2231,2169
47659,"Petruzziello, Patricia A",non-elite,1621,3303,5067,6927,8846,10930,13030,14985,1682,1764,1860,1919,2084,2100,1955
47660,"Larew, Ann M",non-elite,1764,3593,5428,7229,8997,11002,13230,15061,1829,1835,1801,1768,2005,2228,1831
47661,"Teske, Kim",non-elite,1649,3337,5066,6867,8714,10715,12860,14940,1688,1729,1801,1847,2001,2145,2080
47662,"Lee, Jongsin",non-elite,1801,3630,5454,7340,9134,11027,13178,15077,1829,1824,1886,1794,1893,2151,1899
47663,"Taranto, Richard J.",non-elite,1751,3473,5194,6952,8764,10758,12899,14948,1722,1721,1758,1812,1994,2141,2049
47664,"Delloiacono-Thies, Tara",non-elite,1882,3847,5886,7727,9619,11506,13366,15128,1965,2039,1841,1892,1887,1860,1762
47665,"Vargas, Gricelly",non-elite,1711,3490,5250,7044,8874,10808,12839,14941,1779,1760,1794,1830,1934,2031,2102
47666,"Cullen, Derek R.",non-elite,1625,3169,4739,6416,8260,10290,12555,14830,1544,1570,1677,1844,2030,2265,2275
47667,"Schiller, Robin A.",non-elite,1542,3314,5229,7133,9064,11103,13129,14997,1772,1915,1904,1931,2039,2026,1868
47668,"Baugh, Olivia",non-elite,1487,2947,4525,6184,7900,9822,12064,14737,1460,1578,1659,1716,1922,2242,2673
47669,"Andrews, Matt",non-elite,1671,3304,4976,6697,8531,10581,12868,14934,1633,1672,1721,1834,2050,2287,2066
47670,"Leal, Maureen W.",non-elite,1808,3568,5350,7190,9074,11012,13012,14984,1760,1782,1840,1884,1938,2000,1972
47671,"Davies, Dianna L",non-elite,1569,3167,4811,6604,8475,10625,12938,14955,1598,1644,1793,1871,2150,2313,2017
47672,"Hershner, Sandy",non-elite,1569,3167,4754,6411,8216,10338,12639,14942,1598,1587,1657,1805,2122,2301,2303
47673,"Hastrup, Bill",non-elite,1688,3395,5131,6931,8804,10805,12925,14937,1707,1736,1800,1873,2001,2120,2012
47674,"Hartnick, Elizabeth",non-elite,1937,3818,5630,7452,9285,11214,13214,15053,1881,1812,1822,1833,1929,2000,1839
47675,"Baker, Joy A",non-elite,1463,2901,4459,6239,8136,10171,12319,15067,1438,1558,1780,1897,2035,2148,2748
47676,"Seykora, Brooke N",non-elite,1480,3091,4850,6778,8873,10878,13073,15062,1611,1759,1928,2095,2005,2195,1989
47677,"McLean, Joseph J.",non-elite,1671,3387,5098,6857,8709,10676,12751,14868,1716,1711,1759,1852,1967,2075,2117
47678,"Lindgren, David M.",non-elite,1582,3236,5009,6954,8824,10854,12966,14915,1654,1773,1945,1870,2030,2112,1949
47679,"Villarreal, Carolina",non-elite,1935,3786,5566,7396,9233,11289,13219,15037,1851,1780,1830,1837,2056,1930,1818
47680,"Murphy, Dean",non-elite,1581,3155,4765,6491,8388,10462,12600,14835,1574,1610,1726,1897,2074,2138,2235
47681,"Krumenacker, Michelle S",non-elite,1684,3368,5181,7031,8896,10840,12979,15049,1684,1813,1850,1865,1944,2139,2070
47682,"Groya, Katey",non-elite,1684,3368,5182,7031,8896,10839,12979,15049,1684,1814,1849,1865,1943,2140,2070
47683,"Pieroway, Mathew R.",non-elite,1682,3290,4867,6448,8030,9813,12159,14902,1608,1577,1581,1582,1783,2346,2743
47684,"Inkeles, Isaac G.",non-elite,1745,3410,5101,6825,8586,10477,12605,14904,1665,1691,1724,1761,1891,2128,2299
47685,"Harris, Joshua P.",non-elite,1316,2661,4114,5966,7887,10142,12593,15029,1345,1453,1852,1921,2255,2451,2436
47686,"Smith, Debbie",non-elite,1716,3495,5218,7008,8810,10889,12968,14981,1779,1723,1790,1802,2079,2079,2013
47687,"Anderson-Blair, Jetola",non-elite,1716,3496,5218,7008,8811,10889,12968,14982,1780,1722,1790,1803,2078,2079,2014
47688,"Decotis, Lisa",non-elite,1808,3552,5273,7034,8862,10891,12886,14964,1744,1721,1761,1828,2029,1995,2078
47689,"Lloyd, Kevin R",non-elite,1585,3209,4891,6627,8413,10528,12815,14956,1624,1682,1736,1786,2115,2287,2141
47690,"Sternberg, Benjamin",non-elite,1861,3754,5506,7326,9219,11299,13355,15139,1893,1752,1820,1893,2080,2056,1784
47691,"Vinton, Kyle",non-elite,1861,3754,5506,7326,9219,11298,13355,15139,1893,1752,1820,1893,2079,2057,1784
47692,"Allen, Michael L",non-elite,1652,3309,4965,6685,8415,10525,12811,14913,1657,1656,1720,1730,2110,2286,2102
47693,"Fleeman, Brenda",non-elite,1684,3410,5319,7165,9048,11016,13062,14972,1726,1909,1846,1883,1968,2046,1910
47694,"Thomas, Debra",non-elite,1768,3542,5363,7223,9102,11065,13067,14997,1774,1821,1860,1879,1963,2002,1930
47695,"Cottam, Tyler",non-elite,1313,2680,4106,5593,7221,9290,11671,14891,1367,1426,1487,1628,2069,2381,3220
47696,"Watkins, Gale",non-elite,1640,3343,5093,6877,8687,10691,12794,14975,1703,1750,1784,1810,2004,2103,2181
47697,"Lutz, John M.",non-elite,1767,3467,5299,7144,9003,10914,12910,14938,1700,1832,1845,1859,1911,1996,2028
47698,"Payne, Erin",non-elite,1626,3310,4973,6758,8530,10664,12790,15084,1684,1663,1785,1772,2134,2126,2294
47699,"Fryt, Olivia M.",non-elite,1456,3043,4860,6669,8623,10651,12895,14990,1587,1817,1809,1954,2028,2244,2095
47700,"Mairano, Frank J.",non-elite,1693,3461,5268,7138,8974,10982,12967,14905,1768,1807,1870,1836,2008,1985,1938
47701,"Calvert, Deirdre",non-elite,1571,3261,5029,6857,8854,10938,13070,15016,1690,1768,1828,1997,2084,2132,1946
47702,"Jonasson, Ulf",non-elite,1439,2932,4546,6441,8364,10480,12727,14919,1493,1614,1895,1923,2116,2247,2192
47703,"Berman, Jamie",non-elite,1735,3456,5203,7003,8874,10854,12975,14998,1721,1747,1800,1871,1980,2121,2023
47704,"Hardee, John R.",non-elite,1760,3573,5316,7121,8926,10826,12900,14962,1813,1743,1805,1805,1900,2074,2062
47705,"Bitecofer, Michael D.",non-elite,1570,3193,4846,6691,8578,10555,12696,14901,1623,1653,1845,1887,1977,2141,2205
47706,"Rasmussen, Monica",non-elite,1680,3413,5175,6982,8797,10807,12853,14963,1733,1762,1807,1815,2010,2046,2110
47707,"Pederson, Brian D",non-elite,1377,2830,4625,6491,8572,10680,12840,14962,1453,1795,1866,2081,2108,2160,2122
47708,"Heo, Kyungdoo",non-elite,1795,3550,5295,7160,9009,10986,12940,14910,1755,1745,1865,1849,1977,1954,1970
47709,"Sutherland, Elisa R.",non-elite,1899,3804,5656,7499,9343,11233,13164,15037,1905,1852,1843,1844,1890,1931,1873
47710,"Owens, Donna",non-elite,1784,3596,5473,7348,9260,11227,13198,15044,1812,1877,1875,1912,1967,1971,1846
47711,"O'Brien, Anne",non-elite,1688,3403,5208,7098,8946,10958,13045,15002,1715,1805,1890,1848,2012,2087,1957
47712,"Cerroni, Stacey A",non-elite,1639,3376,5204,7108,9064,11069,13108,15019,1737,1828,1904,1956,2005,2039,1911
47713,"Popovic, Dragan",non-elite,1569,3060,4691,6471,8196,10005,12233,14902,1491,1631,1780,1725,1809,2228,2669
47714,"Godwin, Cindy",non-elite,1573,3190,4850,6542,8266,10429,12640,14944,1617,1660,1692,1724,2163,2211,2304
47715,"Raley, George E.",non-elite,1711,3488,5365,7296,9168,11218,13143,15041,1777,1877,1931,1872,2050,1925,1898
47716,"Massas, Nicholas S.",non-elite,1906,3644,5318,6982,8719,10631,12666,14877,1738,1674,1664,1737,1912,2035,2211
47717,"Kluck, Christopher",non-elite,1659,3350,5044,6836,8734,10793,13031,15002,1691,1694,1792,1898,2059,2238,1971
47718,"Spring, Andrew M.",non-elite,1845,3606,5286,6994,8830,10909,12992,15011,1761,1680,1708,1836,2079,2083,2019
47719,"Kluck, Kelly",non-elite,1659,3350,5046,6836,8734,10793,13032,15003,1691,1696,1790,1898,2059,2239,1971
47720,"Macnevin, Darlene",non-elite,1704,3445,5227,7092,8956,10932,12973,14988,1741,1782,1865,1864,1976,2041,2015
47721,"Graham, Matthew R.",non-elite,1592,3255,4984,6774,8619,10711,12932,15016,1663,1729,1790,1845,2092,2221,2084
47722,"Dwek, Marc E.",non-elite,1691,3330,5013,6841,8757,10721,12787,14961,1639,1683,1828,1916,1964,2066,2174
47723,"Williams, Bj",non-elite,1736,3359,4985,6669,8390,10422,12672,14878,1623,1626,1684,1721,2032,2250,2206
47724,"Conjack, Melissa",non-elite,1379,2809,4324,6052,7875,9757,12057,14801,1430,1515,1728,1823,1882,2300,2744
47725,"Bialkowski, Marianne",non-elite,1661,3329,5057,6895,8737,10684,12712,14824,1668,1728,1838,1842,1947,2028,2112
47726,"Campbell, Nichola D",non-elite,1674,3414,5108,6901,8751,10878,13025,15016,1740,1694,1793,1850,2127,2147,1991
47727,"Cole, Naida M.",non-elite,1898,3814,5663,7502,9352,11254,13164,15052,1916,1849,1839,1850,1902,1910,1888
47728,"O'Neil, Loni A.",non-elite,1530,3214,5047,6894,8762,10809,12968,14982,1684,1833,1847,1868,2047,2159,2014
47729,"O'Leary, Simon P.",non-elite,1702,3368,5027,6748,8500,10309,12537,15027,1666,1659,1721,1752,1809,2228,2490
47730,"Staffileno, Bridget L.",non-elite,1648,3425,5251,7098,8942,10868,12883,14928,1777,1826,1847,1844,1926,2015,2045
47731,"Wagner, Lauren",non-elite,1683,3335,5025,6806,8728,10781,12933,14962,1652,1690,1781,1922,2053,2152,2029
47732,"Bolenbaugh, Gay",non-elite,1635,3345,5085,6880,8720,10725,12862,14942,1710,1740,1795,1840,2005,2137,2080
47733,"York, Diane",non-elite,1636,3345,5085,6880,8720,10725,12863,14942,1709,1740,1795,1840,2005,2138,2079
47735,"Mejail, Maria Ines",non-elite,1774,3584,5398,7228,9061,11115,13178,15037,1810,1814,1830,1833,2054,2063,1859
47736,"Hassman, Carole",non-elite,1614,3226,4866,6567,8289,10093,12051,14988,1612,1640,1701,1722,1804,1958,2937
47737,"Keeffe, David F.",non-elite,1848,3644,5405,7220,9094,10971,12887,14925,1796,1761,1815,1874,1877,1916,2038
47738,"Lombardi, James",non-elite,1699,3382,5143,6992,8852,10904,13029,15074,1683,1761,1849,1860,2052,2125,2045
47739,"Castillo, Ricarda",non-elite,1357,2895,4536,6274,8121,10212,12537,14923,1538,1641,1738,1847,2091,2325,2386
47740,"Dillon, Kelly S.",non-elite,1499,3000,4568,6234,8937,10886,13054,15045,1501,1568,1666,2703,1949,2168,1991
47741,"Lauderdale, Tara",non-elite,1499,3000,4568,6234,8937,10886,13057,15048,1501,1568,1666,2703,1949,2171,1991
47742,"Milgram, Ethan",non-elite,1422,3222,4992,6773,8523,10531,12803,14977,1800,1770,1781,1750,2008,2272,2174
47743,"Quinn, Dan",non-elite,1621,3247,4890,6604,8358,10374,12575,14884,1626,1643,1714,1754,2016,2201,2309
47744,"Browde, Beth",non-elite,1774,3573,5413,7208,9090,10985,12960,14978,1799,1840,1795,1882,1895,1975,2018
47745,"Conner, Cheryl L",non-elite,1577,3279,5043,6834,8653,10723,12886,14982,1702,1764,1791,1819,2070,2163,2096
47746,"Sexton, Bonnie E.",non-elite,1516,3324,4964,6689,8446,10441,12758,14938,1808,1640,1725,1757,1995,2317,2180
47747,"Butler, Jason",non-elite,1598,3134,4719,6399,8139,10050,12157,14833,1536,1585,1680,1740,1911,2107,2676
47748,"Hynes, Sandra P.",non-elite,1546,3086,4752,6499,8228,10206,12434,14862,1540,1666,1747,1729,1978,2228,2428
47749,"Santos, Sidnei B.",non-elite,1531,3144,4824,6561,8337,10263,12323,14667,1613,1680,1737,1776,1926,2060,2344
47750,"Miliotis, Arianna",non-elite,1979,3933,5747,7560,9429,11302,13245,15096,1954,1814,1813,1869,1873,1943,1851
47752,"MacDonald, Ken",non-elite,1743,3496,5222,6959,8776,10699,12729,14908,1753,1726,1737,1817,1923,2030,2179
47753,"Damania, Marie L.",non-elite,1561,3233,5033,6971,8839,10961,13044,15071,1672,1800,1938,1868,2122,2083,2027
47754,"Cantwell, Lisa M",non-elite,1652,3463,5201,7021,9062,11129,13232,15084,1811,1738,1820,2041,2067,2103,1852
47755,"Weathersby, Gina R",non-elite,1628,3266,4914,6619,8438,10489,12778,15022,1638,1648,1705,1819,2051,2289,2244
47756,"Richard, Peter",non-elite,1233,2489,3749,5056,6718,8468,10550,14893,1256,1260,1307,1662,1750,2082,4343
47757,"Poutasse, Nicole S.",non-elite,1878,3630,5299,7013,8983,10849,12855,14960,1752,1669,1714,1970,1866,2006,2105
47758,"Ono, Keiko",non-elite,1548,3107,4740,6566,8341,10434,12891,15066,1559,1633,1826,1775,2093,2457,2175
47759,"Avery, Johanna L.",non-elite,1775,3430,5163,6951,8823,10788,12907,14934,1655,1733,1788,1872,1965,2119,2027
47760,"Bliss, Natasha A",non-elite,1566,3240,5000,6744,8476,10421,12587,15105,1674,1760,1744,1732,1945,2166,2518
47761,"MacKay-Montville, Sarah A.",non-elite,1752,3543,5347,7205,9392,11309,13180,15046,1791,1804,1858,2187,1917,1871,1866
47762,"Geary, Elizabeth",non-elite,1981,3944,5795,7647,9509,11501,13350,15150,1963,1851,1852,1862,1992,1849,1800
47763,"Takamura, Nobuhiro",non-elite,1608,3250,4973,6745,8544,10575,12752,14936,1642,1723,1772,1799,2031,2177,2184
47764,"Tavel-Sanchez, Dora M.",non-elite,1853,3671,5484,7336,9201,11169,13126,15046,1818,1813,1852,1865,1968,1957,1920
47765,"Kendler, Elizabeth",non-elite,1565,3252,5080,7033,9055,11131,13143,15103,1687,1828,1953,2022,2076,2012,1960
47766,"Denny, Mark S.",non-elite,1681,3337,5054,6896,8759,10734,12864,14939,1656,1717,1842,1863,1975,2130,2075
47767,"Reynolds, Rick",non-elite,1512,3050,4619,6314,8136,10185,12620,14792,1538,1569,1695,1822,2049,2435,2172
47768,"Marullo, Joseph G.",non-elite,1760,3441,5003,6655,8379,10618,12936,15027,1681,1562,1652,1724,2239,2318,2091
47769,"Goulding, Phil",non-elite,1638,3321,5018,6729,8481,10437,12638,14913,1683,1697,1711,1752,1956,2201,2275
47770,"Vest, Alison N",non-elite,1526,3019,4657,6419,8256,10398,13039,15145,1493,1638,1762,1837,2142,2641,2106
47771,"Kelly, Dara B.",non-elite,1591,3242,5062,6872,8712,10741,12863,15011,1651,1820,1810,1840,2029,2122,2148
47772,"Lim, Christian M.",non-elite,1800,3565,5333,7075,8891,10771,12791,15021,1765,1768,1742,1816,1880,2020,2230
47773,"Litschgi, Karen",non-elite,1521,3110,4819,6621,8501,10474,12781,14887,1589,1709,1802,1880,1973,2307,2106
47774,"Harrison, J Shawn",non-elite,1428,2870,4377,5969,7740,9668,11966,14902,1442,1507,1592,1771,1928,2298,2936
47775,"Salesky, Elizabeth E.",non-elite,1665,3374,5158,7022,8922,10990,12980,15047,1709,1784,1864,1900,2068,1990,2067
47776,"Greene, Karyn",non-elite,1570,3193,4928,6746,8558,10560,12808,14949,1623,1735,1818,1812,2002,2248,2141
47777,"Dube, Michael P.",non-elite,1689,3375,5096,6814,8600,10690,12926,15001,1686,1721,1718,1786,2090,2236,2075
47778,"Churgovich, Hawaiian Shirt Ray",non-elite,1649,3413,5212,7067,8931,10932,12943,15050,1764,1799,1855,1864,2001,2011,2107
47779,"Smith, Colin M.",non-elite,1626,3281,4967,6712,8534,10579,12907,14949,1655,1686,1745,1822,2045,2328,2042
47780,"Hayden, Mary E.",non-elite,1611,3216,4858,6495,8145,10048,12461,14950,1605,1642,1637,1650,1903,2413,2489
47781,"Kline, Jordyn M",non-elite,1388,2837,4588,6363,8391,10628,12698,15065,1449,1751,1775,2028,2237,2070,2367
47782,"Wolcott, James B. II",non-elite,1776,3382,4998,6561,8290,9927,12304,15116,1606,1616,1563,1729,1637,2377,2812
47783,"Kim, Hwan Sik",non-elite,1513,3048,4641,6292,8114,10288,12645,14862,1535,1593,1651,1822,2174,2357,2217
47784,"Kaleikau, Lori",non-elite,1712,3520,5384,7378,9253,11196,13190,15065,1808,1864,1994,1875,1943,1994,1875
47785,"Hills, Jeff C",non-elite,1424,2871,4395,6332,8704,10881,13102,15100,1447,1524,1937,2372,2177,2221,1998
47786,"Haroldsen, Shannon",non-elite,1654,3329,5012,6727,8476,10394,12629,14930,1675,1683,1715,1749,1918,2235,2301
47787,"Vilares, Cleber C. Sr.",non-elite,1355,2884,4353,5955,7655,9481,11727,14411,1529,1469,1602,1700,1826,2246,2684
47788,"Buxton, Wanda",non-elite,1673,3414,5212,7059,8937,10903,12987,14998,1741,1798,1847,1878,1966,2084,2011
47789,"Volkman, John D",non-elite,1807,3635,5447,7296,9120,11074,13130,15006,1828,1812,1849,1824,1954,2056,1876
47790,"Sessa, Megan",non-elite,1844,3521,5222,7056,8861,10765,12767,14963,1677,1701,1834,1805,1904,2002,2196
47791,"Frano, Christopher E.",non-elite,1849,3621,5394,7195,9017,10949,12884,15000,1772,1773,1801,1822,1932,1935,2116
47792,"Sampson, Shane C.",non-elite,1766,3432,5082,6739,8488,10917,13025,15080,1666,1650,1657,1749,2429,2108,2055
47793,"Lyons, Karen",non-elite,1817,3572,5327,7104,8894,10795,12856,14967,1755,1755,1777,1790,1901,2061,2111
47794,"Muench, Martina",non-elite,1769,3530,5345,7213,9156,11154,13154,15080,1761,1815,1868,1943,1998,2000,1926
47795,"Clapp, Don G.",non-elite,1741,3443,5078,6748,8490,10449,12747,14955,1702,1635,1670,1742,1959,2298,2208
47796,"Cash, Michael S",non-elite,1664,3397,5174,6955,8746,10668,12762,14886,1733,1777,1781,1791,1922,2094,2124
47797,"Meldrum, Susan L",non-elite,1565,3183,4947,6775,8639,10681,12858,14998,1618,1764,1828,1864,2042,2177,2140
47798,"Batty, Donald",non-elite,1634,3282,4941,6635,8351,10155,12091,14281,1648,1659,1694,1716,1804,1936,2190
47799,"Kennedy, Bob",non-elite,1504,3041,4575,6123,7673,9593,12178,14911,1537,1534,1548,1550,1920,2585,2733
47800,"Head, Molly F.",non-elite,1836,3551,5338,7188,9085,11044,13028,15018,1715,1787,1850,1897,1959,1984,1990
47801,"Boucher, Micheline",non-elite,1574,3238,5054,6883,8777,10769,12897,14984,1664,1816,1829,1894,1992,2128,2087
47802,"Imbler, Michael",non-elite,1661,3248,4890,6576,8339,10240,12438,14872,1587,1642,1686,1763,1901,2198,2434
47803,"English, Elisabeth",non-elite,1488,3034,4706,6528,8347,10477,12749,14951,1546,1672,1822,1819,2130,2272,2202
47804,"Walker, David",non-elite,1554,3148,4764,6428,8122,10005,12205,14750,1594,1616,1664,1694,1883,2200,2545
47805,"Steuben, Lillian",non-elite,1496,3051,4733,6586,8470,10457,12847,15009,1555,1682,1853,1884,1987,2390,2162
47806,"Kunst, Christine A.",non-elite,1701,3544,5371,7258,9179,11190,13230,15108,1843,1827,1887,1921,2011,2040,1878
47807,"Shek, Mei Fung",non-elite,1616,3288,5035,6843,8817,10928,13048,15022,1672,1747,1808,1974,2111,2120,1974
47808,"Kamimori, Jason",non-elite,1792,3606,5385,7186,9018,10956,12976,14975,1814,1779,1801,1832,1938,2020,1999
47809,"Piani, Paige",non-elite,1858,3693,5520,7550,9392,11277,13176,15038,1835,1827,2030,1842,1885,1899,1862
47810,"Shaw, Jennifer",non-elite,1633,3318,5094,6967,8936,10925,12998,15036,1685,1776,1873,1969,1989,2073,2038
47811,"Okon, John A.",non-elite,1815,3594,5354,7217,9108,11113,13120,15047,1779,1760,1863,1891,2005,2007,1927
47812,"Vanry, Diana J",non-elite,1647,3290,4993,6749,8632,10679,12885,15024,1643,1703,1756,1883,2047,2206,2139
47813,"Okon, Valerie G.",non-elite,1815,3594,5355,7218,9108,11114,13122,15048,1779,1761,1863,1890,2006,2008,1926
47814,"Roseborough, Frederick J.",non-elite,1549,3144,4903,6712,8591,10706,12931,14984,1595,1759,1809,1879,2115,2225,2053
47815,"Thomas, Phil",non-elite,1540,3069,4679,6367,8155,10187,12302,14902,1529,1610,1688,1788,2032,2115,2600
47816,"Songer, Betty B",non-elite,1723,3474,5324,7139,9027,11013,13138,15084,1751,1850,1815,1888,1986,2125,1946
47817,"Denunzio, Ann",non-elite,1664,3414,5224,7058,8999,10988,13099,15103,1750,1810,1834,1941,1989,2111,2004
47818,"Pearson, Sunny K",non-elite,1631,3302,5109,6944,8861,10927,13045,15050,1671,1807,1835,1917,2066,2118,2005
47819,"McKay, Matthew J.",non-elite,1756,3424,5083,6785,8663,10830,13033,15084,1668,1659,1702,1878,2167,2203,2051
47820,"Hickerson, Michelle A",non-elite,1589,3243,5016,6898,8790,10956,13060,15049,1654,1773,1882,1892,2166,2104,1989
47821,"Rice, Rob",non-elite,1749,3398,5059,6742,8712,11046,13059,15035,1649,1661,1683,1970,2334,2013,1976
47822,"Wetherell, Matthew E.",non-elite,1793,3617,5464,7334,9139,11214,13170,15075,1824,1847,1870,1805,2075,1956,1905
47823,"Ringheiser, Karen",non-elite,1589,3280,5056,6905,8816,10836,12929,15035,1691,1776,1849,1911,2020,2093,2106
47824,"Heindl, Friedrich",non-elite,1630,3276,4994,6765,8579,10519,13124,15108,1646,1718,1771,1814,1940,2605,1984
47825,"Mcconnell, Michael J",non-elite,1473,3013,4791,6716,8749,10900,13075,15079,1540,1778,1925,2033,2151,2175,2004
47826,"Tank, Kimberly A",non-elite,1652,3369,5148,6948,8782,10785,12899,15016,1717,1779,1800,1834,2003,2114,2117
47827,"Fujimura, Hiroshige",non-elite,1623,3265,4918,6673,8485,10550,12812,14960,1642,1653,1755,1812,2065,2262,2148
47828,"Vlachogiannis, Vassilis",non-elite,1837,3689,5535,7429,9324,11281,13246,15103,1852,1846,1894,1895,1957,1965,1857
47829,"Good, Megan",non-elite,1907,3789,5605,7424,9249,11164,13141,15070,1882,1816,1819,1825,1915,1977,1929
47830,"Lam, Ricky",non-elite,1774,3650,5469,7322,9180,11112,13145,15053,1876,1819,1853,1858,1932,2033,1908
47831,"Lam, Anky",non-elite,1774,3651,5470,7322,9181,11112,13142,15055,1877,1819,1852,1859,1931,2030,1913
47832,"Drown, Lindsay",non-elite,1648,3321,5047,6874,8785,10854,12974,15087,1673,1726,1827,1911,2069,2120,2113
47833,"Hwang, Eui Jong",non-elite,1523,3167,4950,6815,8656,10752,12968,15059,1644,1783,1865,1841,2096,2216,2091
47834,"Sherman, Judy",non-elite,1587,3199,4859,6559,9392,11272,13213,15084,1612,1660,1700,2833,1880,1941,1871
47835,"Fabian, Thomas",non-elite,1536,3186,4938,6796,8719,10779,12879,14947,1650,1752,1858,1923,2060,2100,2068
47836,"Doubiany, Othman",non-elite,1439,3001,4645,6661,8441,10537,12933,15141,1562,1644,2016,1780,2096,2396,2208
47837,"Frary, Robert A.",non-elite,1650,3353,5055,6800,8578,11012,13014,15026,1703,1702,1745,1778,2434,2002,2012
47838,"Laitinen, Kalevi E.",non-elite,1670,3366,5090,6921,8792,10809,12932,15011,1696,1724,1831,1871,2017,2123,2079
47839,"Nelson, Charlie",non-elite,1781,3628,5462,7300,9141,11042,12987,15002,1847,1834,1838,1841,1901,1945,2015
47840,"Stone, Gary C.",non-elite,1786,3540,5331,7072,8868,11090,13039,15031,1754,1791,1741,1796,2222,1949,1992
47841,"Kim, Seok Hwa",non-elite,1617,3292,5041,6866,8746,10945,13032,15036,1675,1749,1825,1880,2199,2087,2004
47842,"Wynn, Jacqueline",non-elite,1771,3565,5358,7212,9034,11030,13045,15058,1794,1793,1854,1822,1996,2015,2013
47843,"Lee, Chihoon",non-elite,1675,3447,5284,7177,9044,11050,13122,15050,1772,1837,1893,1867,2006,2072,1928
47844,"Cannon, Suzy W",non-elite,1575,3238,4991,6829,8635,10562,12576,14892,1663,1753,1838,1806,1927,2014,2316
47845,"Laracy, Michelle M",non-elite,1622,3326,5071,7065,8899,10908,12971,15011,1704,1745,1994,1834,2009,2063,2040
47846,"Hayes, Elizabeth N",non-elite,1540,3088,4634,6260,8267,10502,12984,15013,1548,1546,1626,2007,2235,2482,2029
47847,"Wallace, Christina M",non-elite,1426,2851,4483,6261,8268,10502,12984,15013,1425,1632,1778,2007,2234,2482,2029
47848,"Draughon, Jeffrey L.",non-elite,1849,3690,5592,7507,9388,11280,13238,15102,1841,1902,1915,1881,1892,1958,1864
47849,"Nasser, Charles",non-elite,1713,3435,5188,7157,8965,10994,13031,15050,1722,1753,1969,1808,2029,2037,2019
47850,"Doukas, Heather",non-elite,1765,3549,5337,7147,9011,11000,13070,15044,1784,1788,1810,1864,1989,2070,1974
47851,"Siwicki, Katie B.",non-elite,1713,3435,5188,7157,8965,10994,13031,15050,1722,1753,1969,1808,2029,2037,2019
47852,"Roasa, Rosanna M",non-elite,1627,3339,5139,7004,8939,10957,13013,15025,1712,1800,1865,1935,2018,2056,2012
47853,"Alvarez Granda, Isaac",non-elite,1634,3355,5147,7078,9051,11113,13193,15143,1721,1792,1931,1973,2062,2080,1950
47854,"Swain, Anne",non-elite,1849,3712,5566,7421,9265,11198,13172,15079,1863,1854,1855,1844,1933,1974,1907
47855,"Beecham, Jessica B.",non-elite,1849,3712,5566,7421,9265,11198,13173,15079,1863,1854,1855,1844,1933,1975,1906
47856,"Dumas, Stacie",non-elite,1459,3037,4871,6721,8567,10514,12791,15004,1578,1834,1850,1846,1947,2277,2213
47857,"Gerst, Ashley",non-elite,1883,3678,5468,7294,9119,11179,13110,15078,1795,1790,1826,1825,2060,1931,1968
47858,"Mulderrig, Gabrielle J",non-elite,1630,3342,5120,6942,8862,11041,13217,15112,1712,1778,1822,1920,2179,2176,1895
47859,"Jurmu, Jared K.",non-elite,1553,3090,4713,6594,8590,10879,13178,15099,1537,1623,1881,1996,2289,2299,1921
47860,"Martin, Mauro",non-elite,1794,3569,5338,7148,8966,10884,13027,15081,1775,1769,1810,1818,1918,2143,2054
47861,"Moore, Katherine M",non-elite,1706,3459,5220,7101,8919,11003,13032,15015,1753,1761,1881,1818,2084,2029,1983
47862,"Moore, Andrew G",non-elite,1706,3459,5219,7099,8918,11002,13031,15015,1753,1760,1880,1819,2084,2029,1984
47863,"Tomlinson, Michael P.",non-elite,1840,3668,5499,7473,9345,11301,13289,15137,1828,1831,1974,1872,1956,1988,1848
47864,"McCollum, Ed A.",non-elite,1305,2611,3994,5733,7777,10214,12835,15056,1306,1383,1739,2044,2437,2621,2221
47865,"Gill, Russell W.",non-elite,1745,3527,5363,7195,9017,10989,13071,15055,1782,1836,1832,1822,1972,2082,1984
47866,"Abbott, Terri A",non-elite,1637,3297,5071,6921,8860,10942,13087,15127,1660,1774,1850,1939,2082,2145,2040
47867,"Gaudet, Peggy J",non-elite,1800,3615,5468,7316,9159,11051,13008,15001,1815,1853,1848,1843,1892,1957,1993
47868,"Keshava, Rohit P.",non-elite,1733,3510,5180,6888,8670,10667,12819,15023,1777,1670,1708,1782,1997,2152,2204
47869,"Uhrig, Lisa",non-elite,1757,3571,5418,7284,9188,11175,13214,15092,1814,1847,1866,1904,1987,2039,1878
47870,"Schultz, Sarah",non-elite,1323,2840,4696,6536,8706,11268,13385,15080,1517,1856,1840,2170,2562,2117,1695
47871,"Grossman, Meredith",non-elite,1706,3453,5289,7162,9067,11133,13184,15109,1747,1836,1873,1905,2066,2051,1925
47872,"Kavanagh, William",non-elite,1745,3465,5214,7059,8918,10934,13018,15066,1720,1749,1845,1859,2016,2084,2048
47873,"Carey, Ruth",non-elite,1764,3563,5403,7269,9181,11144,13144,15057,1799,1840,1866,1912,1963,2000,1913
47874,"Hurst, Nicole",non-elite,1428,2931,4556,6479,8358,10426,12918,15033,1503,1625,1923,1879,2068,2492,2115
47875,"Sasaki, Hitoshi",non-elite,1326,2676,4064,5547,7591,10540,12812,15199,1350,1388,1483,2044,2949,2272,2387
47876,"Minato, Norio",non-elite,1558,3123,4710,6334,7966,9719,11728,14514,1565,1587,1624,1632,1753,2009,2786
47877,"Howard, Laura E",non-elite,1680,3394,5103,6830,8612,10575,12825,15025,1714,1709,1727,1782,1963,2250,2200
47878,"Honarkar, Sholeh",non-elite,1678,3433,5231,7183,9061,11235,13243,15102,1755,1798,1952,1878,2174,2008,1859
47879,"Mendoza, Mayra",non-elite,1565,3141,4773,6515,8491,10556,12734,14923,1576,1632,1742,1976,2065,2178,2189
47880,"Kincaid, Daryl L",non-elite,1516,3090,4759,6564,8378,10469,12800,14982,1574,1669,1805,1814,2091,2331,2182
47881,"Grady, Dara",non-elite,1457,3060,4895,6827,8857,10950,13063,15149,1603,1835,1932,2030,2093,2113,2086
47882,"Adler, Danielle E.",non-elite,1713,3460,5318,7206,9179,11152,13118,15029,1747,1858,1888,1973,1973,1966,1911
47883,"Muldoon, Donald G. Jr.",non-elite,1917,3646,5420,7183,8964,10839,12955,15032,1729,1774,1763,1781,1875,2116,2077
47884,"Jones, Pamela P",non-elite,1596,3233,4891,6620,8383,10385,12585,15032,1637,1658,1729,1763,2002,2200,2447
47885,"Murphy, Jeanie",non-elite,1626,3319,5054,6836,8964,11064,13166,15085,1693,1735,1782,2128,2100,2102,1919
47886,"Pugliese, Patrick M.",non-elite,1916,3685,5420,7225,9057,10975,13066,15200,1769,1735,1805,1832,1918,2091,2134
47887,"Naero, Ragnvald A.",non-elite,1743,3549,5359,7158,9034,10957,12971,15045,1806,1810,1799,1876,1923,2014,2074
47888,"Chronister, Debra",non-elite,1664,3351,5121,7016,8901,10999,13176,15101,1687,1770,1895,1885,2098,2177,1925
47889,"Clough, Jeffrey",non-elite,1738,3463,5282,7133,9022,10997,13101,15052,1725,1819,1851,1889,1975,2104,1951
47891,"Panacopoulos, Angelo J.",non-elite,1719,3456,5221,6992,8817,10727,12770,15002,1737,1765,1771,1825,1910,2043,2232
47892,"Foster, Joyce C",non-elite,1561,3265,5104,6981,8867,10986,13001,15086,1704,1839,1877,1886,2119,2015,2085
47893,"Hamilton Gewirz, Katrina J.",non-elite,1570,3206,4961,6779,8660,10650,12820,15051,1636,1755,1818,1881,1990,2170,2231
47894,"Wilson, Travis",non-elite,1497,3104,4755,6494,8332,10403,12794,15021,1607,1651,1739,1838,2071,2391,2227
47895,"Kastellanos, Janet M.",non-elite,1718,3456,5212,7032,8915,11020,13140,15053,1738,1756,1820,1883,2105,2120,1913
47896,"Bunnell, Todd",non-elite,1478,2982,4526,6124,7805,10077,12544,15133,1504,1544,1598,1681,2272,2467,2589
47897,"Whynot, Nancy",non-elite,1726,3478,5297,7161,9044,11076,13121,15088,1752,1819,1864,1883,2032,2045,1967
47898,"MacIntosh, Vernon P.",non-elite,1466,3010,4803,6576,8586,10708,12966,14934,1544,1793,1773,2010,2122,2258,1968
47899,"Walsh, Kathleen A.",non-elite,1812,3648,5474,7361,9241,11237,13264,15138,1836,1826,1887,1880,1996,2027,1874
47900,"Mixon, Elizabeth",non-elite,1632,3305,5036,6843,8707,10726,12830,15005,1673,1731,1807,1864,2019,2104,2175
47901,"Buchman, Elisabeth J",non-elite,1676,3382,5198,7187,9072,11087,13161,15121,1706,1816,1989,1885,2015,2074,1960
47902,"DeLisio, Christian F.",non-elite,1566,3071,4606,6213,8051,10255,12602,15156,1505,1535,1607,1838,2204,2347,2554
47903,"Smith, Maria",non-elite,1592,3276,5025,6793,8668,10882,13018,15128,1684,1749,1768,1875,2214,2136,2110
47904,"Spraker, Rosemary",non-elite,1602,3326,5082,6871,8726,10995,13072,15069,1724,1756,1789,1855,2269,2077,1997
47905,"Kemp, Barry A.",non-elite,1638,3291,4981,6756,8654,10641,12750,14931,1653,1690,1775,1898,1987,2109,2181
47906,"Melton, Ron",non-elite,1675,3442,5315,7192,9116,11096,13111,15099,1767,1873,1877,1924,1980,2015,1988
47907,"Wheeler, Janette L.",non-elite,1664,3366,5233,7030,8886,11096,13148,15089,1702,1867,1797,1856,2210,2052,1941
47908,"Hanlon, Gregory P.",non-elite,1771,3469,5130,6805,8481,10249,12579,14938,1698,1661,1675,1676,1768,2330,2359
47909,"Tong-I, Wu",non-elite,1573,3181,4867,6547,8274,10275,12603,14938,1608,1686,1680,1727,2001,2328,2335
47910,"Marquardt, Jessi J.",non-elite,1723,3433,5164,6951,8822,10860,13053,15097,1710,1731,1787,1871,2038,2193,2044
47911,"Clerkin, Lori",non-elite,1782,3688,5494,7360,9263,11196,13199,15115,1906,1806,1866,1903,1933,2003,1916
47912,"Ranson, Jeff",non-elite,1684,3433,5217,7009,8849,10842,12935,15001,1749,1784,1792,1840,1993,2093,2066
47913,"Kruse, Sharon",non-elite,1746,3480,5357,7135,8988,10997,13047,15038,1734,1877,1778,1853,2009,2050,1991
47914,"Supple, Alexander J.",non-elite,1959,3669,5291,7106,8845,10809,12922,15051,1710,1622,1815,1739,1964,2113,2129
47916,"Muheim, Rolf",non-elite,1751,3495,5245,7052,8866,10796,13025,14995,1744,1750,1807,1814,1930,2229,1970
47917,"Cox, Vickie A.",non-elite,1865,3747,5617,7504,9413,11362,13345,15183,1882,1870,1887,1909,1949,1983,1838
47918,"Corbett, Katie E.",non-elite,1880,3634,5312,7090,8991,10994,13071,15081,1754,1678,1778,1901,2003,2077,2010
47919,"Snyder, Christina M.",non-elite,1537,3164,4893,6820,8715,10693,12818,15018,1627,1729,1927,1895,1978,2125,2200
47920,"Johnson, Charlie",non-elite,1762,3497,5277,7094,8930,10840,12842,14926,1735,1780,1817,1836,1910,2002,2084
47921,"Long, Susan",non-elite,1829,3659,5485,7331,9206,11169,13174,15094,1830,1826,1846,1875,1963,2005,1920
47922,"Krause, Kendelle",non-elite,1535,3048,4607,6287,7995,10021,12544,15079,1513,1559,1680,1708,2026,2523,2535
47923,"Frey, Fayne",non-elite,1627,3259,4920,6644,8402,10441,12638,14835,1632,1661,1724,1758,2039,2197,2197
47924,"Rubert, Sydney",non-elite,1697,3334,5150,7009,8929,11009,13060,15028,1637,1816,1859,1920,2080,2051,1968
47925,"Jenkins, Katherine M.",non-elite,1863,3672,5473,7310,9170,11081,13107,15060,1809,1801,1837,1860,1911,2026,1953
47926,"Puerto-Rivera, Denia",non-elite,1541,3100,4735,6649,8370,10630,12879,15071,1559,1635,1914,1721,2260,2249,2192
47927,"Nye, Brad",non-elite,1569,3201,4882,6614,8347,10180,12476,14909,1632,1681,1732,1733,1833,2296,2433
47928,"Lambrecht, Greg H.",non-elite,1594,3269,4981,6740,8578,10966,13159,15131,1675,1712,1759,1838,2388,2193,1972
47929,"Weimar, Ashley N.",non-elite,1648,3328,5063,6920,8848,10903,13021,15094,1680,1735,1857,1928,2055,2118,2073
47930,"Lynch, Stephen F.",non-elite,1430,2994,4694,6484,8289,10359,12593,14873,1564,1700,1790,1805,2070,2234,2280
47931,"Lopez Cardenas, Alexandro",non-elite,1954,3859,5694,7523,9394,11322,13264,15113,1905,1835,1829,1871,1928,1942,1849
47932,"Austin, Krista",non-elite,1576,3153,4758,6414,8130,10122,12535,15024,1577,1605,1656,1716,1992,2413,2489
47933,"Bassett, Sarah",non-elite,1671,3418,5067,6670,8527,10969,13056,15161,1747,1649,1603,1857,2442,2087,2105
47934,"Tassinari, Andrea",non-elite,1828,3589,5356,7139,8960,10944,13138,15161,1761,1767,1783,1821,1984,2194,2023
47935,"Broderick, Emily B.",non-elite,1656,3378,5255,7107,9052,11040,13118,15124,1722,1877,1852,1945,1988,2078,2006
47936,"Rancatti, Jan",non-elite,1598,3273,4974,6721,8689,10633,12918,15030,1675,1701,1747,1968,1944,2285,2112
47937,"Krupkin, Elizabeth",non-elite,1647,3323,5035,6856,8804,10915,13080,15069,1676,1712,1821,1948,2111,2165,1989
47938,"Gutermuth, David D",non-elite,1364,2850,4921,7074,8951,10893,13284,15164,1486,2071,2153,1877,1942,2391,1880
47939,"Beck, Andre",non-elite,1802,3599,5426,7317,9254,11272,13259,15134,1797,1827,1891,1937,2018,1987,1875
47940,"Jones, Wendy",non-elite,1513,3100,4768,6524,8466,10718,12978,15118,1587,1668,1756,1942,2252,2260,2140
47941,"Herlihy, Luke R.",non-elite,1848,3650,5362,7130,8938,10859,12912,15004,1802,1712,1768,1808,1921,2053,2092
47942,"Parrish, Todd D.",non-elite,1748,3401,5046,6725,8412,10227,12517,15029,1653,1645,1679,1687,1815,2290,2512
47943,"Drysdale, Julia L.",non-elite,1583,3249,5062,6964,8842,10811,12869,15101,1666,1813,1902,1878,1969,2058,2232
47944,"Marie, Christophe",non-elite,1674,3295,4971,6814,8888,10951,13026,15176,1621,1676,1843,2074,2063,2075,2150
47945,"Roberts, Mary",non-elite,1673,3329,4979,6751,8439,10413,12771,15035,1656,1650,1772,1688,1974,2358,2264
47946,"Levick, Cheryl",non-elite,1639,3372,5181,7013,8949,11026,13128,15105,1733,1809,1832,1936,2077,2102,1977
47947,"Sakamoto, Takashi",non-elite,1725,3411,5135,6913,8767,10759,12918,15016,1686,1724,1778,1854,1992,2159,2098
47948,"McMaster, Tiffany L.",non-elite,1699,3425,5190,7024,8898,10949,13013,15100,1726,1765,1834,1874,2051,2064,2087
47949,"Murtagh, Cara E.",non-elite,1980,3835,5580,7348,9142,11078,12996,15174,1855,1745,1768,1794,1936,1918,2178
47950,"Delcore, Sandi",non-elite,1635,3328,5093,6957,8875,11001,13149,15131,1693,1765,1864,1918,2126,2148,1982
47951,"Peters, Melinda B",non-elite,1635,3328,5093,6957,8875,11000,13147,15130,1693,1765,1864,1918,2125,2147,1983
47952,"French, Tim A",non-elite,1566,3101,4638,6222,7845,9679,12409,14691,1535,1537,1584,1623,1834,2730,2282
47953,"Hallerman, Gregory",non-elite,1602,3246,4914,6633,8376,10306,12580,15147,1644,1668,1719,1743,1930,2274,2567
47954,"Alley, John D.",non-elite,1528,3038,4574,6170,7879,10062,12618,15042,1510,1536,1596,1709,2183,2556,2424
47955,"Haruki, Takasuke",non-elite,1873,3766,5623,7514,9438,11356,13356,15171,1893,1857,1891,1924,1918,2000,1815
47956,"Papcsy, Ellen A.",non-elite,1897,3686,5489,7299,9119,11010,13078,15081,1789,1803,1810,1820,1891,2068,2003
47957,"Cunado Bernal, Antonio",non-elite,1768,3502,5286,7225,9410,11298,13307,15179,1734,1784,1939,2185,1888,2009,1872
47958,"Zurcher, Emily B",non-elite,1545,3142,4831,6581,8377,10286,12327,14865,1597,1689,1750,1796,1909,2041,2538
47959,"Proulx, Ryan",non-elite,1698,3442,5239,7062,8957,10943,13037,15043,1744,1797,1823,1895,1986,2094,2006
47960,"Osborne, Joseph P.",non-elite,1713,3435,5187,7157,8965,10987,13092,15085,1722,1752,1970,1808,2022,2105,1993
47961,"Larochelle, Bonnie",non-elite,1698,3442,5239,7062,8958,10943,13037,15044,1744,1797,1823,1896,1985,2094,2007
47962,"Snively, Kelsey M",non-elite,1338,2762,4283,5869,7677,9614,12914,15205,1424,1521,1586,1808,1937,3300,2291
47963,"Nowinski, Melissa B.",non-elite,1646,3327,5045,6817,8626,10577,12713,15034,1681,1718,1772,1809,1951,2136,2321
47964,"Lundine, Kristine",non-elite,1685,3399,5128,6914,8892,10951,13074,15080,1714,1729,1786,1978,2059,2123,2006
47965,"Shah, Vivek",non-elite,1702,3352,5026,6725,8476,10422,12760,15025,1650,1674,1699,1751,1946,2338,2265
47966,"Blanchard, Carol",non-elite,1742,3516,5320,7131,8963,11134,13258,15224,1774,1804,1811,1832,2171,2124,1966
47967,"Pour, Brian",non-elite,1485,3072,4675,6330,8077,9965,12254,14829,1587,1603,1655,1747,1888,2289,2575
47969,"Reyes, Alberto Sr.",non-elite,1581,3219,4914,6699,8566,10547,12798,15062,1638,1695,1785,1867,1981,2251,2264
47970,"Harvey, Jonathan P.",non-elite,1688,3382,5108,6833,8798,10933,13084,15095,1694,1726,1725,1965,2135,2151,2011
47971,"Terbeek, Jim",non-elite,1640,3349,4982,6707,8575,10449,12828,15078,1709,1633,1725,1868,1874,2379,2250
47972,"Lee, Barbara H",non-elite,1655,3431,5234,7093,8955,11019,13129,15151,1776,1803,1859,1862,2064,2110,2022
47973,"Parkman, Sam",non-elite,1517,3093,4838,6642,8575,10535,12731,14994,1576,1745,1804,1933,1960,2196,2263
47974,"Perrault, Therese M",non-elite,1640,3273,4967,6768,8631,10592,12974,15079,1633,1694,1801,1863,1961,2382,2105
47975,"Moore, Robert S",non-elite,1694,3521,5289,7060,8844,10650,12956,15049,1827,1768,1771,1784,1806,2306,2093
47976,"Budd, Andrew C",non-elite,1352,2774,4381,6123,8106,10139,12223,14725,1422,1607,1742,1983,2033,2084,2502
47977,"Vaughn, Phil",non-elite,1816,3642,5600,7564,9552,11374,13335,15176,1826,1958,1964,1988,1822,1961,1841
47978,"Earhart, Michelle A",non-elite,1643,3296,4950,6612,8291,10096,12255,15091,1653,1654,1662,1679,1805,2159,2836
47979,"Tsuchiya, Kentaro",non-elite,1853,3628,5406,7224,9040,10980,13058,15108,1775,1778,1818,1816,1940,2078,2050
47980,"Welton, Craig S.",non-elite,1577,3311,5000,6818,8675,10856,13165,15129,1734,1689,1818,1857,2181,2309,1964
47981,"Carr, Lucas S.",non-elite,1577,3312,5000,6818,8675,10856,13166,15129,1735,1688,1818,1857,2181,2310,1963
47982,"Stracqualursi, Thomas E.",non-elite,1787,3572,5354,7132,8948,10825,12795,14979,1785,1782,1778,1816,1877,1970,2184
47983,"Mendes, Andrea C.",non-elite,1818,3613,5402,7215,9113,11015,12990,15025,1795,1789,1813,1898,1902,1975,2035
47984,"Small, Katie",non-elite,1696,3380,5100,6941,8912,10918,13043,15094,1684,1720,1841,1971,2006,2125,2051
47985,"Hartley, Joel D",non-elite,1609,3265,4994,6766,8749,10724,12790,14989,1656,1729,1772,1983,1975,2066,2199
47986,"Williams, Lorraine",non-elite,1773,3559,5298,7130,9004,11032,13110,15155,1786,1739,1832,1874,2028,2078,2045
47987,"Ostergaard, Jane",non-elite,1782,3654,5549,7428,9310,11261,13221,15144,1872,1895,1879,1882,1951,1960,1923
47988,"Hermelbracht, Jim",non-elite,1672,3288,4964,6803,8764,10717,12849,15041,1616,1676,1839,1961,1953,2132,2192
47989,"Lambert, Diane C",non-elite,1725,3415,5164,6958,8850,10938,12986,15091,1690,1749,1794,1892,2088,2048,2105
47990,"Lau, James",non-elite,1725,3405,5099,6825,8585,10464,12659,15087,1680,1694,1726,1760,1879,2195,2428
47991,"Stone, Teresa M",non-elite,1652,3373,5288,7124,9002,11121,13245,15189,1721,1915,1836,1878,2119,2124,1944
47992,"Hagerty, Bette J.",non-elite,1745,3502,5297,7080,8892,10819,12970,15063,1757,1795,1783,1812,1927,2151,2093
47993,"Smith, Judy A",non-elite,1653,3355,5259,7097,9069,11154,13237,15153,1702,1904,1838,1972,2085,2083,1916
47994,"Gonterman, Andrea R.",non-elite,1858,3688,5472,7268,9142,11131,13239,15169,1830,1784,1796,1874,1989,2108,1930
47995,"Dickson, Debbie L",non-elite,1691,3390,5134,6934,8771,10761,12977,15113,1699,1744,1800,1837,1990,2216,2136
47996,"Lipcon, Meghan",non-elite,1760,3587,5399,7259,9082,11047,13142,15123,1827,1812,1860,1823,1965,2095,1981
47997,"Mcmahon, Annajean F",non-elite,1748,3522,5373,7209,9111,11062,13091,15106,1774,1851,1836,1902,1951,2029,2015
47998,"Zilberman, Sergio F. Sr.",non-elite,1431,2967,4623,6474,8547,11090,13508,15280,1536,1656,1851,2073,2543,2418,1772
47999,"Steele, Martha",non-elite,1722,3485,5273,7073,8896,10842,12959,15029,1763,1788,1800,1823,1946,2117,2070
48000,"Burns, Mark W.",non-elite,1756,3413,5065,6805,8594,10612,12751,15045,1657,1652,1740,1789,2018,2139,2294
48001,"Rebollo, Xabier",non-elite,1529,3033,4537,6160,7876,9879,12189,14568,1504,1504,1623,1716,2003,2310,2379
48002,"Macdonald, Sharon L",non-elite,1725,3538,5319,7145,9006,11086,13228,15201,1813,1781,1826,1861,2080,2142,1973
48003,"Dunn, Bradford",non-elite,1874,3784,5613,7384,9145,10981,13017,15160,1910,1829,1771,1761,1836,2036,2143
48004,"Jackson, Kimberly R.",non-elite,1913,3822,5846,7736,9587,11534,13413,15239,1909,2024,1890,1851,1947,1879,1826
48005,"Horne, Mike",non-elite,1618,3229,4952,6673,8491,10552,13070,15188,1611,1723,1721,1818,2061,2518,2118
48006,"Baskerville, Sabrina A",non-elite,1637,3189,4811,6591,8509,10754,13068,15129,1552,1622,1780,1918,2245,2314,2061
48007,"Ryan, Jennifer",non-elite,1801,3612,5391,7234,9139,11067,13063,15146,1811,1779,1843,1905,1928,1996,2083
48008,"Misiaszek, Tessa",non-elite,1913,3822,5846,7736,9587,11534,13413,15239,1909,2024,1890,1851,1947,1879,1826
48009,"Schaetzel, Sarah R.",non-elite,1700,3405,5149,7010,8910,10997,13114,15127,1705,1744,1861,1900,2087,2117,2013
48010,"Notario, Emma",non-elite,1617,3304,5088,6976,8954,11018,13132,15200,1687,1784,1888,1978,2064,2114,2068
48011,"Leali, Robin L",non-elite,1670,3406,5207,7065,8935,10940,13057,15098,1736,1801,1858,1870,2005,2117,2041
48012,"Younis, Mike",non-elite,1691,3369,5130,6908,8793,10906,13119,15146,1678,1761,1778,1885,2113,2213,2027
48013,"Warmerdam, Arthur",non-elite,1696,3495,5226,7078,9080,11028,13117,15127,1799,1731,1852,2002,1948,2089,2010
48014,"Del Rio, Mauricio",non-elite,1921,3842,5763,7672,9629,11605,13483,15275,1921,1921,1909,1957,1976,1878,1792
48015,"Cinelli, Mark A.",non-elite,1833,3507,5145,6826,8478,10510,12923,15035,1674,1638,1681,1652,2032,2413,2112
48016,"Fisher, Peter",non-elite,1786,3592,5428,7309,9210,11194,13188,15125,1806,1836,1881,1901,1984,1994,1937
48017,"Ungaro, Donald F.",non-elite,1689,3416,5207,7024,8893,10880,12878,15018,1727,1791,1817,1869,1987,1998,2140
48018,"Klapperich, Andrew",non-elite,1696,3422,5206,7118,9036,11070,13234,15138,1726,1784,1912,1918,2034,2164,1904
48019,"Freeman, Pam",non-elite,1866,3690,5504,7397,9299,11254,13247,15175,1824,1814,1893,1902,1955,1993,1928
48020,"Flashner, Cory S.",non-elite,1478,3000,4633,6338,8103,10301,12869,15167,1522,1633,1705,1765,2198,2568,2298
48021,"Wilson, Libby J.",non-elite,1658,3340,5057,6939,9003,11163,13290,15231,1682,1717,1882,2064,2160,2127,1941
48022,"Klinger, Dean E",non-elite,1696,3425,5212,7119,9036,11073,13235,15138,1729,1787,1907,1917,2037,2162,1903
48023,"Nakajima, Toshio",non-elite,1650,3314,4992,6746,8620,10747,13061,15130,1664,1678,1754,1874,2127,2314,2069
48024,"Ruoppolo, Salvatore",non-elite,1785,3520,5239,7085,8871,10886,13165,15177,1735,1719,1846,1786,2015,2279,2012
48025,"Horn, Leslie G.",non-elite,1649,3419,5251,7156,9102,11107,13162,15161,1770,1832,1905,1946,2005,2055,1999
48026,"Poulton, Andrea M.",non-elite,1698,3424,5208,7119,9030,11072,13205,15139,1726,1784,1911,1911,2042,2133,1934
48027,"Grum, Clement",non-elite,1698,3426,5213,7119,9037,11072,13205,15140,1728,1787,1906,1918,2035,2133,1935
48028,"Mcnair, Robert G",non-elite,1563,3193,4850,6596,8442,10767,12846,15016,1630,1657,1746,1846,2325,2079,2170
48029,"Freeze, Timothy W",non-elite,1702,3487,5366,7224,9085,11067,13113,15085,1785,1879,1858,1861,1982,2046,1972
48030,"Ward, Scott C.",non-elite,1706,3395,5122,6917,8749,10733,12776,15099,1689,1727,1795,1832,1984,2043,2323
48031,"Dehart, David B",non-elite,1700,3427,5211,7122,9033,11076,13239,15141,1727,1784,1911,1911,2043,2163,1902
48032,"Pelton, Chad",non-elite,1833,3507,5145,6891,8860,10897,13123,15170,1674,1638,1746,1969,2037,2226,2047
48033,"Strickland, Kristie B.",non-elite,1627,3401,5300,7278,9219,11210,13278,15223,1774,1899,1978,1941,1991,2068,1945
48034,"Forst, Samantha",non-elite,1590,3155,4797,6486,8331,10375,12698,15150,1565,1642,1689,1845,2044,2323,2452
48035,"Follansbee, B. Lynn",non-elite,1615,3381,5223,7107,9016,10997,13108,15138,1766,1842,1884,1909,1981,2111,2030
48036,"Telford, Bethann",non-elite,1583,3316,5025,6826,8859,10924,12999,15148,1733,1709,1801,2033,2065,2075,2149
48037,"Sweeney, Andrew E.",non-elite,1796,3688,5613,7560,9458,11436,13358,15253,1892,1925,1947,1898,1978,1922,1895
48038,"Brittain, Rachel F.",non-elite,1797,3687,5613,7561,9458,11436,13358,15254,1890,1926,1948,1897,1978,1922,1896
48039,"Steinheiser, Bruce",non-elite,1651,3276,4918,6639,8496,10645,12874,15031,1625,1642,1721,1857,2149,2229,2157
48040,"Stanton, Rachel M",non-elite,1604,3347,5120,6986,8952,10984,13019,15104,1743,1773,1866,1966,2032,2035,2085
48041,"Rainville, Holly J",non-elite,1670,3340,5037,6772,8597,10610,12846,15030,1670,1697,1735,1825,2013,2236,2184
48042,"Mullin, Kelsey",non-elite,1806,3642,5466,7323,9203,11178,13157,15182,1836,1824,1857,1880,1975,1979,2025
48043,"Newborg, Deanne",non-elite,1663,3383,5142,6878,8705,10714,13068,15137,1720,1759,1736,1827,2009,2354,2069
48044,"Whalen, Michael",non-elite,1594,3271,4967,6729,8566,10622,12775,15035,1677,1696,1762,1837,2056,2153,2260
48045,"Butterworth, Betsy",non-elite,1664,3296,4936,6649,8439,10480,12699,15093,1632,1640,1713,1790,2041,2219,2394
48046,"Tariverdian, Michelle E.",non-elite,1706,3388,5064,6864,9085,11090,13203,15175,1682,1676,1800,2221,2005,2113,1972
48047,"Merkel, Sandra",non-elite,1535,3098,4712,6352,8033,9936,12185,14799,1563,1614,1640,1681,1903,2249,2614
48048,"Campbell, Thomas J.",non-elite,1818,3536,5242,7047,8921,10865,12973,15090,1718,1706,1805,1874,1944,2108,2117
48049,"Cantwell, Joseph",non-elite,1484,3145,4973,6727,8488,10450,12678,15119,1661,1828,1754,1761,1962,2228,2441
48050,"Rossi, Susie",non-elite,1600,3212,4882,6646,8598,10687,12965,15113,1612,1670,1764,1952,2089,2278,2148
48051,"Pelletier, Rachel A.",non-elite,1796,3540,5288,7111,8978,11129,13226,15208,1744,1748,1823,1867,2151,2097,1982
48052,"Doyle, Amy",non-elite,1759,3507,5317,7158,9053,11226,13286,15221,1748,1810,1841,1895,2173,2060,1935
48053,"Sadr, Ali",non-elite,1814,3574,5306,7056,8799,10641,12732,15009,1760,1732,1750,1743,1842,2091,2277
48054,"Smith, Caroline",non-elite,1492,3067,4667,6334,8250,10249,13181,15283,1575,1600,1667,1916,1999,2932,2102
48055,"Saxton, Jan",non-elite,1665,3464,5331,7234,9137,11125,13133,15169,1799,1867,1903,1903,1988,2008,2036
48056,"Wing, Lucille",non-elite,1649,3411,5213,7021,8866,10870,13037,15070,1762,1802,1808,1845,2004,2167,2033
48057,"Kahn, Craig M",non-elite,1554,3151,4809,6588,8441,10585,12806,15053,1597,1658,1779,1853,2144,2221,2247
48058,"Vernon, Caitlyn",non-elite,1433,2999,4823,6759,8890,10896,13068,15156,1566,1824,1936,2131,2006,2172,2088
48059,"Dyson, Christopher",non-elite,1769,3515,5257,7004,9070,10974,13045,15115,1746,1742,1747,2066,1904,2071,2070
48060,"Ottaviano, Gerard J.",non-elite,1710,3538,5364,7187,9064,11079,13115,15151,1828,1826,1823,1877,2015,2036,2036
48061,"Homeyer, Thomas F.",non-elite,1699,3494,5330,7189,9042,11074,13126,15144,1795,1836,1859,1853,2032,2052,2018
48062,"Lee, Kang Yun",non-elite,1830,3697,5700,7658,9579,11434,13377,15213,1867,2003,1958,1921,1855,1943,1836
48063,"Jung, Jea W",non-elite,1691,3462,5232,7056,8876,10913,13188,15110,1771,1770,1824,1820,2037,2275,1922
48064,"Bichucher, Adolfo",non-elite,1812,3643,5446,7314,9154,11145,13223,15218,1831,1803,1868,1840,1991,2078,1995
48065,"Dijs, Hans J",non-elite,1485,3138,4906,6788,8740,10857,12998,15208,1653,1768,1882,1952,2117,2141,2210
48066,"Watson, Tyler R",non-elite,1486,3041,4675,6538,8527,10664,12943,15104,1555,1634,1863,1989,2137,2279,2161
48067,"Vinci, Elizabeth R.",non-elite,1692,3401,5224,7017,8863,10834,12890,15135,1709,1823,1793,1846,1971,2056,2245
48068,"Stearn, Martyn K",non-elite,1564,3119,4737,6505,8462,10675,12874,15074,1555,1618,1768,1957,2213,2199,2200
48069,"Kim, Sang Dae",non-elite,1815,3696,5700,7658,9579,11435,13383,15214,1881,2004,1958,1921,1856,1948,1831
48070,"Metivier, Michael",non-elite,1670,3402,5207,7024,8970,11141,13147,15184,1732,1805,1817,1946,2171,2006,2037
48071,"Ulcakar, Barbka",non-elite,1611,3257,5128,7051,9086,11221,13319,15194,1646,1871,1923,2035,2135,2098,1875
48072,"Gibbs, Allison E.",non-elite,1667,3324,4996,6805,8709,10868,12880,15140,1657,1672,1809,1904,2159,2012,2260
48073,"Reissfelder, Jennifer",non-elite,1839,3640,5452,7248,9083,11085,13120,15104,1801,1812,1796,1835,2002,2035,1984
48074,"Nagel, Kristin",non-elite,1697,3460,5308,7197,9129,11185,13244,15200,1763,1848,1889,1932,2056,2059,1956
48075,"Lawler, Samantha K.",non-elite,1767,3572,5392,7234,9272,11187,13376,15251,1805,1820,1842,2038,1915,2189,1875
48076,"Trout, William R.",non-elite,1721,3481,5234,6979,8750,10645,12794,15113,1760,1753,1745,1771,1895,2149,2319
48077,"Scepanovic, Vucic",non-elite,1673,3338,5036,6740,8618,10762,12977,15071,1665,1698,1704,1878,2144,2215,2094
48078,"Vernes, Don",non-elite,1879,3714,5657,7535,9448,11556,13414,15244,1835,1943,1878,1913,2108,1858,1830
48079,"Tsanotelis, Regina M",non-elite,1667,3374,5092,6851,8650,10639,12832,15052,1707,1718,1759,1799,1989,2193,2220
48080,"Despo, Jennifer M.",non-elite,1966,3805,5653,7521,9409,11413,13421,15331,1839,1848,1868,1888,2004,2008,1910
48081,"Lai, Evan C.",non-elite,1738,3516,5307,7108,8909,10795,12886,15104,1778,1791,1801,1801,1886,2091,2218
48082,"Johnston, Matt",non-elite,1781,3507,5205,6865,8625,10705,12783,15100,1726,1698,1660,1760,2080,2078,2317
48083,"Johnson, Mark A",non-elite,1769,3584,5393,7244,9093,11074,13107,15082,1815,1809,1851,1849,1981,2033,1975
48084,"Miller, Linda M",non-elite,1621,3299,5112,7072,8918,10918,13100,15153,1678,1813,1960,1846,2000,2182,2053
48085,"Floyd, Joseph",non-elite,1455,2968,4619,6375,8176,10247,12581,14985,1513,1651,1756,1801,2071,2334,2404
48086,"Kelso, Robert",non-elite,1507,3055,4702,6459,8318,10434,12703,15042,1548,1647,1757,1859,2116,2269,2339
48087,"Skaife, Amy O",non-elite,1653,3380,5157,7087,8976,10950,13023,15097,1727,1777,1930,1889,1974,2073,2074
48088,"Berenson, Bill",non-elite,1545,3119,4751,6461,8358,10523,12858,15093,1574,1632,1710,1897,2165,2335,2235
48089,"James, Anne L.",non-elite,1398,2857,4454,7272,8978,10909,13139,15240,1459,1597,2818,1706,1931,2230,2101
48090,"Bohlen, Mollie",non-elite,1908,3658,5343,7085,8899,10856,13035,15183,1750,1685,1742,1814,1957,2179,2148
48091,"Ressler, Dominik",non-elite,1904,3732,5517,7317,9181,11201,13209,15222,1828,1785,1800,1864,2020,2008,2013
48092,"Fratt, Lisa",non-elite,1831,3628,5452,7306,9244,11179,13157,15194,1797,1824,1854,1938,1935,1978,2037
48093,"Hellings, Tammy E.",non-elite,1718,3544,5406,7358,9239,11201,13237,15194,1826,1862,1952,1881,1962,2036,1957
48094,"Sheehan, Siobhan",non-elite,1783,3562,5305,7059,8853,10787,12849,15071,1779,1743,1754,1794,1934,2062,2222
48095,"Telfeyan, Phil",non-elite,1758,3547,5311,7139,9081,11059,13141,15139,1789,1764,1828,1942,1978,2082,1998
48096,"Marcoux, Janine M",non-elite,1676,3382,5123,7003,8762,10595,13065,15028,1706,1741,1880,1759,1833,2470,1963
48097,"Kaehler, Jill E.",non-elite,1582,3326,5224,7137,9102,11135,13240,15253,1744,1898,1913,1965,2033,2105,2013
48098,"McNichols, James N.",non-elite,1663,3298,4959,6761,8686,10805,13026,15190,1635,1661,1802,1925,2119,2221,2164
48099,"Hellman, Joanna",non-elite,1777,3569,5371,7187,9013,10959,12984,15087,1792,1802,1816,1826,1946,2025,2103
48100,"Sison, Lisa V",non-elite,1723,3521,5368,7266,9160,11184,13210,15190,1798,1847,1898,1894,2024,2026,1980
48101,"Slavens, Scott M",non-elite,1370,2758,4235,5989,8019,10723,13112,15191,1388,1477,1754,2030,2704,2389,2079
48102,"Masiello, Sandra L",non-elite,1568,3229,5174,7117,9057,11089,13147,15175,1661,1945,1943,1940,2032,2058,2028
48103,"Garcia, Michael J.",non-elite,1690,3317,4924,6580,8406,10667,12892,15229,1627,1607,1656,1826,2261,2225,2337
48104,"Knight, Kerri K.",non-elite,1771,3508,5206,6992,8816,10816,12953,15137,1737,1698,1786,1824,2000,2137,2184
48105,"Zink, Cora I",non-elite,1750,3511,5368,7251,9160,11180,13228,15182,1761,1857,1883,1909,2020,2048,1954
48106,"Kuhn, Michael A.",non-elite,1574,3094,4789,6374,8092,10133,12487,14954,1520,1695,1585,1718,2041,2354,2467
48107,"Lane, Stephen M.",non-elite,1647,3328,5052,6839,8715,10852,13094,15156,1681,1724,1787,1876,2137,2242,2062
48108,"Bolduc, Karen L.",non-elite,1682,3480,5328,7200,9173,11163,13196,15199,1798,1848,1872,1973,1990,2033,2003
48109,"Bolduc, David R.",non-elite,1682,3479,5328,7200,9173,11163,13196,15199,1797,1849,1872,1973,1990,2033,2003
48110,"Milligan, Gary K",non-elite,1555,3132,4712,6403,8505,10761,13048,15121,1577,1580,1691,2102,2256,2287,2073
48111,"Spill, Jules",non-elite,1545,3176,4828,6560,8371,10424,12570,15061,1631,1652,1732,1811,2053,2146,2491
48112,"Scapillato, Chris",non-elite,1903,3690,5470,7243,9006,10889,13021,15123,1787,1780,1773,1763,1883,2132,2102
48113,"He, Yaqing",non-elite,1830,3682,5541,7461,9404,11367,13298,15211,1852,1859,1920,1943,1963,1931,1913
48114,"Lowe, Carlie R.",non-elite,1480,3039,4795,6564,8511,10667,12930,15255,1559,1756,1769,1947,2156,2263,2325
48115,"Nipson, Herb",non-elite,1689,3375,5094,6890,8677,10631,12804,15037,1686,1719,1796,1787,1954,2173,2233
48116,"Fitzgerald, Carrie C.",non-elite,1727,3446,5141,6865,8671,10616,12755,15067,1719,1695,1724,1806,1945,2139,2312
48117,"Capobianco, John",non-elite,1825,3598,5368,7136,8899,10728,12799,15179,1773,1770,1768,1763,1829,2071,2380
48118,"Zupancic, Debra A.",non-elite,2169,4044,5895,7701,9507,11428,13374,15251,1875,1851,1806,1806,1921,1946,1877
48119,"Bach, Donghoon",non-elite,1692,3396,5120,6937,8824,10853,13095,15158,1704,1724,1817,1887,2029,2242,2063
48120,"Yoon, Mira",non-elite,1745,3499,5264,7088,8943,10961,13050,15159,1754,1765,1824,1855,2018,2089,2109
48121,"Malcolm, Richard",non-elite,1438,2882,4321,5806,7429,9314,12108,15034,1444,1439,1485,1623,1885,2794,2926
48122,"Furey, Janet M.",non-elite,1830,3738,5628,7576,9522,11532,13474,15239,1908,1890,1948,1946,2010,1942,1765
48123,"Gil, Andrew J.",non-elite,1733,3441,5190,6962,8786,10792,12886,15148,1708,1749,1772,1824,2006,2094,2262
48124,"Nagy, Darrell S",non-elite,1567,3143,4766,6476,8268,10326,12611,14946,1576,1623,1710,1792,2058,2285,2335
48125,"Shapiro, Matthew B.",non-elite,1742,3364,5015,6686,8381,10253,12683,15044,1622,1651,1671,1695,1872,2430,2361
48126,"Freer, Anne",non-elite,1804,3593,5371,7293,9147,11167,13270,15208,1789,1778,1922,1854,2020,2103,1938
48127,"Harley, Lori",non-elite,1593,3315,5066,6831,8608,10526,12712,15011,1722,1751,1765,1777,1918,2186,2299
48128,"Blumrick, Brenda",non-elite,1699,3429,5258,7147,9020,11059,13138,15156,1730,1829,1889,1873,2039,2079,2018
48129,"Wallace, Cory",non-elite,1803,3641,5484,7303,9179,11117,13068,14994,1838,1843,1819,1876,1938,1951,1926
48130,"Woodrick, Anne C",non-elite,1709,3462,5270,7137,9069,11090,13131,15149,1753,1808,1867,1932,2021,2041,2018
48131,"Jacobson, Sue",non-elite,1744,3777,5616,7400,9287,11279,13271,15207,2033,1839,1784,1887,1992,1992,1936
48132,"Boies, Denise",non-elite,1580,3238,4962,6721,8564,10764,12894,15138,1658,1724,1759,1843,2200,2130,2244
48133,"Stanton, Jennifer M.",non-elite,1772,3544,5367,7177,9032,10995,13160,15201,1772,1823,1810,1855,1963,2165,2041
48134,"Connarton, Monica C.",non-elite,1690,3370,5091,6805,8614,10759,12969,15128,1680,1721,1714,1809,2145,2210,2159
48135,"Winandy, Bob",non-elite,1684,3342,5026,6780,8612,10613,12718,15117,1658,1684,1754,1832,2001,2105,2399
48136,"Song, Julie",non-elite,1582,3189,4909,6686,8506,10536,12696,15151,1607,1720,1777,1820,2030,2160,2455
48137,"Racicot, Kenneth",non-elite,1640,3257,4880,6564,8387,10277,12712,15069,1617,1623,1684,1823,1890,2435,2357
48138,"Kariampuzha, Charles",non-elite,1707,3535,5403,7288,9167,11147,13151,15121,1828,1868,1885,1879,1980,2004,1970
48139,"Saltz, Debra A.",non-elite,1772,3643,5491,7364,9292,11376,13320,15226,1871,1848,1873,1928,2084,1944,1906
48140,"Jansen-Van Rensburg, Lanene",non-elite,1702,3417,5156,6930,8793,10961,12992,15155,1715,1739,1774,1863,2168,2031,2163
48141,"Navales, Eric T.",non-elite,1790,3506,5261,7034,8862,10969,12981,15186,1716,1755,1773,1828,2107,2012,2205
48142,"Fung, Zena",non-elite,1740,3478,5239,7094,8984,11017,13125,15167,1738,1761,1855,1890,2033,2108,2042
48143,"Akinc, Bridget A.",non-elite,1851,3696,5579,7463,9343,11325,13312,15266,1845,1883,1884,1880,1982,1987,1954
48144,"Lecam, Mary Kate",non-elite,1795,3551,5376,7228,9147,11098,13125,15118,1756,1825,1852,1919,1951,2027,1993
48145,"Roycroft, Cheryl A.",non-elite,1585,3201,4912,6819,8809,10931,13015,15166,1616,1711,1907,1990,2122,2084,2151
48146,"Davis, Michael",non-elite,1760,3565,5303,7012,8704,10659,12878,15117,1805,1738,1709,1692,1955,2219,2239
48147,"Villalobos, Luis R.",non-elite,1767,3484,5221,7004,8808,10751,13100,15116,1717,1737,1783,1804,1943,2349,2016
48148,"Reynal Pena, Rafael",non-elite,1748,3446,5172,6936,8730,10713,12979,15201,1698,1726,1764,1794,1983,2266,2222
48149,"Marciniak, Karyn",non-elite,1621,3243,4882,6582,8347,10395,12741,15160,1622,1639,1700,1765,2048,2346,2419
48150,"Johnson, Rhonda",non-elite,1724,3451,5189,6970,8764,10781,13195,15172,1727,1738,1781,1794,2017,2414,1977
48151,"Cupillari, Alessandro",non-elite,1580,3175,4846,6719,8840,11163,13375,15250,1595,1671,1873,2121,2323,2212,1875
48152,"Griffiths, Donna",non-elite,1623,3340,5157,7013,8952,11005,13230,15224,1717,1817,1856,1939,2053,2225,1994
48153,"Trimble, James T.",non-elite,1506,3044,4632,6285,8232,10336,12639,14984,1538,1588,1653,1947,2104,2303,2345
48154,"Rodi, Andrea",non-elite,1588,3197,5036,6794,8626,10600,12666,14976,1609,1839,1758,1832,1974,2066,2310
48155,"Kaech, Robert B.",non-elite,1427,2934,4585,6475,8301,10538,13066,15216,1507,1651,1890,1826,2237,2528,2150
48156,"Sudik, Becky",non-elite,1695,3381,5103,6951,8832,10895,13052,15140,1686,1722,1848,1881,2063,2157,2088
48157,"Guilds, Karen",non-elite,1496,3036,5147,7020,9093,11227,13283,15322,1540,2111,1873,2073,2134,2056,2039
48158,"Tanner, Jocelyn",non-elite,1620,3318,5058,6874,8799,10831,12997,15176,1698,1740,1816,1925,2032,2166,2179
48159,"Dalton, Paul A.",non-elite,1441,2978,4575,6443,8326,10485,13122,15280,1537,1597,1868,1883,2159,2637,2158
48160,"Abert, Cheryl",non-elite,1671,3452,5278,7089,8971,11030,13262,15324,1781,1826,1811,1882,2059,2232,2062
48161,"Mosbacher, Nancy D.",non-elite,1791,3610,5397,7212,9049,11028,13162,15180,1819,1787,1815,1837,1979,2134,2018
48162,"Mosbacher, Emily A.",non-elite,1791,3610,5398,7213,9050,11028,13162,15180,1819,1788,1815,1837,1978,2134,2018
48163,"Fennie, Karen",non-elite,1659,3383,5151,7009,8913,10871,13090,15148,1724,1768,1858,1904,1958,2219,2058
48164,"Robertson, Jeanine",non-elite,1594,3246,4916,6621,8491,10642,12909,15188,1652,1670,1705,1870,2151,2267,2279
48165,"Ogundare, Oluwatoni O.",non-elite,1545,3105,4922,6783,8720,10775,12952,15236,1560,1817,1861,1937,2055,2177,2284
48166,"Poe, Kelly F.",non-elite,1514,3179,4960,6873,8779,10944,13226,15233,1665,1781,1913,1906,2165,2282,2007
48167,"Macdougall, Kathleen L",non-elite,1673,3358,5146,6991,8876,10912,13064,15164,1685,1788,1845,1885,2036,2152,2100
48168,"Stittsworth, Leah N.",non-elite,1673,3358,5146,6991,8876,10912,13064,15164,1685,1788,1845,1885,2036,2152,2100
48169,"Fox, La-Loni M.",non-elite,1744,3498,5297,7227,9258,11290,13307,15209,1754,1799,1930,2031,2032,2017,1902
48170,"Toloczko, Jonathan R.",non-elite,1929,3833,5652,7604,9439,11356,13300,15257,1904,1819,1952,1835,1917,1944,1957
48171,"Potash, Deb M",non-elite,1782,3586,5495,7314,9249,11192,13181,15164,1804,1909,1819,1935,1943,1989,1983
48172,"Chase, Richard",non-elite,1541,3193,4869,6610,8395,10478,12922,15083,1652,1676,1741,1785,2083,2444,2161
48173,"Knight, Jill D",non-elite,1707,3471,5305,7114,8997,11188,13255,15233,1764,1834,1809,1883,2191,2067,1978
48174,"Lacoff, Dan",non-elite,1732,3440,5166,6940,8759,10723,12772,15049,1708,1726,1774,1819,1964,2049,2277
48175,"Jones, Adrian H.",non-elite,1567,3043,4592,6317,8334,10557,12788,15031,1476,1549,1725,2017,2223,2231,2243
48176,"Young, Brittany",non-elite,1588,3121,4702,6351,8330,10543,12792,14856,1533,1581,1649,1979,2213,2249,2064
48177,"Ilkei, Csilla",non-elite,1864,3705,5499,7316,9312,11260,13264,15239,1841,1794,1817,1996,1948,2004,1975
48178,"Desimone, Jennifer",non-elite,1823,3661,5509,7381,9310,11393,13338,15244,1838,1848,1872,1929,2083,1945,1906
48179,"Romito, William",non-elite,1672,3453,5279,7090,8971,11030,13262,15326,1781,1826,1811,1881,2059,2232,2064
48180,"Gardner, Bonnie L",non-elite,1591,3229,5016,6891,8794,10918,13146,15146,1638,1787,1875,1903,2124,2228,2000
48181,"Forster, Syd L",non-elite,1655,3353,5107,6978,8810,10835,13039,15152,1698,1754,1871,1832,2025,2204,2113
48182,"Thibeault, Jocelyn",non-elite,1623,3359,5317,7243,9201,11263,13351,15316,1736,1958,1926,1958,2062,2088,1965
48183,"Burtis, Babette T.",non-elite,1621,3315,5044,6842,8717,10706,12827,15130,1694,1729,1798,1875,1989,2121,2303
48184,"Avery, Nancy",non-elite,1606,3288,5071,6914,8798,10887,13075,15155,1682,1783,1843,1884,2089,2188,2080
48185,"Thomson, Gail E",non-elite,1732,3520,5372,7301,9209,11210,13182,15155,1788,1852,1929,1908,2001,1972,1973
48186,"Alexander, Tony R",non-elite,1582,3200,4892,6647,8562,10763,13303,15260,1618,1692,1755,1915,2201,2540,1957
48187,"Ego, Christina M",non-elite,1744,3629,5492,7436,9373,11353,13335,15257,1885,1863,1944,1937,1980,1982,1922
48188,"Elliott, Christopher J.",non-elite,1789,3509,5259,7026,8853,10860,13052,15174,1720,1750,1767,1827,2007,2192,2122
48189,"Nagal, Josephine M",non-elite,1698,3408,5245,7062,8962,11145,13229,15202,1710,1837,1817,1900,2183,2084,1973
48190,"Lete, Gianna S",non-elite,1815,3636,5374,7236,9164,11153,13208,15217,1821,1738,1862,1928,1989,2055,2009
48191,"Allen, Beth J.",non-elite,1811,3680,5570,7518,9446,11456,13457,15294,1869,1890,1948,1928,2010,2001,1837
48192,"Kim, Jeong Man",non-elite,1556,3208,4986,6868,8783,10790,13055,15212,1652,1778,1882,1915,2007,2265,2157
48193,"Harcke, Joanne E",non-elite,1641,3419,5224,7024,9032,10982,13145,15193,1778,1805,1800,2008,1950,2163,2048
48194,"Bulik, Dorota A",non-elite,1743,3581,5495,7435,9345,11313,13327,15236,1838,1914,1940,1910,1968,2014,1909
48195,"Trotter, Paul",non-elite,1534,3093,4619,6216,7844,9714,12489,15006,1559,1526,1597,1628,1870,2775,2517
48196,"Figge, Nicole",non-elite,1936,3813,5638,7549,9469,11431,13384,15299,1877,1825,1911,1920,1962,1953,1915
48197,"Vakil, Rohan H.",non-elite,1715,3443,5223,7042,8838,10812,12946,15155,1728,1780,1819,1796,1974,2134,2209
48198,"Schuster, Paul",non-elite,1674,3310,4979,6916,8841,10921,13110,15201,1636,1669,1937,1925,2080,2189,2091
48199,"Morris, Dale J",non-elite,1629,3264,4914,6592,8324,10211,12506,14854,1635,1650,1678,1732,1887,2295,2348
48200,"Benson, Laura K.",non-elite,1763,3556,5394,7219,9078,11060,13106,15156,1793,1838,1825,1859,1982,2046,2050
48201,"Kuhn, Thomas E",non-elite,1655,3356,5117,6907,8668,10632,12775,15082,1701,1761,1790,1761,1964,2143,2307
48202,"Pappastratis, Nikolas",non-elite,1478,3042,4898,6794,8982,11059,13219,15270,1564,1856,1896,2188,2077,2160,2051
48203,"Mcgrath, Lisa J",non-elite,1694,3432,5264,7144,9101,11163,13233,15282,1738,1832,1880,1957,2062,2070,2049
48204,"Beyer, Patrick J.",non-elite,1811,3595,5395,7232,9099,11088,13156,15190,1784,1800,1837,1867,1989,2068,2034
48205,"Murphy, Fiona C.",non-elite,1688,3376,5113,6893,8841,10898,13188,15225,1688,1737,1780,1948,2057,2290,2037
48206,"Sandfort, J. D.",non-elite,1555,3223,4961,6912,8671,10752,12988,15094,1668,1738,1951,1759,2081,2236,2106
48207,"Russell, Mark",non-elite,1689,3405,5156,6950,8883,10964,13123,15201,1716,1751,1794,1933,2081,2159,2078
48208,"Nolan, Michael A.",non-elite,1723,3445,5200,7022,9069,11140,13229,15252,1722,1755,1822,2047,2071,2089,2023
48209,"Plume, Lisa C",non-elite,1720,3537,5398,7256,9147,11083,13298,15336,1817,1861,1858,1891,1936,2215,2038
48210,"Stewart, Thomas W",non-elite,1618,3282,5051,6812,8595,10472,12653,15025,1664,1769,1761,1783,1877,2181,2372
48212,"Lau, Garrett",non-elite,1840,3578,5305,7112,8865,10729,12993,15245,1738,1727,1807,1753,1864,2264,2252
48213,"Dunfey, Bob",non-elite,1560,3221,4987,6922,8824,10924,13117,15227,1661,1766,1935,1902,2100,2193,2110
48214,"Thompson, Molly",non-elite,1876,3781,5653,7630,9491,11364,13271,15250,1905,1872,1977,1861,1873,1907,1979
48215,"Villiano, Julie",non-elite,1679,3396,5249,7177,9402,11349,13327,15245,1717,1853,1928,2225,1947,1978,1918
48216,"Gabriel, Sarah J.",non-elite,1743,3468,5261,7124,9058,11077,13210,15207,1725,1793,1863,1934,2019,2133,1997
48217,"Cook, Abby",non-elite,1816,3597,5328,7074,9097,11231,13240,15237,1781,1731,1746,2023,2134,2009,1997
48218,"Epstein, Jennifer S.",non-elite,1832,3675,5540,7448,9328,11320,13285,15255,1843,1865,1908,1880,1992,1965,1970
48219,"Reny, Audrey E.",non-elite,1832,3675,5541,7448,9328,11321,13286,15256,1843,1866,1907,1880,1993,1965,1970
48220,"Reny, Steven A.",non-elite,1832,3675,5540,7448,9328,11320,13285,15255,1843,1865,1908,1880,1992,1965,1970
48221,"Rous, Sarah",non-elite,1779,3577,5401,7302,9219,11261,13285,15268,1798,1824,1901,1917,2042,2024,1983
48222,"Anthony, Emily M.",non-elite,1874,3731,5580,7417,9518,11573,13512,15324,1857,1849,1837,2101,2055,1939,1812
48223,"Knorr, Sharon E.",non-elite,1858,3756,5628,7506,9385,11326,13341,15294,1898,1872,1878,1879,1941,2015,1953
48224,"Bernaldez Gomez, Dulce Maria",non-elite,1597,3294,5066,6867,8731,10693,12789,15114,1697,1772,1801,1864,1962,2096,2325
48225,"Buckley, Maureen",non-elite,1580,3391,5237,7066,8918,10961,13084,15237,1811,1846,1829,1852,2043,2123,2153
48226,"Urbanczyk, Jacqueline",non-elite,1566,3143,4719,6366,8129,10016,12486,15124,1577,1576,1647,1763,1887,2470,2638
48227,"Wharf Higgins, Joan",non-elite,1649,3287,5130,6943,8823,10864,13030,15158,1638,1843,1813,1880,2041,2166,2128
48228,"Bunnell, Christopher P.",non-elite,1642,3252,4879,6559,8314,10388,12852,15304,1610,1627,1680,1755,2074,2464,2452
48229,"Allen, Andrea",non-elite,1562,3146,4779,6525,8356,10483,12912,15192,1584,1633,1746,1831,2127,2429,2280
48230,"Heaps, Kathy",non-elite,1886,3737,5586,7459,9351,11329,13320,15253,1851,1849,1873,1892,1978,1991,1933
48231,"Missig, Sherry",non-elite,1887,3738,5587,7459,9351,11331,13321,15255,1851,1849,1872,1892,1980,1990,1934
48232,"Kelley-Lord, Angel R.",non-elite,1828,3657,5482,7375,9220,11184,13213,15230,1829,1825,1893,1845,1964,2029,2017
48233,"Pardue, Suzanne",non-elite,1467,2921,4420,5973,8616,10634,12900,15253,1454,1499,1553,2643,2018,2266,2353
48234,"Curran, Allison",non-elite,1701,3466,5305,7124,9104,11135,13167,15292,1765,1839,1819,1980,2031,2032,2125
48235,"Darling, Kyle P.",non-elite,1713,3420,5179,6942,8812,10907,13118,15276,1707,1759,1763,1870,2095,2211,2158
48236,"Lewia, Peter G",non-elite,1721,3493,5328,7238,9124,11130,13164,15204,1772,1835,1910,1886,2006,2034,2040
48237,"Garabedian, Jeffrey S.",non-elite,1870,3711,5515,7339,9223,11205,13247,15259,1841,1804,1824,1884,1982,2042,2012
48238,"Michael, Glenn",non-elite,1729,3386,5039,6748,8509,10388,12487,15167,1657,1653,1709,1761,1879,2099,2680
48239,"Morgan, Kathy",non-elite,1642,3351,5189,7063,8987,11050,13202,15251,1709,1838,1874,1924,2063,2152,2049
48240,"Konesky, Georgiana L.",non-elite,1970,3872,5748,7617,9446,11382,13355,15273,1902,1876,1869,1829,1936,1973,1918
48241,"O'Neil Sebaratnam, Jennifer",non-elite,1694,3427,5182,7025,8956,11010,13126,15172,1733,1755,1843,1931,2054,2116,2046
48242,"Mercer, Rose L",non-elite,1632,3272,4969,6763,8905,10894,13000,15059,1640,1697,1794,2142,1989,2106,2059
48243,"Hoppenbrouwers, Angelique",non-elite,1792,3557,5356,7181,9004,10925,13042,15170,1765,1799,1825,1823,1921,2117,2128
48244,"Townsend, Deborah M.",non-elite,1700,3411,5214,7093,9036,11171,13216,15238,1711,1803,1879,1943,2135,2045,2022
48245,"Anstey, Christopher",non-elite,1303,2603,3984,5458,7435,9911,12507,15192,1300,1381,1474,1977,2476,2596,2685
48246,"Whitworth Pace, Angeline (Angie)",non-elite,1615,3305,5187,7314,9242,11292,13357,15246,1690,1882,2127,1928,2050,2065,1889
48247,"Duggan, Suzanna",non-elite,1441,3026,4748,6624,8618,10756,13030,15222,1585,1722,1876,1994,2138,2274,2192
48248,"McKinley, Bryant P.",non-elite,1732,3483,5231,7039,8950,10885,13048,15152,1751,1748,1808,1911,1935,2163,2104
48249,"Smith, Maggie J.",non-elite,1772,3586,5398,7270,9148,11110,13206,15227,1814,1812,1872,1878,1962,2096,2021
48250,"Palumbo, Robynn L.",non-elite,1562,3256,5166,7115,9074,11204,13321,15279,1694,1910,1949,1959,2130,2117,1958
48251,"Latch, Bob",non-elite,1477,2968,4490,6189,8053,10237,12850,15193,1491,1522,1699,1864,2184,2613,2343
48252,"Morgan, Karen A.",non-elite,1671,3405,5315,7155,9273,11341,13302,15281,1734,1910,1840,2118,2068,1961,1979
48253,"Hayes, Linda E",non-elite,1651,3384,5139,6959,8856,10896,12991,15156,1733,1755,1820,1897,2040,2095,2165
48254,"Reske, Patricia",non-elite,1655,3444,5184,7029,8887,10925,13117,15217,1789,1740,1845,1858,2038,2192,2100
48255,"Walsh, Kevin P.",non-elite,1638,3245,4876,6607,8429,10598,12959,15139,1607,1631,1731,1822,2169,2361,2180
48256,"Connelly, Mary F.",non-elite,1728,3458,5229,7036,8880,11094,13128,15191,1730,1771,1807,1844,2214,2034,2063
48257,"Limberger, Markus J.",non-elite,1725,3516,5317,7154,9034,11021,13179,15221,1791,1801,1837,1880,1987,2158,2042
48258,"Hailer, Maureen F.",non-elite,1829,3637,5473,7284,9132,11118,13213,15247,1808,1836,1811,1848,1986,2095,2034
48259,"Belz, Nancy",non-elite,1689,3467,5224,7014,8870,10908,13075,15200,1778,1757,1790,1856,2038,2167,2125
48260,"Mullen, Daniel",non-elite,1795,3608,5382,7203,9076,10980,13049,15222,1813,1774,1821,1873,1904,2069,2173
48261,"Chu, Hoi Kun",non-elite,1625,3246,4916,6719,8579,10664,12927,15185,1621,1670,1803,1860,2085,2263,2258
48262,"Prazak, Tawnee",non-elite,1734,3513,5336,7184,9048,11031,13078,15214,1779,1823,1848,1864,1983,2047,2136
48263,"Jenkins, Natalie M",non-elite,1795,3612,5496,7354,9285,11327,13320,15277,1817,1884,1858,1931,2042,1993,1957
48264,"Stone, Jack",non-elite,1720,3410,5146,6928,8758,10765,12979,15191,1690,1736,1782,1830,2007,2214,2212
48265,"Leonard, Tommy",non-elite,1896,3844,5753,7643,9548,11503,13494,15380,1948,1909,1890,1905,1955,1991,1886
48266,"Thiel, Rita",non-elite,1614,3260,5180,7121,9284,11469,13656,15387,1646,1920,1941,2163,2185,2187,1731
48267,"Shim, Jae In",non-elite,1504,3006,4597,6509,8665,10990,13409,15331,1502,1591,1912,2156,2325,2419,1922
48268,"Rochford, Dina",non-elite,1672,3385,5145,6954,8847,10854,13010,15196,1713,1760,1809,1893,2007,2156,2186
48269,"Walth, Natasha",non-elite,1738,3471,5233,7093,9033,11114,13244,15256,1733,1762,1860,1940,2081,2130,2012
48270,"Longwith, Jim",non-elite,1737,3628,5485,7357,9273,11317,13380,15294,1891,1857,1872,1916,2044,2063,1914
48271,"Humen, Laura B.",non-elite,1930,3809,5646,7489,9376,11336,13296,15290,1879,1837,1843,1887,1960,1960,1994
48272,"Werner, Heidi C.",non-elite,1766,3441,5090,6758,8465,10378,12487,15170,1675,1649,1668,1707,1913,2109,2683
48273,"Leonard, Caralyn K.",non-elite,1757,3553,5355,7230,9127,11127,13190,15223,1796,1802,1875,1897,2000,2063,2033
48274,"Vanderloo, Lydia",non-elite,1571,3168,4825,6644,8695,10817,13173,15219,1597,1657,1819,2051,2122,2356,2046
48275,"Phillips, Julie K",non-elite,1581,3401,5349,7192,9182,11391,13528,15375,1820,1948,1843,1990,2209,2137,1847
48276,"Kim, Yongkyong",non-elite,1509,3010,4601,6480,8669,10994,13410,15334,1501,1591,1879,2189,2325,2416,1924
48277,"Doyle, Meaghan E.",non-elite,1671,3412,5114,6871,8730,10714,12960,15217,1741,1702,1757,1859,1984,2246,2257
48278,"Napolitano, Janet",non-elite,1703,3393,5188,7045,9041,11107,13298,15330,1690,1795,1857,1996,2066,2191,2032
48279,"Naegler, Birgit",non-elite,1808,3658,5514,7401,9337,11335,13435,15330,1850,1856,1887,1936,1998,2100,1895
48280,"Zbikowski, Alissa",non-elite,1863,3714,5560,7410,9269,11236,13251,15255,1851,1846,1850,1859,1967,2015,2004
48281,"Singelais, John",non-elite,1623,3342,5033,6745,8544,10619,12778,15043,1719,1691,1712,1799,2075,2159,2265
48282,"Ortiz, Vivian",non-elite,1653,3312,5005,6802,8709,10802,12970,15210,1659,1693,1797,1907,2093,2168,2240
48283,"Rebeiz, Joelle M.",non-elite,1747,3505,5298,7183,9174,11204,13273,15256,1758,1793,1885,1991,2030,2069,1983
48284,"Gomez, Julie A.",non-elite,1742,3492,5350,7129,8952,11188,13416,15307,1750,1858,1779,1823,2236,2228,1891
48285,"Bentley, James R.",non-elite,1762,3417,5103,6781,8664,10618,12838,15126,1655,1686,1678,1883,1954,2220,2288
48286,"Edmondson, Allison",non-elite,1497,3157,4923,6868,8760,10822,12986,15175,1660,1766,1945,1892,2062,2164,2189
48287,"Pandini, Umberto",non-elite,1785,3520,5296,7163,9265,11218,13256,15262,1735,1776,1867,2102,1953,2038,2006
48288,"Wachtler, Bettina",non-elite,1785,3523,5298,7164,9265,11218,13259,15265,1738,1775,1866,2101,1953,2041,2006
48289,"Sussman, Evan R.",non-elite,1755,3463,5226,7068,8965,11064,13293,15319,1708,1763,1842,1897,2099,2229,2026
48290,"Butt, William H. V",non-elite,1807,3545,5273,7016,8902,10932,13179,15267,1738,1728,1743,1886,2030,2247,2088
48291,"Hendrickson, Patrick S.",non-elite,1535,3150,4885,6804,8744,10881,13079,15212,1615,1735,1919,1940,2137,2198,2133
48292,"Mateo, Ashley C.",non-elite,1808,3601,5626,7535,9484,11458,13455,15315,1793,2025,1909,1949,1974,1997,1860
48293,"Freeman, Elaine K.",non-elite,1656,3439,5323,7149,9269,11107,13247,15256,1783,1884,1826,2120,1838,2140,2009
48294,"Negron, Danny",non-elite,1705,3429,5171,6974,8915,10997,13104,15228,1724,1742,1803,1941,2082,2107,2124
48295,"Cumming, Sandy",non-elite,1704,3412,5136,7039,9101,11046,13347,15333,1708,1724,1903,2062,1945,2301,1986
48296,"Lane, Penny",non-elite,1704,3412,5137,7040,9101,11046,13347,15333,1708,1725,1903,2061,1945,2301,1986
48297,"Black, Jennifer E",non-elite,1711,3498,5362,7396,9368,11373,13377,15303,1787,1864,2034,1972,2005,2004,1926
48298,"Mertes, Christopher P.",non-elite,1871,3731,5513,7331,9261,11260,13291,15265,1860,1782,1818,1930,1999,2031,1974
48299,"Jefferson, Michael",non-elite,1741,3389,5016,6715,8484,10486,12749,15123,1648,1627,1699,1769,2002,2263,2374
48300,"Smith, Kevin",non-elite,1672,3462,5248,7116,8974,11175,13274,15295,1790,1786,1868,1858,2201,2099,2021
48301,"Conte, Toni A.",non-elite,1603,3223,4868,6582,8339,10254,12565,15221,1620,1645,1714,1757,1915,2311,2656
48302,"Matsubara, Eiko",non-elite,1541,3135,4823,6682,8429,10725,13023,15188,1594,1688,1859,1747,2296,2298,2165
48303,"Corbett, Cheryl A.",non-elite,1613,3296,5077,6931,8802,10923,13196,15237,1683,1781,1854,1871,2121,2273,2041
48304,"Cunningham, Lori A.",non-elite,1678,3364,5070,6963,8818,10884,13006,15219,1686,1706,1893,1855,2066,2122,2213
48305,"Zullo, Kendell L.",non-elite,1929,3809,5646,7489,9376,11337,13297,15289,1880,1837,1843,1887,1961,1960,1992
48306,"Robertson, Michael Swing",non-elite,1830,3611,5454,7331,9247,11273,13333,15307,1781,1843,1877,1916,2026,2060,1974
48307,"Uretzky, Brian",non-elite,1766,3516,5295,7163,9112,11165,13303,15322,1750,1779,1868,1949,2053,2138,2019
48308,"Deering, Rachel M.",non-elite,1834,3649,5510,7373,9218,11236,13285,15285,1815,1861,1863,1845,2018,2049,2000
48309,"Darmand, Chris",non-elite,1752,3468,5190,6987,8795,10778,12823,15142,1716,1722,1797,1808,1983,2045,2319
48310,"Rancourt, Benoit",non-elite,1682,3388,5046,6853,8736,10670,13026,15281,1706,1658,1807,1883,1934,2356,2255
48311,"Souza, Adam",non-elite,1426,3003,4672,6544,8539,10643,12959,15198,1577,1669,1872,1995,2104,2316,2239
48312,"Knight, Robert",non-elite,1801,3583,5362,7179,9037,11020,13184,15265,1782,1779,1817,1858,1983,2164,2081
48313,"McCarthy, Megan P.",non-elite,1768,3522,5302,7108,8981,10988,13112,15259,1754,1780,1806,1873,2007,2124,2147
48314,"Gorka, Agueda S",non-elite,1650,3428,5246,7123,9072,11139,13325,15312,1778,1818,1877,1949,2067,2186,1987
48315,"Rodriguez-Porrero Miret, Jorge Sr.",non-elite,1634,3311,4997,6714,8416,10190,12344,15086,1677,1686,1717,1702,1774,2154,2742
48316,"Hamilton, Mark",non-elite,1686,3369,5060,6920,8895,10903,13096,15289,1683,1691,1860,1975,2008,2193,2193
48317,"Johnson, Rachel A.",non-elite,1686,3370,5060,6921,8896,10903,13096,15289,1684,1690,1861,1975,2007,2193,2193
48318,"Yang, Sarah",non-elite,1748,3537,5308,7109,9007,10984,13116,15199,1789,1771,1801,1898,1977,2132,2083
48319,"Hulbert-Sosa, Britt L.",non-elite,1570,3118,4716,6401,8126,9957,12376,14769,1548,1598,1685,1725,1831,2419,2393
48320,"Silva, Anadir M.",non-elite,1702,3454,5230,7079,9069,10986,13089,15229,1752,1776,1849,1990,1917,2103,2140
48321,"Martin, Dana R.",non-elite,1826,3714,5504,7330,9195,11238,13321,15265,1888,1790,1826,1865,2043,2083,1944
48322,"Lynch, Maggie K.",non-elite,1813,3500,5235,7142,9172,11184,13327,15327,1687,1735,1907,2030,2012,2143,2000
48323,"Berlove, Orlee",non-elite,1703,3467,5272,7127,9133,10970,13071,15121,1764,1805,1855,2006,1837,2101,2050
48324,"Broughton, Norah E.",non-elite,1693,3414,5192,7022,8902,10993,13223,15279,1721,1778,1830,1880,2091,2230,2056
48325,"Chang, Allen D.",non-elite,1620,3200,4863,6571,8443,10447,12817,15314,1580,1663,1708,1872,2004,2370,2497
48326,"Calamita, Sarah",non-elite,1749,3529,5307,7152,9001,11107,13206,15276,1780,1778,1845,1849,2106,2099,2070
48327,"Wiese, Aida",non-elite,1681,3413,5272,7044,8886,10815,13097,15156,1732,1859,1772,1842,1929,2282,2059
48328,"Myers, Rebecca K.",non-elite,1600,3179,4772,6480,8273,10268,12630,15006,1579,1593,1708,1793,1995,2362,2376
48329,"Solomon, Eva",non-elite,1776,3486,5215,7136,8972,10990,13220,15268,1710,1729,1921,1836,2018,2230,2048
48330,"Kenney, Aline T",non-elite,1811,3616,5454,7320,9264,11222,13318,15294,1805,1838,1866,1944,1958,2096,1976
48331,"Mccullough, Tammy",non-elite,1776,3487,5216,7079,8973,10990,13220,15268,1711,1729,1863,1894,2017,2230,2048
48332,"Spanos, Marissa",non-elite,1957,3881,5737,7596,9454,11374,13369,15310,1924,1856,1859,1858,1920,1995,1941
48333,"Stenroos, Unto",non-elite,1616,3281,4981,6800,8821,11043,13291,15307,1665,1700,1819,2021,2222,2248,2016
48334,"Heltzel, John A",non-elite,1438,2890,4455,6165,7951,10247,12654,15144,1452,1565,1710,1786,2296,2407,2490
48335,"Dumas, Fabien",non-elite,1668,3366,5134,6877,8756,10841,13157,15248,1698,1768,1743,1879,2085,2316,2091
48336,"Vieyra, Michael",non-elite,1675,3397,5188,7036,8974,11098,13229,15238,1722,1791,1848,1938,2124,2131,2009
48337,"Vair, Lesley",non-elite,1669,3382,5149,6960,9072,11260,13362,15378,1713,1767,1811,2112,2188,2102,2016
48338,"Jakovac, Justin P",non-elite,1558,3232,4955,6818,8798,10858,13067,15207,1674,1723,1863,1980,2060,2209,2140
48339,"Ekeberg, Eirin L",non-elite,1662,3429,5287,7102,9057,11122,13408,15382,1767,1858,1815,1955,2065,2286,1974
48340,"Johnson, Ruth",non-elite,1622,3245,4973,6822,8692,10740,12975,15249,1623,1728,1849,1870,2048,2235,2274
48341,"Messer, Mark",non-elite,1559,3233,4956,6820,8750,10858,13067,15207,1674,1723,1864,1930,2108,2209,2140
48342,"Burke, Shannon M.",non-elite,1751,3477,5206,6990,8835,10834,12984,15318,1726,1729,1784,1845,1999,2150,2334
48343,"Cholewa, Jaroslaw",non-elite,1519,3182,4914,6680,8447,10369,12806,15148,1663,1732,1766,1767,1922,2437,2342
48344,"Hauck, Penelope V.",non-elite,1853,3663,5502,7526,9413,11446,13328,15420,1810,1839,2024,1887,2033,1882,2092
48345,"Restaino, Krystina",non-elite,1888,3760,5624,7517,9426,11419,13416,15372,1872,1864,1893,1909,1993,1997,1956
48346,"Sweet, Lydecke B",non-elite,1666,3443,5247,7051,9006,11072,13240,15265,1777,1804,1804,1955,2066,2168,2025
48347,"Vieyra, Janet",non-elite,1677,3399,5190,7038,8976,11100,13231,15243,1722,1791,1848,1938,2124,2131,2012
48348,"Howes, Daryl",non-elite,1860,3758,5642,7622,9528,11495,13444,15336,1898,1884,1980,1906,1967,1949,1892
48349,"Maclean, Cathy B.",non-elite,1860,3758,5642,7622,9528,11495,13445,15336,1898,1884,1980,1906,1967,1950,1891
48350,"Dube, Bruce",non-elite,1687,3347,4993,6698,8479,10570,12659,14782,1660,1646,1705,1781,2091,2089,2123
48351,"Tamplin, Elizabeth M",non-elite,1696,3436,5277,7190,9108,11113,13340,15299,1740,1841,1913,1918,2005,2227,1959
48352,"Feeney, Timothy M.",non-elite,1579,3149,4721,6549,8220,10638,13155,15187,1570,1572,1828,1671,2418,2517,2032
48353,"Devries, Lexie",non-elite,1677,3353,5102,6903,8805,10934,13065,15212,1676,1749,1801,1902,2129,2131,2147
48354,"Hense, Hans",non-elite,1747,3500,5264,7082,8991,11163,13469,15348,1753,1764,1818,1909,2172,2306,1879
48355,"Merrigan, Emily C.",non-elite,1772,3480,5247,7085,9003,11068,13207,15279,1708,1767,1838,1918,2065,2139,2072
48356,"Cummings, Susan",non-elite,1842,3684,5512,7427,9443,11409,13419,15362,1842,1828,1915,2016,1966,2010,1943
48357,"Picard-Fraser, Philip A.",non-elite,1763,3456,5232,7091,8863,10971,13235,15327,1693,1776,1859,1772,2108,2264,2092
48358,"Sanna, Irene",non-elite,1868,3766,5662,7548,9406,11325,13315,15273,1898,1896,1886,1858,1919,1990,1958
48359,"Greenhalgh, Tony J.",non-elite,1657,3376,5117,6885,8734,10808,13028,15178,1719,1741,1768,1849,2074,2220,2150
48360,"Geiger-Adams, Murray D",non-elite,1669,3404,5163,7019,8857,10836,12967,15112,1735,1759,1856,1838,1979,2131,2145
48361,"Wirthlin, Douglas",non-elite,1607,3283,5066,7082,8976,11148,13281,15298,1676,1783,2016,1894,2172,2133,2017
48362,"Foley, Karen",non-elite,1987,3891,5729,7584,9458,11424,13400,15290,1904,1838,1855,1874,1966,1976,1890
48363,"Ho, Wai Man",non-elite,1443,2966,4543,6287,8449,10825,13141,15307,1523,1577,1744,2162,2376,2316,2166
48364,"Melnik, Sergey",non-elite,1773,3477,5245,7032,8943,11035,13141,15217,1704,1768,1787,1911,2092,2106,2076
48365,"Haberle, Robert E.",non-elite,1575,3173,4784,6448,8257,10511,12762,15108,1598,1611,1664,1809,2254,2251,2346
48366,"Lakkis, Nahed",non-elite,1661,3199,4829,6716,8602,11117,13398,15370,1538,1630,1887,1886,2515,2281,1972
48367,"Hogan, Mary Kathryn",non-elite,1573,3241,5112,6995,8924,11006,13116,15299,1668,1871,1883,1929,2082,2110,2183
48368,"Gosnet, Didier Sr.",non-elite,1469,2992,4544,6230,8003,10096,12633,15134,1523,1552,1686,1773,2093,2537,2501
48369,"Fese, Katie",non-elite,1658,3473,5484,7510,9427,11459,13443,15377,1815,2011,2026,1917,2032,1984,1934
48370,"Miller, Haewon",non-elite,1627,3322,5141,7008,8845,10872,12943,15270,1695,1819,1867,1837,2027,2071,2327
48371,"Hansen, Peter Valentin",non-elite,1690,3381,5126,6925,8768,10746,12955,15243,1691,1745,1799,1843,1978,2209,2288
48372,"Lugo, Joanelle",non-elite,1527,3163,4833,6689,8623,10711,12960,15238,1636,1670,1856,1934,2088,2249,2278
48373,"Levey, John",non-elite,1734,3513,5299,7160,9143,11298,13337,15288,1779,1786,1861,1983,2155,2039,1951
48374,"Sohigian, Robert",non-elite,1796,3559,5282,7100,8962,10984,13175,15326,1763,1723,1818,1862,2022,2191,2151
48375,"Quardros, James",non-elite,1706,3429,5076,6748,8558,10419,12466,14982,1723,1647,1672,1810,1861,2047,2516
48376,"Roth, Kayla E",non-elite,1590,3267,4996,6775,8694,10714,12891,15190,1677,1729,1779,1919,2020,2177,2299
48377,"Teevens, Alexis",non-elite,1460,3111,5102,7099,8953,10905,13066,15265,1651,1991,1997,1854,1952,2161,2199
48378,"Leary, Caitlin R.",non-elite,1814,3626,5450,7292,9170,11175,13179,15243,1812,1824,1842,1878,2005,2004,2064
48379,"Roussy, Peter J.",non-elite,1759,3600,5520,7309,9306,11208,13249,15388,1841,1920,1789,1997,1902,2041,2139
48380,"Walker, Geraldine J",non-elite,1672,3300,4939,6662,8653,10706,13017,15241,1628,1639,1723,1991,2053,2311,2224
48381,"Bartholomew, Robin",non-elite,1479,3017,4626,6458,8403,10554,12931,15169,1538,1609,1832,1945,2151,2377,2238
48382,"Leinum, Billie",non-elite,1657,3329,5043,6851,8729,10855,13127,15209,1672,1714,1808,1878,2126,2272,2082
48383,"Patrick, Andrea",non-elite,1568,3140,4772,6468,8216,10204,12766,15151,1572,1632,1696,1748,1988,2562,2385
48384,"Alexander, Bob",non-elite,1487,3011,4560,6199,8202,10690,13070,15302,1524,1549,1639,2003,2488,2380,2232
48385,"Lindgren, Craig",non-elite,1457,2934,4480,6198,8202,10690,13070,15301,1477,1546,1718,2004,2488,2380,2231
48386,"Marner, Cheryl",non-elite,1640,3310,5082,6927,8813,10977,13228,15288,1670,1772,1845,1886,2164,2251,2060
48387,"Conry, Scott",non-elite,1441,2894,4343,5876,7627,9587,12093,14948,1453,1449,1533,1751,1960,2506,2855
48388,"Hickey, Deana A.",non-elite,1931,3857,5735,7634,9530,11481,13447,15354,1926,1878,1899,1896,1951,1966,1907
48389,"Adipietro, Frank",non-elite,1783,3556,5405,7268,9161,11198,13287,15297,1773,1849,1863,1893,2037,2089,2010
48390,"Andersen, Alaina",non-elite,1597,3284,5215,7166,9215,11265,13390,15319,1687,1931,1951,2049,2050,2125,1929
48391,"Presti, Katelyn P.",non-elite,1756,3504,5268,7108,9034,11142,13354,15354,1748,1764,1840,1926,2108,2212,2000
48392,"Newton, Kirsten M.",non-elite,1741,3536,5359,7364,9192,11195,13367,15357,1795,1823,2005,1828,2003,2172,1990
48393,"Morales, Robert",non-elite,1456,2923,4403,6050,7728,9855,12598,15174,1467,1480,1647,1678,2127,2743,2576
48394,"Medford-Davis, Laura N.",non-elite,1918,3906,5769,7628,9519,11515,13444,15370,1988,1863,1859,1891,1996,1929,1926
48395,"Bourgault, AmyBeth",non-elite,1674,3403,5175,7058,9042,11189,13333,15304,1729,1772,1883,1984,2147,2144,1971
48396,"Ducey, Christine",non-elite,1639,3346,5126,6957,8842,10911,13198,15306,1707,1780,1831,1885,2069,2287,2108
48397,"Wilson, Robert D.",non-elite,1593,3178,4790,6480,8254,10472,12876,15250,1585,1612,1690,1774,2218,2404,2374
48398,"Paula, Manny M",non-elite,1635,3262,4904,6580,8476,10624,12948,15291,1627,1642,1676,1896,2148,2324,2343
48399,"De Graff, Patrice L",non-elite,1676,3402,5194,7004,8873,10845,12960,15202,1726,1792,1810,1869,1972,2115,2242
48400,"Gorske, Jim",non-elite,1738,3564,5417,7369,9281,11336,13381,15377,1826,1853,1952,1912,2055,2045,1996
48401,"Brizius, Kate",non-elite,1879,3753,5628,7524,9458,11369,13353,15334,1874,1875,1896,1934,1911,1984,1981
48402,"Sullivan, Michael K",non-elite,1617,3236,4898,6559,8342,10386,12719,15213,1619,1662,1661,1783,2044,2333,2494
48403,"Stevens, Aaron Z.",non-elite,1836,3590,5365,7287,9256,11245,13304,15329,1754,1775,1922,1969,1989,2059,2025
48404,"Wosencroft, Mikki E.",non-elite,1657,3317,5030,6855,8683,10754,13040,15237,1660,1713,1825,1828,2071,2286,2197
48405,"Brown, Carla L",non-elite,1613,3289,5053,6853,8855,10915,13162,15366,1676,1764,1800,2002,2060,2247,2204
48406,"Prudhomme, Colleen K",non-elite,1688,3374,5097,6899,8844,10873,13077,15287,1686,1723,1802,1945,2029,2204,2210
48407,"Rivers, Samantha E.",non-elite,1840,3652,5463,7333,9227,11241,13305,15376,1812,1811,1870,1894,2014,2064,2071
48408,"Noonan, Andrea L.",non-elite,1606,3179,4889,6765,8812,10993,13171,15324,1573,1710,1876,2047,2181,2178,2153
48409,"Trindle, Aidan D.",non-elite,1753,3425,5181,7028,8961,11077,13265,15337,1672,1756,1847,1933,2116,2188,2072
48410,"Howard, Sofia",non-elite,1709,3493,5305,7209,9222,11255,13317,15325,1784,1812,1904,2013,2033,2062,2008
48411,"Dulong, Dana",non-elite,1685,3363,5034,6723,8658,10808,12928,15093,1678,1671,1689,1935,2150,2120,2165
48412,"MacCormack, Stephen P.",non-elite,1685,3363,5035,6723,8658,10809,12928,15093,1678,1672,1688,1935,2151,2119,2165
48413,"Davis, Jennifer L.",non-elite,1785,3524,5330,7176,9045,11090,13297,15322,1739,1806,1846,1869,2045,2207,2025
48414,"Sween, Devon",non-elite,1631,3527,5390,7249,9324,11297,13474,15404,1896,1863,1859,2075,1973,2177,1930
48416,"Bruni, Jack",non-elite,1610,3254,4899,6643,8417,10425,12629,15119,1644,1645,1744,1774,2008,2204,2490
48417,"Fujiwara, Michio",non-elite,1750,3448,5162,6961,8840,10874,13024,15225,1698,1714,1799,1879,2034,2150,2201
48418,"Kwilinski, Amy L.",non-elite,1676,3405,5222,7221,9090,11046,13175,15270,1729,1817,1999,1869,1956,2129,2095
48419,"Clark, Katie",non-elite,1512,3039,4639,6551,8461,10602,13033,15267,1527,1600,1912,1910,2141,2431,2234
48420,"Namgung, Jong",non-elite,1679,3208,4780,6482,8398,10621,13063,15240,1529,1572,1702,1916,2223,2442,2177
48421,"Mulry, Richard L.",non-elite,1688,3377,5065,6941,8978,11192,13320,15317,1689,1688,1876,2037,2214,2128,1997
48422,"Michael, Barbara",non-elite,1725,3509,5354,7246,9096,11052,13129,15238,1784,1845,1892,1850,1956,2077,2109
48423,"Goullaud, Eric",non-elite,1782,3603,5409,7288,9206,11189,13289,15309,1821,1806,1879,1918,1983,2100,2020
48424,"Purdin, Jim",non-elite,1774,3600,5459,7321,9218,11236,13311,15328,1826,1859,1862,1897,2018,2075,2017
48425,"Connors, Katherine",non-elite,1923,3776,5566,7390,9483,11375,13325,15355,1853,1790,1824,2093,1892,1950,2030
48426,"Fahey, Christopher",non-elite,1723,3415,5135,6916,8787,10820,13000,15241,1692,1720,1781,1871,2033,2180,2241
48427,"Greer, Shawn E",non-elite,1576,3196,4962,6814,8825,11060,13288,15310,1620,1766,1852,2011,2235,2228,2022
48428,"Montaquila, Jill",non-elite,1518,3146,4908,6806,8867,11261,13695,15438,1628,1762,1898,2061,2394,2434,1743
48429,"Morris, Diana",non-elite,1518,3146,4909,6806,8868,11262,13695,15438,1628,1763,1897,2062,2394,2433,1743
48430,"Koelker, Maegan L.",non-elite,1950,3850,5709,7607,9535,11497,13483,15395,1900,1859,1898,1928,1962,1986,1912
48431,"Commerford, Erin",non-elite,1810,3620,5416,7255,9147,11142,13228,15280,1810,1796,1839,1892,1995,2086,2052
48432,"Salsman, Jonathan",non-elite,1939,3856,5737,7627,9557,11587,13591,15424,1917,1881,1890,1930,2030,2004,1833
48433,"Sample, Jennifer",non-elite,1425,2958,4997,6911,8848,10903,13080,15364,1533,2039,1914,1937,2055,2177,2284
48434,"Martin, Kayla M.",non-elite,1741,3511,5336,7286,9315,11418,13462,15381,1770,1825,1950,2029,2103,2044,1919
48435,"Cleveland, Sharon S.",non-elite,1772,3573,5418,7354,9354,11382,13429,15377,1801,1845,1936,2000,2028,2047,1948
48437,"Marcotte, Lynn",non-elite,1659,3387,5319,7268,9194,11286,13357,15340,1728,1932,1949,1926,2092,2071,1983
48438,"Erickson, Andrew",non-elite,1743,3504,5202,6961,8804,10624,12817,15079,1761,1698,1759,1843,1820,2193,2262
48439,"Gully, Michelle",non-elite,1660,3374,5154,7008,8920,11017,13196,15301,1714,1780,1854,1912,2097,2179,2105
48440,"Schindler, Erin J",non-elite,1836,3699,5524,7407,9333,11332,13310,15301,1863,1825,1883,1926,1999,1978,1991
48441,"Comer, Christine M.",non-elite,1710,3407,5238,7061,9016,11006,13219,15352,1697,1831,1823,1955,1990,2213,2133
48442,"Witlen, Peter",non-elite,1681,3309,4935,6561,8422,10347,12745,15301,1628,1626,1626,1861,1925,2398,2556
48443,"Relihan, Daniel S.",non-elite,1773,3480,5179,6828,8488,10289,12481,15131,1707,1699,1649,1660,1801,2192,2650
48444,"Houlihan, Erin B.",non-elite,1814,3627,5427,7247,9090,11061,13252,15317,1813,1800,1820,1843,1971,2191,2065
48445,"Cutler, Amy C.",non-elite,1640,3519,5304,7310,9507,11437,13467,15394,1879,1785,2006,2197,1930,2030,1927
48446,"Dearden, Darlene",non-elite,1605,3234,4896,6604,8332,10259,12388,15100,1629,1662,1708,1728,1927,2129,2712
48447,"Rull, Daniel J.",non-elite,1784,3453,5147,6968,8836,11109,13159,15287,1669,1694,1821,1868,2273,2050,2128
48448,"Crandall, Jeremy P.",non-elite,1565,3197,4875,6734,8763,10915,13159,15276,1632,1678,1859,2029,2152,2244,2117
48449,"Osborne, Donald M Jr.",non-elite,1705,3450,5295,7163,9090,11118,13251,15282,1745,1845,1868,1927,2028,2133,2031
48450,"Meister, Connie M",non-elite,1785,3614,5478,7312,9183,11198,13382,15320,1829,1864,1834,1871,2015,2184,1938
48451,"Odom, Stephen R.",non-elite,1755,3377,5119,6907,8835,10822,13149,15290,1622,1742,1788,1928,1987,2327,2141
48452,"Jassir, Antonio",non-elite,1488,3030,4871,6642,8494,10670,12942,15249,1542,1841,1771,1852,2176,2272,2307
48453,"Binnie, Stephen R.",non-elite,1724,3427,5110,6839,8707,10882,13009,15219,1703,1683,1729,1868,2175,2127,2210
48454,"Woodward, Roland C Jr.",non-elite,1490,2993,4540,6170,7858,9678,11691,14811,1503,1547,1630,1688,1820,2013,3120
48455,"Lindahl, Mary R",non-elite,1764,3635,5542,7426,9337,11342,13392,15350,1871,1907,1884,1911,2005,2050,1958
48456,"Waller, Ellen W.",non-elite,1768,3518,5330,7124,9011,10934,13135,15312,1750,1812,1794,1887,1923,2201,2177
48458,"Kung, Audrey",non-elite,1528,3228,5026,6939,8943,11078,13232,15388,1700,1798,1913,2004,2135,2154,2156
48459,"Walsh, Meghan E.",non-elite,1854,3675,5507,7393,9334,11385,13422,15389,1821,1832,1886,1941,2051,2037,1967
48460,"Langevin, William J.",non-elite,1694,3485,5335,7209,9122,11156,13242,15342,1791,1850,1874,1913,2034,2086,2100
48461,"Caballero Gomez, Alberto",non-elite,1648,3330,5064,6846,8691,10970,13170,15277,1682,1734,1782,1845,2279,2200,2107
48462,"Kennedy, Bob",non-elite,1644,3341,5050,6784,8573,10572,12838,15243,1697,1709,1734,1789,1999,2266,2405
48463,"Jaruszawicus, Julee M.",non-elite,1796,3557,5319,7184,9047,11058,13237,15330,1761,1762,1865,1863,2011,2179,2093
48464,"Beck, Rachel R",non-elite,1597,3284,5071,6978,8899,10885,13031,15319,1687,1787,1907,1921,1986,2146,2288
48465,"Ng, Karmin",non-elite,1930,3884,5797,7751,9660,11707,13614,15430,1954,1913,1954,1909,2047,1907,1816
48466,"Hozik, James",non-elite,1689,3463,5257,7093,8981,11071,13256,15245,1774,1794,1836,1888,2090,2185,1989
48467,"Dixon, Kevin",non-elite,1419,2773,4507,6340,8395,10844,12896,15368,1354,1734,1833,2055,2449,2052,2472
48468,"Fox, Lee H.",non-elite,1758,3473,5186,6931,8714,10656,12972,15304,1715,1713,1745,1783,1942,2316,2332
48469,"White, Thomas I.",non-elite,1787,3588,5423,7332,9275,11284,13358,15370,1801,1835,1909,1943,2009,2074,2012
48470,"Dagnino, Pietro",non-elite,1828,3635,5451,7292,9178,11154,13141,15251,1807,1816,1841,1886,1976,1987,2110
48471,"Hansen, Bjarne V.",non-elite,1564,3135,4764,6570,8465,10638,13092,15231,1571,1629,1806,1895,2173,2454,2139
48472,"Gilmore, William",non-elite,1877,3781,5728,7555,9391,11268,13283,15340,1904,1947,1827,1836,1877,2015,2057
48473,"Morrison, Noah",non-elite,1543,3071,4685,6532,8465,10649,12881,15368,1528,1614,1847,1933,2184,2232,2487
48474,"Majdisova, Kristina",non-elite,1793,3510,5269,7064,8899,10919,13111,15290,1717,1759,1795,1835,2020,2192,2179
48476,"Connor, Joseph F.",non-elite,1720,3387,5070,6859,8716,10701,12921,15217,1667,1683,1789,1857,1985,2220,2296
48477,"Pak, Robin J.",non-elite,1740,3478,5238,7093,8789,10606,12701,15325,1738,1760,1855,1696,1817,2095,2624
48478,"Petty, Connie R",non-elite,1605,3252,4929,6685,8458,10639,12948,15277,1647,1677,1756,1773,2181,2309,2329
48479,"Shugert, Rob W.",non-elite,1854,3583,5281,7080,8950,11027,13373,15408,1729,1698,1799,1870,2077,2346,2035
48480,"Marshall, Dan",non-elite,1785,3572,5321,7076,8933,10917,12945,15309,1787,1749,1755,1857,1984,2028,2364
48481,"Covington, Michele M",non-elite,1623,3334,5139,7071,9230,11239,13330,15430,1711,1805,1932,2159,2009,2091,2100
48482,"Donahue, John M.",non-elite,1701,3466,5205,7040,8851,11159,13188,15324,1765,1739,1835,1811,2308,2029,2136
48483,"Muir, Sean D",non-elite,1504,2994,4485,5977,7494,9759,12408,15045,1490,1491,1492,1517,2265,2649,2637
48484,"Murphy, Chuck J.",non-elite,1860,3592,5317,7137,9049,11062,13198,15330,1732,1725,1820,1912,2013,2136,2132
48485,"Oberle, Joshua M.",non-elite,1771,3512,5255,7098,9044,11137,13341,15321,1741,1743,1843,1946,2093,2204,1980
48486,"Buresh, Barbi",non-elite,1721,3736,5673,7600,9603,11565,13544,15425,2015,1937,1927,2003,1962,1979,1881
48487,"Lemire, Luc",non-elite,1632,3306,5060,6847,8611,10618,12838,15123,1674,1754,1787,1764,2007,2220,2285
48488,"Fabiano, Amy",non-elite,1765,3501,5214,6985,8802,10934,12943,15295,1736,1713,1771,1817,2132,2009,2352
48489,"Porto Lima Basto, Pedro",non-elite,1697,3356,5021,6697,8431,10446,12869,15248,1659,1665,1676,1734,2015,2423,2379
48490,"Wilson-Shaw, Lucy H.",non-elite,1456,3045,4896,6788,8729,11014,13204,15325,1589,1851,1892,1941,2285,2190,2121
48491,"Elbert, Paula C.",non-elite,1676,3410,5185,7010,8930,11002,13170,15292,1734,1775,1825,1920,2072,2168,2122
48492,"Leimann, John",non-elite,1441,2879,4385,6204,7960,9893,12192,14767,1438,1506,1819,1756,1933,2299,2575
48493,"Gregory, Bruce",non-elite,1704,3486,5309,7206,9145,11166,13316,15360,1782,1823,1897,1939,2021,2150,2044
48494,"Chen, Xiaojun",non-elite,1591,3133,4707,6371,8192,10526,13078,15413,1542,1574,1664,1821,2334,2552,2335
48495,"Ortbals, Andrew J.",non-elite,1533,3069,4616,6212,7895,9876,12564,15142,1536,1547,1596,1683,1981,2688,2578
48496,"Strik, Nathan",non-elite,1635,3272,4956,6640,8672,10861,13092,15316,1637,1684,1684,2032,2189,2231,2224
48497,"Shaw, Lynn",non-elite,1773,3549,5369,7284,9302,11303,13369,15351,1776,1820,1915,2018,2001,2066,1982
48498,"Rojas, Adriana",non-elite,1694,3274,4839,6609,8857,11080,13238,15415,1580,1565,1770,2248,2223,2158,2177
48499,"Reddan, Julie C",non-elite,1578,3159,4796,6562,8430,10502,13056,15320,1581,1637,1766,1868,2072,2554,2264
48500,"Weidner, Julie A",non-elite,1695,3445,5271,7191,9229,11392,13491,15425,1750,1826,1920,2038,2163,2099,1934
48501,"Lubin, Linda",non-elite,1674,3346,5046,6916,8873,11102,13364,15416,1672,1700,1870,1957,2229,2262,2052
48502,"DeCample, Richard J.",non-elite,1644,3407,5306,7301,9252,11323,13433,15415,1763,1899,1995,1951,2071,2110,1982
48503,"Boudreau, Alphonse",non-elite,1678,3387,5135,6913,8729,10773,12940,15208,1709,1748,1778,1816,2044,2167,2268
48504,"Hamada, Hisashi",non-elite,1756,3516,5289,7156,9079,11162,13353,15378,1760,1773,1867,1923,2083,2191,2025
48505,"Frechette, Jennifer C",non-elite,1551,3136,4886,6743,8580,10450,12535,15141,1585,1750,1857,1837,1870,2085,2606
48506,"Peterson, Becky",non-elite,1683,3540,5433,7564,9524,11521,13524,15393,1857,1893,2131,1960,1997,2003,1869
48507,"Green, Annie",non-elite,1682,3539,5432,7563,9524,11521,13523,15397,1857,1893,2131,1961,1997,2002,1874
48508,"Whipple, Beth",non-elite,1575,3194,4828,6552,8351,10316,12647,15198,1619,1634,1724,1799,1965,2331,2551
48509,"Utakis, Donna",non-elite,1694,3477,5358,7202,9216,11280,13373,15351,1783,1881,1844,2014,2064,2093,1978
48510,"Geffken, Paul R.",non-elite,1775,3490,5280,7120,9051,11182,13359,15397,1715,1790,1840,1931,2131,2177,2038
48511,"Nelson, Paul S.",non-elite,1775,3490,5281,7120,9051,11182,13359,15397,1715,1791,1839,1931,2131,2177,2038
48512,"Rock, Alice",non-elite,1637,3403,5281,7139,9169,11166,13414,15368,1766,1878,1858,2030,1997,2248,1954
48513,"Gavloski, Lorraine A",non-elite,1894,3817,5744,7622,9603,11635,13677,15485,1923,1927,1878,1981,2032,2042,1808
48514,"Chung, Henry H.",non-elite,1547,3112,4742,6440,8207,10194,12547,15174,1565,1630,1698,1767,1987,2353,2627
48515,"Skerrett, Alyssa K.",non-elite,1896,3706,5532,7402,9293,11282,13345,15378,1810,1826,1870,1891,1989,2063,2033
48516,"Brendolan, Alessandra A.",non-elite,1675,3473,5304,7228,9178,11275,13425,15388,1798,1831,1924,1950,2097,2150,1963
48517,"Miller, Arvin S III",non-elite,1588,3207,4879,6618,8586,10638,12806,15155,1619,1672,1739,1968,2052,2168,2349
48518,"Mccausland, Lucy",non-elite,1658,3365,5160,7075,9044,11108,13215,15324,1707,1795,1915,1969,2064,2107,2109
48519,"Blackwood, Shawn A.",non-elite,1764,3426,5059,6724,8430,10424,13073,15245,1662,1633,1665,1706,1994,2649,2172
48520,"Crane, Nicole",non-elite,1585,3175,4817,6719,8972,11208,13446,15412,1590,1642,1902,2253,2236,2238,1966
48521,"Lansdown, Meredith",non-elite,1457,2908,4353,6001,7869,10300,13423,15375,1451,1445,1648,1868,2431,3123,1952
48522,"Winters, Annabelle",non-elite,1457,2908,4353,6001,7869,10300,13424,15375,1451,1445,1648,1868,2431,3124,1951
48523,"Crist, Kim",non-elite,1724,3450,5228,7062,8952,10991,13202,15307,1726,1778,1834,1890,2039,2211,2105
48524,"Troy, William F.",non-elite,1903,3806,5698,7604,9526,11550,13525,15440,1903,1892,1906,1922,2024,1975,1915
48525,"Brady, Erica M.",non-elite,1980,3835,5580,7349,9142,11078,12999,15250,1855,1745,1769,1793,1936,1921,2251
48526,"Williams, Mary Anne",non-elite,1560,3188,4871,6928,8993,10943,13087,15287,1628,1683,2057,2065,1950,2144,2200
48527,"Cron, Joyce",non-elite,1839,3725,5597,7517,9393,11362,13346,15405,1886,1872,1920,1876,1969,1984,2059
48528,"Trachsel, Rebecca",non-elite,1839,3725,5597,7517,9393,11362,13346,15405,1886,1872,1920,1876,1969,1984,2059
48529,"Kluver, Reka",non-elite,1976,3920,5735,7643,9502,11518,13522,15396,1944,1815,1908,1859,2016,2004,1874
48530,"Fontas, Crystal L.",non-elite,1950,3789,5655,7601,9550,11551,13567,15467,1839,1866,1946,1949,2001,2016,1900
48531,"Cabaniss, Mike",non-elite,1752,3512,5267,7040,8797,10695,12981,15395,1760,1755,1773,1757,1898,2286,2414
48532,"Parks, Michael L",non-elite,1463,2942,4422,5993,7691,9639,11715,14896,1479,1480,1571,1698,1948,2076,3181
48533,"Holcroft, Amanda",non-elite,1706,3377,5180,7175,9172,11157,13276,15371,1671,1803,1995,1997,1985,2119,2095
48534,"Pate, Thomas H",non-elite,1630,3276,4948,6648,8409,10445,12603,15246,1646,1672,1700,1761,2036,2158,2643
48535,"Goudreault, Laurie",non-elite,1726,3582,5444,7360,9306,11383,13527,15454,1856,1862,1916,1946,2077,2144,1927
48536,"Schlomski, Thomas",non-elite,1731,3444,5183,7002,8951,11174,13280,15304,1713,1739,1819,1949,2223,2106,2024
48537,"Colehamer, Glenn L",non-elite,1648,3327,5030,6741,8477,10340,12549,15138,1679,1703,1711,1736,1863,2209,2589
48538,"Farley, Douglas W.",non-elite,1531,3216,4926,6792,8688,10796,13074,15319,1685,1710,1866,1896,2108,2278,2245
48539,"Cafarelli, Lisa J.",non-elite,1665,3410,5204,7072,8941,10936,13158,15267,1745,1794,1868,1869,1995,2222,2109
48540,"Segura, Kattia",non-elite,1555,3156,4824,6632,8631,10603,12871,15277,1601,1668,1808,1999,1972,2268,2406
48541,"Dale, Connie M",non-elite,1652,3330,5018,6717,8646,10817,13161,15319,1678,1688,1699,1929,2171,2344,2158
48542,"Rudman, Nicholas III",non-elite,1803,3588,5363,7177,9044,11063,13179,15312,1785,1775,1814,1867,2019,2116,2133
48543,"Lucius, Jessica",non-elite,1524,3088,4761,6501,8303,10362,12890,15375,1564,1673,1740,1802,2059,2528,2485
48544,"Cooper, Steve",non-elite,1854,3654,5455,7293,9160,11121,13316,15348,1800,1801,1838,1867,1961,2195,2032
48545,"Benham, Jane E",non-elite,1640,3372,5224,7120,9067,11151,13408,15401,1732,1852,1896,1947,2084,2257,1993
48546,"Bruner, Kathryne J.",non-elite,1544,3168,4869,6645,8533,10621,12965,15261,1624,1701,1776,1888,2088,2344,2296
48547,"Gagne, Joe M.",non-elite,1949,3862,5792,7688,9597,11578,13489,15457,1913,1930,1896,1909,1981,1911,1968
48549,"Fortin, Michel",non-elite,1839,3511,5190,6881,8664,10700,12992,15326,1672,1679,1691,1783,2036,2292,2334
48550,"Graves, Richard H. III",non-elite,1248,2587,4479,6611,8524,10732,13158,15332,1339,1892,2132,1913,2208,2426,2174
48551,"Van Riper, Kay M.",non-elite,1786,3628,5529,7425,9321,11349,13413,15387,1842,1901,1896,1896,2028,2064,1974
48552,"Sadler, Brett J.",non-elite,1817,3579,5286,7092,8874,10838,13074,15268,1762,1707,1806,1782,1964,2236,2194
48553,"Eccles, Annette",non-elite,1670,3417,5225,7131,9099,11213,13323,15351,1747,1808,1906,1968,2114,2110,2028
48554,"Natale, Tiffanie",non-elite,1632,3312,5008,6877,8888,11123,13351,15372,1680,1696,1869,2011,2235,2228,2021
48555,"Salas, Cathleen A",non-elite,1649,3324,5136,6989,8898,10977,13168,15370,1675,1812,1853,1909,2079,2191,2202
48556,"Grossbart, Stephen R",non-elite,1536,3134,5050,6914,8869,11028,13212,15383,1598,1916,1864,1955,2159,2184,2171
48557,"Perschon, Matthew T.",non-elite,1753,3484,5388,7276,9136,11298,13415,15446,1731,1904,1888,1860,2162,2117,2031
48558,"Kyes, Rosie",non-elite,1748,3522,5395,7322,9293,11380,13453,15412,1774,1873,1927,1971,2087,2073,1959
48559,"Hung, David K.",non-elite,1295,2584,3930,5498,7846,10291,12857,15250,1289,1346,1568,2348,2445,2566,2393
48560,"Keely, Denise",non-elite,1549,3084,4688,6391,8228,10245,12732,15278,1535,1604,1703,1837,2017,2487,2546
48561,"Chang, Huan Sen",non-elite,1898,3908,5761,7542,9465,11343,13262,15249,2010,1853,1781,1923,1878,1919,1987
48562,"Olson, Thomas R",non-elite,1505,2981,4554,6259,8263,10570,12883,15271,1476,1573,1705,2004,2307,2313,2388
48563,"Martinez, Daisy L.",non-elite,1875,3603,5332,7107,8953,10908,13176,15415,1728,1729,1775,1846,1955,2268,2239
48564,"Jensen, Jan",non-elite,1622,3309,5073,6917,8854,10970,13283,15350,1687,1764,1844,1937,2116,2313,2067
48565,"Unterspann, Klaus",non-elite,1637,3277,4889,6558,8282,10277,12688,15133,1640,1612,1669,1724,1995,2411,2445
48566,"Bunston, Stanley",non-elite,1690,3420,5240,7120,9008,11042,13124,15221,1730,1820,1880,1888,2034,2082,2097
48567,"Nelsen, Wendy",non-elite,1752,3465,5275,7092,8981,11029,13196,15340,1713,1810,1817,1889,2048,2167,2144
48568,"Banholzer, Abby C.",non-elite,1889,3754,5604,7447,9324,11272,13388,15407,1865,1850,1843,1877,1948,2116,2019
48569,"Fong, Nanette C",non-elite,1626,3242,4842,6784,9010,11047,13284,15352,1616,1600,1942,2226,2037,2237,2068
48570,"Nicholas, Dawn M",non-elite,1619,3294,5074,6955,8886,11034,13223,15333,1675,1780,1881,1931,2148,2189,2110
48571,"Jackson, Donna Y",non-elite,1665,3353,5114,7048,9212,11369,13534,15451,1688,1761,1934,2164,2157,2165,1917
48572,"Bergin, Liz",non-elite,1890,3801,5641,7556,9469,11416,13453,15425,1911,1840,1915,1913,1947,2037,1972
48573,"Morris, Kristen",non-elite,1896,3766,5629,7536,9474,11468,13570,15461,1870,1863,1907,1938,1994,2102,1891
48574,"Stier, Melissa",non-elite,1766,3621,5500,7476,9721,11771,13802,15545,1855,1879,1976,2245,2050,2031,1743
48575,"Gardiner, Aaron",non-elite,1701,3351,5026,6724,8475,10549,13009,15383,1650,1675,1698,1751,2074,2460,2374
48576,"Butler, Beofra K.",non-elite,1654,3288,5008,7077,9157,11322,13381,15400,1634,1720,2069,2080,2165,2059,2019
48577,"Allen, Kent J.",non-elite,1684,3423,5218,7066,8940,10787,13074,15371,1739,1795,1848,1874,1847,2287,2297
48578,"Amar, Judy",non-elite,1685,3423,5218,7066,8941,10787,13074,15372,1738,1795,1848,1875,1846,2287,2298
48579,"Walsh, John J.",non-elite,1897,3807,5703,7679,9550,11564,13589,15483,1910,1896,1976,1871,2014,2025,1894
48580,"Wojciechowski, Michael N.",non-elite,1988,3836,5503,7284,9106,11158,13282,15350,1848,1667,1781,1822,2052,2124,2068
48581,"Quinn, David D. Sr.",non-elite,1666,3368,5086,6894,8768,10864,13234,15353,1702,1718,1808,1874,2096,2370,2119
48582,"Ly, Stacy",non-elite,1585,3354,5167,7056,9065,11150,13325,15464,1769,1813,1889,2009,2085,2175,2139
48583,"Ranjbaran, Alina",non-elite,1804,3600,5368,7214,9164,11347,13402,15458,1796,1768,1846,1950,2183,2055,2056
48584,"McCormack, Mike",non-elite,1664,3338,5014,6802,8749,10911,13162,15295,1674,1676,1788,1947,2162,2251,2133
48585,"Mahon, Gina",non-elite,1647,3287,4926,6594,8251,9991,12974,15235,1640,1639,1668,1657,1740,2983,2261
48586,"Coveney, Sean P.",non-elite,1781,3585,5427,7252,9142,11107,13255,15389,1804,1842,1825,1890,1965,2148,2134
48587,"Roberts, Kurt",non-elite,1544,3105,4706,6387,8186,10250,12725,15298,1561,1601,1681,1799,2064,2475,2573
48588,"Dilmore, Heather",non-elite,1585,3224,5012,6876,8754,10901,13049,15318,1639,1788,1864,1878,2147,2148,2269
48589,"Healy, Declan G.",non-elite,1854,3632,5426,7260,9106,11070,13165,15360,1778,1794,1834,1846,1964,2095,2195
48590,"Sachdeva, Andrea R.",non-elite,1665,3285,4983,6850,8862,10901,13191,15387,1620,1698,1867,2012,2039,2290,2196
48591,"Smith, Colleen M.",non-elite,1794,3581,5432,7358,9249,11260,13374,15383,1787,1851,1926,1891,2011,2114,2009
48592,"Chow, Jeanne",non-elite,1813,3615,5420,7256,9261,11287,13256,15352,1802,1805,1836,2005,2026,1969,2096
48593,"Wright, Ian",non-elite,1624,3307,5059,6873,8756,10845,12892,15142,1683,1752,1814,1883,2089,2047,2250
48594,"Bystock, Matthew",non-elite,1778,3563,5354,7189,9029,11024,13188,15325,1785,1791,1835,1840,1995,2164,2137
48595,"Klasen, Gary",non-elite,1680,3374,5077,6837,8647,10628,12834,15195,1694,1703,1760,1810,1981,2206,2361
48596,"Lee, Kyuhwa",non-elite,1872,3563,5207,6935,8718,10892,13203,15375,1691,1644,1728,1783,2174,2311,2172
48597,"Lee, Joon Sik",non-elite,1872,3563,5208,6935,8718,10893,13203,15376,1691,1645,1727,1783,2175,2310,2173
48598,"Kim, Younghwa",non-elite,1872,3563,5208,6936,8718,10892,13203,15376,1691,1645,1728,1782,2174,2311,2173
48599,"Timin, Madeleine",non-elite,1931,3860,5680,7600,9567,11539,13473,15434,1929,1820,1920,1967,1972,1934,1961
48600,"Serafini, John",non-elite,1625,3282,4951,6711,8648,10782,13075,15333,1657,1669,1760,1937,2134,2293,2258
48601,"Weber, Jonathan C.",non-elite,1773,3482,5161,6949,8882,10966,13152,15399,1709,1679,1788,1933,2084,2186,2247
48602,"Boucher, Deana",non-elite,1795,3562,5361,7239,9124,11130,13251,15383,1767,1799,1878,1885,2006,2121,2132
48603,"Alley, Patrick",non-elite,1735,3379,5018,6723,8635,10656,13019,15296,1644,1639,1705,1912,2021,2363,2277
48604,"Phillips, Denise Y.",non-elite,1535,3166,4987,6886,8853,11001,13230,15372,1631,1821,1899,1967,2148,2229,2142
48605,"Cohn, Nelson",non-elite,1866,3624,5383,7225,9135,11138,13175,15437,1758,1759,1842,1910,2003,2037,2262
48606,"Glabicky, Kathy J.",non-elite,1825,3617,5509,7484,9348,11591,13555,15479,1792,1892,1975,1864,2243,1964,1924
48607,"Kelly, Larry",non-elite,1364,2743,4141,5764,7673,9703,12370,15114,1379,1398,1623,1909,2030,2667,2744
48608,"Tosato, Giovanna",non-elite,1684,3401,5140,6926,8764,10962,13066,15225,1717,1739,1786,1838,2198,2104,2159
48609,"Stack, Margaret E.",non-elite,2023,3902,5718,7666,9522,11431,13434,15465,1879,1816,1948,1856,1909,2003,2031
48610,"Stack, Kathleen E.",non-elite,2023,3902,5718,7667,9522,11431,13379,15465,1879,1816,1949,1855,1909,1948,2086
48611,"Holt, Lisa",non-elite,1395,2852,4469,6393,8389,10853,13326,15437,1457,1617,1924,1996,2464,2473,2111
48612,"Ciampa, Mary E.",non-elite,1892,3723,5579,7423,9397,11504,13541,15478,1831,1856,1844,1974,2107,2037,1937
48613,"Gilmartin, David J.",non-elite,1910,3903,5904,7980,9970,11764,13620,15464,1993,2001,2076,1990,1794,1856,1844
48614,"Robinson, Karen H",non-elite,1592,3213,4888,6624,8391,10412,12679,15160,1621,1675,1736,1767,2021,2267,2481
48615,"Weinstock, David",non-elite,1815,3535,5247,6983,8733,10785,13127,15331,1720,1712,1736,1750,2052,2342,2204
48616,"Olitsky, Richard L",non-elite,1701,3505,5255,7064,8955,11010,13275,15381,1804,1750,1809,1891,2055,2265,2106
48617,"Kimmerer, Lara M.",non-elite,1887,3753,5604,7447,9296,11295,13447,15504,1866,1851,1843,1849,1999,2152,2057
48618,"Withee, Theresa",non-elite,1643,3386,5180,7273,9303,11448,13484,15447,1743,1794,2093,2030,2145,2036,1963
48619,"Blankenship, Julie",non-elite,1630,3336,5107,7066,9009,11084,13275,15358,1706,1771,1959,1943,2075,2191,2083
48620,"Yocum, Sandra A",non-elite,1739,3498,5275,7050,8870,10918,13088,15340,1759,1777,1775,1820,2048,2170,2252
48621,"Samuel, Eugene",non-elite,1485,2995,4547,6219,8031,10098,12333,15382,1510,1552,1672,1812,2067,2235,3049
48622,"Ditullio, William A. III",non-elite,1809,3542,5253,7122,8935,10990,13112,15309,1733,1711,1869,1813,2055,2122,2197
48623,"Keeler, Bonnie P.",non-elite,1676,3445,5272,7186,9147,11223,13361,15419,1769,1827,1914,1961,2076,2138,2058
48624,"Meech, Alma L",non-elite,1786,3605,5483,7493,9469,11505,13498,15448,1819,1878,2010,1976,2036,1993,1950
48626,"Farnum, Nicole T",non-elite,1590,3268,5047,6904,8774,10774,13079,15459,1678,1779,1857,1870,2000,2305,2380
48627,"Tupper, Debbie M.",non-elite,1805,3589,5461,7316,9418,11387,13435,15425,1784,1872,1855,2102,1969,2048,1990
48628,"Broderick, Brittany",non-elite,1500,3062,5107,7509,9975,11707,13632,15504,1562,2045,2402,2466,1732,1925,1872
48629,"Church, Meredith E.",non-elite,1960,3898,5729,7613,9426,11359,13278,15251,1938,1831,1884,1813,1933,1919,1973
48630,"Zapotechne, Jessica",non-elite,1808,3599,5413,7395,9358,11383,13455,15451,1791,1814,1982,1963,2025,2072,1996
48631,"St. Gelais, Faith C.",non-elite,1857,3670,5716,7634,9559,11515,13484,15430,1813,2046,1918,1925,1956,1969,1946
48632,"Chiu, Sui Wing",non-elite,1763,3626,5471,7395,9425,11416,13423,15309,1863,1845,1924,2030,1991,2007,1886
48633,"Jackson, Kristina",non-elite,1758,3541,5354,7216,9177,11225,13358,15463,1783,1813,1862,1961,2048,2133,2105
48634,"Thomson, Joanne",non-elite,1557,3282,5134,7188,9215,11271,13397,15430,1725,1852,2054,2027,2056,2126,2033
48635,"Wanzer, Mike",non-elite,1552,3109,4676,6305,8013,10491,13125,15433,1557,1567,1629,1708,2478,2634,2308
48636,"Tate, John",non-elite,1755,3532,5323,7182,9122,11161,13316,15485,1777,1791,1859,1940,2039,2155,2169
48637,"Smith, Kirk",non-elite,1784,3511,5268,7023,8830,10861,13456,15411,1727,1757,1755,1807,2031,2595,1955
48638,"Maru, Seiichiro",non-elite,1732,3420,5184,7023,8964,11092,13411,15496,1688,1764,1839,1941,2128,2319,2085
48639,"Tsai, Stephanie B",non-elite,1579,3239,4992,6958,8866,10902,13100,15300,1660,1753,1966,1908,2036,2198,2200
48640,"Peguero, Dayimiris",non-elite,1579,3239,4992,6958,8866,10903,13101,15301,1660,1753,1966,1908,2037,2198,2200
48641,"Gardella, John",non-elite,1704,3496,5229,7046,8888,11009,13144,15332,1792,1733,1817,1842,2121,2135,2188
48642,"Seibly, Claire A",non-elite,1504,3065,4659,6334,8270,10517,12926,15400,1561,1594,1675,1936,2247,2409,2474
48643,"Blaes, Shannon M",non-elite,1682,3464,5333,7198,9124,11200,13378,15460,1782,1869,1865,1926,2076,2178,2082
48644,"Sullivan, Joseph T.",non-elite,1832,3622,5370,7172,8986,10881,12930,15227,1790,1748,1802,1814,1895,2049,2297
48645,"Butler, Andrew D.",non-elite,1788,3493,5244,7027,8914,11005,13197,15433,1705,1751,1783,1887,2091,2192,2236
48646,"Arakawa, Yuichi",non-elite,1775,3562,5336,7201,9113,11279,13634,15566,1787,1774,1865,1912,2166,2355,1932
48647,"Brown, Lisa M",non-elite,1736,3496,5284,7116,8936,10813,13201,15408,1760,1788,1832,1820,1877,2388,2207
48648,"Ewing-Ottmers, Stephanie M.",non-elite,1777,3555,5373,7225,9103,11131,13214,15348,1778,1818,1852,1878,2028,2083,2134
48649,"Jaremback, Kristen",non-elite,1569,3154,4848,6741,8801,11081,13430,15448,1585,1694,1893,2060,2280,2349,2018
48650,"Smirnov, Viacheslav",non-elite,1529,3210,5038,6985,8959,11122,13310,15433,1681,1828,1947,1974,2163,2188,2123
48651,"Caron, Kathryn",non-elite,1365,2789,4758,6779,8530,10568,13649,15572,1424,1969,2021,1751,2038,3081,1923
48653,"Peterson, Kelly",non-elite,1489,2986,4672,6421,8142,10286,12761,15334,1497,1686,1749,1721,2144,2475,2573
48654,"Cabanas, Maria I.",non-elite,1787,3591,5461,7373,9337,11401,13449,15500,1804,1870,1912,1964,2064,2048,2051
48655,"Tell, Arletta",non-elite,1630,3340,5137,7097,8963,10966,13187,15399,1710,1797,1960,1866,2003,2221,2212
48656,"Rowe, Kevin",non-elite,1594,3186,4870,6699,8660,10802,13108,15329,1592,1684,1829,1961,2142,2306,2221
48657,"Whiting, Sandra L",non-elite,1637,3404,5226,7159,9159,11276,13378,15446,1767,1822,1933,2000,2117,2102,2068
48658,"Kjorstad, Gilbert O.",non-elite,1746,3496,5325,7200,9168,11232,13358,15394,1750,1829,1875,1968,2064,2126,2036
48659,"Kennedy, Linda P.",non-elite,1803,3608,5447,7316,9208,11327,13483,15460,1805,1839,1869,1892,2119,2156,1977
48660,"Salvarani, Christine",non-elite,1540,3164,5043,7067,9159,11227,13341,15384,1624,1879,2024,2092,2068,2114,2043
48661,"Harris, June V.",non-elite,1895,3760,5609,7462,9342,11345,13444,15430,1865,1849,1853,1880,2003,2099,1986
48662,"Scheinthal, Eitan",non-elite,1667,3276,5062,6959,8945,10954,13119,15342,1609,1786,1897,1986,2009,2165,2223
48663,"Kwon, Yul",non-elite,1679,3435,5264,7155,9142,11189,13373,15442,1756,1829,1891,1987,2047,2184,2069
48664,"Gestsson, Sigurdur O.",non-elite,1756,3524,5300,7110,8957,11006,13275,15426,1768,1776,1810,1847,2049,2269,2151
48665,"Hamilton, Frances",non-elite,1613,3399,5272,7444,9601,11638,13623,15540,1786,1873,2172,2157,2037,1985,1917
48666,"Motoi, Masuro",non-elite,1746,3465,5235,7111,8968,11144,13359,15500,1719,1770,1876,1857,2176,2215,2141
48667,"Kasik, Jerrie R",non-elite,1705,3422,5202,7034,8981,11130,13293,15399,1717,1780,1832,1947,2149,2163,2106
48668,"Salvagni-Atwell, Deanna",non-elite,1722,3418,5141,6931,8791,10822,13163,15394,1696,1723,1790,1860,2031,2341,2231
48669,"Schum, Grant D.",non-elite,1847,3728,5577,7503,9366,11343,13346,15444,1881,1849,1926,1863,1977,2003,2098
48670,"Jauregui, Hugo",non-elite,1937,3815,5776,7649,9474,11502,13574,15487,1878,1961,1873,1825,2028,2072,1913
48671,"Huether, Lorraine",non-elite,1744,3520,5333,7196,9050,11046,13088,15266,1776,1813,1863,1854,1996,2042,2178
48672,"Dreissen, David J.",non-elite,1595,3213,4896,6737,8765,10865,13114,15383,1618,1683,1841,2028,2100,2249,2269
48673,"Mogavero, Carolyn J",non-elite,1639,3297,5026,6793,8648,10859,13277,15491,1658,1729,1767,1855,2211,2418,2214
48674,"Flateland, Lauren",non-elite,1859,3733,5545,7374,9240,11218,13314,15440,1874,1812,1829,1866,1978,2096,2126
48675,"Abrams, Michael",non-elite,1648,3321,5035,6932,8819,10847,13105,15346,1673,1714,1897,1887,2028,2258,2241
48676,"Ruud, Chantil",non-elite,1702,3487,5325,7328,9708,12036,13821,15576,1785,1838,2003,2380,2328,1785,1755
48677,"Carrera, Victoria",non-elite,1652,3397,5317,7252,9185,11260,13439,15493,1745,1920,1935,1933,2075,2179,2054
48678,"Roe, Hope L.",non-elite,1663,3338,5119,7187,9075,11210,13212,15487,1675,1781,2068,1888,2135,2002,2275
48679,"Berkowitz, Bonnie",non-elite,1764,3591,5486,7369,9281,11261,13303,15479,1827,1895,1883,1912,1980,2042,2176
48680,"Shapiro, Julie-Ann",non-elite,1918,3821,5717,7597,9517,11500,13537,15474,1903,1896,1880,1920,1983,2037,1937
48681,"Wilkinson, Connie M",non-elite,1602,3292,5130,7033,9043,11154,13372,15448,1690,1838,1903,2010,2111,2218,2076
48682,"Hughes, Cynthia B",non-elite,1737,3414,5197,6992,8884,10911,13111,15323,1677,1783,1795,1892,2027,2200,2212
48683,"Melac, Janet M",non-elite,1654,3380,5179,7051,9031,11188,13425,15432,1726,1799,1872,1980,2157,2237,2007
48684,"Martinez, Rafael E.",non-elite,1782,3443,5112,6839,8601,10522,12927,15524,1661,1669,1727,1762,1921,2405,2597
48685,"Mcintire, Bruce F",non-elite,1606,3262,5067,6826,8672,10666,12935,15281,1656,1805,1759,1846,1994,2269,2346
48686,"Crawford, Marc W.",non-elite,1614,3209,4819,6607,8713,11020,13309,15424,1595,1610,1788,2106,2307,2289,2115
48687,"Avila Arenas, Isaac Asaf",non-elite,1693,3424,5188,6967,8983,11235,13357,15429,1731,1764,1779,2016,2252,2122,2072
48688,"Park, KwiNam",non-elite,1581,3293,5104,6992,8964,11109,13351,15478,1712,1811,1888,1972,2145,2242,2127
48689,"Godbout, Claudine",non-elite,1574,3228,5002,6889,8876,11097,13337,15451,1654,1774,1887,1987,2221,2240,2114
48690,"Antonio, Michael J.",non-elite,1798,3537,5193,6916,8710,10718,13004,15383,1739,1656,1723,1794,2008,2286,2379
48691,"Thomason, Joel",non-elite,1573,3281,5044,7020,8861,10921,13187,15400,1708,1763,1976,1841,2060,2266,2213
48692,"Rutkowski, Zach",non-elite,1826,3567,5316,7094,8952,11052,13265,15453,1741,1749,1778,1858,2100,2213,2188
48693,"Darling, Tammy T",non-elite,1627,3330,5233,7084,9026,10993,13244,15457,1703,1903,1851,1942,1967,2251,2213
48694,"Leaver, Denise",non-elite,1843,3746,5611,7520,9456,11481,13547,15510,1903,1865,1909,1936,2025,2066,1963
48695,"Cohen, Daniel R.",non-elite,1633,3253,4894,6661,8684,11003,13201,15395,1620,1641,1767,2023,2319,2198,2194
48696,"Culligan, Marcia",non-elite,1723,3470,5265,7054,8910,10827,12998,15477,1747,1795,1789,1856,1917,2171,2479
48697,"Yuen, Wah Chu",non-elite,1788,3590,5504,7403,9531,11561,13603,15514,1802,1914,1899,2128,2030,2042,1911
48698,"Staveski, Mark",non-elite,1756,3468,5166,6879,8737,10603,12791,15320,1712,1698,1713,1858,1866,2188,2529
48699,"Cammarata, Nina",non-elite,1640,3370,5261,7080,9065,11310,13455,15455,1730,1891,1819,1985,2245,2145,2000
48700,"Feherty, Brian",non-elite,1785,3587,5416,7303,9261,11312,13440,15446,1802,1829,1887,1958,2051,2128,2006
48701,"Green, Susie",non-elite,1534,3095,4681,6326,8153,10490,12830,15305,1561,1586,1645,1827,2337,2340,2475
48702,"Bosco, Michelle",non-elite,1668,3383,5326,7158,9042,10988,13109,15407,1715,1943,1832,1884,1946,2121,2298
48703,"Hrybyk, Brian",non-elite,1630,3264,4953,6686,8690,10822,13151,15327,1634,1689,1733,2004,2132,2329,2176
48704,"Cronin, Sean P.",non-elite,1542,3115,4723,6740,8938,11064,13423,15533,1573,1608,2017,2198,2126,2359,2110
48705,"Mitrokostas, Max",non-elite,1847,3729,5580,7503,9367,11348,13383,15446,1882,1851,1923,1864,1981,2035,2063
48706,"Sapp, James",non-elite,1826,3695,5561,7455,9403,11458,13486,15468,1869,1866,1894,1948,2055,2028,1982
48707,"Prymakowska, Barbara",non-elite,1735,3514,5300,7160,9072,11150,13329,15462,1779,1786,1860,1912,2078,2179,2133
48708,"Grosso, Ennio",non-elite,1613,3232,4857,6509,8202,10088,12174,14850,1619,1625,1652,1693,1886,2086,2676
48709,"Johnston, Meredith",non-elite,1921,3754,5578,7477,9329,11222,13379,15419,1833,1824,1899,1852,1893,2157,2040
48710,"Parker, Jill",non-elite,1615,3273,4941,6794,8785,11014,13354,15486,1658,1668,1853,1991,2229,2340,2132
48711,"Sevcik, Lisa A",non-elite,1582,3192,4961,7062,9104,11173,13340,15416,1610,1769,2101,2042,2069,2167,2076
48712,"Cooper, Stacy L.",non-elite,1898,3681,5432,7250,9153,11232,13407,15459,1783,1751,1818,1903,2079,2175,2052
48713,"Mickee, Dawn",non-elite,1741,3516,5319,7130,8963,11134,13257,15419,1775,1803,1811,1833,2171,2123,2162
48714,"Crosley, Powel",non-elite,1748,3582,5461,7469,9427,11474,13569,15527,1834,1879,2008,1958,2047,2095,1958
48715,"Gould, Nancy B.",non-elite,1761,3539,5347,7225,9130,11150,13279,15427,1778,1808,1878,1905,2020,2129,2148
48716,"Walsh, Olivia H.",non-elite,1701,3453,5289,7122,9026,11047,13291,15388,1752,1836,1833,1904,2021,2244,2097
48717,"Bartholomew, David L.",non-elite,1693,3414,5232,7087,8977,11089,13204,15429,1721,1818,1855,1890,2112,2115,2225
48718,"Jangro, Jennifer K.",non-elite,2103,4079,6063,8037,9964,11981,13855,15611,1976,1984,1974,1927,2017,1874,1756
48719,"Garceau, Nicole",non-elite,1813,3519,5256,7080,9026,11042,13164,15345,1706,1737,1824,1946,2016,2122,2181
48720,"Jones, Timothy J.",non-elite,1531,3108,4759,6482,8410,10541,12897,15392,1577,1651,1723,1928,2131,2356,2495
48721,"Frazee, Courtney E.",non-elite,1730,3414,5288,7230,9234,11327,13533,15513,1684,1874,1942,2004,2093,2206,1980
48722,"McArdle, Chuck R.",non-elite,1876,3642,5350,7050,8784,10630,12946,15235,1766,1708,1700,1734,1846,2316,2289
48723,"Guaragna, Jessica",non-elite,1866,3716,5563,7421,9285,11492,13695,15575,1850,1847,1858,1864,2207,2203,1880
48724,"Goodstein, David",non-elite,1555,3096,4761,6587,8698,10867,13011,15379,1541,1665,1826,2111,2169,2144,2368
48725,"Virgil, Lynn",non-elite,1739,3471,5204,6954,8724,10674,12964,15369,1732,1733,1750,1770,1950,2290,2405
48726,"Martins, Larry",non-elite,1762,3414,5092,6851,8696,10708,12929,15391,1652,1678,1759,1845,2012,2221,2462
48727,"Aron, Narcis",non-elite,1584,3197,5244,7200,9474,11422,13512,15552,1613,2047,1956,2274,1948,2090,2040
48728,"Giovanoni, Anne",non-elite,1821,3619,5465,7456,9379,11541,13575,15486,1798,1846,1991,1923,2162,2034,1911
48729,"Brisbin, Amy",non-elite,1693,3415,5216,7057,8924,10986,13256,15365,1722,1801,1841,1867,2062,2270,2109
48730,"Jokisch, Janet",non-elite,1639,3304,5001,6748,8882,11099,13399,15463,1665,1697,1747,2134,2217,2300,2064
48731,"Levings, Eugene M.",non-elite,1822,3663,5490,7379,9298,11336,13401,15428,1841,1827,1889,1919,2038,2065,2027
48732,"Jones, Whitney M.",non-elite,1767,3561,5396,7308,9278,11326,13533,15551,1794,1835,1912,1970,2048,2207,2018
48733,"Guadarrama, Valerie",non-elite,1766,3560,5395,7307,9278,11326,13524,15550,1794,1835,1912,1971,2048,2198,2026
48734,"Mcdonough, Gene",non-elite,1612,3254,4922,6639,8546,10578,12943,15308,1642,1668,1717,1907,2032,2365,2365
48735,"Connolly, Brian M.",non-elite,1783,3481,5245,7040,8865,10981,13238,15473,1698,1764,1795,1825,2116,2257,2235
48736,"Farrell, Colleen",non-elite,1733,3467,5193,7105,9031,11074,13362,15520,1734,1726,1912,1926,2043,2288,2158
48737,"Carberry, Hae",non-elite,1700,3477,5297,7255,9231,11219,13238,15298,1777,1820,1958,1976,1988,2019,2060
48738,"McNally, Doug",non-elite,1852,3649,5452,7334,9182,11194,13363,15441,1797,1803,1882,1848,2012,2169,2078
48739,"Whitney, Nicole E.",non-elite,1787,3502,5241,7146,9090,11271,13420,15490,1715,1739,1905,1944,2181,2149,2070
48740,"Staton, Jamie",non-elite,1666,3368,5125,6930,8795,11001,13394,15560,1702,1757,1805,1865,2206,2393,2166
48741,"Wilson, Wayne",non-elite,1815,3634,5442,7264,9143,11191,13418,15508,1819,1808,1822,1879,2048,2227,2090
48742,"Leney, Nicholas M.",non-elite,1755,3425,5130,6956,8781,10858,13140,15433,1670,1705,1826,1825,2077,2282,2293
48743,"Rutherford, Anne N",non-elite,1621,3319,5042,6830,8707,10661,12848,15211,1698,1723,1788,1877,1954,2187,2363
48744,"Geraty, Anna M.",non-elite,1860,3644,5411,7199,9017,11001,13252,15438,1784,1767,1788,1818,1984,2251,2186
48745,"Tomasini, Annie",non-elite,1860,3644,5411,7199,9017,11000,13252,15437,1784,1767,1788,1818,1983,2252,2185
48746,"Caine, Rachel M.",non-elite,1864,3714,5561,7442,9425,11415,13457,15513,1850,1847,1881,1983,1990,2042,2056
48747,"Cucchi, Phil",non-elite,1903,3728,5521,7358,9280,11280,13461,15493,1825,1793,1837,1922,2000,2181,2032
48748,"Genen, Lawrence",non-elite,2016,3919,5828,7841,9937,11894,13770,15552,1903,1909,2013,2096,1957,1876,1782
48749,"Boger, Kirsten",non-elite,1892,3728,5521,7359,9280,11281,13461,15493,1836,1793,1838,1921,2001,2180,2032
48750,"Burkey-Kelly, Christine",non-elite,1593,3195,4813,6443,8090,9827,12082,14834,1602,1618,1630,1647,1737,2255,2752
48751,"Conley, Edward G. III",non-elite,2042,3946,5810,7852,9804,11782,13781,15621,1904,1864,2042,1952,1978,1999,1840
48752,"Hendrixson, Noelle",non-elite,1893,3728,5521,7359,9280,11281,13461,15494,1835,1793,1838,1921,2001,2180,2033
48753,"Lynn, Julie",non-elite,1651,3415,5347,7255,9228,11337,13542,15506,1764,1932,1908,1973,2109,2205,1964
48754,"Hoover, Alison S",non-elite,1445,2954,4648,6677,8792,10995,13217,15527,1509,1694,2029,2115,2203,2222,2310
48755,"Roman, Jose",non-elite,1538,3132,4785,6479,8200,10125,12508,15225,1594,1653,1694,1721,1925,2383,2717
48756,"Clark, Suzanna",non-elite,1879,3748,5654,7517,9377,11484,13484,15538,1869,1906,1863,1860,2107,2000,2054
48757,"Penney, Denison C.",non-elite,1879,3748,5654,7517,9377,11484,13484,15538,1869,1906,1863,1860,2107,2000,2054
48758,"Buchta, David W.",non-elite,1777,3494,5217,6984,8875,10966,13223,15453,1717,1723,1767,1891,2091,2257,2230
48759,"Binns, Anne",non-elite,1558,3236,5182,7255,9263,11434,13582,15504,1678,1946,2073,2008,2171,2148,1922
48760,"Sincavage, Rhonda",non-elite,1587,3217,4926,6794,9226,11548,13591,15559,1630,1709,1868,2432,2322,2043,1968
48761,"Lesemann, Gary J",non-elite,1633,3279,4932,6694,8612,10787,13199,15460,1646,1653,1762,1918,2175,2412,2261
48762,"Stefanik, Robert",non-elite,1875,3705,5516,7337,9191,11204,13568,15569,1830,1811,1821,1854,2013,2364,2001
48763,"Trienekens, Noortje",non-elite,1895,3761,5629,7519,9655,11698,13699,15561,1866,1868,1890,2136,2043,2001,1862
48764,"Riley, Trish",non-elite,1756,3601,5362,7191,9074,11074,13268,15397,1845,1761,1829,1883,2000,2194,2129
48765,"Konkol, Heather M",non-elite,1724,3561,5372,7271,9208,11394,13577,15642,1837,1811,1899,1937,2186,2183,2065
48766,"Tibbetts, Wendy",non-elite,1780,3576,5387,7220,9084,11094,13254,15392,1796,1811,1833,1864,2010,2160,2138
48767,"Depin, Timothy K.",non-elite,1586,3204,4999,6850,8902,11021,13219,15525,1618,1795,1851,2052,2119,2198,2306
48768,"Jang, Eun Sik",non-elite,1514,3062,4846,6887,9055,11359,13580,15577,1548,1784,2041,2168,2304,2221,1997
48769,"Thompson, Kermit",non-elite,1614,3284,5007,6784,8623,10675,12975,15327,1670,1723,1777,1839,2052,2300,2352
48770,"Radzikowski, Jesse L.",non-elite,1543,3077,4646,6279,7951,9836,12012,15367,1534,1569,1633,1672,1885,2176,3355
48771,"Witten, Richard",non-elite,1503,3101,4816,6700,8585,10679,12964,15343,1598,1715,1884,1885,2094,2285,2379
48772,"Brodeur, Marie-Pier",non-elite,1542,3087,4686,6438,8360,10550,13126,15491,1545,1599,1752,1922,2190,2576,2365
48773,"Martin, Gail",non-elite,1804,3693,5669,7636,9580,11575,13618,15559,1889,1976,1967,1944,1995,2043,1941
48774,"Norris, John",non-elite,1830,3614,5487,7329,9154,11128,13213,15360,1784,1873,1842,1825,1974,2085,2147
48775,"Day, Christine",non-elite,1858,3714,5581,7432,9337,11354,13465,15554,1856,1867,1851,1905,2017,2111,2089
48776,"Borjesson, Jan G. Sr.",non-elite,1661,3378,5056,6844,8690,10645,12969,15347,1717,1678,1788,1846,1955,2324,2378
48777,"Nielsen, Danielle",non-elite,1838,3846,6030,8525,10246,12064,13838,15586,2008,2184,2495,1721,1818,1774,1748
48778,"Rogers, Bruce R.",non-elite,1487,3064,4767,6597,8524,10642,12755,14932,1577,1703,1830,1927,2118,2113,2177
48779,"Zaidspiner, Dan",non-elite,1447,2901,4483,6349,8191,10413,12799,15236,1454,1582,1866,1842,2222,2386,2437
48780,"Tsilianidis, Laurie A",non-elite,1496,3136,4908,6963,8993,11232,13405,15483,1640,1772,2055,2030,2239,2173,2078
48781,"Deppen, Jackie",non-elite,1460,3011,4613,6319,8163,10404,12845,15347,1551,1602,1706,1844,2241,2441,2502
48782,"Collins, Mark",non-elite,1635,3391,5186,6997,8874,10942,13067,15359,1756,1795,1811,1877,2068,2125,2292
48783,"Martin, Greg",non-elite,1692,3398,5129,6898,8753,10789,13043,15385,1706,1731,1769,1855,2036,2254,2342
48784,"Baschieri, Cristiana",non-elite,1798,3541,5338,7245,9270,11394,13499,15522,1743,1797,1907,2025,2124,2105,2023
48785,"Tully, Deborah",non-elite,1885,3744,5638,7514,9403,11363,13451,15544,1859,1894,1876,1889,1960,2088,2093
48786,"Heelan, Deborah A.",non-elite,1608,3268,4964,6747,9255,11456,13464,15492,1660,1696,1783,2508,2201,2008,2028
48787,"Merialdi, Angelo",non-elite,1824,3684,5509,7399,9285,11331,13458,15479,1860,1825,1890,1886,2046,2127,2021
48788,"Brown, Natalie T",non-elite,1705,3375,5404,7286,9231,11211,13237,15189,1670,2029,1882,1945,1980,2026,1952
48789,"Chehutski, Sheri",non-elite,1666,3407,5205,7071,9004,11199,13424,15529,1741,1798,1866,1933,2195,2225,2105
48790,"Monk, David J.",non-elite,1551,3186,4982,7003,9252,11292,13458,15566,1635,1796,2021,2249,2040,2166,2108
48791,"Antony Cruz E Silva, Monika",non-elite,1816,3602,5461,7347,9287,11356,13444,15486,1786,1859,1886,1940,2069,2088,2042
48792,"Vogel, Jonathan",non-elite,1697,3405,5142,6885,8654,10559,12807,15302,1708,1737,1743,1769,1905,2248,2495
48793,"Fraser, Linda",non-elite,1791,3575,5362,7156,8971,11000,13274,15459,1784,1787,1794,1815,2029,2274,2185
48794,"St. Cyr-Paul, Charles",non-elite,1366,2807,4306,6040,7884,10441,13083,15473,1441,1499,1734,1844,2557,2642,2390
48795,"Hensel, Jennifer B.",non-elite,1665,3363,5159,6988,8891,10968,13050,15236,1698,1796,1829,1903,2077,2082,2186
48796,"Bontempi, Vincenzo",non-elite,1803,3552,5276,7079,8957,10982,13323,15533,1749,1724,1803,1878,2025,2341,2210
48797,"Berzi, Chiara Marina",non-elite,1804,3552,5277,7079,8958,10984,13253,15535,1748,1725,1802,1879,2026,2269,2282
48798,"Crow Kiehl, Michelle",non-elite,1899,3676,5495,7348,9123,11233,13413,15580,1777,1819,1853,1775,2110,2180,2167
48799,"Grover, Aaron",non-elite,1758,3594,5472,7364,9265,11290,13435,15499,1836,1878,1892,1901,2025,2145,2064
48800,"Sigman, Marla F.",non-elite,1758,3595,5474,7365,9267,11294,13440,15500,1837,1879,1891,1902,2027,2146,2060
48801,"Brewer, Andy J.",non-elite,1336,2740,4187,5756,7524,9942,12736,15334,1404,1447,1569,1768,2418,2794,2598
48802,"Loving, Julie",non-elite,1643,3277,4960,6753,8642,10646,12871,15217,1634,1683,1793,1889,2004,2225,2346
48803,"Burns, Karen",non-elite,1596,3210,4854,6560,8311,10206,12160,15437,1614,1644,1706,1751,1895,1954,3277
48804,"Kellner, Sharie",non-elite,1718,3507,5339,7214,9132,11293,13421,15506,1789,1832,1875,1918,2161,2128,2085
48805,"Dean, John",non-elite,1468,2968,4484,6118,7720,9931,12994,15479,1500,1516,1634,1602,2211,3063,2485
48806,"Wilson, Andrea Z.",non-elite,1742,3492,5386,7269,9311,11467,13642,15576,1750,1894,1883,2042,2156,2175,1934
48807,"Olsen, Liz",non-elite,1640,3285,4997,6854,8865,11025,13237,15447,1645,1712,1857,2011,2160,2212,2210
48808,"Hounchell, Melanie",non-elite,1679,3430,5237,7136,9131,11309,13549,15590,1751,1807,1899,1995,2178,2240,2041
48809,"Scott, Elizabeth",non-elite,1680,3430,5238,7137,9131,11309,13550,15590,1750,1808,1899,1994,2178,2241,2040
48810,"O'Donoghue, Mary E",non-elite,1752,3584,5330,7220,9028,11098,13206,15455,1832,1746,1890,1808,2070,2108,2249
48811,"Antonino, Dennis M. Jr.",non-elite,1898,3700,5488,7332,9243,11386,13594,15698,1802,1788,1844,1911,2143,2208,2104
48812,"Drake, Barry M.",non-elite,1748,3514,5313,7165,9098,11118,13310,15480,1766,1799,1852,1933,2020,2192,2170
48813,"Kang, Su Won",non-elite,1752,3686,5611,7672,9619,11659,13715,15618,1934,1925,2061,1947,2040,2056,1903
48814,"Heisler, Shauna R",non-elite,1747,3654,5556,7464,9376,11418,13448,15498,1907,1902,1908,1912,2042,2030,2050
48815,"Vieira, Silvana V.",non-elite,1708,3425,5203,7077,8946,11053,13228,15345,1717,1778,1874,1869,2107,2175,2117
48816,"Coleman, Evan C",non-elite,1525,3112,4734,6444,8074,9778,11499,15110,1587,1622,1710,1630,1704,1721,3611
48817,"Templin, Susan E",non-elite,1783,3593,5450,7318,9256,11319,13407,15483,1810,1857,1868,1938,2063,2088,2076
48818,"Campigotto, Ignazio",non-elite,1320,2660,4084,5800,7579,9799,12435,15487,1340,1424,1716,1779,2220,2636,3052
48819,"Thorp, Polly",non-elite,1743,3609,5505,7456,9382,11441,13519,15514,1866,1896,1951,1926,2059,2078,1995
48820,"Parrish, Linda",non-elite,2206,4040,5885,7705,9546,11474,13476,15548,1834,1845,1820,1841,1928,2002,2072
48821,"Santos, Dalva O.",non-elite,1477,2999,4594,6278,8399,10638,12975,15395,1522,1595,1684,2121,2239,2337,2420
48822,"Macintyre, Desmond",non-elite,1832,3599,5372,7216,9088,11160,13305,15413,1767,1773,1844,1872,2072,2145,2108
48824,"Scott, Lise F",non-elite,1699,3523,5397,7350,9349,11424,13482,15536,1824,1874,1953,1999,2075,2058,2054
48825,"Barrios, Franny C.",non-elite,1473,2998,4668,6514,8671,10903,13298,15501,1525,1670,1846,2157,2232,2395,2203
48826,"Brien, Stephen A. Jr.",non-elite,1591,3248,5053,6922,8863,10955,13205,15387,1657,1805,1869,1941,2092,2250,2182
48827,"Toth, Kelsey",non-elite,1426,3007,4876,6852,9124,11319,13515,15570,1581,1869,1976,2272,2195,2196,2055
48828,"Slomski, Bethany J.",non-elite,1590,3304,5121,6891,9042,11223,13510,15696,1714,1817,1770,2151,2181,2287,2186
48829,"Nisson, Adam R",non-elite,1815,3619,5524,7506,9421,11450,13536,15513,1804,1905,1982,1915,2029,2086,1977
48830,"Laflamme, Louise J.",non-elite,1538,3174,4984,6841,8711,10701,12813,15362,1636,1810,1857,1870,1990,2112,2549
48831,"Bozanich, Frank A.",non-elite,1649,3382,5231,7325,9358,11529,13654,15618,1733,1849,2094,2033,2171,2125,1964
48832,"Markson, Todd",non-elite,1679,3358,5136,7026,9075,11471,13612,15582,1679,1778,1890,2049,2396,2141,1970
48833,"Graham, Curry",non-elite,1499,3059,4650,6323,8187,10368,12824,15376,1560,1591,1673,1864,2181,2456,2552
48834,"Rondeau, Samantha M.",non-elite,1766,3516,5294,7095,8967,10998,13366,15424,1750,1778,1801,1872,2031,2368,2058
48835,"Downs, Tony",non-elite,1765,3517,5294,7082,8928,11092,13299,15424,1752,1777,1788,1846,2164,2207,2125
48836,"Surette, Matthew J.",non-elite,1557,3004,4472,6020,7730,9766,12476,15223,1447,1468,1548,1710,2036,2710,2747
48837,"Epstein, Mike",non-elite,1602,3094,4576,6133,7712,9466,11336,14965,1492,1482,1557,1579,1754,1870,3629
48838,"Reeves, Brian J.",non-elite,1489,2979,4541,6154,7861,10094,12831,15517,1490,1562,1613,1707,2233,2737,2686
48839,"Afonso, Tino",non-elite,1706,3372,5090,6954,8857,10953,13222,15466,1666,1718,1864,1903,2096,2269,2244
48840,"Hopkins, Peter M.",non-elite,1707,3381,5059,6892,8715,10772,13020,15463,1674,1678,1833,1823,2057,2248,2443
48841,"Schiaroli, John",non-elite,1852,3835,5771,7684,9615,11559,13562,15585,1983,1936,1913,1931,1944,2003,2023
48842,"Sconyers, Jake",non-elite,1755,3414,5066,6743,8466,10330,12720,15303,1659,1652,1677,1723,1864,2390,2583
48843,"Donnelly, Jeffrey A",non-elite,1721,3744,5799,8268,10100,11855,13699,15595,2023,2055,2469,1832,1755,1844,1896
48844,"Baumgartner, Andrea",non-elite,1650,3373,5168,7030,8914,10953,13183,15424,1723,1795,1862,1884,2039,2230,2241
48845,"Zimmer, Donald W",non-elite,1524,3113,4672,6264,8061,10255,12970,15448,1589,1559,1592,1797,2194,2715,2478
48846,"Green, Stephen",non-elite,1908,3800,5734,7601,9480,11493,13576,15586,1892,1934,1867,1879,2013,2083,2010
48847,"Ellsworth, Diane R.",non-elite,1846,3760,5711,7858,9777,11868,13822,15669,1914,1951,2147,1919,2091,1954,1847
48848,"Byrne, Jill",non-elite,1842,3649,5518,7689,9687,11666,13701,15634,1807,1869,2171,1998,1979,2035,1933
48849,"Filippini, Amelia",non-elite,1973,3878,5775,7691,9660,11669,13668,15633,1905,1897,1916,1969,2009,1999,1965
48850,"Compton, Keith",non-elite,1773,3677,5466,7366,9220,11249,13342,15543,1904,1789,1900,1854,2029,2093,2201
48851,"Rocca, Beth",non-elite,1728,3512,5284,7130,9052,11154,13438,15575,1784,1772,1846,1922,2102,2284,2137
48852,"Lubansky, Stasi A.",non-elite,1791,3643,5543,7445,9353,11324,13414,15490,1852,1900,1902,1908,1971,2090,2076
48853,"Takagi, Risa",non-elite,1811,3604,5439,7358,9356,11448,13612,15560,1793,1835,1919,1998,2092,2164,1948
48854,"Cassidy, Kelly",non-elite,1692,3369,5072,7040,9035,11283,13515,15594,1677,1703,1968,1995,2248,2232,2079
48855,"Sutherland, Michelle L",non-elite,1635,3308,5087,6921,8923,11143,13384,15586,1673,1779,1834,2002,2220,2241,2202
48856,"Mar, Kelly T.",non-elite,1897,3796,5656,7554,9482,11451,13446,15439,1899,1860,1898,1928,1969,1995,1993
48857,"Way, Tom",non-elite,1514,3169,5034,7034,9008,11228,13487,15576,1655,1865,2000,1974,2220,2259,2089
48858,"Zimmer, Sara J.",non-elite,1899,3764,5574,7439,9354,11434,13505,15562,1865,1810,1865,1915,2080,2071,2057
48859,"Dewitt, Meredith",non-elite,1758,3426,5131,6919,8809,10779,12980,15448,1668,1705,1788,1890,1970,2201,2468
48860,"Blotner, Amy J.",non-elite,1900,3764,5575,7440,9354,11434,13505,15562,1864,1811,1865,1914,2080,2071,2057
48861,"Ginn, Helen M.",non-elite,1882,3683,5500,7339,9337,11478,13620,15622,1801,1817,1839,1998,2141,2142,2002
48862,"Pyliotis, John",non-elite,1867,3737,5653,7536,9658,11639,13731,15627,1870,1916,1883,2122,1981,2092,1896
48863,"Mason, Tessa",non-elite,1629,3262,4980,6800,8632,10763,13109,15483,1633,1718,1820,1832,2131,2346,2374
48864,"Lynch, Cherie S.",non-elite,1629,3262,4980,6801,8633,10764,13110,15484,1633,1718,1821,1832,2131,2346,2374
48865,"Treier, Diane",non-elite,1687,3497,5630,7534,9493,11519,13656,15622,1810,2133,1904,1959,2026,2137,1966
48866,"Vellek, Mark J.",non-elite,1471,2952,4446,6226,8150,10142,12455,14981,1481,1494,1780,1924,1992,2313,2526
48867,"Bitterly, Michelle",non-elite,1641,3354,5237,7154,9103,11209,13434,15592,1713,1883,1917,1949,2106,2225,2158
48868,"Steffek, Tom",non-elite,1600,3250,5018,6903,9012,11053,13260,15439,1650,1768,1885,2109,2041,2207,2179
48869,"Duval, Sue",non-elite,1682,3368,5119,7175,9116,11308,13560,15573,1686,1751,2056,1941,2192,2252,2013
48870,"Kavanaugh, Heather B",non-elite,1582,3209,4898,6615,8457,10746,13139,15479,1627,1689,1717,1842,2289,2393,2340
48871,"Wolfman, Seth",non-elite,1610,3221,4825,6459,8231,10277,12635,15182,1611,1604,1634,1772,2046,2358,2547
48872,"Wingo, Jim",non-elite,1674,3306,4957,6827,8903,11127,13331,15512,1632,1651,1870,2076,2224,2204,2181
48873,"Rent, Tim",non-elite,1534,3148,4795,6584,8746,10706,13126,15550,1614,1647,1789,2162,1960,2420,2424
48874,"Cadrin, Thomas J.",non-elite,1563,3163,4842,6598,8520,10656,13461,15551,1600,1679,1756,1922,2136,2805,2090
48875,"Lederfine Paskal, Margaret",non-elite,1899,3750,5594,7466,9377,11392,13491,15553,1851,1844,1872,1911,2015,2099,2062
48876,"Drayer, Andrew J.",non-elite,1753,3402,5014,6625,8333,10705,13356,15636,1649,1612,1611,1708,2372,2651,2280
48877,"Ali, Jasmin",non-elite,1885,3748,5606,7531,9443,11567,13675,15643,1863,1858,1925,1912,2124,2108,1968
48878,"Hill, James L.",non-elite,1653,3714,5674,7638,9526,11525,13623,15615,2061,1960,1964,1888,1999,2098,1992
48879,"Noone, Jim",non-elite,1551,3236,4909,6614,8412,10439,12696,15191,1685,1673,1705,1798,2027,2257,2495
48880,"Manitopyes, Carrie",non-elite,1851,3756,5680,7646,9658,11673,13740,15621,1905,1924,1966,2012,2015,2067,1881
48881,"Pratt, Sky",non-elite,1650,3334,5038,6796,8597,10551,13002,15446,1684,1704,1758,1801,1954,2451,2444
48882,"Boeker, Chris",non-elite,1773,3548,5362,7239,9165,11217,13337,15518,1775,1814,1877,1926,2052,2120,2181
48883,"Anderson, Hilary R.",non-elite,1878,3733,5565,7434,9318,11410,13507,15563,1855,1832,1869,1884,2092,2097,2056
48884,"Iding, David J",non-elite,1418,2875,5000,6991,9013,11184,13459,15526,1457,2125,1991,2022,2171,2275,2067
48885,"Densmore, Brendan",non-elite,1603,3217,4947,6718,8848,11062,13192,15552,1614,1730,1771,2130,2214,2130,2360
48886,"Martin, Stephanie J.",non-elite,1781,3527,5291,7107,8997,11285,13486,15496,1746,1764,1816,1890,2288,2201,2010
48887,"Giatsidis, Giorgio",non-elite,1706,3453,5281,7109,9163,11229,13362,15648,1747,1828,1828,2054,2066,2133,2286
48888,"McCarthy, Steven",non-elite,1588,3134,4694,6280,7952,10010,12689,15401,1546,1560,1586,1672,2058,2679,2712
48889,"Haines, Michael S.",non-elite,1467,3125,4893,6745,8674,10822,13234,15463,1658,1768,1852,1929,2148,2412,2229
48890,"Taggart, Katherine",non-elite,1932,3711,5488,7325,9238,11241,13346,15509,1779,1777,1837,1913,2003,2105,2163
48891,"Olehowski, Tammy",non-elite,1735,3616,5523,7479,9446,11535,13596,15570,1881,1907,1956,1967,2089,2061,1974
48892,"Metzger, Joseph T.",non-elite,1544,3123,4757,6571,8614,10877,13259,15506,1579,1634,1814,2043,2263,2382,2247
48893,"Joseph, Paul D.",non-elite,1740,3481,5253,7151,9123,11232,13466,15573,1741,1772,1898,1972,2109,2234,2107
48894,"Goodrich, Elizabeth A",non-elite,1846,3701,5644,7570,9516,11607,13709,15638,1855,1943,1926,1946,2091,2102,1929
48895,"Ruiz, Angelica",non-elite,1485,3006,4631,6359,8142,11020,13380,15585,1521,1625,1728,1783,2878,2360,2205
48896,"Parker, Patrice M",non-elite,1862,3755,5612,7504,9414,11396,13435,15490,1893,1857,1892,1910,1982,2039,2055
48897,"Tischler, Yoshiko S",non-elite,1557,3124,4696,6353,8250,10197,12350,15056,1567,1572,1657,1897,1947,2153,2706
48898,"Hansen, Michael B.",non-elite,1775,3591,5426,7288,9165,11117,13339,15607,1816,1835,1862,1877,1952,2222,2268
48899,"Sikora, Joseph",non-elite,1675,3493,5340,7269,9192,11251,13370,15525,1818,1847,1929,1923,2059,2119,2155
48900,"Rivers, Earl",non-elite,1791,3576,5369,7207,9046,11018,13270,15452,1785,1793,1838,1839,1972,2252,2182
48901,"Mengmeng, Xiao",non-elite,1583,3471,5449,7323,9288,11336,13609,15622,1888,1978,1874,1965,2048,2273,2013
48902,"Cohen, Matthew",non-elite,1814,3633,5426,7293,9197,11152,13226,15425,1819,1793,1867,1904,1955,2074,2199
48903,"Moran, William B.",non-elite,1695,3414,5178,6958,8782,10904,13288,15458,1719,1764,1780,1824,2122,2384,2170
48904,"Driver, Kelly",non-elite,1597,3266,4973,6826,8738,10854,13296,15567,1669,1707,1853,1912,2116,2442,2271
48905,"Grubba, Doreen A.",non-elite,1519,3117,4986,6961,9061,11228,13515,15638,1598,1869,1975,2100,2167,2287,2123
48906,"Crowson, Bren",non-elite,1636,3360,5067,6849,8838,10818,12995,15407,1724,1707,1782,1989,1980,2177,2412
48907,"Swingen, Diane",non-elite,1747,3570,5488,7432,9422,11455,13605,15599,1823,1918,1944,1990,2033,2150,1994
48908,"McQuaid, Jenn",non-elite,1842,3649,5518,7689,9687,11666,13701,15634,1807,1869,2171,1998,1979,2035,1933
48909,"Morales, Ibra B.",non-elite,1790,3648,5506,7494,9525,11542,13717,15598,1858,1858,1988,2031,2017,2175,1881
48910,"Plumb, William B",non-elite,1683,3422,5196,6996,8870,10887,13163,15463,1739,1774,1800,1874,2017,2276,2300
48911,"De Groot, Ruud",non-elite,1875,3826,5783,7761,9684,11678,13687,15628,1951,1957,1978,1923,1994,2009,1941
48912,"Pydynkowski, Kara",non-elite,1754,3537,5506,7587,9622,11683,13606,15645,1783,1969,2081,2035,2061,1923,2039
48913,"Parker, Deborah",non-elite,1588,3203,5168,7050,9111,11265,13583,15643,1615,1965,1882,2061,2154,2318,2060
48914,"Thompson, Robin E",non-elite,1720,3448,5221,7011,8837,10867,13189,15600,1728,1773,1790,1826,2030,2322,2411
48915,"Schafer, Lori J.",non-elite,1860,3721,5583,7489,9440,11438,13503,15537,1861,1862,1906,1951,1998,2065,2034
48916,"Bauer, Tom W",non-elite,1631,3417,5324,7263,9292,11383,13520,15570,1786,1907,1939,2029,2091,2137,2050
48917,"Hamilton, Angela L.",non-elite,1689,3485,5300,7149,9084,11178,13264,15422,1796,1815,1849,1935,2094,2086,2158
48918,"Bauer, Paula S.",non-elite,1631,3416,5323,7264,9292,11383,13517,15571,1785,1907,1941,2028,2091,2134,2054
48919,"Hirsch, Jillian",non-elite,1949,3885,5826,7775,9670,11607,13604,15583,1936,1941,1949,1895,1937,1997,1979
48920,"Hamilton, Sarah I.",non-elite,1706,3440,5199,7029,8903,10922,13190,15456,1734,1759,1830,1874,2019,2268,2266
48921,"Oscal, Mario",non-elite,1648,3358,5198,7086,9134,11274,13502,15536,1710,1840,1888,2048,2140,2228,2034
48922,"Miracle-Colburn, Yolande",non-elite,1730,3497,5302,7172,9080,11127,13361,15527,1767,1805,1870,1908,2047,2234,2166
48923,"Donovan, Kit",non-elite,1888,3747,5628,7596,9530,11588,13883,15725,1859,1881,1968,1934,2058,2295,1842
48924,"Briggs, Holly",non-elite,1740,3555,5405,7378,9307,11435,13482,15574,1815,1850,1973,1929,2128,2047,2092
48925,"Ross, Preya",non-elite,1832,3631,5447,7308,9192,11243,13433,15547,1799,1816,1861,1884,2051,2190,2114
48926,"Zhang, Melissa",non-elite,1888,3746,5629,7596,9531,11588,13883,15726,1858,1883,1967,1935,2057,2295,1843
48927,"Donnelly, John M.",non-elite,1832,3631,5447,7308,9192,11242,13433,15547,1799,1816,1861,1884,2050,2191,2114
48928,"De Jesus, Ysa",non-elite,1811,3641,5491,7399,9343,11523,13685,15612,1830,1850,1908,1944,2180,2162,1927
48929,"Gagnon, Jacques",non-elite,1725,3458,5309,7093,8916,10900,12995,15418,1733,1851,1784,1823,1984,2095,2423
48930,"Gendreau, Nancy E.",non-elite,1660,3411,5216,7104,9094,11255,13478,15631,1751,1805,1888,1990,2161,2223,2153
48931,"Lam, Sally W. Y.",non-elite,1866,3765,5661,7571,9490,11502,13582,15609,1899,1896,1910,1919,2012,2080,2027
48932,"Takeshima, Hiroaki",non-elite,1742,3519,5298,7152,9025,11056,13172,15200,1777,1779,1854,1873,2031,2116,2028
48933,"Stowers, Linda",non-elite,1707,3430,5262,7183,9150,11304,13629,15615,1723,1832,1921,1967,2154,2325,1986
48934,"Distefano, Sarah",non-elite,1783,3551,5290,7056,8895,10877,13067,15550,1768,1739,1766,1839,1982,2190,2483
48935,"Wright, Nancy G",non-elite,1596,3363,5239,7165,9160,11304,13461,15587,1767,1876,1926,1995,2144,2157,2126
48936,"Hanna, Peter M.",non-elite,1788,3660,5594,7546,9473,11450,13640,15594,1872,1934,1952,1927,1977,2190,1954
48937,"Polite, Rebecca B.",non-elite,1718,3478,5324,7252,9269,11321,13474,15557,1760,1846,1928,2017,2052,2153,2083
48938,"Mullen, Chelsea K.",non-elite,1832,3647,5490,7328,9186,11199,13383,15651,1815,1843,1838,1858,2013,2184,2268
48939,"Spence, Jessica L.",non-elite,1760,3533,5294,7086,8967,11035,13269,15544,1773,1761,1792,1881,2068,2234,2275
48940,"Hoyle, Rick",non-elite,1637,3276,4959,6714,8513,10656,13157,15506,1639,1683,1755,1799,2143,2501,2349
48941,"Kennedy, Morgan M.",non-elite,1727,3425,5130,6850,8658,10719,13042,15456,1698,1705,1720,1808,2061,2323,2414
48942,"Brown, Philip",non-elite,1876,3653,5403,7180,9080,11221,13539,15658,1777,1750,1777,1900,2141,2318,2119
48943,"Allen, Suzana K.",non-elite,1986,3922,5884,7791,9705,11685,13677,15616,1936,1962,1907,1914,1980,1992,1939
48944,"O'Rourke, Ryan D.",non-elite,1669,3353,5061,6820,8689,10737,13042,15614,1684,1708,1759,1869,2048,2305,2572
48945,"Pierce, Madeline B.",non-elite,1570,3102,4643,6393,8886,11119,13363,15608,1532,1541,1750,2493,2233,2244,2245
48946,"Colbert, Michaela",non-elite,1858,3638,5322,7089,9024,11132,13654,15712,1780,1684,1767,1935,2108,2522,2058
48947,"Hoffman, David",non-elite,1642,3325,5081,6886,8800,10881,13125,15433,1683,1756,1805,1914,2081,2244,2308
48948,"Colbert, Andrew",non-elite,1858,3638,5322,7089,9024,11132,13654,15712,1780,1684,1767,1935,2108,2522,2058
48949,"Neill, Kira",non-elite,1599,3235,4969,6824,8688,10674,13196,15482,1636,1734,1855,1864,1986,2522,2286
48950,"Madden, Cullen P.",non-elite,1735,3528,5376,7290,9276,11367,13571,15594,1793,1848,1914,1986,2091,2204,2023
48951,"Owens, Quayshaun",non-elite,1604,3147,4705,6276,7940,10510,13066,15510,1543,1558,1571,1664,2570,2556,2444
48952,"Shea, Sarah",non-elite,1772,3569,5449,7403,9354,11439,13570,15639,1797,1880,1954,1951,2085,2131,2069
48953,"Rogers, Robin L.",non-elite,1556,3219,5142,7137,9135,11364,13614,15656,1663,1923,1995,1998,2229,2250,2042
48954,"Clark, Catherine J.",non-elite,1604,3148,4705,6276,7940,10510,13066,15510,1544,1557,1571,1664,2570,2556,2444
48955,"Smith, Rachel",non-elite,1822,3571,5295,7008,8882,10886,13182,15614,1749,1724,1713,1874,2004,2296,2432
48956,"Stavas, Natalie",non-elite,1605,3148,4705,6276,7940,10511,13064,15511,1543,1557,1571,1664,2571,2553,2447
48957,"Zelitch, Bernard D.",non-elite,1785,3548,5417,7320,9217,11263,13498,15580,1763,1869,1903,1897,2046,2235,2082
48958,"Lauffer, Melissa R.",non-elite,1864,3700,5566,7496,9474,11603,13697,15627,1836,1866,1930,1978,2129,2094,1930
48959,"Stacher, Josh",non-elite,1534,3112,4833,6762,8788,11102,13176,15623,1578,1721,1929,2026,2314,2074,2447
48960,"Griffis, Angela M.",non-elite,1662,3393,5143,6972,8992,11106,13413,15553,1731,1750,1829,2020,2114,2307,2140
48961,"Lavallee, Matthew R.",non-elite,1809,3529,5280,7122,8997,11073,13469,15662,1720,1751,1842,1875,2076,2396,2193
48962,"Richard, Stephanie",non-elite,1829,3958,5802,7605,9468,11410,13542,15588,2129,1844,1803,1863,1942,2132,2046
48963,"Fitzpatrick, Craig L",non-elite,1430,2870,4311,5845,7637,9925,12762,15461,1440,1441,1534,1792,2288,2837,2699
48964,"Olbeter, Nathan",non-elite,1864,3623,5465,7283,9187,11244,13641,15681,1759,1842,1818,1904,2057,2397,2040
48965,"Teshima, Lani",non-elite,1675,3456,5328,7272,9320,11487,13589,15636,1781,1872,1944,2048,2167,2102,2047
48966,"Corbett, Connie D.",non-elite,1568,3340,5178,7150,9067,11066,13247,15717,1772,1838,1972,1917,1999,2181,2470
48967,"Freni, Robert N.",non-elite,1836,3533,5204,7228,9202,11322,13728,15692,1697,1671,2024,1974,2120,2406,1964
48968,"Roy, William C. II",non-elite,1453,2927,4445,6090,7937,10042,12990,15503,1474,1518,1645,1847,2105,2948,2513
48969,"Garcia, Moises",non-elite,1465,3050,4909,6756,8708,11072,13536,15574,1585,1859,1847,1952,2364,2464,2038
48970,"Bailey, Jordan E.",non-elite,1924,3769,5611,7521,9416,11439,13454,15617,1845,1842,1910,1895,2023,2015,2163
48971,"Lambert, Alain",non-elite,1764,3511,5356,7150,9030,11070,13229,15487,1747,1845,1794,1880,2040,2159,2258
48972,"Grant, Holly",non-elite,1789,3532,5312,7190,9123,11217,13429,15597,1743,1780,1878,1933,2094,2212,2168
48973,"Head, Kathleen",non-elite,1789,3533,5269,7132,9082,11217,13429,15597,1744,1736,1863,1950,2135,2212,2168
48974,"Rhee, Peter H.",non-elite,1567,3224,4977,6871,8765,10871,13180,15481,1657,1753,1894,1894,2106,2309,2301
48975,"Chen, Grace L.",non-elite,1831,3648,5538,7476,9442,11485,13547,15626,1817,1890,1938,1966,2043,2062,2079
48976,"Lozano, Mariano C.",non-elite,1793,3579,5339,7129,8955,11023,13360,15530,1786,1760,1790,1826,2068,2337,2170
48977,"Bower, Candie Dulce F.",non-elite,1612,3331,5112,6986,8914,11009,13310,15503,1719,1781,1874,1928,2095,2301,2193
48978,"Kenny, Sean T.",non-elite,1677,3316,5005,6950,8842,11225,13452,15638,1639,1689,1945,1892,2383,2227,2186
48979,"Quandt, Julie M",non-elite,1671,3477,5377,7322,9332,11457,13625,15623,1806,1900,1945,2010,2125,2168,1998
48980,"Afshar, Hassan",non-elite,1644,3316,5005,6945,9262,11417,13574,15657,1672,1689,1940,2317,2155,2157,2083
48981,"Fitting, Skip F",non-elite,1378,2785,4246,5862,7631,9589,11900,15115,1407,1461,1616,1769,1958,2311,3215
48982,"Daly, Siobhan D.",non-elite,1811,3584,5359,7176,9058,11125,13362,15565,1773,1775,1817,1882,2067,2237,2203
48983,"Richard, Matthew S.",non-elite,1798,3659,5448,7280,9164,11660,13664,15611,1861,1789,1832,1884,2496,2004,1947
48984,"Okany, Kate M",non-elite,1699,3474,5259,7109,8979,10965,13136,15621,1775,1785,1850,1870,1986,2171,2485
48985,"Backstrom, Kyle C.",non-elite,1534,2912,4335,5885,7558,10634,13677,15715,1378,1423,1550,1673,3076,3043,2038
48986,"Green, Kelly",non-elite,1810,3695,5549,7544,9480,11548,13620,15658,1885,1854,1995,1936,2068,2072,2038
48987,"Ferriss, Elizabeth A.",non-elite,1700,3401,5159,6964,8964,11225,13462,15659,1701,1758,1805,2000,2261,2237,2197
48988,"Makishima, Ryuhei",non-elite,1385,2839,4534,6486,8501,10854,13291,15566,1454,1695,1952,2015,2353,2437,2275
48989,"Montalto, Jim A.",non-elite,1692,3365,5226,7122,9210,11380,13521,15624,1673,1861,1896,2088,2170,2141,2103
48990,"Kwon, John",non-elite,1617,3230,4873,6562,8403,10516,13192,15526,1613,1643,1689,1841,2113,2676,2334
48991,"Cervetto, Marcelo A.",non-elite,1727,3486,5321,7149,8942,10920,13504,15635,1759,1835,1828,1793,1978,2584,2131
48992,"Mitjavila I Moix, Xavier",non-elite,1792,3578,5339,7124,8895,10974,13437,15588,1786,1761,1785,1771,2079,2463,2151
48993,"Rubert, Amanda B",non-elite,1686,3430,5241,7091,9037,11207,13472,15650,1744,1811,1850,1946,2170,2265,2178
48994,"Mihailin, Thomas",non-elite,1827,3700,5558,7383,9318,11512,13588,15661,1873,1858,1825,1935,2194,2076,2073
48995,"O'Connor, Linda Marie",non-elite,1636,3310,5134,6968,8833,11093,13482,15682,1674,1824,1834,1865,2260,2389,2200
48996,"Jacinto, Josue",non-elite,1658,3358,5263,7107,9150,11232,13415,15683,1700,1905,1844,2043,2082,2183,2268
48997,"Barquet Rodriguez, Liliana",non-elite,1985,3961,5869,7802,9810,11880,13857,15709,1976,1908,1933,2008,2070,1977,1852
48998,"Chio, Ian Jude",non-elite,1657,3306,4992,6764,8621,10758,13331,15587,1649,1686,1772,1857,2137,2573,2256
48999,"Beiers, John",non-elite,1579,3153,4818,6604,8600,10783,13063,15467,1574,1665,1786,1996,2183,2280,2404
49000,"Larose, Sylvie",non-elite,1604,3260,4904,6652,8625,10894,13163,15465,1656,1644,1748,1973,2269,2269,2302
49001,"Powers, Susan",non-elite,1683,3418,5213,7040,8900,10950,13368,15632,1735,1795,1827,1860,2050,2418,2264
49002,"Dominguez, Joseph T. III",non-elite,1773,3429,5130,6965,8932,11068,13287,15576,1656,1701,1835,1967,2136,2219,2289
49003,"Thibault, Erika R.",non-elite,1591,3247,5164,7138,9128,11338,13474,15594,1656,1917,1974,1990,2210,2136,2120
49004,"Maslanka, Laura R.",non-elite,1589,3265,5220,7102,9163,11317,13635,15695,1676,1955,1882,2061,2154,2318,2060
49005,"Tun, Sokphal",non-elite,1530,3179,5175,7136,9113,11202,13461,15605,1649,1996,1961,1977,2089,2259,2144
49006,"Rydingsward, Jessica E.",non-elite,1843,3630,5417,7296,9220,11455,13542,15653,1787,1787,1879,1924,2235,2087,2111
49007,"Imbergamo, Matthew G.",non-elite,1825,3666,5522,7415,9337,11367,13443,15587,1841,1856,1893,1922,2030,2076,2144
49008,"Martin, Ronald",non-elite,1304,2646,4107,5907,8847,11180,14048,15777,1342,1461,1800,2940,2333,2868,1729
49009,"Farrell, Philippa A.",non-elite,1725,3544,5475,7417,9379,11536,13623,15639,1819,1931,1942,1962,2157,2087,2016
49010,"Begala, David R.",non-elite,1841,3596,5333,7231,9074,11047,13291,15625,1755,1737,1898,1843,1973,2244,2334
49011,"Thomas, Lisa S",non-elite,1650,3352,5056,6868,8827,10992,13353,15566,1702,1704,1812,1959,2165,2361,2213
49012,"Gossom, Kelly A.",non-elite,1830,3650,5517,7463,9386,11468,13665,15693,1820,1867,1946,1923,2082,2197,2028
49013,"Benson, Richard",non-elite,1864,3728,5570,7428,9316,11388,13682,15732,1864,1842,1858,1888,2072,2294,2050
49014,"Donnelly, Hannah K.",non-elite,1684,3368,5142,7032,9038,11060,13481,15631,1684,1774,1890,2006,2022,2421,2150
49015,"Preece, Marilyn",non-elite,1763,3522,5303,7126,9007,11089,13355,15636,1759,1781,1823,1881,2082,2266,2281
49016,"David, Adrienne",non-elite,1590,3209,4956,6841,8795,10910,13145,15504,1619,1747,1885,1954,2115,2235,2359
49017,"Wiley, James C",non-elite,1584,3258,5011,6840,8797,11006,13349,15497,1674,1753,1829,1957,2209,2343,2148
49018,"Gershon, Perry",non-elite,1855,3689,5506,7410,9391,11406,13555,15652,1834,1817,1904,1981,2015,2149,2097
49019,"Stavropoulos, Cathy A.",non-elite,1659,3427,5181,7211,9143,11347,13429,15718,1768,1754,2030,1932,2204,2082,2289
49020,"Moore, Stephen E",non-elite,1643,3277,4957,6641,8529,10648,13108,15628,1634,1680,1684,1888,2119,2460,2520
49021,"Rogers, Kyle",non-elite,1683,3288,4906,6749,8877,11038,13526,15660,1605,1618,1843,2128,2161,2488,2134
49022,"Roth, Debra T",non-elite,1820,3656,5532,7484,9441,11458,13531,15602,1836,1876,1952,1957,2017,2073,2071
49023,"Amberg, Michael",non-elite,1835,3683,5562,7481,9444,11527,13629,15667,1848,1879,1919,1963,2083,2102,2038
49024,"Krebs, Kenneth A.",non-elite,1828,3615,5389,7213,9064,11093,13284,15559,1787,1774,1824,1851,2029,2191,2275
49025,"Zagroba, Catherine",non-elite,1843,3604,5391,7281,9372,11519,13635,15682,1761,1787,1890,2091,2147,2116,2047
49026,"Williams, Jay B",non-elite,1609,3255,4961,6714,8543,10603,13037,15515,1646,1706,1753,1829,2060,2434,2478
49027,"Novak, Stephanie E.",non-elite,1792,3448,5343,7073,8904,11170,13471,15703,1656,1895,1730,1831,2266,2301,2232
49028,"Carriere, Jean-Julien",non-elite,1785,3521,5255,7055,8923,11042,13288,15579,1736,1734,1800,1868,2119,2246,2291
49029,"Warsheski, Scott D.",non-elite,1813,3619,5463,7308,9203,11252,13460,15627,1806,1844,1845,1895,2049,2208,2167
49030,"Marini, Danielle",non-elite,1963,3993,6094,8160,10082,12144,14095,15804,2030,2101,2066,1922,2062,1951,1709
49031,"Malone, Carmel",non-elite,1871,3727,5576,7442,9341,11402,13585,15637,1856,1849,1866,1899,2061,2183,2052
49032,"Wittner, Brett L",non-elite,1473,3089,4999,6902,8931,11297,13510,15624,1616,1910,1903,2029,2366,2213,2114
49033,"Horan, Kelly P.",non-elite,1658,3378,5159,7106,9031,11114,13463,15641,1720,1781,1947,1925,2083,2349,2178
49034,"Golembeski, Thomas",non-elite,1658,3378,5159,7106,9031,11114,13463,15641,1720,1781,1947,1925,2083,2349,2178
49035,"Volta, Kathleen A.",non-elite,1866,3717,5578,7493,9433,11578,13639,15679,1851,1861,1915,1940,2145,2061,2040
49036,"Diaz De Berrikano Gorospe, Jabier",non-elite,1780,3488,5180,6883,8665,11016,13491,15648,1708,1692,1703,1782,2351,2475,2157
49037,"Sexton, Roseanne",non-elite,1678,3374,5159,7055,8978,11347,13505,15616,1696,1785,1896,1923,2369,2158,2111
49038,"Potter, Mark A",non-elite,1678,3374,5162,7054,8979,11353,13504,15633,1696,1788,1892,1925,2374,2151,2129
49039,"Tmur, Robert",non-elite,1691,3464,5288,7181,9119,11217,13393,15635,1773,1824,1893,1938,2098,2176,2242
49040,"Green, Tucker F.",non-elite,1915,3740,5614,7343,9084,11338,13928,15825,1825,1874,1729,1741,2254,2590,1897
49041,"Bryant, Steven H. II",non-elite,1678,3350,5114,7028,9083,11161,13469,15613,1672,1764,1914,2055,2078,2308,2144
49042,"Miller, Gerald W",non-elite,1833,3667,5511,7429,9376,11420,13617,15670,1834,1844,1918,1947,2044,2197,2053
49043,"Whitcomb, Matthew",non-elite,1759,3394,5008,6634,8297,10169,12440,15703,1635,1614,1626,1663,1872,2271,3263
49044,"Orcutt, Ben",non-elite,1759,3394,5008,6635,8297,10169,12439,15704,1635,1614,1627,1662,1872,2270,3265
49045,"Nuttbrock, Jerry C.",non-elite,1574,3258,4982,6780,8639,10686,12895,15466,1684,1724,1798,1859,2047,2209,2571
49046,"Riesenberger, Mitchell J.",non-elite,1917,3646,5420,7184,8999,10956,13230,15649,1729,1774,1764,1815,1957,2274,2419
49047,"Petcoff, Deanna",non-elite,1680,3475,5358,7316,9304,11355,13521,15615,1795,1883,1958,1988,2051,2166,2094
49048,"Long, Carol M",non-elite,1764,3583,5454,7362,9326,11423,13622,15682,1819,1871,1908,1964,2097,2199,2060
49049,"Dubois, Philippe",non-elite,1691,3329,4950,6652,8659,10744,12972,15399,1638,1621,1702,2007,2085,2228,2427
49050,"Perez, Justin I.",non-elite,1585,3147,4696,6331,8124,10504,13226,15690,1562,1549,1635,1793,2380,2722,2464
49052,"Jordan, Nora",non-elite,1772,3605,5476,7410,9322,11360,13501,15694,1833,1871,1934,1912,2038,2141,2193
49053,"Rumoroso Raposo, Beatriz",non-elite,1783,3578,5601,7914,9903,11870,13864,15741,1795,2023,2313,1989,1967,1994,1877
49054,"Dale, Jennifer",non-elite,1483,2969,4462,6028,7657,9398,11316,14849,1486,1493,1566,1629,1741,1918,3533
49055,"Lindeen, Larry",non-elite,1895,3760,5609,7456,9342,11411,13609,15641,1865,1849,1847,1886,2069,2198,2032
49056,"Beckley Gstatter, Erika G.",non-elite,1563,3223,4958,6839,8899,11087,13382,15625,1660,1735,1881,2060,2188,2295,2243
49057,"Barron, Charlene",non-elite,1760,3591,5496,7457,9453,11519,13604,15632,1831,1905,1961,1996,2066,2085,2028
49058,"Severson, Shawn M",non-elite,1520,3176,4972,6896,8862,11222,13484,15651,1656,1796,1924,1966,2360,2262,2167
49059,"Wise, Donna L",non-elite,1771,3657,5501,7293,9229,11393,13694,15724,1886,1844,1792,1936,2164,2301,2030
49060,"Proctor, Heidi J",non-elite,1545,3107,4730,6458,8241,11119,13479,15685,1562,1623,1728,1783,2878,2360,2206
49061,"Robinson, Gayle",non-elite,1715,3522,5419,7405,9393,11489,13652,15678,1807,1897,1986,1988,2096,2163,2026
49062,"Bolduc, Michael J.",non-elite,1717,3441,5242,7123,9118,11234,13397,15606,1724,1801,1881,1995,2116,2163,2209
49063,"Makepeace, James M",non-elite,1840,3647,5472,7343,9183,11158,13310,15512,1807,1825,1871,1840,1975,2152,2202
49064,"Baggs, Marie A.",non-elite,1618,3390,5213,7106,9098,11198,13451,15537,1772,1823,1893,1992,2100,2253,2086
49065,"Clouthier, Steve",non-elite,1704,3353,5019,6896,8837,10958,13361,15574,1649,1666,1877,1941,2121,2403,2213
49066,"Kwon, Yi-Joo",non-elite,1851,3817,5653,7532,9432,11674,13757,15692,1966,1836,1879,1900,2242,2083,1935
49067,"Holland, James M.",non-elite,1915,3915,5960,8013,10034,12004,13984,15801,2000,2045,2053,2021,1970,1980,1817
49068,"Volpacchio, Florindo",non-elite,1631,3322,5084,7003,8938,11042,13296,15584,1691,1762,1919,1935,2104,2254,2288
49069,"Jacobsen, Eric T.",non-elite,1756,3508,5411,7429,9467,11548,13771,15725,1752,1903,2018,2038,2081,2223,1954
49070,"Wills, Jeff",non-elite,1760,3666,5637,7657,9666,11747,13861,15764,1906,1971,2020,2009,2081,2114,1903
49071,"Erickson, Julie G.",non-elite,1667,3442,5262,7313,9366,11521,13723,15730,1775,1820,2051,2053,2155,2202,2007
49072,"Loveridge, Robert J",non-elite,1523,3105,4885,6624,8484,10792,13135,15533,1582,1780,1739,1860,2308,2343,2398
49073,"Laramie, Bob J.",non-elite,1867,3676,5508,7337,9225,11302,13497,15634,1809,1832,1829,1888,2077,2195,2137
49074,"Arone, Patricia A.",non-elite,1981,3943,5795,7646,9508,11522,13618,15665,1962,1852,1851,1862,2014,2096,2047
49075,"McCarthy, Michael",non-elite,1763,3467,5298,7144,9020,11231,13418,15665,1704,1831,1846,1876,2211,2187,2247
49076,"Goforth, Hal Jr.",non-elite,1651,3332,5020,6746,8519,10477,13062,15554,1681,1688,1726,1773,1958,2585,2492
49077,"Collery, Michael",non-elite,1593,3222,5060,6936,8863,10994,13320,15634,1629,1838,1876,1927,2131,2326,2314
49078,"Morel, Ana B.",non-elite,1927,3778,5754,7641,9643,11626,13781,15773,1851,1976,1887,2002,1983,2155,1992
49079,"Mullen, Jen",non-elite,1656,3371,5270,7279,9427,11569,13622,15733,1715,1899,2009,2148,2142,2053,2111
49080,"Bulat, Emily K.",non-elite,1753,3474,5237,7040,8925,10980,13192,15578,1721,1763,1803,1885,2055,2212,2386
49081,"Asselin, Cheryl R.",non-elite,1934,3785,5566,7409,9405,11428,13515,15642,1851,1781,1843,1996,2023,2087,2127
49082,"Kato, Hisao",non-elite,1643,3330,5087,6993,8943,11098,13475,15670,1687,1757,1906,1950,2155,2377,2195
49083,"Cullison, Linda J",non-elite,1683,3411,5196,6960,8853,11413,13496,15700,1728,1785,1764,1893,2560,2083,2204
49084,"Bois, Victoria A.",non-elite,1751,3476,5373,7259,9316,11359,13596,15700,1725,1897,1886,2057,2043,2237,2104
49085,"Harris, Mary L.",non-elite,1766,3542,5343,7190,9224,11480,13666,15706,1776,1801,1847,2034,2256,2186,2040
49086,"Smigiel, Courtney R.",non-elite,1801,3617,5421,7270,9135,11229,13474,15651,1816,1804,1849,1865,2094,2245,2177
49087,"Harrison, Rachel",non-elite,1577,3208,5034,7074,9246,11250,13503,15751,1631,1826,2040,2172,2004,2253,2248
49088,"Bonaca, Lauren",non-elite,1666,3251,4888,6704,8603,10766,13136,15557,1585,1637,1816,1899,2163,2370,2421
49089,"Binder, David",non-elite,1794,3588,5597,7598,9654,11564,13678,15607,1794,2009,2001,2056,1910,2114,1929
49090,"Purcell, Sharon M.",non-elite,1861,3688,5518,7433,9443,11521,13638,15704,1827,1830,1915,2010,2078,2117,2066
49091,"Gilmartin, Colleen F.",non-elite,1866,3650,5460,7330,9262,11303,13440,15512,1784,1810,1870,1932,2041,2137,2072
49092,"Gilmartin, Kevin M.",non-elite,1866,3650,5460,7330,9262,11303,13440,15512,1784,1810,1870,1932,2041,2137,2072
49093,"Boyte, Tammie L.",non-elite,1685,3361,5099,7005,8979,11215,13482,15658,1676,1738,1906,1974,2236,2267,2176
49094,"Chiachio, Andrew P.",non-elite,1932,3692,5498,7308,9163,11166,13458,15624,1760,1806,1810,1855,2003,2292,2166
49095,"Massey, Heather",non-elite,1667,3408,5144,7150,9072,11115,13610,15694,1741,1736,2006,1922,2043,2495,2084
49096,"Nicklas, Bethany",non-elite,1734,3532,5419,7370,9366,11470,13625,15667,1798,1887,1951,1996,2104,2155,2042
49097,"Linden, Larry J. Jr.",non-elite,1840,3710,5716,7660,9655,11642,13782,15774,1870,2006,1944,1995,1987,2140,1992
49098,"Weinstein, Jenna",non-elite,1789,3639,5542,7479,9444,11562,13701,15744,1850,1903,1937,1965,2118,2139,2043
49099,"Byrd, Mary M",non-elite,1712,3453,5236,7275,9298,11371,13706,15709,1741,1783,2039,2023,2073,2335,2003
49100,"Alper, Deborah",non-elite,1606,3279,5070,6956,8964,11068,13386,15652,1673,1791,1886,2008,2104,2318,2266
49101,"Ring, Gary",non-elite,1451,3050,5026,7004,9035,11183,13552,15700,1599,1976,1978,2031,2148,2369,2148
49102,"Hannigan, Jeannie A.",non-elite,2068,3977,5699,7589,9508,11574,13650,15757,1909,1722,1890,1919,2066,2076,2107
49103,"Gibson, Cindy",non-elite,1896,3844,5826,7758,9728,11805,13813,15734,1948,1982,1932,1970,2077,2008,1921
49104,"Santoro, Amy",non-elite,1706,3469,5295,7252,9117,11138,13626,15675,1763,1826,1957,1865,2021,2488,2049
49105,"Erwin, Carolyn K",non-elite,1702,3523,5431,7394,9437,11533,13720,15777,1821,1908,1963,2043,2096,2187,2057
49106,"Collier, Sam",non-elite,1736,3443,5200,7036,9155,11359,13619,15681,1707,1757,1836,2119,2204,2260,2062
49107,"Worcester, Linda",non-elite,1811,3659,5549,7447,9376,11374,13456,15635,1848,1890,1898,1929,1998,2082,2179
49108,"Li, Xinli",non-elite,1679,3442,5279,7180,9130,11246,13453,15648,1763,1837,1901,1950,2116,2207,2195
49109,"Mares, Ruth S",non-elite,1798,3736,5642,7570,9535,11611,13676,15717,1938,1906,1928,1965,2076,2065,2041
49110,"Kelly, William J.",non-elite,1801,3646,5496,7422,9347,11343,13546,15730,1845,1850,1926,1925,1996,2203,2184
49111,"Gallas, Beth M",non-elite,1753,3564,5479,7452,9439,11533,13697,15725,1811,1915,1973,1987,2094,2164,2028
49112,"Crossen, Lauren S.",non-elite,1740,3559,5455,7526,9582,11651,13822,15776,1819,1896,2071,2056,2069,2171,1954
49113,"Rotheram, Tony E",non-elite,1886,3838,5788,7736,9725,11736,13746,15713,1952,1950,1948,1989,2011,2010,1967
49114,"Ryan, Jennifer M.",non-elite,1902,3754,5639,7604,9589,11636,13682,15708,1852,1885,1965,1985,2047,2046,2026
49115,"Harris, Rebecca L",non-elite,1561,3138,4839,7044,9023,11607,13687,15725,1577,1701,2205,1979,2584,2080,2038
49116,"Cline, Larry G.",non-elite,1566,3083,4644,6285,8153,10414,13032,15657,1517,1561,1641,1868,2261,2618,2625
49117,"Andrews, Lynne",non-elite,1858,3694,5565,7531,9443,11499,13662,15661,1836,1871,1966,1912,2056,2163,1999
49118,"Middaugh, Karrie R",non-elite,1685,3425,5264,7209,9634,11649,13731,15721,1740,1839,1945,2425,2015,2082,1990
49119,"Silverstein, Barry",non-elite,1905,3828,5731,7648,9580,11586,13627,15706,1923,1903,1917,1932,2006,2041,2079
49120,"Huggins, Reginald L. Sr.",non-elite,1634,3462,5420,7435,9452,11504,13593,15668,1828,1958,2015,2017,2052,2089,2075
49121,"Taunton-Rigby, Katherine",non-elite,1844,3705,5572,7534,9584,11618,13871,15762,1861,1867,1962,2050,2034,2253,1891
49122,"Huckins, Grace E.",non-elite,1884,3714,5613,7541,9492,11615,13793,15804,1830,1899,1928,1951,2123,2178,2011
49123,"Gunter, Jason L.",non-elite,1706,3428,5167,7048,8905,11011,13310,15612,1722,1739,1881,1857,2106,2299,2302
49124,"Gotlieb, Lauren",non-elite,1624,3299,5023,6830,8800,10857,13219,15577,1675,1724,1807,1970,2057,2362,2358
49125,"Peterson, Amanda L.",non-elite,1937,3789,5677,7636,9615,11643,13701,15744,1852,1888,1959,1979,2028,2058,2043
49126,"Stahl, Matthew C.",non-elite,1789,3555,5312,7154,9051,11100,13301,15630,1766,1757,1842,1897,2049,2201,2329
49127,"Deault, Nicolas",non-elite,2052,3963,5861,7796,9730,11735,13743,15722,1911,1898,1935,1934,2005,2008,1979
49128,"Dunn, Britt S.",non-elite,1763,3577,5441,7356,9280,11423,13684,15743,1814,1864,1915,1924,2143,2261,2059
49129,"Grace-Ferri, Gloria",non-elite,1768,3630,5541,7567,9567,11626,13671,15728,1862,1911,2026,2000,2059,2045,2057
49130,"Carlson, Anne M",non-elite,1745,3574,5396,7268,9219,11335,13593,15642,1829,1822,1872,1951,2116,2258,2049
49131,"Stadelmann, Jennifer B.",non-elite,1687,3454,5252,7304,9403,11436,13557,15674,1767,1798,2052,2099,2033,2121,2117
49132,"Darcy, Meghan K.",non-elite,1820,3632,5493,7421,9369,11458,13607,15740,1812,1861,1928,1948,2089,2149,2133
49133,"Grondin, Daniel T.",non-elite,1680,3483,5280,7252,9249,11352,13548,15735,1803,1797,1972,1997,2103,2196,2187
49134,"Schlueter, Sheryl A",non-elite,1729,3621,5553,7526,9507,11603,13743,15762,1892,1932,1973,1981,2096,2140,2019
49135,"Bartolomeo, Emily A.",non-elite,1824,3688,5545,7415,9316,11438,13598,15693,1864,1857,1870,1901,2122,2160,2095
49136,"Thompson, Michael J.",non-elite,1818,3579,5348,7158,9103,11306,13484,15693,1761,1769,1810,1945,2203,2178,2209
49137,"Li, Ching-Ming",non-elite,1499,3005,4541,6193,8020,10246,12623,15443,1506,1536,1652,1827,2226,2377,2820
49138,"Orrock, Steven J",non-elite,1430,2867,4321,5885,7758,10152,12743,15483,1437,1454,1564,1873,2394,2591,2740
49139,"Inniger, Meredith",non-elite,1885,3710,5544,7439,9414,11461,13625,15742,1825,1834,1895,1975,2047,2164,2117
49140,"Carley, Bradford S.",non-elite,1995,3964,5855,7762,9662,11665,13765,15781,1969,1891,1907,1900,2003,2100,2016
49141,"Sugarman, Richard A.",non-elite,1817,3613,5423,7279,9177,11215,13425,15679,1796,1810,1856,1898,2038,2210,2254
49142,"Keddie, Nicholas S.",non-elite,1994,3964,5854,7762,9662,11664,13764,15781,1970,1890,1908,1900,2002,2100,2017
49143,"Rosendahl, Bruce",non-elite,1631,3215,4838,6727,9413,11474,13658,15700,1584,1623,1889,2686,2061,2184,2042
49144,"Kinoshita, Yasushi Sr.",non-elite,1456,2932,4545,6357,8635,11059,13588,15754,1476,1613,1812,2278,2424,2529,2166
49145,"Praeger, Jim",non-elite,1718,3383,5057,6780,8554,10695,13021,15455,1665,1674,1723,1774,2141,2326,2434
49146,"Frisby, Dennis E",non-elite,1595,3246,4928,6716,8690,10982,13381,15634,1651,1682,1788,1974,2292,2399,2253
49147,"Hamilton, Matthew S.",non-elite,1754,3466,5214,7074,9030,11289,13395,15603,1712,1748,1860,1956,2259,2106,2208
49148,"Wittleder, Jean M.",non-elite,1727,3604,5596,7563,9535,11743,13793,15767,1877,1992,1967,1972,2208,2050,1974
49149,"Baker, Melanie J",non-elite,1572,3328,5227,7158,9105,11172,13417,15663,1756,1899,1931,1947,2067,2245,2246
49150,"Torres, Courtney M.",non-elite,1868,3695,5552,7476,9421,11476,13601,15760,1827,1857,1924,1945,2055,2125,2159
49151,"Alepa, Stephen A.",non-elite,1816,3608,5472,7338,9231,11351,13499,15688,1792,1864,1866,1893,2120,2148,2189
49152,"Mullen, Beth T.",non-elite,1807,3684,5681,7831,9805,11848,13859,15792,1877,1997,2150,1974,2043,2011,1933
49153,"Assis, Armando",non-elite,1815,3621,5452,7307,9253,11321,13656,15766,1806,1831,1855,1946,2068,2335,2110
49154,"Richterich, Melissa M.",non-elite,1878,3752,5627,7657,9605,11663,13759,15748,1874,1875,2030,1948,2058,2096,1989
49156,"Turnbull, Ture R.",non-elite,1962,3909,5775,7862,9804,11797,13844,15784,1947,1866,2087,1942,1993,2047,1940
49157,"Firmin, Eric",non-elite,1712,3404,5125,6970,8820,10917,13235,15658,1692,1721,1845,1850,2097,2318,2423
49158,"Thanas, Jonathon",non-elite,1926,3812,5679,7583,9489,11513,13681,15740,1886,1867,1904,1906,2024,2168,2059
49159,"Cook, Jessica M",non-elite,1614,3312,5104,6994,9144,11167,13376,15712,1698,1792,1890,2150,2023,2209,2336
49160,"Henly, Wendy E",non-elite,1760,3541,5386,7344,9363,11390,13676,15769,1781,1845,1958,2019,2027,2286,2093
49161,"Houde, Peter R.",non-elite,1655,3292,4955,6674,8486,10541,13003,15557,1637,1663,1719,1812,2055,2462,2554
49162,"Bolton, John",non-elite,1652,3364,5183,7105,9081,11217,13570,15724,1712,1819,1922,1976,2136,2353,2154
49163,"Funaki, Kenji",non-elite,1583,3188,4838,6580,8454,10881,13377,15696,1605,1650,1742,1874,2427,2496,2319
49164,"Belport, Hannah",non-elite,1825,3638,5488,7398,9290,11414,13545,15728,1813,1850,1910,1892,2124,2131,2183
49165,"Baldwin, Jennifer P.",non-elite,1710,3534,5402,7361,9419,11448,13629,15704,1824,1868,1959,2058,2029,2181,2075
49166,"Mommaerts, Jeri",non-elite,1710,3534,5402,7361,9419,11448,13630,15704,1824,1868,1959,2058,2029,2182,2074
49167,"Moscariello, Joseph",non-elite,1756,3516,5177,6949,8845,10979,13386,15655,1760,1661,1772,1896,2134,2407,2269
49168,"Pan, Ziguang Sr.",non-elite,1785,3730,5668,7620,9684,11657,13718,15728,1945,1938,1952,2064,1973,2061,2010
49169,"Prowse, William E.",non-elite,1719,3621,5585,7605,9623,11702,13798,15770,1902,1964,2020,2018,2079,2096,1972
49170,"Stader, Scott A.",non-elite,1781,3630,5530,7577,9569,11603,13726,15780,1849,1900,2047,1992,2034,2123,2054
49171,"Pak, Bonna",non-elite,1831,3597,5377,7253,9243,11407,13645,15702,1766,1780,1876,1990,2164,2238,2057
49172,"Ogea, Myles",non-elite,1576,3321,5165,7063,8953,11141,13495,15658,1745,1844,1898,1890,2188,2354,2163
49173,"Tolley, Terese H.",non-elite,1747,3583,5343,7249,9262,11374,13521,15666,1836,1760,1906,2013,2112,2147,2145
49174,"Boenisch, Stacy R",non-elite,1515,3064,4788,6668,8917,11098,13388,15618,1549,1724,1880,2249,2181,2290,2230
49175,"Benham, Kent J",non-elite,1519,3053,4624,6332,8172,10389,13414,15715,1534,1571,1708,1840,2217,3025,2301
49176,"Foland, Barry",non-elite,1745,3478,5287,7193,9132,11280,13541,15728,1733,1809,1906,1939,2148,2261,2187
49177,"Loth, Monique B",non-elite,1754,3545,5414,7480,9382,11559,13727,15769,1791,1869,2066,1902,2177,2168,2042
49178,"Hires, Samuel D.",non-elite,1832,3785,5785,7836,9836,11866,13887,15797,1953,2000,2051,2000,2030,2021,1910
49179,"Corazzola, Emanuel",non-elite,1724,3448,5158,6997,8876,11030,13674,15747,1724,1710,1839,1879,2154,2644,2073
49180,"Moore, Melissa B.",non-elite,1972,3880,5769,7796,9877,11891,13848,15839,1908,1889,2027,2081,2014,1957,1991
49181,"Burke, Kailyn M.",non-elite,1956,3801,5624,7553,9510,11599,13759,15790,1845,1823,1929,1957,2089,2160,2031
49182,"Schriftman, Ross F",non-elite,1586,3208,4932,6748,8667,10708,13105,15619,1622,1724,1816,1919,2041,2397,2514
49183,"Lucas, Sarah E.",non-elite,1822,3588,5330,7197,9367,11422,13623,15757,1766,1742,1867,2170,2055,2201,2134
49184,"Dwight, Donald M.",non-elite,1709,3477,5292,7215,9273,11490,13759,15782,1768,1815,1923,2058,2217,2269,2023
49185,"Law, Kim",non-elite,1613,3346,5037,6793,8955,11230,13544,15832,1733,1691,1756,2162,2275,2314,2288
49186,"Cedrone, Anne K.",non-elite,1827,3688,5585,7532,9479,11470,13653,15761,1861,1897,1947,1947,1991,2183,2108
49187,"Reever, Logan C.",non-elite,1926,3780,5588,7397,9236,11281,13553,15735,1854,1808,1809,1839,2045,2272,2182
49188,"Casey, Brian",non-elite,1851,3614,5527,7538,9596,11682,13732,15774,1763,1913,2011,2058,2086,2050,2042
49189,"Casey, Michele",non-elite,1851,3614,5527,7538,9596,11683,13736,15773,1763,1913,2011,2058,2087,2053,2037
49190,"Spence, Debra",non-elite,1813,3702,5615,7559,9525,11556,13603,15739,1889,1913,1944,1966,2031,2047,2136
49191,"Spenard, Denise M.",non-elite,1804,3564,5355,7196,9223,11232,13497,15631,1760,1791,1841,2027,2009,2265,2134
49192,"Spenard, John R.",non-elite,1805,3564,5355,7196,9223,11232,13497,15631,1759,1791,1841,2027,2009,2265,2134
49193,"Daghita, Dean",non-elite,1781,3606,5515,7542,9570,11646,13835,15782,1825,1909,2027,2028,2076,2189,1947
49194,"Carter, Roswitha L.",non-elite,1665,3371,5121,6947,8843,10905,13259,15575,1706,1750,1826,1896,2062,2354,2316
49195,"Pistulka, Linda",non-elite,1701,3447,5194,6943,8747,10690,13071,15759,1746,1747,1749,1804,1943,2381,2688
49196,"Lee, Maurice III",non-elite,1690,3404,5164,7021,8998,11198,13449,15682,1714,1760,1857,1977,2200,2251,2233
49197,"Finzel, Kathleen",non-elite,1631,3406,5306,7249,9296,11399,13622,15744,1775,1900,1943,2047,2103,2223,2122
49198,"O'Neill, Paula",non-elite,1867,3708,5597,7465,9364,11409,13472,15669,1841,1889,1868,1899,2045,2063,2197
49199,"Macho, Kimberly A",non-elite,1679,3438,5319,7305,9275,11402,13636,15739,1759,1881,1986,1970,2127,2234,2103
49200,"Barry, Jack",non-elite,1885,3748,5607,7531,9443,11567,13675,15752,1863,1859,1924,1912,2124,2108,2077
49201,"Tatro, Bryan",non-elite,1545,3075,4657,6305,8208,10573,13076,15855,1530,1582,1648,1903,2365,2503,2779
49202,"Skisak, Eileen E",non-elite,1650,3340,5164,7117,9216,11575,13721,15810,1690,1824,1953,2099,2359,2146,2089
49203,"Prickett, Jade M.",non-elite,1890,3732,5547,7403,9395,11460,13699,15799,1842,1815,1856,1992,2065,2239,2100
49204,"Tilghman, Cordelia H.",non-elite,1581,3191,5028,6983,8978,11113,13372,15667,1610,1837,1955,1995,2135,2259,2295
49205,"Mueller, Sandra",non-elite,1704,3480,5261,7192,9115,11203,13416,15676,1776,1781,1931,1923,2088,2213,2260
49206,"Shargel, Nicky",non-elite,1864,3716,5530,7403,9311,11351,13616,15741,1852,1814,1873,1908,2040,2265,2125
49207,"Alper, Jodi L",non-elite,1756,3530,5351,7186,9059,11074,13264,15614,1774,1821,1835,1873,2015,2190,2350
49208,"Carroll, David F.",non-elite,1723,3431,5206,7038,8902,10925,13201,15690,1708,1775,1832,1864,2023,2276,2489
49209,"Varga, Astrid",non-elite,1693,3517,5444,7403,9389,11414,13636,15809,1824,1927,1959,1986,2025,2222,2173
49210,"Green, Janet E",non-elite,1727,3534,5411,7377,9321,11459,13614,15735,1807,1877,1966,1944,2138,2155,2121
49211,"Barnett, Shanon",non-elite,1778,3593,5452,7337,9280,11352,13532,15710,1815,1859,1885,1943,2072,2180,2178
49212,"Rickard, Pamela S.",non-elite,1595,3312,5328,7305,9332,11755,13821,15797,1717,2016,1977,2027,2423,2066,1976
49213,"Dulay, Sukhpal",non-elite,1671,3515,5387,7356,9373,11396,13729,15788,1844,1872,1969,2017,2023,2333,2059
49214,"Ropp, Don",non-elite,1829,3704,5632,7596,9498,11509,13557,15660,1875,1928,1964,1902,2011,2048,2103
49215,"Snavely, Susan",non-elite,1801,3706,5633,7596,9499,11510,13560,15661,1905,1927,1963,1903,2011,2050,2101
49216,"Ridgway, David",non-elite,1528,3079,4683,6462,8289,10328,12924,15546,1551,1604,1779,1827,2039,2596,2622
49217,"McLaughlin, Cindy",non-elite,1879,3766,5655,7580,9576,11686,13808,15849,1887,1889,1925,1996,2110,2122,2041
49218,"Boyd, Thalena A",non-elite,1726,3520,5356,7284,9324,11461,13657,15750,1794,1836,1928,2040,2137,2196,2093
49219,"Chung, Jay",non-elite,1558,3181,4954,6809,8724,11063,13753,15831,1623,1773,1855,1915,2339,2690,2078
49220,"Anderson, Amy",non-elite,1905,3846,5795,7734,9693,11690,13785,15786,1941,1949,1939,1959,1997,2095,2001
49221,"Knight, Kristen A.",non-elite,2048,4033,6055,8076,10179,12245,14147,15946,1985,2022,2021,2103,2066,1902,1799
49222,"Oh, Keon",non-elite,1604,3192,4823,6541,8656,10894,13285,15616,1588,1631,1718,2115,2238,2391,2331
49223,"Wagner, Kathi G",non-elite,1667,3353,5055,6828,8685,10738,13284,15719,1686,1702,1773,1857,2053,2546,2435
49224,"Stefanski, Sue R",non-elite,1847,3707,5545,7441,9388,11465,13593,15694,1860,1838,1896,1947,2077,2128,2101
49225,"Morgan, Sarah",non-elite,1960,3911,5838,7727,9634,11611,13731,15807,1951,1927,1889,1907,1977,2120,2076
49226,"Dobrzinsky, Manfred",non-elite,1574,3240,4981,6801,8742,10931,13298,15848,1666,1741,1820,1941,2189,2367,2550
49227,"Lane, Jerry W",non-elite,1702,3536,5447,7368,9315,11415,13596,15730,1834,1911,1921,1947,2100,2181,2134
49228,"Vecchione, Frank",non-elite,1656,3368,5080,6972,8892,11114,13420,15660,1712,1712,1892,1920,2222,2306,2240
49229,"Petrick-Bilotti, Ana",non-elite,1623,3258,4926,6645,8435,10453,12854,15601,1635,1668,1719,1790,2018,2401,2747
49230,"Tenney, Carrie A.",non-elite,1702,3465,5266,7196,9273,11415,13682,15796,1763,1801,1930,2077,2142,2267,2114
49231,"Costantino, Silvano Simone",non-elite,1733,3457,5185,6965,8968,11518,13780,15755,1724,1728,1780,2003,2550,2262,1975
49232,"Rieck, Danielle E.",non-elite,1728,3572,5457,7423,9422,11651,13730,15738,1844,1885,1966,1999,2229,2079,2008
49233,"Crowley, Jessica L.",non-elite,1854,3706,5566,7534,9437,11520,13659,15827,1852,1860,1968,1903,2083,2139,2168
49234,"Ling, Steve",non-elite,1515,3019,4552,6312,8328,10904,13011,15524,1504,1533,1760,2016,2576,2107,2513
49235,"Valentine, Brenda D.",non-elite,1582,3310,4983,7109,9236,11442,13563,15648,1728,1673,2126,2127,2206,2121,2085
49236,"Mangeonjean, Francis",non-elite,1715,3606,5510,7478,9509,11625,13706,15763,1891,1904,1968,2031,2116,2081,2057
49237,"Blume, Lanette",non-elite,1582,3310,4983,7109,9236,11442,13563,15647,1728,1673,2126,2127,2206,2121,2084
49238,"Beard, Jessy",non-elite,1661,3438,5387,7273,9257,11287,13769,15797,1777,1949,1886,1984,2030,2482,2028
49239,"Gross, David",non-elite,1481,2968,4494,6195,8135,10162,12661,15434,1487,1526,1701,1940,2027,2499,2773
49240,"Reed, Stephen L",non-elite,1676,3395,5165,6999,8902,11003,13360,15656,1719,1770,1834,1903,2101,2357,2296
49241,"Goodwin, Amanda",non-elite,1771,3539,5400,7284,9230,11297,13564,15748,1768,1861,1884,1946,2067,2267,2184
49242,"Elliott, Karey B.",non-elite,1447,3015,4655,6378,8113,10145,13134,15584,1568,1640,1723,1735,2032,2989,2450
49243,"Thielmann, Christof",non-elite,1650,3260,4927,6592,8359,10381,12604,15308,1610,1667,1665,1767,2022,2223,2704
49244,"Ziegenbein, Charles",non-elite,1972,3934,5882,7807,9820,11981,13979,15863,1962,1948,1925,2013,2161,1998,1884
49245,"McLean, Rachel E.",non-elite,1999,3773,5525,7408,9320,11416,13692,15798,1774,1752,1883,1912,2096,2276,2106
49246,"Spence, Lynne",non-elite,1794,3648,5676,7642,9588,11654,13784,15804,1854,2028,1966,1946,2066,2130,2020
49247,"Bower, Michael J.",non-elite,1833,3685,5580,7538,9509,11578,13693,15771,1852,1895,1958,1971,2069,2115,2078
49248,"Young, Joanna",non-elite,1489,3118,4834,6662,8737,10866,13598,15777,1629,1716,1828,2075,2129,2732,2179
49249,"Shust, Melissa A.",non-elite,1624,3306,5069,6890,8801,10823,13108,15773,1682,1763,1821,1911,2022,2285,2665
49250,"Dalton, Kristen L.",non-elite,1775,3502,5241,7064,9029,11264,13671,15773,1727,1739,1823,1965,2235,2407,2102
49251,"Edenhofer, Horst",non-elite,1770,3624,5464,7396,9363,11452,13633,15758,1854,1840,1932,1967,2089,2181,2125
49252,"Pelfrey, Leah",non-elite,1841,3656,5560,7534,9479,11510,13645,15802,1815,1904,1974,1945,2031,2135,2157
49253,"Martin, Philip I.",non-elite,1872,3724,5574,7484,9390,11386,13535,15714,1852,1850,1910,1906,1996,2149,2179
49254,"Clapp, Meghan K.",non-elite,1972,3830,5658,7568,9599,11644,13702,15837,1858,1828,1910,2031,2045,2058,2135
49255,"Baldwin, Kate",non-elite,1654,3309,4990,6711,8572,10745,13248,15638,1655,1681,1721,1861,2173,2503,2390
49256,"Ronayne, Michael C.",non-elite,1973,3830,5659,7568,9600,11644,13702,15837,1857,1829,1909,2032,2044,2058,2135
49257,"Lutz, Toni L.",non-elite,1671,3471,5462,7506,9636,11699,13824,15764,1800,1991,2044,2130,2063,2125,1940
49258,"Robinson, Jennifer O.",non-elite,1646,3363,5232,7267,9345,11643,13720,15855,1717,1869,2035,2078,2298,2077,2135
49259,"Davidson, Alan R",non-elite,1624,3284,4985,6746,8671,11067,13289,15756,1660,1701,1761,1925,2396,2222,2467
49260,"O'Riordan, Margaret E.",non-elite,1658,3319,5159,7082,8937,11150,13414,15751,1661,1840,1923,1855,2213,2264,2337
49261,"McKenna, Betty",non-elite,1829,3737,5628,7576,9521,11533,13559,15792,1908,1891,1948,1945,2012,2026,2233
49262,"Pena, Wilbert",non-elite,1675,3334,5055,7024,9243,11431,13763,15856,1659,1721,1969,2219,2188,2332,2093
49263,"Fitterer, Mary T.",non-elite,1895,3746,5664,7635,9540,11595,13739,15813,1851,1918,1971,1905,2055,2144,2074
49264,"McCarthy, Patricia M.",non-elite,1955,3888,5816,7744,9880,11860,13885,15807,1933,1928,1928,2136,1980,2025,1922
49265,"Blalock, Kelly J.",non-elite,1613,3257,4991,6868,8938,11284,13599,15800,1644,1734,1877,2070,2346,2315,2201
49266,"Reiley, Julia M.",non-elite,1931,3810,5647,7490,9378,11402,13619,15785,1879,1837,1843,1888,2024,2217,2166
49267,"Alcantara Bailey, Pablo",non-elite,1575,3113,4699,6428,8494,10790,13249,15678,1538,1586,1729,2066,2296,2459,2429
49268,"Reiley, Heather",non-elite,1931,3810,5647,7490,9378,11402,13619,15785,1879,1837,1843,1888,2024,2217,2166
49269,"Keating, Patricia",non-elite,1991,4017,5988,7986,9975,12043,13991,15871,2026,1971,1998,1989,2068,1948,1880
49270,"Mays, Elizabeth",non-elite,1824,3658,5506,7361,9225,11245,13594,15747,1834,1848,1855,1864,2020,2349,2153
49271,"Leathers, Cain",non-elite,1117,2199,3333,4545,5881,7375,13023,16195,1082,1134,1212,1336,1494,5648,3172
49272,"Kameyama, Yasumasa",non-elite,1983,3834,5624,7510,9627,11817,13833,15804,1851,1790,1886,2117,2190,2016,1971
49273,"Ripley, Justin",non-elite,1540,3109,4819,6679,8602,11057,13492,15766,1569,1710,1860,1923,2455,2435,2274
49274,"Reiser, Vanessa M.",non-elite,1676,3390,5149,7006,8914,11018,13391,15710,1714,1759,1857,1908,2104,2373,2319
49275,"Lorenz, Kelly",non-elite,1825,3617,5509,7484,9348,11590,13709,15854,1792,1892,1975,1864,2242,2119,2145
49276,"Dragoman, Zsolt",non-elite,1688,3385,5132,6990,8890,11125,13556,15780,1697,1747,1858,1900,2235,2431,2224
49277,"Nicholas, Sheila E.",non-elite,1657,3310,5010,7227,9229,11470,13851,15885,1653,1700,2217,2002,2241,2381,2034
49278,"Leary, Shannon W.",non-elite,1819,3686,5561,7362,9455,11600,13751,15837,1867,1875,1801,2093,2145,2151,2086
49279,"Melchionda, Caroline M.",non-elite,1819,3686,5561,7362,9455,11600,13751,15838,1867,1875,1801,2093,2145,2151,2087
49280,"Hassman, David R.",non-elite,1776,3606,5434,7336,9219,11514,13731,15817,1830,1828,1902,1883,2295,2217,2086
49281,"Rzeszutek, Michael",non-elite,1607,3214,4846,6548,8496,10573,13246,15783,1607,1632,1702,1948,2077,2673,2537
49282,"Nelson, Mark D.",non-elite,1856,3650,5504,7393,9334,11436,13571,15766,1794,1854,1889,1941,2102,2135,2195
49283,"Lelacheur, Susanne",non-elite,1807,3567,5304,7075,8979,11163,13410,15701,1760,1737,1771,1904,2184,2247,2291
49284,"Moore, Kaley",non-elite,1801,3692,5391,7193,8986,11349,13639,15763,1891,1699,1802,1793,2363,2290,2124
49285,"Alvarez, Gloria E.",non-elite,1839,3714,5610,7544,9512,11669,13778,15824,1875,1896,1934,1968,2157,2109,2046
49286,"Mow, Robert W",non-elite,1699,3456,5307,7231,9198,11273,13499,15695,1757,1851,1924,1967,2075,2226,2196
49287,"Ramsay, Scott",non-elite,1827,3621,5439,7328,9268,11273,13451,15747,1794,1818,1889,1940,2005,2178,2296
49288,"Burnett, Colin",non-elite,1848,3654,5492,7454,9471,11661,13879,15878,1806,1838,1962,2017,2190,2218,1999
49289,"Costantino, Tracey A.",non-elite,1905,3762,5544,7403,9354,11435,13640,15757,1857,1782,1859,1951,2081,2205,2117
49290,"Harrison, Christine",non-elite,1819,3712,5711,7676,9644,11714,13863,15851,1893,1999,1965,1968,2070,2149,1988
49291,"Cooksey, Melvin D",non-elite,1701,3457,5219,7031,8891,10979,13238,15574,1756,1762,1812,1860,2088,2259,2336
49292,"Schoffstall, Kendra L",non-elite,1678,3491,5420,7438,9490,11612,13783,15836,1813,1929,2018,2052,2122,2171,2053
49293,"Cole, Jonathan W.",non-elite,1404,2921,4698,6523,8526,10572,12992,15728,1517,1777,1825,2003,2046,2420,2736
49294,"Petch, Joy",non-elite,1722,3508,5318,7209,9069,11164,13390,15687,1786,1810,1891,1860,2095,2226,2297
49295,"Mee, Simon",non-elite,1669,3380,5158,6979,8918,11129,13656,15857,1711,1778,1821,1939,2211,2527,2201
49296,"Lewis, Finlay I.",non-elite,1769,3491,5223,7071,9012,11076,13325,15653,1722,1732,1848,1941,2064,2249,2328
49297,"Maguire, Christy E.",non-elite,1925,3878,5704,7559,9456,11469,13782,15868,1953,1826,1855,1897,2013,2313,2086
49298,"Cushman, Jim",non-elite,1504,3317,5357,7329,9400,11602,13819,15880,1813,2040,1972,2071,2202,2217,2061
49299,"Pickett, Kerry E.",non-elite,1785,3465,5197,7370,9343,11381,13573,15812,1680,1732,2173,1973,2038,2192,2239
49300,"Carmona Toloza, Ivan",non-elite,2025,3890,5664,7440,9347,11430,13667,15794,1865,1774,1776,1907,2083,2237,2127
49301,"Pickett, Jessica M.",non-elite,1785,3465,5197,7369,9343,11380,13573,15812,1680,1732,2172,1974,2037,2193,2239
49302,"Powell, Kat",non-elite,1813,3675,5518,7431,9366,11382,13442,15698,1862,1843,1913,1935,2016,2060,2256
49303,"Meyer, Laurie",non-elite,1643,3418,5136,6994,8923,11232,13762,15855,1775,1718,1858,1929,2309,2530,2093
49304,"Allegra, Santi",non-elite,1467,2987,4598,6501,8578,10912,13513,15876,1520,1611,1903,2077,2334,2601,2363
49305,"Cameron, Louise A",non-elite,1715,3455,5196,6972,8787,11473,13486,15884,1740,1741,1776,1815,2686,2013,2398
49306,"Ballard, Walt B",non-elite,1597,3254,5067,7091,9182,11462,13692,15776,1657,1813,2024,2091,2280,2230,2084
49307,"Petsch, William",non-elite,1696,3430,5278,7278,9279,11317,13660,15732,1734,1848,2000,2001,2038,2343,2072
49308,"Lang, Dan",non-elite,1932,3856,5838,7893,9867,11942,13966,15891,1924,1982,2055,1974,2075,2024,1925
49309,"Lang, Ashley",non-elite,1933,3857,5839,7893,9868,11943,13967,15891,1924,1982,2054,1975,2075,2024,1924
49310,"Farrell, Sarah J.",non-elite,1792,3627,5493,7461,9483,11584,13723,15818,1835,1866,1968,2022,2101,2139,2095
49311,"Omobono, Erica",non-elite,1869,3760,5671,7594,9581,11648,13665,15897,1891,1911,1923,1987,2067,2017,2232
49312,"Payne, Billy",non-elite,1690,3356,5110,6885,8939,11044,13389,15739,1666,1754,1775,2054,2105,2345,2350
49313,"Yuan, Xiaolin",non-elite,1620,3302,5068,6963,8994,11341,13780,15885,1682,1766,1895,2031,2347,2439,2105
49314,"Keener, Nancy",non-elite,1825,3594,5395,7304,9285,11409,13613,15790,1769,1801,1909,1981,2124,2204,2177
49315,"Evans, Keri M.",non-elite,1823,3653,5510,7581,9668,11741,13807,15852,1830,1857,2071,2087,2073,2066,2045
49316,"Wharff, Deborah M.",non-elite,1740,3521,5372,7295,9250,11344,13532,15775,1781,1851,1923,1955,2094,2188,2243
49317,"Carroll, James Jr.",non-elite,1914,3835,5828,7807,9822,11839,13855,15846,1921,1993,1979,2015,2017,2016,1991
49318,"Bedard, Shawna",non-elite,1821,3616,5446,7332,9260,11421,13686,15829,1795,1830,1886,1928,2161,2265,2143
49319,"Anderson, Tyler",non-elite,1899,3698,5440,7231,9107,11225,13671,15835,1799,1742,1791,1876,2118,2446,2164
49320,"McCarron, Paul",non-elite,1678,3262,4829,6471,8187,10599,13148,15681,1584,1567,1642,1716,2412,2549,2533
49321,"Yoon, Won Kil",non-elite,1681,3368,5303,7090,8934,11437,13546,15798,1687,1935,1787,1844,2503,2109,2252
49322,"Bartholomew, Elena N.",non-elite,1950,3823,5699,7590,9543,11689,13861,15903,1873,1876,1891,1953,2146,2172,2042
49323,"Ishiyama, Sadao",non-elite,1835,3621,5544,7434,9384,11588,13693,15806,1786,1923,1890,1950,2204,2105,2113
49324,"Craig, Joanna B.",non-elite,1793,3579,5416,7369,9440,11625,13824,15869,1786,1837,1953,2071,2185,2199,2045
49325,"Satterfield, Linda W",non-elite,1739,3523,5351,7215,9114,11294,13559,15747,1784,1828,1864,1899,2180,2265,2188
49326,"Struthers, Nancy L.",non-elite,1798,3592,5417,7360,9341,11432,13669,15745,1794,1825,1943,1981,2091,2237,2076
49327,"Schlappal, Peter",non-elite,1691,3478,5428,7487,9541,11553,13748,15795,1787,1950,2059,2054,2012,2195,2047
49328,"Goiri Barron, Inaki Sr.",non-elite,1594,3317,5084,7070,9160,11446,13694,15813,1723,1767,1986,2090,2286,2248,2119
49329,"Neal, Samuel R.",non-elite,1694,3508,5360,7304,9316,11433,13664,15814,1814,1852,1944,2012,2117,2231,2150
49330,"Lee, Bong Soo",non-elite,1681,3367,5301,7087,8932,11436,13550,15796,1686,1934,1786,1845,2504,2114,2246
49331,"Silago, Jackie W. III",non-elite,1784,3486,5217,7054,9024,11237,13539,15843,1702,1731,1837,1970,2213,2302,2304
49332,"Young-Bonfini, Rachel L.",non-elite,1717,3545,5450,7634,9624,11609,13739,15786,1828,1905,2184,1990,1985,2130,2047
49333,"Preisig, Monica N.",non-elite,1756,3504,5268,7108,9034,11142,13382,15782,1748,1764,1840,1926,2108,2240,2400
49334,"Gribi, Urs",non-elite,1788,3504,5267,7077,9279,11362,13529,15717,1716,1763,1810,2202,2083,2167,2188
49335,"Mikou, Mohammed Jamal",non-elite,1732,3287,4926,6656,8485,10513,13037,15578,1555,1639,1730,1829,2028,2524,2541
49336,"Higgins, Molly L.",non-elite,1844,3682,5510,7424,9421,11490,13719,15879,1838,1828,1914,1997,2069,2229,2160
49337,"Dingman, Richard L",non-elite,1821,3638,5471,7318,9225,11345,13662,15781,1817,1833,1847,1907,2120,2317,2119
49338,"Boone, Angela L",non-elite,1732,3471,5271,7146,9028,11245,13454,15811,1739,1800,1875,1882,2217,2209,2357
49339,"Keefe, Nicholas D.",non-elite,1836,3630,5383,7475,9416,11464,13680,15899,1794,1753,2092,1941,2048,2216,2219
49340,"Diaz, Stacey A",non-elite,1813,3701,5568,7558,9452,11492,13622,15772,1888,1867,1990,1894,2040,2130,2150
49341,"Dulong, Jonathan P.",non-elite,1950,3795,5604,7503,9437,11588,13778,15861,1845,1809,1899,1934,2151,2190,2083
49342,"Hattem, Jeffrey",non-elite,1757,3588,5409,7278,9188,11316,13698,15770,1831,1821,1869,1910,2128,2382,2072
49343,"Greenberg, Freyda B",non-elite,1744,3579,5488,7490,9534,11654,13817,15839,1835,1909,2002,2044,2120,2163,2022
49344,"Chandler, Kim",non-elite,1886,3784,5699,7698,9697,11751,13801,15876,1898,1915,1999,1999,2054,2050,2075
49345,"Ryan, Ginnette D.",non-elite,1818,3580,5350,7153,8993,11136,13444,15717,1762,1770,1803,1840,2143,2308,2273
49346,"Boyda, Robert",non-elite,1894,3732,5687,7608,9561,11582,13727,15843,1838,1955,1921,1953,2021,2145,2116
49347,"Park, Jin Hee",non-elite,1683,3400,5303,7278,9289,11439,13605,15800,1717,1903,1975,2011,2150,2166,2195
49348,"Crawley, Cortni",non-elite,1869,3760,5670,7595,9581,11648,13665,15908,1891,1910,1925,1986,2067,2017,2243
49349,"Rajala, Marcella A.",non-elite,1657,3426,5328,7344,9387,11605,13773,15807,1769,1902,2016,2043,2218,2168,2034
49350,"Humphrey, Pat",non-elite,1819,3815,5782,7742,9743,11773,13838,15861,1996,1967,1960,2001,2030,2065,2023
49351,"Pierce, Lisa",non-elite,1925,3851,5743,7628,9548,11656,13747,15882,1926,1892,1885,1920,2108,2091,2135
49352,"Rhode, Cyrus Jr.",non-elite,1721,3513,5365,7294,9277,11364,13570,15777,1792,1852,1929,1983,2087,2206,2207
49353,"Drolet, Renald",non-elite,1763,3494,5299,7094,8936,10951,13215,15620,1731,1805,1795,1842,2015,2264,2405
49354,"Sullivan, Shannon G.",non-elite,1913,3825,5853,7770,9727,11748,13804,15852,1912,2028,1917,1957,2021,2056,2048
49355,"Kirwan, Shannon K.",non-elite,2075,4146,6206,8236,10089,12108,14031,15914,2071,2060,2030,1853,2019,1923,1883
49356,"Kiser, Charles F. III",non-elite,1538,3210,5091,7060,9041,11257,13597,15743,1672,1881,1969,1981,2216,2340,2146
49357,"Kmiecik, Paul",non-elite,1559,3221,4893,6636,8510,10653,13510,15813,1662,1672,1743,1874,2143,2857,2303
49358,"Gobbi, Alessandro Massimo",non-elite,1841,3695,5571,7517,9506,11611,13804,15895,1854,1876,1946,1989,2105,2193,2091
49359,"Chamberlain, Adam J.",non-elite,1892,3767,5646,7556,9562,11567,13628,15720,1875,1879,1910,2006,2005,2061,2092
49360,"Gilmartin, Katherine H.",non-elite,1760,3506,5287,7161,9112,11184,13433,15724,1746,1781,1874,1951,2072,2249,2291
49361,"Epstein, Kellen",non-elite,1739,3475,5191,7205,9113,11185,13433,15725,1736,1716,2014,1908,2072,2248,2292
49362,"Vanfossen, Amy",non-elite,1757,3503,5272,7105,8980,11000,13259,15735,1746,1769,1833,1875,2020,2259,2476
49363,"Murkve, Linda",non-elite,1723,3490,5285,7125,9124,11414,13746,15892,1767,1795,1840,1999,2290,2332,2146
49364,"Dimitri, Chris",non-elite,1758,3504,5272,7105,8980,10999,13257,15736,1746,1768,1833,1875,2019,2258,2479
49365,"Otieno, Megan",non-elite,1698,3418,5159,6930,8778,10990,13587,15907,1720,1741,1771,1848,2212,2597,2320
49366,"Dinardo, Hannah D.",non-elite,1635,3430,5347,7323,9338,11463,13666,15865,1795,1917,1976,2015,2125,2203,2199
49367,"Ashcroft, James N.",non-elite,1942,3782,5584,7491,9511,11650,13723,15798,1840,1802,1907,2020,2139,2073,2075
49368,"Schmickel, Joanna",non-elite,1727,3481,5267,7098,9065,11196,13397,15676,1754,1786,1831,1967,2131,2201,2279
49369,"Mueller-Schaudt, Brigitte",non-elite,1744,3489,5394,7336,9306,11451,13685,15841,1745,1905,1942,1970,2145,2234,2156
49370,"Glade, Paul J",non-elite,1577,3171,4834,6548,8414,10633,13129,15648,1594,1663,1714,1866,2219,2496,2519
49371,"Dominguez Covarrubias, Arturo",non-elite,1782,3561,5371,7306,9230,11347,13729,15869,1779,1810,1935,1924,2117,2382,2140
49372,"Luttenberger, Peter",non-elite,1891,3713,5550,7446,9383,11458,13701,15873,1822,1837,1896,1937,2075,2243,2172
49373,"Hasenboehler, Isabelle",non-elite,1817,3670,5577,7541,9530,11674,13805,15842,1853,1907,1964,1989,2144,2131,2037
49374,"Byrnes, Liz",non-elite,1782,3693,5533,7435,9497,11680,13949,15892,1911,1840,1902,2062,2183,2269,1943
49375,"Niederhauser, Martin",non-elite,1828,3719,5576,7473,9437,11538,13769,15842,1891,1857,1897,1964,2101,2231,2073
49376,"Luttenberger, Diana",non-elite,1891,3713,5550,7447,9383,11458,13701,15873,1822,1837,1897,1936,2075,2243,2172
49377,"Howick, John",non-elite,1671,3342,5058,6818,8655,10701,13009,15594,1671,1716,1760,1837,2046,2308,2585
49378,"Porter, Timothy T.",non-elite,1821,3651,5509,7363,9395,11329,13765,15881,1830,1858,1854,2032,1934,2436,2116
49379,"Song, Manli",non-elite,1638,3356,5161,7062,9065,11192,13494,15776,1718,1805,1901,2003,2127,2302,2282
49380,"Cuddeback, Sara",non-elite,1940,3854,5739,7670,9739,11748,13848,15890,1914,1885,1931,2069,2009,2100,2042
49381,"Seaberg, Walter F. Jr.",non-elite,1849,3565,5354,7308,9267,11350,13650,15814,1716,1789,1954,1959,2083,2300,2164
49382,"Burke, Timothy R.",non-elite,1726,3429,5064,6778,8685,10885,13389,15724,1703,1635,1714,1907,2200,2504,2335
49383,"Mackey, Christopher W.",non-elite,1799,3606,5477,7379,9332,11449,13734,15930,1807,1871,1902,1953,2117,2285,2196
49384,"Olson, Karly",non-elite,1542,3084,4911,6849,9032,11184,13625,15938,1542,1827,1938,2183,2152,2441,2313
49385,"Brown, Rebecca L.",non-elite,1861,3732,5580,7446,9414,11543,13724,15862,1871,1848,1866,1968,2129,2181,2138
49386,"Dolhare, Meredith",non-elite,1540,3243,5154,7288,9402,11621,13877,15946,1703,1911,2134,2114,2219,2256,2069
49387,"Londo, Timothy J.",non-elite,1834,3868,5636,7613,9516,11684,13823,15845,2034,1768,1977,1903,2168,2139,2022
49388,"Grunbeck, Robert M.",non-elite,1748,3538,5452,7328,9433,11516,13716,15816,1790,1914,1876,2105,2083,2200,2100
49389,"Smeal, Gary L.",non-elite,1466,3085,4789,6536,8315,10225,12882,15647,1619,1704,1747,1779,1910,2657,2765
49390,"Ma, Qin",non-elite,1792,3639,5544,7397,9538,11706,13772,15881,1847,1905,1853,2141,2168,2066,2109
49391,"Roberts, Michael F",non-elite,1599,3261,4951,6648,8427,10384,13053,15790,1662,1690,1697,1779,1957,2669,2737
49392,"Christmas, Patrick D.",non-elite,1878,3733,5507,7309,9158,11248,13434,15872,1855,1774,1802,1849,2090,2186,2438
49393,"Higgins, David J.",non-elite,1857,3570,5302,7118,9111,11377,13668,15857,1713,1732,1816,1993,2266,2291,2189
49394,"Kim, Sungok",non-elite,1563,3172,4816,6675,8418,10545,13110,15693,1609,1644,1859,1743,2127,2565,2583
49395,"Rodriguez, Adrian H.",non-elite,1656,3365,5096,6912,8816,11071,13358,15781,1709,1731,1816,1904,2255,2287,2423
49396,"Long, Felicia",non-elite,1801,3588,5374,7246,9200,11306,13563,15802,1787,1786,1872,1954,2106,2257,2239
49397,"Tracy, Diane M.",non-elite,1823,3685,5554,7448,9385,11536,13789,15866,1862,1869,1894,1937,2151,2253,2077
49398,"Smith, Jennifer B.",non-elite,1876,3633,5408,7264,9349,11340,13519,15764,1757,1775,1856,2085,1991,2179,2245
49399,"Baun, Lau B.",non-elite,1708,3353,5070,6996,9120,11241,13548,15786,1645,1717,1926,2124,2121,2307,2238
49400,"Ihara, Frederico K.",non-elite,1862,3733,5634,7566,9535,11859,13917,15888,1871,1901,1932,1969,2324,2058,1971
49401,"Sweeney, James A.",non-elite,1810,3523,5206,6934,8757,10860,13332,15757,1713,1683,1728,1823,2103,2472,2425
49402,"Tullie, Kathleen K.",non-elite,1690,3408,5181,7089,9210,11373,13823,15893,1718,1773,1908,2121,2163,2450,2070
49403,"Gaertner, Heidi K",non-elite,1609,3264,4922,7283,9255,11340,13750,15986,1655,1658,2361,1972,2085,2410,2236
49404,"Ashcraft, Chelce C. III",non-elite,1652,3354,5110,6971,8857,11139,13475,15741,1702,1756,1861,1886,2282,2336,2266
49405,"Mcauliffe, Kevin",non-elite,1868,3660,5431,7273,9207,11288,13486,15816,1792,1771,1842,1934,2081,2198,2330
49406,"Schick, Juergen M.",non-elite,1489,3007,4567,6140,7865,9811,12516,15446,1518,1560,1573,1725,1946,2705,2930
49407,"Roake, Samuel C.",non-elite,1739,3602,5421,7355,9279,11300,13498,15751,1863,1819,1934,1924,2021,2198,2253
49408,"Rose, Amy T.",non-elite,1727,3515,5377,7455,9584,11962,13949,15953,1788,1862,2078,2129,2378,1987,2004
49409,"Stephens, Angela",non-elite,1727,3515,5377,7454,9584,11962,13995,15953,1788,1862,2077,2130,2378,2033,1958
49410,"Hayes, Margot S.",non-elite,1874,3685,5534,7442,9401,11805,13920,15911,1811,1849,1908,1959,2404,2115,1991
49411,"Leatherman, Sherri",non-elite,1778,3562,5361,7251,9201,11359,13612,15879,1784,1799,1890,1950,2158,2253,2267
49412,"Brignall, David M Sr.",non-elite,1858,3832,5738,7567,9511,11549,13655,15825,1974,1906,1829,1944,2038,2106,2170
49413,"Barker, Rachel L.",non-elite,1834,3686,5565,7463,9398,11541,13743,15841,1852,1879,1898,1935,2143,2202,2098
49414,"Johnson, Susan L.",non-elite,1950,3970,5979,8008,10014,12054,14085,16000,2020,2009,2029,2006,2040,2031,1915
49415,"Doherty, Meaghan",non-elite,1746,3596,5457,7347,9224,11472,13660,15882,1850,1861,1890,1877,2248,2188,2222
49416,"Mead, Caroline",non-elite,1800,3616,5432,7389,9294,11396,13697,15882,1816,1816,1957,1905,2102,2301,2185
49417,"Mooney, Molly",non-elite,1703,3437,5319,7421,9520,11721,13844,15878,1734,1882,2102,2099,2201,2123,2034
49418,"Chu, Yun Peng",non-elite,1866,3765,5662,7571,9490,11555,13725,15770,1899,1897,1909,1919,2065,2170,2045
49419,"MacDonald-McGee, F. Deborah",non-elite,1684,3406,5223,7143,9139,11308,13511,15642,1722,1817,1920,1996,2169,2203,2131
49420,"Bakke, Jenniffer",non-elite,2032,4027,6013,8027,10076,12133,14129,16008,1995,1986,2014,2049,2057,1996,1879
49421,"Monestime, Michael",non-elite,1777,3427,5094,6899,9112,11252,13659,15901,1650,1667,1805,2213,2140,2407,2242
49422,"Iglewski, Zbigniew",non-elite,1631,3365,5136,6988,8930,11165,13638,15842,1734,1771,1852,1942,2235,2473,2204
49423,"Schenkel, Geoff",non-elite,1778,3511,5331,7129,9157,11219,13573,15871,1733,1820,1798,2028,2062,2354,2298
49424,"Mueller, Gerd",non-elite,1470,2969,4506,6139,7953,10142,12295,15171,1499,1537,1633,1814,2189,2153,2876
49425,"Rounds, Jonathan L.",non-elite,1815,3673,5536,7407,9290,11381,13580,15804,1858,1863,1871,1883,2091,2199,2224
49426,"Lipsitz, Amy",non-elite,1844,3744,5632,7566,9515,11601,13754,15811,1900,1888,1934,1949,2086,2153,2057
49427,"Lipsitz, Emily",non-elite,1844,3744,5632,7566,9515,11601,13752,15812,1900,1888,1934,1949,2086,2151,2060
49428,"Reynolds, Brian",non-elite,1533,3089,4646,6261,8063,10230,12777,15483,1556,1557,1615,1802,2167,2547,2706
49429,"Zamarro, Jill L.",non-elite,1907,3889,5871,7865,10041,12128,14038,15945,1982,1982,1994,2176,2087,1910,1907
49430,"York, Brian F.",non-elite,1721,3327,4961,6786,8772,11198,13513,15850,1606,1634,1825,1986,2426,2315,2337
49431,"Cox, Bryan K.",non-elite,1631,3421,5026,6743,8731,11261,13747,15744,1790,1605,1717,1988,2530,2486,1997
49432,"Irisa, Kenji",non-elite,1798,3549,5401,7243,9208,11376,13612,15893,1751,1852,1842,1965,2168,2236,2281
49433,"Merlino, Mark A.",non-elite,1798,3582,5366,7217,9151,11227,13518,15759,1784,1784,1851,1934,2076,2291,2241
49434,"Fu, Tai Fan",non-elite,1867,3766,5726,7718,9788,11904,14063,16039,1899,1960,1992,2070,2116,2159,1976
49435,"Janik, Carrie M.",non-elite,1982,3911,5809,7781,9764,11851,13940,15968,1929,1898,1972,1983,2087,2089,2028
49436,"Chartier, Brian K.",non-elite,1634,3275,5102,7198,9233,11465,13704,15883,1641,1827,2096,2035,2232,2239,2179
49437,"Scearbo, Gail",non-elite,1923,3846,5785,7761,9770,11812,13902,15917,1923,1939,1976,2009,2042,2090,2015
49438,"Wilfore, Bonnie",non-elite,1782,3495,5175,7030,9013,11276,13649,15890,1713,1680,1855,1983,2263,2373,2241
49439,"Fiander, Lisa",non-elite,1857,3665,5503,7384,9327,11383,13685,15854,1808,1838,1881,1943,2056,2302,2169
49440,"Viil, Ketlin",non-elite,1885,3805,5695,7701,9663,11739,13894,15951,1920,1890,2006,1962,2076,2155,2057
49441,"Pear, Alexandra A.",non-elite,1967,3876,5819,7728,9683,11710,13788,15896,1909,1943,1909,1955,2027,2078,2108
49442,"Barlow, Kathy G.",non-elite,1790,3586,5387,7347,9242,11263,13583,15836,1796,1801,1960,1895,2021,2320,2253
49443,"Alagia, Giuseppe",non-elite,1733,3378,5068,6848,8897,11066,13573,15755,1645,1690,1780,2049,2169,2507,2182
49444,"Da Silva, Julia N.",non-elite,1714,3399,5161,7006,8926,10997,13206,15723,1685,1762,1845,1920,2071,2209,2517
49445,"Cohen, Mark",non-elite,1628,3462,5270,7175,9231,11374,13589,15864,1834,1808,1905,2056,2143,2215,2275
49446,"Larson, Timothy D.",non-elite,1741,3355,5023,6780,8696,10857,13358,15575,1614,1668,1757,1916,2161,2501,2217
49447,"O'Connor, Abby S.",non-elite,1767,3579,5385,7293,9337,11476,13716,15894,1812,1806,1908,2044,2139,2240,2178
49448,"Sioutis, Stergios",non-elite,1713,3511,5343,7414,9536,11848,13830,15794,1798,1832,2071,2122,2312,1982,1964
49449,"Kaufmann, Markus",non-elite,1919,3846,5739,7794,9774,11817,13887,15894,1927,1893,2055,1980,2043,2070,2007
49450,"Douglass, Scott J.",non-elite,2175,4058,5949,7867,9875,11972,14087,16012,1883,1891,1918,2008,2097,2115,1925
49451,"Gallagher, Kathleen D.",non-elite,1901,3807,5719,7672,9641,11740,13886,15924,1906,1912,1953,1969,2099,2146,2038
49452,"Patel, Roshan M.",non-elite,1956,3920,5872,8008,9925,11894,13919,15962,1964,1952,2136,1917,1969,2025,2043
49453,"Patel, Camille S.",non-elite,1956,3920,5873,8008,9926,11895,13920,15962,1964,1953,2135,1918,1969,2025,2042
49454,"Inderkum, Gene",non-elite,1824,3696,5638,7598,9580,11681,13796,15883,1872,1942,1960,1982,2101,2115,2087
49455,"Seshabela, Esther",non-elite,1933,3847,5780,7827,9755,11851,14029,15955,1914,1933,2047,1928,2096,2178,1926
49456,"Spence, Kim A.",non-elite,1717,3530,5450,7372,9317,11464,13739,15848,1813,1920,1922,1945,2147,2275,2109
49457,"Casey, Katie",non-elite,1874,3766,5639,7686,9667,11735,13829,15896,1892,1873,2047,1981,2068,2094,2067
49458,"Hourihan, Emily K",non-elite,1619,3305,5059,6919,8913,11131,13452,15795,1686,1754,1860,1994,2218,2321,2343
49459,"Jouar, Ahmed",non-elite,2009,4025,5988,7921,9888,11924,13949,15926,2016,1963,1933,1967,2036,2025,1977
49460,"Koike Holmes, Tamami",non-elite,1777,3545,5312,7098,8990,11282,13595,15792,1768,1767,1786,1892,2292,2313,2197
49461,"Zikhali, Gugulethu",non-elite,1869,3928,5881,8102,10158,12084,14086,15973,2059,1953,2221,2056,1926,2002,1887
49462,"Kaye, Celeste A.",non-elite,1854,3686,5585,7531,9552,11638,13802,15907,1832,1899,1946,2021,2086,2164,2105
49463,"Gleason, Mary K.",non-elite,1578,3176,4810,6564,8642,10906,13292,15843,1598,1634,1754,2078,2264,2386,2551
49464,"Barber, Gabrielle W",non-elite,1611,3398,5331,7275,9273,11352,13614,15862,1787,1933,1944,1998,2079,2262,2248
49465,"Murphy, Jerry P.",non-elite,1772,3481,5158,7006,9040,11228,13569,15857,1709,1677,1848,2034,2188,2341,2288
49466,"Tannenbaum, Dov",non-elite,1735,3412,5069,6809,8877,11003,13550,15883,1677,1657,1740,2068,2126,2547,2333
49467,"Tarr, Rachel S",non-elite,1621,3258,5216,7024,8935,10955,13242,15907,1637,1958,1808,1911,2020,2287,2665
49468,"Miele, Lora",non-elite,1922,3833,5794,7767,9759,11803,13880,15916,1911,1961,1973,1992,2044,2077,2036
49469,"Kothari, Ali I.",non-elite,1804,3493,5267,7142,9270,11402,13695,15865,1689,1774,1875,2128,2132,2293,2170
49470,"Desatnick, Scott",non-elite,1612,3137,4757,6553,8577,11138,13576,15836,1525,1620,1796,2024,2561,2438,2260
49471,"Felton, Richard C.",non-elite,1764,3528,5311,7134,9016,11139,13430,15756,1764,1783,1823,1882,2123,2291,2326
49472,"Zibaitis, Daniel A.",non-elite,1637,3246,4876,6675,8896,11083,13463,15784,1609,1630,1799,2221,2187,2380,2321
49473,"French, Holly",non-elite,1851,3755,5622,7465,9471,11766,13961,15980,1904,1867,1843,2006,2295,2195,2019
49474,"Echeverry, Hector",non-elite,1580,3137,4731,6458,8311,10382,13282,15811,1557,1594,1727,1853,2071,2900,2529
49475,"Minnick, Summer H.",non-elite,1914,3834,5749,7715,9791,11912,13967,15960,1920,1915,1966,2076,2121,2055,1993
49476,"Garofalo, Kelly",non-elite,1696,3440,5304,7351,9413,11584,13791,15920,1744,1864,2047,2062,2171,2207,2129
49477,"Belmarsh, Cassi",non-elite,1819,3769,5672,7702,9710,11755,13944,15995,1950,1903,2030,2008,2045,2189,2051
49478,"Dittrich, Corneli M.",non-elite,1900,3810,5680,7587,9514,11583,13701,15908,1910,1870,1907,1927,2069,2118,2207
49479,"Leger, Germaine",non-elite,1569,3306,5114,6995,8936,11096,13429,15770,1737,1808,1881,1941,2160,2333,2341
49480,"Willardsen, Wherry-Sue",non-elite,1682,3537,5524,7533,9520,11683,13824,15920,1855,1987,2009,1987,2163,2141,2096
49481,"Kinsella, Elizabeth",non-elite,1614,3426,5363,7386,9447,11555,13813,15904,1812,1937,2023,2061,2108,2258,2091
49482,"Bridge, Jason A.",non-elite,1900,3754,5584,7447,9386,11452,13726,15927,1854,1830,1863,1939,2066,2274,2201
49483,"Oats, Kristen",non-elite,2012,4063,6055,8043,9998,12038,14034,16028,2051,1992,1988,1955,2040,1996,1994
49484,"Cavender, Matthew A.",non-elite,1627,3201,4797,6580,8633,10975,13205,15861,1574,1596,1783,2053,2342,2230,2656
49485,"Botelho, Nina",non-elite,1849,3736,5647,7571,9795,11796,13891,15955,1887,1911,1924,2224,2001,2095,2064
49486,"Romero, Aurora T.",non-elite,1737,3532,5426,7391,9489,11621,13765,15944,1795,1894,1965,2098,2132,2144,2179
49487,"Brunot, Jonathan",non-elite,1867,3741,5674,7650,9741,11671,13762,15882,1874,1933,1976,2091,1930,2091,2120
49488,"Cole, Karen A.",non-elite,1923,3858,5792,7817,9701,11698,13869,15962,1935,1934,2025,1884,1997,2171,2093
49489,"Hammett, Robbie",non-elite,1394,2830,4287,5772,7656,11533,13991,16136,1436,1457,1485,1884,3877,2458,2145
49490,"Janssen, Susan L",non-elite,1817,3704,5776,7724,9702,11735,13851,15905,1887,2072,1948,1978,2033,2116,2054
49491,"Goldfinger, Paul M.",non-elite,1889,3709,5542,7400,9280,11338,13661,15887,1820,1833,1858,1880,2058,2323,2226
49492,"Vinal, Leah Z.",non-elite,1781,3778,5613,7645,9660,11728,13884,15959,1997,1835,2032,2015,2068,2156,2075
49493,"Miamis, Laurie P.",non-elite,1782,3778,5613,7645,9660,11728,13884,15959,1996,1835,2032,2015,2068,2156,2075
49494,"Kuhn, Lori",non-elite,1547,3190,4912,6757,8647,10831,13310,15827,1643,1722,1845,1890,2184,2479,2517
49495,"Bamford, Kyle",non-elite,1845,3644,5501,7516,9561,11684,13790,15960,1799,1857,2015,2045,2123,2106,2170
49496,"Blake, Andrew",non-elite,1802,3574,5293,7095,8877,11000,13307,15786,1772,1719,1802,1782,2123,2307,2479
49497,"Jon, Stephane",non-elite,1621,3276,5008,6843,8709,11158,13891,15944,1655,1732,1835,1866,2449,2733,2053
49498,"Marlatt, Kara L.",non-elite,1233,2443,3666,7913,10055,12068,14220,16077,1210,1223,4247,2142,2013,2152,1857
49499,"Tews, Cindy K.",non-elite,1575,3234,4967,6829,8766,10967,13479,15936,1659,1733,1862,1937,2201,2512,2457
49500,"Browne, Stacey A.",non-elite,1846,3683,5525,7415,9489,11469,13714,15891,1837,1842,1890,2074,1980,2245,2177
49501,"Eydenberg, Lesley",non-elite,1847,3683,5525,7416,9488,11469,13713,15890,1836,1842,1891,2072,1981,2244,2177
49502,"Mansoor, Zenab",non-elite,1953,3774,5608,7517,9502,11603,13950,15988,1821,1834,1909,1985,2101,2347,2038
49503,"Murphy, Cullene",non-elite,1932,3812,5647,7879,9786,11808,13930,15969,1880,1835,2232,1907,2022,2122,2039
49504,"Macchia Salerno, Paula P.",non-elite,1838,3676,5571,7544,9586,11732,13848,15919,1838,1895,1973,2042,2146,2116,2071
49505,"Fernandes, David",non-elite,1837,3675,5571,7544,9586,11731,13846,15903,1838,1896,1973,2042,2145,2115,2057
49506,"Hilliard, John Robert",non-elite,1816,3571,5325,7226,9168,11130,13317,15731,1755,1754,1901,1942,1962,2187,2414
49507,"Fogarty, Valerie",non-elite,1817,3572,5326,7226,9168,11131,13318,15731,1755,1754,1900,1942,1963,2187,2413
49508,"Bartolo, Joseph A.",non-elite,1966,3846,5702,7580,9515,11613,13721,15888,1880,1856,1878,1935,2098,2108,2167
49509,"Pete, David T.",non-elite,1853,3715,5569,7531,9505,11645,13857,15908,1862,1854,1962,1974,2140,2212,2051
49510,"Chin, Tony N.",non-elite,1841,3669,5515,7574,9724,11778,13832,15926,1828,1846,2059,2150,2054,2054,2094
49511,"Siciliano, Meredith A.",non-elite,1710,3317,4961,6729,8744,11034,13493,15871,1607,1644,1768,2015,2290,2459,2378
49512,"Kinsella, Michelle L.",non-elite,1853,3709,5572,7531,9505,11645,13858,15924,1856,1863,1959,1974,2140,2213,2066
49513,"Westerlund, Glenn",non-elite,1654,3342,5212,7218,9295,11459,13822,15991,1688,1870,2006,2077,2164,2363,2169
49514,"Jimenez, Maritza",non-elite,1828,3720,5657,7681,9642,11695,13857,15920,1892,1937,2024,1961,2053,2162,2063
49515,"Ramos, Margarita S.",non-elite,1891,3791,5702,7609,9605,11719,13844,15995,1900,1911,1907,1996,2114,2125,2151
49516,"Porpiglia, Judy L",non-elite,1589,3161,4746,6380,8081,10131,12776,15896,1572,1585,1634,1701,2050,2645,3120
49517,"Horstman, Liz",non-elite,1675,3436,5222,7215,9177,11368,13644,15972,1761,1786,1993,1962,2191,2276,2328
49518,"Edmonds, William R.",non-elite,1925,3861,5794,7820,9704,11737,13881,15965,1936,1933,2026,1884,2033,2144,2084
49519,"Tubbs, Jimmy D.",non-elite,1598,3260,4996,6880,8895,11244,13637,15890,1662,1736,1884,2015,2349,2393,2253
49520,"O'Brien, Rob M.",non-elite,1168,2327,3522,4708,6045,8463,12034,15974,1159,1195,1186,1337,2418,3571,3940
49521,"Martin, Sally A",non-elite,1584,3313,5143,7062,9119,11294,13640,15893,1729,1830,1919,2057,2175,2346,2253
49522,"Rhodes, Meghan",non-elite,1549,3137,4786,6524,8421,10431,12769,15607,1588,1649,1738,1897,2010,2338,2838
49523,"Snow, Rachel L.",non-elite,1922,3714,5435,7282,9184,11298,13665,15957,1792,1721,1847,1902,2114,2367,2292
49524,"Poghosyan, Andranik",non-elite,1698,3401,5118,6903,8736,11254,13905,15955,1703,1717,1785,1833,2518,2651,2050
49525,"Skinner, Julia G",non-elite,1586,3449,5311,7216,9106,11149,13379,15799,1863,1862,1905,1890,2043,2230,2420
49526,"Pimental, Jennifer A.",non-elite,1772,3665,5607,7620,9586,11723,13998,16011,1893,1942,2013,1966,2137,2275,2013
49527,"Lipscomb, Kristen",non-elite,1628,3281,5000,6832,8840,11024,13542,15878,1653,1719,1832,2008,2184,2518,2336
49528,"Huffman, Barry",non-elite,1769,3471,5214,6940,8695,10964,13385,16110,1702,1743,1726,1755,2269,2421,2725
49529,"Roman, Efrain",non-elite,1655,3292,4941,6671,8454,10602,13129,15656,1637,1649,1730,1783,2148,2527,2527
49530,"Kidder, Colby",non-elite,1767,3449,5183,6935,8763,10911,13458,15773,1682,1734,1752,1828,2148,2547,2315
49531,"Diliberto, Alisha",non-elite,1797,3595,5348,7198,9173,11337,13510,15855,1798,1753,1850,1975,2164,2173,2345
49532,"Pallotti, Alice A",non-elite,1616,3333,5186,7269,9359,11713,13941,16050,1717,1853,2083,2090,2354,2228,2109
49533,"Gordon, Lane P.",non-elite,1956,3966,5787,7661,9559,11621,13774,15900,2010,1821,1874,1898,2062,2153,2126
49534,"Hudson, Olga",non-elite,1650,3329,5043,6815,8935,11224,13517,15938,1679,1714,1772,2120,2289,2293,2421
49535,"Soheil, Fahimeh",non-elite,1565,3273,5072,6959,8855,10797,13095,15709,1708,1799,1887,1896,1942,2298,2614
49536,"Chiles, Stephanie",non-elite,2001,3919,5926,7989,10003,12001,13997,16092,1918,2007,2063,2014,1998,1996,2095
49537,"Glancy, Lauren R.",non-elite,1905,3822,5740,7601,9504,11534,13682,15949,1917,1918,1861,1903,2030,2148,2267
49538,"Glancy, Patrice L.",non-elite,1905,3822,5741,7601,9505,11534,13683,15949,1917,1919,1860,1904,2029,2149,2266
49539,"Stierhof, Matthew D.",non-elite,1805,3432,5156,7170,9402,11636,13871,15977,1627,1724,2014,2232,2234,2235,2106
49540,"Mazek, Vladimir",non-elite,1664,3363,5138,6984,8934,11433,13703,15966,1699,1775,1846,1950,2499,2270,2263
49541,"Newell, Jess",non-elite,1870,3775,5666,7582,9510,11614,13785,15917,1905,1891,1916,1928,2104,2171,2132
49542,"Gordon, Matthew J.",non-elite,1845,3607,5333,7142,9097,11316,13684,15951,1762,1726,1809,1955,2219,2368,2267
49543,"Hampton, Lucia D.",non-elite,1712,3621,5577,7603,9534,11785,13972,15996,1909,1956,2026,1931,2251,2187,2024
49544,"Anikewich, Amy B",non-elite,1520,3086,5015,6952,9135,11288,13729,16042,1566,1929,1937,2183,2153,2441,2313
49545,"Schneider, Lexi",non-elite,1616,3276,5006,6784,8674,10867,13282,15949,1660,1730,1778,1890,2193,2415,2667
49546,"McKeon, Maura A.",non-elite,1790,3562,5390,7275,9249,11407,13618,15898,1772,1828,1885,1974,2158,2211,2280
49547,"Accardi, Christina R.",non-elite,1751,3471,5321,7189,9086,11271,13764,15965,1720,1850,1868,1897,2185,2493,2201
49548,"Bailey, Jacqueline P",non-elite,1737,3722,5774,7732,9698,11816,13838,15978,1985,2052,1958,1966,2118,2022,2140
49549,"Lawless, Patrick J.",non-elite,1564,3122,4800,6591,8430,10449,12965,15868,1558,1678,1791,1839,2019,2516,2903
49550,"Gow, Monica L.",non-elite,1853,3747,5654,7589,9514,11564,13742,15903,1894,1907,1935,1925,2050,2178,2161
49551,"Orzechowski, Terry",non-elite,1835,3689,5699,7738,9861,11900,13973,15986,1854,2010,2039,2123,2039,2073,2013
49552,"Avalos Flores, Yolanda",non-elite,1897,3801,5703,7617,9567,11606,13737,15932,1904,1902,1914,1950,2039,2131,2195
49553,"Luke, Abigail R.",non-elite,1883,3776,5465,7472,9458,11558,13731,15897,1893,1689,2007,1986,2100,2173,2166
49554,"Brejcha, Barrie L.",non-elite,1756,3631,5565,7586,9695,11814,13926,15979,1875,1934,2021,2109,2119,2112,2053
49555,"Patten, Bernard",non-elite,1696,3507,5311,7359,9263,11242,13666,15894,1811,1804,2048,1904,1979,2424,2228
49556,"Robinson, Rob W",non-elite,1653,3329,5050,6829,8782,10934,13223,15825,1676,1721,1779,1953,2152,2289,2602
49557,"Benson, Stephen L.",non-elite,1901,3811,5706,7630,9601,11687,13862,15985,1910,1895,1924,1971,2086,2175,2123
49558,"Werkley, Anne W",non-elite,1432,3120,4993,6868,8932,11062,13794,15972,1688,1873,1875,2064,2130,2732,2178
49559,"Patten, Josephine",non-elite,1698,3508,5312,7360,9264,11243,13668,15895,1810,1804,2048,1904,1979,2425,2227
49560,"Kalina, Tobias",non-elite,1813,3574,5303,7104,8973,11139,13540,15911,1761,1729,1801,1869,2166,2401,2371
49561,"Martinez, Jesus A. Jr.",non-elite,2042,4104,6125,8156,10089,12106,14103,16060,2062,2021,2031,1933,2017,1997,1957
49562,"Solomon, Jennifer J.",non-elite,1786,3665,5497,7424,9376,11491,13646,15888,1879,1832,1927,1952,2115,2155,2242
49563,"Filauro, Susan L.",non-elite,1712,3453,5235,7275,9298,11586,13940,16047,1741,1782,2040,2023,2288,2354,2107
49564,"Cadieux, Sophie",non-elite,1889,3790,5733,7697,9718,11793,13942,16015,1901,1943,1964,2021,2075,2149,2073
49565,"Schmid, Andrea",non-elite,1982,3929,5865,7771,9713,11739,13888,16036,1947,1936,1906,1942,2026,2149,2148
49566,"Walsh, Lauren D.",non-elite,1876,3739,5575,7559,9495,11660,13922,15963,1863,1836,1984,1936,2165,2262,2041
49567,"Misenheimer, Dawn J.",non-elite,1701,3471,5312,7255,9276,11459,13717,15901,1770,1841,1943,2021,2183,2258,2184
49568,"Smith, Christina L",non-elite,1638,3303,4990,6717,8605,10796,13181,15813,1665,1687,1727,1888,2191,2385,2632
49570,"Wessman, Alexandra E.",non-elite,1657,3354,5118,6975,9004,11366,13746,16013,1697,1764,1857,2029,2362,2380,2267
49571,"Conner, Elise R",non-elite,1774,3604,5483,7380,9335,11394,13535,15737,1830,1879,1897,1955,2059,2141,2202
49572,"Jian, William",non-elite,1491,3031,4589,6223,8105,10274,13301,16032,1540,1558,1634,1882,2169,3027,2731
49573,"Lane, Kim",non-elite,2089,4113,6180,8144,10175,12201,14221,16073,2024,2067,1964,2031,2026,2020,1852
49574,"Burnham, Jonathan P.",non-elite,1767,3479,5250,7106,9127,11435,13740,16003,1712,1771,1856,2021,2308,2305,2263
49575,"Dawkins, Edward C.",non-elite,1490,3253,4987,6871,8701,10956,13303,15829,1763,1734,1884,1830,2255,2347,2526
49576,"Wozniak, Nicole",non-elite,1727,3495,5338,7221,9299,11467,13996,16012,1768,1843,1883,2078,2168,2529,2016
49577,"Reardon, Paul R. Jr.",non-elite,1954,3898,5809,7753,9749,11814,13914,16002,1944,1911,1944,1996,2065,2100,2088
49578,"Myburgh, Monica",non-elite,1774,3568,5428,7350,9274,11416,13630,15915,1794,1860,1922,1924,2142,2214,2285
49579,"Mackler, Alexander S.",non-elite,1839,3495,5143,6859,8677,10698,13368,15874,1656,1648,1716,1818,2021,2670,2506
49580,"Deery-Schmitt, Grace M.",non-elite,1761,3557,5385,7368,9382,11431,13695,15914,1796,1828,1983,2014,2049,2264,2219
49581,"Duato, Susanne R.",non-elite,1906,3858,5961,7826,9691,11666,13862,16005,1952,2103,1865,1865,1975,2196,2143
49583,"Daniel, Carol",non-elite,1566,3222,5057,7407,9611,11751,14031,16145,1656,1835,2350,2204,2140,2280,2114
49584,"Stockton, David",non-elite,1613,3286,5060,7052,9017,11187,13497,15926,1673,1774,1992,1965,2170,2310,2429
49585,"Hirotsu, Dale",non-elite,1605,3370,5414,7718,9766,11892,13990,16034,1765,2044,2304,2048,2126,2098,2044
49586,"Liu, Jason",non-elite,1755,3534,5317,7150,9035,11645,14000,16015,1779,1783,1833,1885,2610,2355,2015
49587,"Bascombe, Marlon",non-elite,1716,3573,5409,7406,9547,11681,13944,15984,1857,1836,1997,2141,2134,2263,2040
49588,"Cleary, Kevin T.",non-elite,1838,3643,5476,7335,9285,11575,13806,15943,1805,1833,1859,1950,2290,2231,2137
49589,"Laux, Alice J",non-elite,1710,3503,5367,7233,9185,11328,13646,15995,1793,1864,1866,1952,2143,2318,2349
49590,"Sheridan, Francis M.",non-elite,1682,3336,5101,7036,9192,11464,13823,16103,1654,1765,1935,2156,2272,2359,2280
49591,"Beacham, Michael E.",non-elite,1848,3544,5261,6978,9010,11078,13708,15919,1696,1717,1717,2032,2068,2630,2211
49592,"Nguyen, Duc",non-elite,1756,3424,5083,6785,8535,10270,12344,15780,1668,1659,1702,1750,1735,2074,3436
49593,"Wu, Allen M",non-elite,1856,3754,5640,7593,9589,11703,13869,15962,1898,1886,1953,1996,2114,2166,2093
49594,"Story, Kristine",non-elite,1661,3363,5147,7073,9092,11282,13586,15870,1702,1784,1926,2019,2190,2304,2284
49595,"Jeon, Inhoo",non-elite,1568,3219,5251,7065,8988,11169,13417,15894,1651,2032,1814,1923,2181,2248,2477
49596,"Bentley, Bettina T.",non-elite,1824,3705,5620,7587,9616,11774,13979,16036,1881,1915,1967,2029,2158,2205,2057
49597,"Bradley, Sean",non-elite,1698,3424,5166,6968,8896,11053,13338,15905,1726,1742,1802,1928,2157,2285,2567
49598,"Green, Catherine E",non-elite,1731,3577,5490,7518,9584,11719,13916,15966,1846,1913,2028,2066,2135,2197,2050
49599,"Liu, Gengfu",non-elite,1726,3515,5381,7417,9498,11791,14078,16078,1789,1866,2036,2081,2293,2287,2000
49600,"McCartney, Michael",non-elite,1968,3904,5841,7793,9765,11798,13867,15959,1936,1937,1952,1972,2033,2069,2092
49601,"Nhuch, Fani",non-elite,1931,3844,5755,7662,9658,11772,13897,16048,1913,1911,1907,1996,2114,2125,2151
49602,"Owen, Katherine",non-elite,1857,3774,5529,7354,9415,11605,13825,15993,1917,1755,1825,2061,2190,2220,2168
49603,"Doherty, Paul G.",non-elite,1958,3751,5493,7274,9153,11187,13427,15984,1793,1742,1781,1879,2034,2240,2557
49604,"Laguda, Busola",non-elite,1653,3376,5262,7133,9263,11628,14001,16099,1723,1886,1871,2130,2365,2373,2098
49605,"Hauch, Rosa",non-elite,1731,3492,5359,7336,9320,11494,13760,15937,1761,1867,1977,1984,2174,2266,2177
49606,"Ross, Charles C.",non-elite,1560,3039,4612,6300,8359,10617,13483,16020,1479,1573,1688,2059,2258,2866,2537
49607,"Chiappini, Kristen",non-elite,2016,3999,5957,7909,9886,11918,14064,16079,1983,1958,1952,1977,2032,2146,2015
49608,"Davin, Daniel J.",non-elite,1590,3402,5235,7172,9150,11870,14033,16085,1812,1833,1937,1978,2720,2163,2052
49609,"Memon, Amir K.",non-elite,1668,3300,4955,6706,8750,10928,13401,15878,1632,1655,1751,2044,2178,2473,2477
49610,"Burdulis, Sharon C.",non-elite,1879,3748,5641,7584,9514,11862,13970,16028,1869,1893,1943,1930,2348,2108,2058
49611,"Yamaguchi, Hiromi",non-elite,1757,3541,5330,7231,9149,11392,13806,16010,1784,1789,1901,1918,2243,2414,2204
49612,"Crater, William E. Jr.",non-elite,1697,3415,5164,7069,9074,11679,14036,16065,1718,1749,1905,2005,2605,2357,2029
49613,"Boisvert, Angel R.",non-elite,1934,3851,5775,7702,9694,11746,13934,16004,1917,1924,1927,1992,2052,2188,2070
49614,"Zhang, Cong",non-elite,1959,3893,5842,7946,9830,11849,14011,16083,1934,1949,2104,1884,2019,2162,2072
49615,"Harding, Wes P",non-elite,1406,2849,4515,6389,8301,10454,12984,15611,1443,1666,1874,1912,2153,2530,2627
49616,"Merenda, Justin F.",non-elite,1480,2988,4591,6377,8353,10774,13319,15877,1508,1603,1786,1976,2421,2545,2558
49617,"Shea, Carolyn",non-elite,1640,3313,5066,6943,8911,11044,13436,15874,1673,1753,1877,1968,2133,2392,2438
49618,"Jennings, Joseph",non-elite,1960,3882,5804,7891,9844,11997,14211,16141,1922,1922,2087,1953,2153,2214,1930
49619,"Gold, Edward D",non-elite,1701,3446,5227,7067,8963,10966,13103,15916,1745,1781,1840,1896,2003,2137,2813
49620,"Burge, Elise",non-elite,1957,3818,5720,7598,9553,11657,13885,16005,1861,1902,1878,1955,2104,2228,2120
49621,"Dicapua, Caitlin A.",non-elite,2081,4109,6091,8099,10117,12106,14104,16096,2028,1982,2008,2018,1989,1998,1992
49622,"Burns, Shawn M.",non-elite,1865,3760,5596,7470,9390,11408,13706,15925,1895,1836,1874,1920,2018,2298,2219
49623,"Bowen, Mary C.",non-elite,1921,3826,5789,7813,9857,11892,13992,16049,1905,1963,2024,2044,2035,2100,2057
49624,"Troy, Brian",non-elite,1903,3807,5681,7605,9526,11554,13741,15986,1904,1874,1924,1921,2028,2187,2245
49625,"Lutes, John",non-elite,1812,3788,5706,7714,9717,11792,13952,15969,1976,1918,2008,2003,2075,2160,2017
49626,"Bechtold, Jim",non-elite,1672,3375,5094,6846,8606,10533,12823,15579,1703,1719,1752,1760,1927,2290,2756
49627,"Rauber, John",non-elite,1493,2980,4463,5959,7458,9025,10734,16152,1487,1483,1496,1499,1567,1709,5418
49628,"Byrne, Susan E",non-elite,1638,3308,5209,7260,9385,11613,13865,15969,1670,1901,2051,2125,2228,2252,2104
49629,"Tavelli, Corrado",non-elite,1804,3677,5611,7536,9477,11566,13734,15916,1873,1934,1925,1941,2089,2168,2182
49630,"Cucinotta, Lauren E.",non-elite,1768,3554,5324,7226,9127,11293,13563,15984,1786,1770,1902,1901,2166,2270,2421
49631,"O'Shea, Stefanie",non-elite,1928,3857,5793,7754,9717,11791,13866,16003,1929,1936,1961,1963,2074,2075,2137
49632,"Manning, Erin M.",non-elite,1876,3765,5675,7692,9693,11789,13911,16067,1889,1910,2017,2001,2096,2122,2156
49633,"Steeves, Kelley E.",non-elite,1877,3765,5676,7693,9694,11790,13912,16067,1888,1911,2017,2001,2096,2122,2155
49634,"Rush, Matt",non-elite,1888,3738,5529,7383,9325,11619,14018,16113,1850,1791,1854,1942,2294,2399,2095
49635,"Ross, Oscar E.",non-elite,1577,3209,4881,6711,8727,11081,13574,15914,1632,1672,1830,2016,2354,2493,2340
49636,"Baker, Billy",non-elite,1888,3739,5529,7383,9326,11619,14019,16113,1851,1790,1854,1943,2293,2400,2094
49637,"White, Richard",non-elite,1563,3142,4729,6342,8067,10294,12894,15926,1579,1587,1613,1725,2227,2600,3032
49638,"O'Brien, Meghan A.",non-elite,1665,3301,5065,7019,9068,11262,13470,15951,1636,1764,1954,2049,2194,2208,2481
49639,"Zoratti, Alfredo",non-elite,1577,3241,4898,6617,8427,10446,12806,15983,1664,1657,1719,1810,2019,2360,3177
49640,"Bush, Alden N.",non-elite,1923,4055,6012,8068,10040,12040,14074,16111,2132,1957,2056,1972,2000,2034,2037
49641,"Wilson, Anne E.",non-elite,1719,3492,5377,7365,9408,11586,13825,15994,1773,1885,1988,2043,2178,2239,2169
49642,"Melisi, Michael N. II",non-elite,1951,3845,5722,7636,9675,11856,13960,16084,1894,1877,1914,2039,2181,2104,2124
49643,"Bostick, James B.",non-elite,1726,3585,5364,7187,9150,11205,13352,15668,1859,1779,1823,1963,2055,2147,2316
49644,"Bezdicek, Susan E.",non-elite,1679,3457,5258,7137,9224,11564,13785,15933,1778,1801,1879,2087,2340,2221,2148
49645,"Dazzo, Stephani A.",non-elite,1667,3428,5239,7038,8901,11012,14083,16017,1761,1811,1799,1863,2111,3071,1934
49646,"Greenwood, Jessica L.",non-elite,1856,3818,5747,7880,9942,11950,14310,16162,1962,1929,2133,2062,2008,2360,1852
49647,"Darling, Debra",non-elite,1800,3786,5682,7594,9778,11853,13997,16081,1986,1896,1912,2184,2075,2144,2084
49648,"Smith, Maxx",non-elite,1923,3856,5815,7786,9742,11819,13985,16050,1933,1959,1971,1956,2077,2166,2065
49649,"Suwinski, Jeremy",non-elite,1451,2976,4618,6356,8224,10410,13177,15835,1525,1642,1738,1868,2186,2767,2658
49650,"Cohen, Nancy",non-elite,1661,3392,5257,7236,9306,11474,13755,15961,1731,1865,1979,2070,2168,2281,2206
49651,"Isbell, Jeffrey L.",non-elite,1452,2976,4620,6355,8225,10409,13178,15836,1524,1644,1735,1870,2184,2769,2658
49652,"Proske, Joanie",non-elite,1789,3696,5670,7736,9775,11893,13997,16028,1907,1974,2066,2039,2118,2104,2031
49653,"Capobianco, Christopher",non-elite,1966,3985,5962,7938,9922,11932,14061,16072,2019,1977,1976,1984,2010,2129,2011
49654,"Gerber, Gregg",non-elite,1874,3754,5626,7535,9444,11560,13877,16021,1880,1872,1909,1909,2116,2317,2144
49655,"Moore, Marcus",non-elite,1426,2958,4452,6217,8086,10044,12628,15463,1532,1494,1765,1869,1958,2584,2835
49656,"Saunders, Gregory S.",non-elite,1919,3849,5709,7581,9462,11411,13659,16000,1930,1860,1872,1881,1949,2248,2341
49657,"Wilberger, Todd",non-elite,1452,2976,4620,6356,8240,10411,13179,15836,1524,1644,1736,1884,2171,2768,2657
49658,"Cosgrove, Alison C.",non-elite,1887,3807,5739,7703,9711,11798,13893,16037,1920,1932,1964,2008,2087,2095,2144
49659,"Budde, Nancy",non-elite,1636,3338,5124,7006,8933,11337,13750,15999,1702,1786,1882,1927,2404,2413,2249
49660,"Shur, Kenneth L.",non-elite,1821,3729,5647,7598,9619,11744,13918,16029,1908,1918,1951,2021,2125,2174,2111
49661,"Reeves, Henry",non-elite,2075,4079,6081,8066,10033,12021,14066,16045,2004,2002,1985,1967,1988,2045,1979
49662,"Holden, Kim E.",non-elite,1720,3513,5383,7355,9411,11615,13824,15980,1793,1870,1972,2056,2204,2209,2156
49663,"Varanyak, Megan L.",non-elite,1824,3688,5552,7470,9479,11737,13884,16041,1864,1864,1918,2009,2258,2147,2157
49664,"Roltgen, Tiffani",non-elite,1849,3752,5606,7466,9326,11926,14016,16080,1903,1854,1860,1860,2600,2090,2064
49665,"Vaughan, Brian",non-elite,1584,3231,4849,6528,8390,10352,12860,15742,1647,1618,1679,1862,1962,2508,2882
49666,"Murphy, Ryan K.",non-elite,1822,3713,5673,7642,9725,11848,13909,16008,1891,1960,1969,2083,2123,2061,2099
49667,"MacWilliams, Spencer G.",non-elite,2028,4063,6036,8030,10081,12098,14147,16123,2035,1973,1994,2051,2017,2049,1976
49668,"Chavira Williams, Nohely H.",non-elite,1787,3650,5578,7439,9533,11825,14076,16131,1863,1928,1861,2094,2292,2251,2055
49669,"Murray, Elise D.",non-elite,1672,3333,5132,7071,9157,11460,13650,15920,1661,1799,1939,2086,2303,2190,2270
49670,"Coffey, James M.",non-elite,1902,3766,5616,7469,9506,11645,13923,16088,1864,1850,1853,2037,2139,2278,2165
49671,"Quinn, Courtney",non-elite,1877,3739,5690,7552,9614,11705,13910,16033,1862,1951,1862,2062,2091,2205,2123
49672,"Dauley, Debra A.",non-elite,1882,3706,5549,7429,9379,11557,13749,15916,1824,1843,1880,1950,2178,2192,2167
49673,"Hodge, Emily",non-elite,1947,3893,5893,7859,9875,11970,14066,16108,1946,2000,1966,2016,2095,2096,2042
49674,"Roche, Katelin J.",non-elite,1914,3780,5666,7611,9744,11730,13792,15900,1866,1886,1945,2133,1986,2062,2108
49675,"McLean, Alison N.",non-elite,1921,3927,5896,7848,9859,11941,14179,16139,2006,1969,1952,2011,2082,2238,1960
49676,"Daly, Robert R. Jr.",non-elite,1860,3786,5775,7775,9758,11863,13991,16047,1926,1989,2000,1983,2105,2128,2056
49677,"Pearce, Carolyn H.",non-elite,1659,3436,5330,7276,9310,11460,13669,15972,1777,1894,1946,2034,2150,2209,2303
49678,"Benesh, Meghann E.",non-elite,1802,3754,5729,7746,9735,12002,14120,16093,1952,1975,2017,1989,2267,2118,1973
49679,"Merkel, Patricia",non-elite,1721,3502,5290,7110,9034,11098,13355,15871,1781,1788,1820,1924,2064,2257,2516
49680,"Smith, Brian A.",non-elite,1662,3365,5051,6808,8671,10929,13361,15782,1703,1686,1757,1863,2258,2432,2421
49681,"Rutledge, Larry E.",non-elite,1680,3457,5300,7285,9180,11322,13602,15915,1777,1843,1985,1895,2142,2280,2313
49682,"Cronin, Doreen M.",non-elite,1815,3613,5448,7573,9521,11718,13966,16033,1798,1835,2125,1948,2197,2248,2067
49683,"Pade, Genemarie",non-elite,1449,3000,4666,6311,8121,10234,14225,16157,1551,1666,1645,1810,2113,3991,1932
49684,"Garcia Tapia, Victor Sergio",non-elite,1749,3549,5324,7264,9255,11456,13839,15935,1800,1775,1940,1991,2201,2383,2096
49685,"McGrath, Meghan",non-elite,1863,3704,5528,7386,9336,11545,13815,16031,1841,1824,1858,1950,2209,2270,2216
49686,"Kolberg, Michaela",non-elite,1658,3470,5414,7469,9552,11754,13921,16017,1812,1944,2055,2083,2202,2167,2096
49687,"Benevides, Eric E.",non-elite,1655,3416,5286,7239,9232,11433,13620,15985,1761,1870,1953,1993,2201,2187,2365
49688,"Mulas, Tiziana",non-elite,1970,3884,5772,7784,9775,11881,14013,16045,1914,1888,2012,1991,2106,2132,2032
49689,"Zumbiel, Gary",non-elite,1704,3413,5128,6872,8699,10802,13258,16087,1709,1715,1744,1827,2103,2456,2829
49690,"Andrew, Sylvie",non-elite,1720,3586,5501,7457,9533,11692,13876,16028,1866,1915,1956,2076,2159,2184,2152
49692,"Mattheis, Mary E.",non-elite,1706,3439,5231,7070,9118,11280,13755,16017,1733,1792,1839,2048,2162,2475,2262
49693,"Gazza, Jennifer E.",non-elite,1896,3730,5574,7508,9537,11649,13750,16026,1834,1844,1934,2029,2112,2101,2276
49694,"O'Donohue, John K.",non-elite,1520,3067,4765,6623,8733,11148,13661,16026,1547,1698,1858,2110,2415,2513,2365
49695,"Wozniak, Robert J",non-elite,1553,3089,4639,6508,8593,10885,13432,15933,1536,1550,1869,2085,2292,2547,2501
49696,"Frongillo, Jason",non-elite,1656,3233,4856,6658,8553,11036,13512,16080,1577,1623,1802,1895,2483,2476,2568
49697,"Gunnarsson, Arni G.",non-elite,1798,3633,5492,7442,9435,11624,13905,16056,1835,1859,1950,1993,2189,2281,2151
49698,"Selin, Bruce",non-elite,1979,3996,5943,7957,9895,12153,14445,16155,2017,1947,2014,1938,2258,2292,1710
49699,"Gardella, Thomas P.",non-elite,1816,3589,5384,7253,9193,11310,13693,15973,1773,1795,1869,1940,2117,2383,2280
49700,"Alger, Rachelle A.",non-elite,1683,3428,5289,7258,9403,11668,13839,16034,1745,1861,1969,2145,2265,2171,2195
49701,"Basrak, Cathy",non-elite,1765,3734,5733,7755,9746,11755,13997,16134,1969,1999,2022,1991,2009,2242,2137
49702,"Chekijian, Sarkis",non-elite,1781,3542,5301,7062,8900,10767,13381,16011,1761,1759,1761,1838,1867,2614,2630
49703,"Rigney, Hansi L.",non-elite,1778,3643,5636,7676,9747,11846,14013,16067,1865,1993,2040,2071,2099,2167,2054
49704,"Bullard, Mark E.",non-elite,1733,3480,5299,7216,9193,11321,13662,15984,1747,1819,1917,1977,2128,2341,2322
49705,"Brooks, Michael",non-elite,1918,3926,5969,8074,9933,12166,14282,16153,2008,2043,2105,1859,2233,2116,1871
49706,"Lomuscio, Nicola",non-elite,1970,3884,5772,7784,9775,11881,14013,16045,1914,1888,2012,1991,2106,2132,2032
49707,"Rodriguez, George A.",non-elite,1687,3330,5078,6969,8928,11209,13647,15980,1643,1748,1891,1959,2281,2438,2333
49708,"Mihelioudakis, Antonia",non-elite,1606,3267,4972,6780,8979,11401,13823,16087,1661,1705,1808,2199,2422,2422,2264
49709,"Robinson Senises, Prudence",non-elite,1917,3871,5771,7707,9738,11866,13971,16088,1954,1900,1936,2031,2128,2105,2117
49710,"McNeil, Nora G.",non-elite,1909,3761,5611,7594,9547,11738,14043,16061,1852,1850,1983,1953,2191,2305,2018
49711,"Frisvold, Laura",non-elite,1640,3435,5316,7225,9282,11507,13762,16007,1795,1881,1909,2057,2225,2255,2245
49712,"Spies, Megan",non-elite,2066,4059,5950,7832,9780,11851,14010,16103,1993,1891,1882,1948,2071,2159,2093
49713,"Miller, Glenn",non-elite,1689,3517,5409,7364,9351,11618,13830,15985,1828,1892,1955,1987,2267,2212,2155
49714,"Lyons, Nicholas J",non-elite,1614,3440,5140,6869,8729,11009,13930,16275,1826,1700,1729,1860,2280,2921,2345
49715,"Lai, Kenneth",non-elite,1716,3490,5295,7198,9198,11300,13623,15877,1774,1805,1903,2000,2102,2323,2254
49716,"Coleman, Jason",non-elite,1946,3929,5864,7836,9823,11916,14033,16081,1983,1935,1972,1987,2093,2117,2048
49717,"Permana, Haryadi",non-elite,1896,3780,5670,7642,9618,11856,14063,16079,1884,1890,1972,1976,2238,2207,2016
49718,"Plaisted, Amanda",non-elite,1879,3763,5685,7664,9678,11774,13903,16058,1884,1922,1979,2014,2096,2129,2155
49719,"Campbell, Bill",non-elite,1697,3338,5028,6969,8999,11310,13691,15967,1641,1690,1941,2030,2311,2381,2276
49721,"Ott, William K",non-elite,1595,3201,4833,6555,8691,11221,13569,15942,1606,1632,1722,2136,2530,2348,2373
49722,"Cohen, David A.",non-elite,1840,3671,5496,7490,9532,11626,13801,16025,1831,1825,1994,2042,2094,2175,2224
49723,"Febres-Cordero, Rafael A.",non-elite,1734,3370,5106,6874,8875,11101,14028,16192,1636,1736,1768,2001,2226,2927,2164
49724,"Otero, Julie",non-elite,1980,3897,5750,7617,9551,11621,13810,16009,1917,1853,1867,1934,2070,2189,2199
49725,"Manford, James",non-elite,1734,3583,5527,7507,9505,11628,13843,16072,1849,1944,1980,1998,2123,2215,2229
49726,"Je, Yun Sik",non-elite,1654,3254,4987,6861,8980,11300,13768,16054,1600,1733,1874,2119,2320,2468,2286
49727,"McGrath, John F. III",non-elite,1893,3765,5668,7571,9503,11706,13989,16080,1872,1903,1903,1932,2203,2283,2091
49728,"Heiser, Norman E",non-elite,1736,3547,5403,7360,9360,11488,13793,16059,1811,1856,1957,2000,2128,2305,2266
49729,"Benson, Robert A",non-elite,1627,3312,5112,6970,8958,11131,13474,15906,1685,1800,1858,1988,2173,2343,2432
49730,"Herrington, Kenneth",non-elite,1846,3741,5606,7558,9523,11654,13946,16093,1895,1865,1952,1965,2131,2292,2147
49731,"Ushida, Matsunori",non-elite,1641,3315,5028,6763,8657,11058,13702,15987,1674,1713,1735,1894,2401,2644,2285
49732,"Wieringa, Piet",non-elite,1741,3530,5343,7186,9056,11249,13608,16004,1789,1813,1843,1870,2193,2359,2396
49733,"Vukits, Joe",non-elite,1326,2629,4024,8538,9982,11531,14039,15606,1303,1395,4514,1444,1549,2508,1567
49734,"Salisbury, Jim",non-elite,1603,3234,4889,6640,8525,10749,13293,15845,1631,1655,1751,1885,2224,2544,2552
49735,"Iverson, Donna M",non-elite,1801,3638,5487,7401,9358,11441,13789,16001,1837,1849,1914,1957,2083,2348,2212
49736,"Madden, Sandy",non-elite,1775,3605,5535,7503,9600,11704,13884,16041,1830,1930,1968,2097,2104,2180,2157
49737,"Maguire, Gabrielle D.",non-elite,1975,4033,6087,8043,10080,12038,14072,16149,2058,2054,1956,2037,1958,2034,2077
49738,"Palmier, Daniel",non-elite,1670,3456,5188,7230,9518,11810,14012,16100,1786,1732,2042,2288,2292,2202,2088
49739,"Cason, William T.",non-elite,1602,3266,4976,6799,8795,10983,13491,15992,1664,1710,1823,1996,2188,2508,2501
49740,"Degnan, Brendan P.",non-elite,1861,3753,5506,7326,9219,11299,13651,16022,1892,1753,1820,1893,2080,2352,2371
49741,"Smith, Renee",non-elite,1567,3270,5135,7200,9290,11310,13312,15643,1703,1865,2065,2090,2020,2002,2331
49742,"Desocio, Christina",non-elite,1745,3583,5455,7508,9494,11594,13749,15977,1838,1872,2053,1986,2100,2155,2228
49743,"Gridley, Cathi",non-elite,1709,3683,5839,7850,9892,12075,14166,16215,1974,2156,2011,2042,2183,2091,2049
49744,"Heath, Michael B.",non-elite,1866,3726,5673,7590,9605,11749,13922,16060,1860,1947,1917,2015,2144,2173,2138
49745,"Cui, Ying",non-elite,1777,3597,5590,7636,9690,11841,14025,16103,1820,1993,2046,2054,2151,2184,2078
49746,"Archila, Elyse M.",non-elite,1887,3683,5500,7339,9265,11297,13656,16129,1796,1817,1839,1926,2032,2359,2473
49747,"Gardner, Jeff R.",non-elite,1704,3478,5213,7150,9078,11272,13604,16029,1774,1735,1937,1928,2194,2332,2425
49748,"Adam-Terem, Rosemary C.",non-elite,1829,3732,5745,7762,9831,12004,14182,16144,1903,2013,2017,2069,2173,2178,1962
49749,"Hardy, Elizabeth",non-elite,1532,3090,4809,6719,8840,11620,14437,16302,1558,1719,1910,2121,2780,2817,1865
49750,"Nicoletti, Kayla S.",non-elite,1934,3815,5702,7694,9711,11886,14101,16183,1881,1887,1992,2017,2175,2215,2082
49751,"Grennan, Grainne M.",non-elite,1569,3221,5233,7206,9283,11458,13709,15950,1652,2012,1973,2077,2175,2251,2241
49752,"Crasnick-Maloney, Caryn",non-elite,1921,3832,5795,7763,9846,11912,14028,16120,1911,1963,1968,2083,2066,2116,2092
49753,"Wright, Steve",non-elite,1419,2935,4541,6354,8270,10779,13429,16025,1516,1606,1813,1916,2509,2650,2596
49754,"Cook, Fred",non-elite,1842,3665,5495,7327,9192,11214,13443,15897,1823,1830,1832,1865,2022,2229,2454
49755,"Hardies, Erin F.",non-elite,1765,3634,5594,7523,9526,11663,13942,16081,1869,1960,1929,2003,2137,2279,2139
49756,"Pantelidis, James",non-elite,1698,3518,5414,7340,9337,11591,13897,16097,1820,1896,1926,1997,2254,2306,2200
49757,"Bazzy, Richard S",non-elite,1704,3467,5279,7162,9081,11268,13676,16026,1763,1812,1883,1919,2187,2408,2350
49758,"Meyer, Adam C.",non-elite,1853,3717,5657,7601,9669,11811,13990,16127,1864,1940,1944,2068,2142,2179,2137
49759,"Warriner, Victor G. Jr.",non-elite,1830,3703,5548,7447,9380,11466,13782,16054,1873,1845,1899,1933,2086,2316,2272
49760,"Bajorek, Alex J.",non-elite,1737,3442,5131,6884,8896,11130,13551,15968,1705,1689,1753,2012,2234,2421,2417
49761,"Wallingford, Dave",non-elite,1562,3147,4761,6421,8157,10176,12942,15965,1585,1614,1660,1736,2019,2766,3023
49762,"Skrob, Robert R.",non-elite,1788,3509,5237,6996,9089,11387,13782,16064,1721,1728,1759,2093,2298,2395,2282
49763,"Walsh, Patrick J.",non-elite,1615,3214,4877,6644,8614,10994,13540,16006,1599,1663,1767,1970,2380,2546,2466
49764,"Moran, Denny",non-elite,1897,3816,5745,7765,9749,11861,14046,16122,1919,1929,2020,1984,2112,2185,2076
49765,"Caro, Maria S.",non-elite,1898,3816,5745,7766,9749,11862,14046,16122,1918,1929,2021,1983,2113,2184,2076
49766,"Jimenez, Dignangely",non-elite,1898,3816,5746,7766,9749,11862,14046,16122,1918,1930,2020,1983,2113,2184,2076
49767,"Walls, Cindy",non-elite,1714,3496,5355,7436,9582,11805,13981,16064,1782,1859,2081,2146,2223,2176,2083
49768,"Yehia, Said M.",non-elite,1643,3297,4959,6691,8516,10681,13274,15853,1654,1662,1732,1825,2165,2593,2579
49769,"Connolly, Beth D.",non-elite,1645,3422,5292,7336,9373,11596,14012,16141,1777,1870,2044,2037,2223,2416,2129
49770,"Green, Jefferson",non-elite,1926,3917,5938,7957,9962,12017,14176,16172,1991,2021,2019,2005,2055,2159,1996
49771,"Burke, Elizabeth M.",non-elite,1888,3753,5679,7609,9587,11721,13971,16101,1865,1926,1930,1978,2134,2250,2130
49772,"Schreiber, Miriam",non-elite,1645,3451,5361,7323,9454,11566,13846,16046,1806,1910,1962,2131,2112,2280,2200
49773,"Lancaster, Stacey",non-elite,1949,3853,5789,7818,9849,11921,14103,16130,1904,1936,2029,2031,2072,2182,2027
49774,"Kwak, Il Sub",non-elite,1916,3871,5870,7790,9988,12061,14092,16099,1955,1999,1920,2198,2073,2031,2007
49775,"Jones, Harold D.",non-elite,1896,3740,5615,7530,9510,11609,13848,16054,1844,1875,1915,1980,2099,2239,2206
49776,"Cazala, Didier",non-elite,1622,3305,5097,6968,8916,11185,13633,15946,1683,1792,1871,1948,2269,2448,2313
49777,"Morgan, Paul",non-elite,1961,3911,5839,7728,9634,11612,13732,16017,1950,1928,1889,1906,1978,2120,2285
49778,"Oishi, Katsuro",non-elite,1945,3874,5796,7714,9664,11869,14028,16083,1929,1922,1918,1950,2205,2159,2055
49779,"Murray, Chris J.",non-elite,1714,3462,5303,7299,9371,11541,13877,16043,1748,1841,1996,2072,2170,2336,2166
49780,"Jones, Kevin A.",non-elite,1693,3345,5018,6759,8664,10903,13498,15962,1652,1673,1741,1905,2239,2595,2464
49781,"Bane, Matthew",non-elite,1792,3451,5188,6936,9157,11447,13572,16073,1659,1737,1748,2221,2290,2125,2501
49782,"Lassaline, Jeff J.",non-elite,1648,3465,5255,7234,9183,11356,13719,16038,1817,1790,1979,1949,2173,2363,2319
49783,"Sherry, Matthew",non-elite,1815,3611,5387,7240,9126,11122,13651,15996,1796,1776,1853,1886,1996,2529,2345
49784,"Klingaman, Danielle E.",non-elite,1907,3760,5611,7605,9804,11912,14126,16132,1853,1851,1994,2199,2108,2214,2006
49785,"Ferris, Peter J.",non-elite,1722,3632,5709,7718,9908,11981,14203,16186,1910,2077,2009,2190,2073,2222,1983
49786,"Cawley, Geraldine A.",non-elite,1723,3633,5709,7725,9872,11981,14203,16186,1910,2076,2016,2147,2109,2222,1983
49787,"Lachnicht, Steven G.",non-elite,1552,3125,4719,6377,8117,10343,12953,15743,1573,1594,1658,1740,2226,2610,2790
49788,"Kleinstiver, Shawn E",non-elite,1402,2996,4840,6880,8941,11289,13738,16011,1594,1844,2040,2061,2348,2449,2273
49789,"Lau, Spencer",non-elite,1257,2633,4365,6805,9825,12693,14401,16231,1376,1732,2440,3020,2868,1708,1830
49790,"Hodel, Katie",non-elite,1880,3741,5627,7627,9708,11827,14007,16115,1861,1886,2000,2081,2119,2180,2108
49791,"Miskinis, Christine L",non-elite,1911,3861,5810,7758,9714,11722,13810,15980,1950,1949,1948,1956,2008,2088,2170
49792,"Schwartz, Jonathon H.",non-elite,1832,3761,5613,7544,9538,11616,13911,16081,1929,1852,1931,1994,2078,2295,2170
49793,"Fitzgerald, Paul",non-elite,1927,3805,5804,7773,9818,11839,14017,16121,1878,1999,1969,2045,2021,2178,2104
49794,"Escobar, Elsa B",non-elite,2038,3954,5904,7919,9928,12062,14236,16200,1916,1950,2015,2009,2134,2174,1964
49795,"Reeves, Lisa",non-elite,1615,3385,5269,7401,9745,11822,14014,16115,1770,1884,2132,2344,2077,2192,2101
49796,"Prykucki, Thomas C.",non-elite,1898,3766,5691,7647,9638,11720,13898,16076,1868,1925,1956,1991,2082,2178,2178
49797,"Saldana, Joseph",non-elite,1877,3812,5679,7963,9857,11851,14117,16249,1935,1867,2284,1894,1994,2266,2132
49798,"Blum, Sherri M",non-elite,1759,3719,5679,7641,9606,11655,13842,16087,1960,1960,1962,1965,2049,2187,2245
49799,"Marocco, Douglas J",non-elite,1468,2925,4469,6057,7844,9815,12128,16256,1457,1544,1588,1787,1971,2313,4128
49800,"McIntosh, Greg M.",non-elite,1717,3487,5285,7108,8981,10979,13532,16082,1770,1798,1823,1873,1998,2553,2550
49801,"Botel, William F. Jr.",non-elite,1702,3487,5222,7142,9213,11525,13697,16029,1785,1735,1920,2071,2312,2172,2332
49802,"McQuivey, James",non-elite,1754,3534,5431,7263,9222,11454,13605,16148,1780,1897,1832,1959,2232,2151,2543
49803,"Elliott, William R.",non-elite,1744,3498,5274,7050,8866,11053,13471,16010,1754,1776,1776,1816,2187,2418,2539
49804,"Jared, Jerry R",non-elite,1628,3332,5193,7346,9633,11891,14128,16205,1704,1861,2153,2287,2258,2237,2077
49805,"Foley, Daniel E. Jr.",non-elite,1691,3378,5066,6796,8634,10720,13343,15942,1687,1688,1730,1838,2086,2623,2599
49806,"Gallardo, Lupe",non-elite,1971,4035,6040,8160,10228,12326,14342,16228,2064,2005,2120,2068,2098,2016,1886
49807,"Brophy, Patrick I.",non-elite,1756,3488,5342,7243,9363,11658,13862,16099,1732,1854,1901,2120,2295,2204,2237
49808,"Foraste, Stephen P.",non-elite,1998,3841,5592,7359,9155,11006,13041,15579,1843,1751,1767,1796,1851,2035,2538
49809,"Mohan, John A.",non-elite,1998,3841,5592,7359,9155,11007,13042,15579,1843,1751,1767,1796,1852,2035,2537
49810,"Marquedant, Holly",non-elite,1866,3639,5440,7297,9524,11649,13799,16071,1773,1801,1857,2227,2125,2150,2272
49811,"Doherty, Patrick",non-elite,1756,3517,5322,7106,9064,11127,13659,16098,1761,1805,1784,1958,2063,2532,2439
49812,"Pronai, Wolfgang",non-elite,1837,3775,5726,7812,9884,12054,14210,16174,1938,1951,2086,2072,2170,2156,1964
49813,"Weeks, Megan K.",non-elite,1992,4002,5976,7970,9962,12046,14244,16175,2010,1974,1994,1992,2084,2198,1931
49814,"Phaup, Alistair J.",non-elite,2030,4029,5961,7865,9846,11726,13853,16216,1999,1932,1904,1981,1880,2127,2363
49815,"Pernice, Kara A.",non-elite,1928,3851,5776,7763,9802,11852,14064,16109,1923,1925,1987,2039,2050,2212,2045
49816,"Larson, Ann",non-elite,1672,3441,5299,7227,9266,11583,13887,16046,1769,1858,1928,2039,2317,2304,2159
49817,"Mutnick, David",non-elite,1725,3405,5225,7129,9106,11730,14038,16131,1680,1820,1904,1977,2624,2308,2093
49818,"Giordano, Kenneth P.",non-elite,1887,3766,5641,7621,9768,11801,13922,16116,1879,1875,1980,2147,2033,2121,2194
49819,"Shimojou, Michiharu",non-elite,1810,3666,5589,7540,9525,11729,13895,16072,1856,1923,1951,1985,2204,2166,2177
49820,"Matros, Michael A.",non-elite,1901,3665,5426,7327,9327,11615,13828,16038,1764,1761,1901,2000,2288,2213,2210
49821,"Sosa, Cindy",non-elite,1747,3611,5543,7588,9533,11681,13960,16112,1864,1932,2045,1945,2148,2279,2152
49822,"Reidy, Dennis J.",non-elite,1866,3671,5411,7162,8937,10987,13477,16086,1805,1740,1751,1775,2050,2490,2609
49823,"Reinsch, Caroline",non-elite,2183,3954,5726,7528,9551,11662,13883,16091,1771,1772,1802,2023,2111,2221,2208
49824,"Dumoulin, Julia",non-elite,1765,3563,5417,7349,9379,11518,13794,16056,1798,1854,1932,2030,2139,2276,2262
49825,"Bridgforth, Julie S.",non-elite,1851,3792,5733,7713,9708,11780,13967,16088,1941,1941,1980,1995,2072,2187,2121
49826,"Hymovitz, Marc C.",non-elite,1904,3817,5733,7727,9777,11990,14076,16164,1913,1916,1994,2050,2213,2086,2088
49827,"Calvo, Katie",non-elite,1929,3967,5982,7975,9969,12043,14152,16183,2038,2015,1993,1994,2074,2109,2031
49828,"Wang, Christie M.",non-elite,1934,3814,5702,7694,9710,11886,14101,16183,1880,1888,1992,2016,2176,2215,2082
49829,"Hollingsworth, Tracy",non-elite,1695,3484,5336,7287,9275,11473,13733,16096,1789,1852,1951,1988,2198,2260,2363
49830,"Lacey, Neil",non-elite,1691,3492,5427,7394,9395,11481,13728,15997,1801,1935,1967,2001,2086,2247,2269
49831,"Normile, Patrick",non-elite,1938,3832,5676,7618,9601,11656,13860,16145,1894,1844,1942,1983,2055,2204,2285
49832,"Douglas, Nichole M",non-elite,1616,3344,5298,7299,9330,11676,13914,16119,1728,1954,2001,2031,2346,2238,2205
49833,"Krajsa, Amanda",non-elite,1660,3891,5866,8064,10089,12233,14296,16294,2231,1975,2198,2025,2144,2063,1998
49834,"Murachver, Lindsay",non-elite,1823,3687,5551,7469,9477,11724,13884,16180,1864,1864,1918,2008,2247,2160,2296
49835,"Statham, Wendy",non-elite,1731,3655,5654,7672,9713,11846,14022,16084,1924,1999,2018,2041,2133,2176,2062
49836,"Jose, David E",non-elite,1584,3240,5028,6906,9084,11401,13657,15925,1656,1788,1878,2178,2317,2256,2268
49837,"Garbacik, Lisa B",non-elite,1659,3351,5143,7058,9103,11261,13660,15957,1692,1792,1915,2045,2158,2399,2297
49838,"Rocha, Meaghan O.",non-elite,1939,3833,5680,7619,9601,11657,13862,16146,1894,1847,1939,1982,2056,2205,2284
49839,"Hermesch, Kimberly K.",non-elite,1923,3846,5785,7761,9770,11828,14064,16214,1923,1939,1976,2009,2058,2236,2150
49840,"Creamer, Patrick",non-elite,1745,3565,5412,7247,9346,11554,13842,16169,1820,1847,1835,2099,2208,2288,2327
49841,"Knoll, Nancy",non-elite,1703,3462,5257,7142,9150,11423,13722,16012,1759,1795,1885,2008,2273,2299,2290
49842,"Waddell, Noreen",non-elite,1916,3787,5657,7622,9653,11824,14035,16145,1871,1870,1965,2031,2171,2211,2110
49843,"Rutt, Luanne M",non-elite,1660,3387,5271,7315,9438,11732,14051,16111,1727,1884,2044,2123,2294,2319,2060
49844,"Shi, Bin",non-elite,1924,3767,5651,7626,9564,11682,13856,16072,1843,1884,1975,1938,2118,2174,2216
49845,"Lionetta, Daniel",non-elite,1854,3642,5399,7186,9070,11115,13534,16140,1788,1757,1787,1884,2045,2419,2606
49846,"Whatford, Kathleen O",non-elite,1800,3617,5496,7431,9472,11656,13901,16110,1817,1879,1935,2041,2184,2245,2209
49847,"Capelli, Ilario Francesco",non-elite,1762,3494,5213,6949,8734,10869,13269,15983,1732,1719,1736,1785,2135,2400,2714
49848,"Hughes, Gregory A.",non-elite,1852,3638,5424,7247,9145,11214,13685,16021,1786,1786,1823,1898,2069,2471,2336
49849,"Federation, Christine",non-elite,1618,3240,5011,6813,8795,10828,13235,15689,1622,1771,1802,1982,2033,2407,2454
49850,"Dolente, Les",non-elite,1541,3182,4859,6844,8963,11203,13607,16034,1641,1677,1985,2119,2240,2404,2427
49851,"Sharma, Niraj",non-elite,1717,3511,5416,7433,9509,11791,14033,16148,1794,1905,2017,2076,2282,2242,2115
49852,"Lefler, Ryan",non-elite,1718,3585,5500,7493,9493,11666,13944,16152,1867,1915,1993,2000,2173,2278,2208
49853,"Dornauer, Angelyn F.",non-elite,1846,3693,5605,7625,9696,11797,13982,16087,1847,1912,2020,2071,2101,2185,2105
49854,"Kimball, Grayson T.",non-elite,1736,3345,4984,6613,8464,10690,13443,16002,1609,1639,1629,1851,2226,2753,2559
49855,"Swift, Samantha J.",non-elite,1711,3578,5362,7303,9543,11832,14267,16250,1867,1784,1941,2240,2289,2435,1983
49856,"Goldstein, Michael H.",non-elite,1713,3386,5386,7276,9460,11860,14093,16187,1673,2000,1890,2184,2400,2233,2094
49857,"Larsen, Susan D",non-elite,1976,4009,6036,8029,10095,12192,14197,16180,2033,2027,1993,2066,2097,2005,1983
49858,"Kunisada, Hiroko",non-elite,1814,3675,5598,7628,9647,11874,14099,16188,1861,1923,2030,2019,2227,2225,2089
49859,"Martindell, Andrew",non-elite,1954,3811,5715,7578,9567,11764,14045,16179,1857,1904,1863,1989,2197,2281,2134
49860,"Connor, Patrick S.",non-elite,1983,3965,6000,8045,10039,12088,14121,16179,1982,2035,2045,1994,2049,2033,2058
49861,"Byer, Alexandria",non-elite,1957,3898,5860,7864,9890,11994,14113,16169,1941,1962,2004,2026,2104,2119,2056
49862,"Crafter, Ian S.",non-elite,1639,3357,5136,6957,8858,11121,13647,16092,1718,1779,1821,1901,2263,2526,2445
49863,"Trifogli, Marco",non-elite,1668,3439,5276,7283,9381,11545,14012,16177,1771,1837,2007,2098,2164,2467,2165
49864,"McGonagle, Mairead",non-elite,1909,3819,5758,7782,9888,11952,14093,16194,1910,1939,2024,2106,2064,2141,2101
49865,"Hickman, John D.",non-elite,1778,3567,5394,7292,9397,11652,13944,16143,1789,1827,1898,2105,2255,2292,2199
49866,"Winterskov, Pia Gantzhorn",non-elite,1892,3921,5871,7849,9832,11881,13996,16099,2029,1950,1978,1983,2049,2115,2103
49867,"Isbell, Judith L.",non-elite,1666,3438,5449,7558,9710,11977,14245,16226,1772,2011,2109,2152,2267,2268,1981
49868,"Casey, Mary Ruth",non-elite,1843,3799,5693,7641,9648,11769,13925,16074,1956,1894,1948,2007,2121,2156,2149
49869,"Seto, Mark J.",non-elite,1782,3528,5295,7131,9018,11235,13651,16059,1746,1767,1836,1887,2217,2416,2408
49870,"Misencik, Mark",non-elite,1668,3377,5229,7241,9353,11562,13927,16125,1709,1852,2012,2112,2209,2365,2198
49871,"Moran, Vicki",non-elite,1663,3407,5226,7188,9260,11631,13928,16131,1744,1819,1962,2072,2371,2297,2203
49872,"English, Patrick H.",non-elite,2007,3925,5880,8091,10184,12295,14338,16293,1918,1955,2211,2093,2111,2043,1955
49874,"Baima, Jennifer A.",non-elite,1853,3709,5570,7531,9687,11938,14160,16195,1856,1861,1961,2156,2251,2222,2035
49875,"Dagan, Ariel K.",non-elite,1693,3381,5159,7088,9154,11480,13891,16096,1688,1778,1929,2066,2326,2411,2205
49876,"Neal, Richard G",non-elite,1868,3795,5754,7741,9752,11820,13954,16099,1927,1959,1987,2011,2068,2134,2145
49877,"Colvin, James F.",non-elite,1628,3472,5322,7260,9423,11719,14055,16178,1844,1850,1938,2163,2296,2336,2123
49878,"Thurman, Alex",non-elite,1457,3092,4976,6971,9039,11342,13724,16023,1635,1884,1995,2068,2303,2382,2299
49879,"Olson, Bill",non-elite,1553,3176,4838,6665,8516,10707,13339,15946,1623,1662,1827,1851,2191,2632,2607
49880,"Gately, John",non-elite,1605,3297,5010,6755,8780,11005,13530,16015,1692,1713,1745,2025,2225,2525,2485
49881,"Gray, Jimmy",non-elite,2022,3959,5846,7668,9480,11351,13813,16058,1937,1887,1822,1812,1871,2462,2245
49882,"Brown, Tamela R.",non-elite,1683,3413,5166,7041,9043,11332,13698,16159,1730,1753,1875,2002,2289,2366,2461
49883,"Noa, Frank",non-elite,1914,3826,5828,7891,9880,11976,14107,16182,1912,2002,2063,1989,2096,2131,2075
49884,"Noa, Heike",non-elite,1914,3827,5829,7875,9881,11977,14108,16183,1913,2002,2046,2006,2096,2131,2075
49885,"Fay, Christian",non-elite,1552,3192,4902,6788,8735,11984,14072,16101,1640,1710,1886,1947,3249,2088,2029
49886,"Payne, Ryan E.",non-elite,1774,3477,5245,7032,8943,11044,13497,15994,1703,1768,1787,1911,2101,2453,2497
49887,"Osma Sanchez, Hugo",non-elite,1856,3656,5611,7599,9747,12030,14196,16271,1800,1955,1988,2148,2283,2166,2075
49888,"Snook, Kyra",non-elite,1964,3936,5907,7933,9947,12011,14079,16160,1972,1971,2026,2014,2064,2068,2081
49889,"Niblo, Mark A",non-elite,1443,2963,4644,6525,8771,11121,13792,16028,1520,1681,1881,2246,2350,2671,2236
49890,"Sugarman, Rebecca",non-elite,1843,3715,5676,7644,9678,11862,14071,16190,1872,1961,1968,2034,2184,2209,2119
49891,"Duncan, Kaitlyn",non-elite,1631,3299,5035,6958,8850,11105,13633,16182,1668,1736,1923,1892,2255,2528,2549
49892,"Chan, Hung Ki",non-elite,1595,3255,4975,6808,8645,10905,13460,16179,1660,1720,1833,1837,2260,2555,2719
49893,"Merrigan, Kyle W.",non-elite,1760,3412,5082,6889,8736,11003,13430,16108,1652,1670,1807,1847,2267,2427,2678
49894,"Merner, Eric M.",non-elite,2165,3989,5733,7417,9223,11344,13823,16169,1824,1744,1684,1806,2121,2479,2346
49895,"Chamberland, Richard",non-elite,1738,3447,5165,7015,8951,11042,13976,16200,1709,1718,1850,1936,2091,2934,2224
49896,"Chamberland, Sammie",non-elite,1738,3447,5165,7015,8938,11315,13977,16199,1709,1718,1850,1923,2377,2662,2222
49897,"Shoup, Jennifer",non-elite,1856,3766,5724,7731,9728,11845,14069,16190,1910,1958,2007,1997,2117,2224,2121
49898,"McMahon, Jenna F.",non-elite,1820,3627,5521,7541,9521,11698,14027,16190,1807,1894,2020,1980,2177,2329,2163
49899,"Wells, Daniel",non-elite,1909,3954,5854,7753,9853,11837,13975,16194,2045,1900,1899,2100,1984,2138,2219
49900,"Wells, Phyllis",non-elite,1909,3954,5854,7754,9853,11837,13988,16195,2045,1900,1900,2099,1984,2151,2207
49901,"Barrios, Jorge G",non-elite,1769,3659,5629,7712,9768,11891,14071,16185,1890,1970,2083,2056,2123,2180,2114
49902,"Sereno, Brian A.",non-elite,1592,3157,4783,6496,8290,10342,12908,16017,1565,1626,1713,1794,2052,2566,3109
49903,"Meads, Murray",non-elite,1825,3748,5722,7703,9725,11841,14015,16150,1923,1974,1981,2022,2116,2174,2135
49904,"Wheeler, Sheree L.",non-elite,1763,3535,5361,7305,9357,11552,13760,16069,1772,1826,1944,2052,2195,2208,2309
49905,"Curry, Judy L.",non-elite,1758,3609,5517,7515,9615,11847,14064,16183,1851,1908,1998,2100,2232,2217,2119
49906,"Davies, Patricia",non-elite,1640,3407,5223,7201,9365,11602,13830,16114,1767,1816,1978,2164,2237,2228,2284
49907,"O'Neill, John",non-elite,1833,3747,5667,7636,9648,11748,13951,16138,1914,1920,1969,2012,2100,2203,2187
49908,"Quijada, Salomon A.",non-elite,1680,3420,5208,7104,9100,11464,13658,16130,1740,1788,1896,1996,2364,2194,2472
49909,"Martin, Lee A.",non-elite,2107,4292,6383,8320,10277,12276,14274,16236,2185,2091,1937,1957,1999,1998,1962
49910,"Hodgins, Gregory R",non-elite,1546,3087,4611,6154,7790,10015,12787,15790,1541,1524,1543,1636,2225,2772,3003
49911,"Ryan, Gina M.",non-elite,1758,3593,5446,7400,9473,11716,13916,16115,1835,1853,1954,2073,2243,2200,2199
49912,"Teibel, Kent J",non-elite,1799,3604,5383,7163,9007,10954,13401,15866,1805,1779,1780,1844,1947,2447,2465
49913,"Burt, Crystal",non-elite,1759,3594,5446,7400,9473,11716,13917,16116,1835,1852,1954,2073,2243,2201,2199
49914,"Ingenbrand, Helmut",non-elite,1894,3818,5809,7889,9906,11999,14151,16267,1924,1991,2080,2017,2093,2152,2116
49915,"McDonnell, John J.",non-elite,1787,3594,5454,7376,9341,11403,13787,16111,1807,1860,1922,1965,2062,2384,2324
49916,"Linton Dahlof, Pia",non-elite,1841,3751,5664,7600,9700,11776,13973,16158,1910,1913,1936,2100,2076,2197,2185
49917,"Garcia, Ramon E.",non-elite,1856,3664,5556,7484,9775,11942,14188,16198,1808,1892,1928,2291,2167,2246,2010
49918,"Riddle, Peter",non-elite,1856,3664,5556,7484,9775,11943,14188,16198,1808,1892,1928,2291,2168,2245,2010
49919,"Perry, Nicole A.",non-elite,1923,3834,5727,7639,9619,11704,13996,16146,1911,1893,1912,1980,2085,2292,2150
49920,"Wheatcroft, Simon P.",non-elite,1922,3834,5728,7639,9619,11704,13997,16147,1912,1894,1911,1980,2085,2293,2150
49921,"Gonzales, Gregory G.",non-elite,1829,3670,5523,7376,9287,11331,13602,16154,1841,1853,1853,1911,2044,2271,2552
49922,"Govan, Ian",non-elite,1736,3490,5282,7114,9176,11472,14160,16250,1754,1792,1832,2062,2296,2688,2090
49923,"Freedman, Jason A.",non-elite,1747,3645,5610,7514,9478,11647,14079,16185,1898,1965,1904,1964,2169,2432,2106
49924,"Martin, Meredith E.",non-elite,1947,3928,5850,7845,9951,12119,14300,16334,1981,1922,1995,2106,2168,2181,2034
49925,"Garcia Ortiz, Mandy",non-elite,1781,3588,5329,7114,8866,12029,14195,16270,1807,1741,1785,1752,3163,2166,2075
49926,"Kwon, Young-Sook S.",non-elite,1820,3659,5514,7614,9634,12202,14316,16255,1839,1855,2100,2020,2568,2114,1939
49927,"Nees, Alexis V",non-elite,1596,3204,4914,6776,9136,11461,13873,16179,1608,1710,1862,2360,2325,2412,2306
49928,"Dolabany, Sandy",non-elite,1789,3626,5551,7563,9660,11811,14109,16280,1837,1925,2012,2097,2151,2298,2171
49929,"Critchley, Ashley E.",non-elite,1885,3703,5546,7443,9366,11415,13778,16191,1818,1843,1897,1923,2049,2363,2413
49930,"Rocheta, Patrick",non-elite,1733,3437,5175,7059,9153,11357,13756,16117,1704,1738,1884,2094,2204,2399,2361
49931,"Cushing, James P.",non-elite,1793,3618,5468,7406,9546,11710,13970,16161,1825,1850,1938,2140,2164,2260,2191
49932,"Follett, Cj",non-elite,1691,3396,5203,7154,9098,11252,13634,16047,1705,1807,1951,1944,2154,2382,2413
49933,"Laney, Judith B",non-elite,1733,3586,5506,7581,9663,11830,14024,16174,1853,1920,2075,2082,2167,2194,2150
49934,"Tattersall, Theresa M",non-elite,1821,3718,5664,7674,9681,11854,14094,16179,1897,1946,2010,2007,2173,2240,2085
49935,"Sylvester, Bridget K.",non-elite,1940,3877,5945,7999,9993,12069,14175,16222,1937,2068,2054,1994,2076,2106,2047
49936,"Thorne, Eric A.",non-elite,1865,3719,5609,7553,9725,11848,14098,16194,1854,1890,1944,2172,2123,2250,2096
49937,"Keating, Karen",non-elite,1903,3832,5775,7768,9785,11883,14043,16178,1929,1943,1993,2017,2098,2160,2135
49938,"Williams, Laurie A.",non-elite,1580,3261,5201,7162,9217,11346,13618,16037,1681,1940,1961,2055,2129,2272,2419
49939,"MacDonald, Jesse",non-elite,1829,3680,5452,7362,9366,11566,13942,16170,1851,1772,1910,2004,2200,2376,2228
49940,"Rath, Kristina M.",non-elite,1741,3508,5314,7227,9506,11841,14016,16267,1767,1806,1913,2279,2335,2175,2251
49941,"Cardoza, Anna",non-elite,1836,3667,5578,7749,9723,11847,14088,16182,1831,1911,2171,1974,2124,2241,2094
49942,"Gilbert, Sandra M.",non-elite,1836,3667,5578,7749,9722,11847,14088,16181,1831,1911,2171,1973,2125,2241,2093
49943,"Moynihan, Elizabeth J.",non-elite,1879,3829,5873,7933,9996,12053,14177,16252,1950,2044,2060,2063,2057,2124,2075
49944,"Brienza, Horacio D.",non-elite,1703,3376,5026,6865,8962,11228,13863,16103,1673,1650,1839,2097,2266,2635,2240
49945,"Carioli, Carly M.",non-elite,1839,3692,5524,7387,9317,11444,13749,16094,1853,1832,1863,1930,2127,2305,2345
49946,"Morton, Grant K.",non-elite,2012,3890,5724,7584,9458,11560,13653,16051,1878,1834,1860,1874,2102,2093,2398
49947,"Taber, William",non-elite,1902,3689,5470,7270,9219,11506,13796,16179,1787,1781,1800,1949,2287,2290,2383
49948,"Dap, Francois",non-elite,1676,3406,5195,7063,9005,11240,13689,16055,1730,1789,1868,1942,2235,2449,2366
49949,"Verdesi, Peter G",non-elite,1431,3070,4857,6681,8725,11085,13458,15970,1639,1787,1824,2044,2360,2373,2512
49950,"Rhee, Guen Hyee",non-elite,1686,3289,4953,6739,8690,11069,13589,16103,1603,1664,1786,1951,2379,2520,2514
49951,"Kelly, Gene",non-elite,1825,3686,5664,7651,9741,11954,14405,16421,1861,1978,1987,2090,2213,2451,2016
49952,"Sparks, Mary A.",non-elite,1737,3520,5429,7455,9595,11753,13916,16139,1783,1909,2026,2140,2158,2163,2223
49953,"Woidich, Michael",non-elite,1878,3769,5679,7647,9667,11791,14061,16213,1891,1910,1968,2020,2124,2270,2152
49954,"Hubbard, Amy E.",non-elite,1989,3962,5920,7889,9863,11948,14069,16162,1973,1958,1969,1974,2085,2121,2093
49955,"Maul, Tim",non-elite,1770,3495,5229,6885,8591,10667,13226,16236,1725,1734,1656,1706,2076,2559,3010
49956,"Pereira, Casey",non-elite,1906,3796,5709,7693,9709,11926,14125,16316,1890,1913,1984,2016,2217,2199,2191
49957,"Ducie, Laura",non-elite,1906,3796,5709,7693,9709,11926,14125,16316,1890,1913,1984,2016,2217,2199,2191
49958,"Griffiths, AnnMarie",non-elite,1874,3728,5645,7665,9695,11896,14169,16246,1854,1917,2020,2030,2201,2273,2077
49959,"Phillips, Kristy M.",non-elite,1837,3746,5663,7642,9742,11903,14096,16227,1909,1917,1979,2100,2161,2193,2131
49960,"Jung, Joann H.",non-elite,1833,3668,5559,7500,9525,11701,13969,16208,1835,1891,1941,2025,2176,2268,2239
49961,"Fuller, Colin M.",non-elite,1728,3473,5294,7100,9058,11260,13658,16080,1745,1821,1806,1958,2202,2398,2422
49962,"Ponte, John M.",non-elite,1831,3629,5492,7366,9427,11780,14133,16237,1798,1863,1874,2061,2353,2353,2104
49963,"Jodoin, Alyson J.",non-elite,1861,3687,5519,7433,9442,11661,13974,16270,1826,1832,1914,2009,2219,2313,2296
49964,"Marshall, Kellie",non-elite,1785,3574,5442,7415,9510,11748,14117,16310,1789,1868,1973,2095,2238,2369,2193
49965,"Moulton, Harrison",non-elite,1785,3573,5442,7415,9509,11747,14117,16310,1788,1869,1973,2094,2238,2370,2193
49966,"Martin, Sheila A",non-elite,1794,3607,5451,7331,9270,11452,13786,16212,1813,1844,1880,1939,2182,2334,2426
49967,"Schreiber, Eric",non-elite,1597,3201,4840,6645,8771,10979,13401,16220,1604,1639,1805,2126,2208,2422,2819
49968,"Schindler, Steven M.",non-elite,1570,3069,4647,6333,8126,10397,13184,16082,1499,1578,1686,1793,2271,2787,2898
49969,"Ianovskaia, Liliya",non-elite,1755,3608,5458,7430,9488,11665,13983,16233,1853,1850,1972,2058,2177,2318,2250
49970,"Lane, Michael P.",non-elite,1800,3577,5490,7451,9502,11578,13911,16256,1777,1913,1961,2051,2076,2333,2345
49971,"Mooney, Danny B",non-elite,1419,2848,4289,5868,7790,9890,12240,16271,1429,1441,1579,1922,2100,2350,4031
49972,"Lee, Chao-Yueh",non-elite,1591,3601,5543,7540,9637,11910,14188,16209,2010,1942,1997,2097,2273,2278,2021
49973,"Rieder, Christina M.",non-elite,1772,3570,5367,7271,9151,11351,13793,16229,1798,1797,1904,1880,2200,2442,2436
49974,"Vaughn, Lucien",non-elite,1476,3050,4706,6759,8661,11214,13730,16203,1574,1656,2053,1902,2553,2516,2473
49975,"Rutherford, Alyssa A.",non-elite,1477,3070,4859,6799,9060,11857,14143,16252,1593,1789,1940,2261,2797,2286,2109
49976,"Barclay, Lawrence",non-elite,1664,3381,5186,7036,8981,11122,13599,16190,1717,1805,1850,1945,2141,2477,2591
49977,"Scott, Melissa R.",non-elite,1334,2693,4162,7786,9445,11804,14058,16278,1359,1469,3624,1659,2359,2254,2220
49978,"Diaz, Dave M",non-elite,1712,3512,5420,7396,9453,11712,14109,16215,1800,1908,1976,2057,2259,2397,2106
49979,"Surowiec, Lisa",non-elite,1753,3520,5464,7428,9440,11625,13859,16191,1767,1944,1964,2012,2185,2234,2332
49980,"Pomfret, Deanna M.",non-elite,2042,4142,6187,8158,10123,12131,14283,16289,2100,2045,1971,1965,2008,2152,2006
49981,"Forcier, Madeline",non-elite,1819,3701,5730,7734,9785,12109,14327,16455,1882,2029,2004,2051,2324,2218,2128
49982,"Gargeya, Medha",non-elite,1821,3720,5649,7637,9710,11904,14100,16209,1899,1929,1988,2073,2194,2196,2109
49983,"Terrill, Sandy",non-elite,1898,3867,5853,7855,9894,11980,14167,16241,1969,1986,2002,2039,2086,2187,2074
49984,"Murphy, Sean P.",non-elite,1748,3544,5465,7466,9492,11714,13954,16229,1796,1921,2001,2026,2222,2240,2275
49985,"Davenport, Colby C.",non-elite,1978,3902,5810,7784,9871,11977,14116,16216,1924,1908,1974,2087,2106,2139,2100
49986,"Van Leuvan, Peter W.",non-elite,1978,3902,5809,7784,9871,11977,14116,16216,1924,1907,1975,2087,2106,2139,2100
49987,"Milone, Michael A.",non-elite,1738,3418,5155,7037,9048,11534,14148,16225,1680,1737,1882,2011,2486,2614,2077
49988,"Evans, Mylisa C",non-elite,1553,3109,4933,6736,9202,11373,13625,15718,1556,1824,1803,2466,2171,2252,2093
49989,"Masiiwa, Graham",non-elite,1871,3660,5435,7236,9394,11641,13960,16250,1789,1775,1801,2158,2247,2319,2290
49990,"Cornish, Christina F.",non-elite,1816,3597,5327,7073,9097,11232,13833,16271,1781,1730,1746,2024,2135,2601,2438
49991,"Blumetti, Kristen",non-elite,1812,3730,5591,7487,9502,11707,14105,16224,1918,1861,1896,2015,2205,2398,2119
49992,"Fly, Dnese",non-elite,1762,3557,5427,7332,9427,11731,14053,16225,1795,1870,1905,2095,2304,2322,2172
49993,"Turken, Danny",non-elite,1780,3683,5455,7354,9475,11534,13939,16253,1903,1772,1899,2121,2059,2405,2314
49994,"St. Cyr, Ryan T.",non-elite,1953,3860,5729,7710,9680,11769,13936,16260,1907,1869,1981,1970,2089,2167,2324
49995,"Conneely, Kerri",non-elite,1779,3753,5596,7501,9477,11589,13959,16345,1974,1843,1905,1976,2112,2370,2386
49996,"Partyka, Katelyn M.",non-elite,1870,3684,5487,7484,9462,11699,14007,16265,1814,1803,1997,1978,2237,2308,2258
49997,"Barz, Pam",non-elite,1727,3472,5217,7051,9135,11372,13774,16246,1745,1745,1834,2084,2237,2402,2472
49998,"Dixon, Douglas R.",non-elite,1630,3284,4959,6710,8582,10858,13407,16115,1654,1675,1751,1872,2276,2549,2708
49999,"Ortiz Martinez, Jaime Anibal J. Sr.",non-elite,1594,3232,4957,6725,8587,10748,13307,15925,1638,1725,1768,1862,2161,2559,2618
50000,"Slater, Nicholas J.",non-elite,1492,3010,4646,6705,8820,11085,13464,16027,1518,1636,2059,2115,2265,2379,2563
50001,"Wallace, Silifa K.",non-elite,1837,3655,5506,7396,9495,11572,14049,16193,1818,1851,1890,2099,2077,2477,2144
50002,"McLean, James IV",non-elite,2003,3827,5671,7660,9813,11909,14119,16257,1824,1844,1989,2153,2096,2210,2138
50003,"Brodmerkle, Julia M.",non-elite,1871,3787,5756,7755,9783,11920,14106,16262,1916,1969,1999,2028,2137,2186,2156
50004,"Maccario, Diana C.",non-elite,1563,3157,4772,6512,8593,11068,13944,16171,1594,1615,1740,2081,2475,2876,2227
50005,"Nakano, Yoko",non-elite,1798,3573,5280,7041,8827,10678,12698,16211,1775,1707,1761,1786,1851,2020,3513
50006,"Morris, Geri",non-elite,1824,3673,5589,7594,9635,11862,14065,16207,1849,1916,2005,2041,2227,2203,2142
50007,"Derome, Nicole M.",non-elite,1868,3676,5535,7421,9387,11526,13807,16174,1808,1859,1886,1966,2139,2281,2367
50008,"Sullivan, Tim",non-elite,1735,3502,5268,7107,9003,11299,13801,16198,1767,1766,1839,1896,2296,2502,2397
50009,"Espiritu, Jennifer K.",non-elite,1861,3740,5699,7624,9644,11789,14040,16254,1879,1959,1925,2020,2145,2251,2214
50010,"Rinaldo-Lee, Marjory B.",non-elite,1883,3787,5739,7732,9738,11903,14115,16240,1904,1952,1993,2006,2165,2212,2125
50011,"Anthony, Michael",non-elite,1777,3484,5162,6973,8931,11191,13558,16115,1707,1678,1811,1958,2260,2367,2557
50012,"Malloy, Dennis E.",non-elite,1895,3789,5769,7777,9837,11961,14155,16298,1894,1980,2008,2060,2124,2194,2143
50013,"Cherry, Paul",non-elite,1527,3127,4801,6593,8611,10963,13592,16181,1600,1674,1792,2018,2352,2629,2589
50014,"O'Connell, Paul E.",non-elite,1813,3508,5207,7037,9048,11284,13723,16127,1695,1699,1830,2011,2236,2439,2404
50015,"Robert, Jean",non-elite,1590,3166,4896,6841,8982,11316,13715,16155,1576,1730,1945,2141,2334,2399,2440
50016,"Giroux, Natalie",non-elite,1716,3577,5485,7533,9536,11686,14006,16180,1861,1908,2048,2003,2150,2320,2174
50017,"Pepin, Denis",non-elite,1699,3567,5500,7701,9536,11648,14011,16177,1868,1933,2201,1835,2112,2363,2166
50018,"Jo, Ko",non-elite,1631,3240,4875,6604,8580,10875,13388,16081,1609,1635,1729,1976,2295,2513,2693
50019,"Wright, Ronnie",non-elite,1586,3235,5091,6792,8550,10568,12883,15762,1649,1856,1701,1758,2018,2315,2879
50020,"McMahon, Patrick M.",non-elite,1694,3358,5034,6768,8722,11057,13824,16197,1664,1676,1734,1954,2335,2767,2373
50021,"Bunn, Anne",non-elite,1857,3637,5378,7199,9046,11229,13904,16234,1780,1741,1821,1847,2183,2675,2330
50022,"Dunleavey, Boyd",non-elite,1891,3798,5729,7711,9749,11872,14011,16229,1907,1931,1982,2038,2123,2139,2218
50023,"Smith, Kristine A.",non-elite,1819,3594,5467,7433,9447,11666,13898,16320,1775,1873,1966,2014,2219,2232,2422
50024,"Johnson, Nils O.",non-elite,1824,3533,5265,7133,9328,11575,14012,16227,1709,1732,1868,2195,2247,2437,2215
50025,"Galvao, Maria P.",non-elite,1953,3874,5771,7705,9712,11857,14006,16277,1921,1897,1934,2007,2145,2149,2271
50026,"Erickson, Pamela",non-elite,1790,3678,5685,7716,9710,11885,14119,16269,1888,2007,2031,1994,2175,2234,2150
50027,"Rosenberger, Benjamin L",non-elite,1484,3075,4825,6723,8685,10963,13377,15862,1591,1750,1898,1962,2278,2414,2485
50028,"Davenport, David C",non-elite,1720,3447,5314,7250,9267,11448,13738,16151,1727,1867,1936,2017,2181,2290,2413
50029,"Churruca, Ana Maria",non-elite,1581,3220,4991,6880,8847,11318,14074,16381,1639,1771,1889,1967,2471,2756,2307
50030,"Delaney, Lauren E.",non-elite,1980,3912,5876,7886,9907,11951,14245,16299,1932,1964,2010,2021,2044,2294,2054
50031,"Vigue, Ronald",non-elite,1629,3300,5057,6968,8987,11250,13768,16227,1671,1757,1911,2019,2263,2518,2459
50032,"Brooks, Christine K",non-elite,1713,3626,5572,7571,9610,11968,14150,16266,1913,1946,1999,2039,2358,2182,2116
50033,"Howie, Manon",non-elite,1890,3786,5718,7682,9791,11912,14107,16267,1896,1932,1964,2109,2121,2195,2160
50034,"Kleinmann, Nicole E.",non-elite,1867,3733,5603,7552,9607,11694,13832,16343,1866,1870,1949,2055,2087,2138,2511
50035,"Bram, Arie R.",non-elite,1817,3583,5381,7274,9231,11365,13737,16166,1766,1798,1893,1957,2134,2372,2429
50036,"Fausey, Adrienne",non-elite,1758,3568,5413,7322,9350,11577,13987,16254,1810,1845,1909,2028,2227,2410,2267
50037,"Loehr, Timothy C.",non-elite,1785,3626,5564,7600,9718,11934,14219,16309,1841,1938,2036,2118,2216,2285,2090
50038,"Friberg, Jeanne",non-elite,1539,3151,4753,6630,8481,11188,13645,16205,1612,1602,1877,1851,2707,2457,2560
50039,"Harmon, Ethan J.",non-elite,1719,3321,4945,6608,9042,11292,13667,16154,1602,1624,1663,2434,2250,2375,2487
50040,"Dietrich, Frank",non-elite,1673,3407,5303,7276,9314,11526,13933,16277,1734,1896,1973,2038,2212,2407,2344
50041,"Mozer, Chris",non-elite,1511,3175,4997,6986,9042,11582,13893,16127,1664,1822,1989,2056,2540,2311,2234
50042,"Muston, Dave L",non-elite,1530,3167,4911,6746,8690,10904,13359,16100,1637,1744,1835,1944,2214,2455,2741
50043,"Drzewiecki, Alexis",non-elite,1748,3544,5466,7467,9492,11715,14009,16283,1796,1922,2001,2025,2223,2294,2274
50044,"Chizmadia, Ilyce M.",non-elite,1885,3762,5639,7568,9541,11722,14017,16223,1877,1877,1929,1973,2181,2295,2206
50045,"Tarleton, Ken",non-elite,1625,3287,5149,7056,8968,11280,13959,16297,1662,1862,1907,1912,2312,2679,2338
50046,"Rodde, Laura",non-elite,1626,3287,4993,6817,8903,11280,13959,16297,1661,1706,1824,2086,2377,2679,2338
50047,"Laws, Kelly",non-elite,1734,3520,5522,7574,9634,11828,14380,16358,1786,2002,2052,2060,2194,2552,1978
50048,"Westacott, Judy D",non-elite,1782,3608,5501,7525,9558,11700,13965,16184,1826,1893,2024,2033,2142,2265,2219
50049,"McCormick, Siobhan E.",non-elite,1783,3609,5501,7525,9558,11700,13965,16184,1826,1892,2024,2033,2142,2265,2219
50050,"Zuccaro, Molly",non-elite,1806,3504,5348,7417,9471,11751,13951,16255,1698,1844,2069,2054,2280,2200,2304
50051,"Farrell, David A.",non-elite,1815,3597,5388,7318,9389,11718,14155,16309,1782,1791,1930,2071,2329,2437,2154
50052,"Murphy, Amanda J.",non-elite,1661,3479,5494,7483,9512,11726,14126,16288,1818,2015,1989,2029,2214,2400,2162
50053,"Linehan, Jonathan",non-elite,1961,3841,5715,7591,9561,11708,13919,16239,1880,1874,1876,1970,2147,2211,2320
50054,"Tobey, Gregory",non-elite,1655,3352,5075,6908,9108,11471,13989,16364,1697,1723,1833,2200,2363,2518,2375
50055,"Hunter, Kim A.",non-elite,1855,3757,5661,7634,9718,11961,14183,16303,1902,1904,1973,2084,2243,2222,2120
50056,"Ratier, John T.",non-elite,1651,3378,5190,7179,9254,11589,13771,16093,1727,1812,1989,2075,2335,2182,2322
50057,"Mahoney, Meaghan E",non-elite,1654,3271,5213,9208,10852,12655,14641,16474,1617,1942,3995,1644,1803,1986,1833
50058,"Bloomer, Helen J.",non-elite,1747,3599,5576,7629,9728,12082,14252,16272,1852,1977,2053,2099,2354,2170,2020
50059,"Gonzalez Oropeza, Miguel",non-elite,1619,3209,4849,6778,9153,11519,13981,16227,1590,1640,1929,2375,2366,2462,2246
50060,"Mistrot, Thomas R",non-elite,1648,3597,5539,7606,9802,12138,14333,16380,1949,1942,2067,2196,2336,2195,2047
50061,"Ross, Mary E.",non-elite,1747,3599,5576,7629,9728,12083,14252,16272,1852,1977,2053,2099,2355,2169,2020
50062,"Perowne, Ian H",non-elite,1641,3276,4944,6657,8515,11041,13297,16091,1635,1668,1713,1858,2526,2256,2794
50063,"Temple, Tai H.",non-elite,2268,4524,6524,8532,10582,12589,14526,16444,2256,2000,2008,2050,2007,1937,1918
50064,"Basydlo, Rob",non-elite,1391,2750,4168,5712,7552,10095,13186,16218,1359,1418,1544,1840,2543,3091,3032
50065,"Mota, Jay",non-elite,1754,3517,5327,7223,9351,11916,14264,16358,1763,1810,1896,2128,2565,2348,2094
50066,"Small, Matthew",non-elite,1725,3438,5210,7104,9019,11283,13688,16090,1713,1772,1894,1915,2264,2405,2402
50067,"Pokraka, Glenn",non-elite,1812,3649,5491,7368,9374,11538,13992,16179,1837,1842,1877,2006,2164,2454,2187
50068,"Gornall, Andrew",non-elite,1966,3947,5929,7925,9949,12087,14262,16370,1981,1982,1996,2024,2138,2175,2108
50069,"Kreis, Sandra",non-elite,1949,3854,5790,7769,9799,11954,14268,16349,1905,1936,1979,2030,2155,2314,2081
50070,"Yung, Yuk Lan",non-elite,1844,3819,6071,8086,10078,12209,14306,16339,1975,2252,2015,1992,2131,2097,2033
50071,"Green, Jennifer B.",non-elite,1959,3959,5887,7979,10170,12309,14373,16375,2000,1928,2092,2191,2139,2064,2002
50072,"Alhazmi, Mohammad A.",non-elite,1364,2938,4868,6735,8652,11131,13673,16220,1574,1930,1867,1917,2479,2542,2547
50073,"McGonigle, Emily R.",non-elite,1947,3928,5850,7845,9950,12118,14300,16429,1981,1922,1995,2105,2168,2182,2129
50074,"Svendsen, Lance",non-elite,1920,3813,5725,7736,9839,11984,14152,16382,1893,1912,2011,2103,2145,2168,2230
50075,"Quinn, Thomas P.",non-elite,1825,3751,5683,7722,9704,11976,14143,16333,1926,1932,2039,1982,2272,2167,2190
50076,"Rizzo, Livia C.",non-elite,1886,3681,5463,7281,9168,11390,14000,16097,1795,1782,1818,1887,2222,2610,2097
50077,"Guo, Jun",non-elite,1744,3523,5454,7627,9852,12313,14381,16497,1779,1931,2173,2225,2461,2068,2116
50078,"Kim, Haesig",non-elite,1800,3629,5453,7338,9240,11220,13464,16099,1829,1824,1885,1902,1980,2244,2635
50079,"Debueriis, Lauren A.",non-elite,1833,3653,5531,7439,9549,11771,14260,16449,1820,1878,1908,2110,2222,2489,2189
50080,"Mendez, Maria R.",non-elite,1652,3381,5113,7145,9360,11489,13865,16269,1729,1732,2032,2215,2129,2376,2404
50081,"Reeb, Michelle",non-elite,1742,3510,5300,7177,9350,11717,14216,16377,1768,1790,1877,2173,2367,2499,2161
50082,"Palmisano, Salvatore",non-elite,2109,3974,5834,7814,9833,11978,14209,16396,1865,1860,1980,2019,2145,2231,2187
50083,"Pillari, Melissa F",non-elite,2022,4025,6033,8020,10031,12132,14215,16262,2003,2008,1987,2011,2101,2083,2047
50084,"Bacigalupo, Matthew",non-elite,1692,3394,5323,7315,9333,11662,14080,16342,1702,1929,1992,2018,2329,2418,2262
50085,"Orlandino, Lauren",non-elite,1793,3644,5547,7526,9551,11736,14269,16322,1851,1903,1979,2025,2185,2533,2053
50086,"Teitell, Ernest F.",non-elite,2078,4026,5962,7972,9978,12135,14256,16335,1948,1936,2010,2006,2157,2121,2079
50087,"Caplen, Robert A.",non-elite,1585,3174,4823,6743,9107,11567,14083,16268,1589,1649,1920,2364,2460,2516,2185
50088,"Becker, Russell H.",non-elite,1823,3677,5528,7414,9377,11575,13902,16231,1854,1851,1886,1963,2198,2327,2329
50089,"Rosenthal, Ann",non-elite,1836,3705,5605,7583,9496,11570,13964,16238,1869,1900,1978,1913,2074,2394,2274
50090,"Firth, Victor M.",non-elite,1886,3789,5710,7693,9736,11878,14294,16375,1903,1921,1983,2043,2142,2416,2081
50091,"Wilson, Katherine J.",non-elite,1704,3416,5154,6946,8771,10777,13666,16252,1712,1738,1792,1825,2006,2889,2586
50093,"Levine, Jillian",non-elite,2004,4006,5994,8040,10080,12233,14312,16363,2002,1988,2046,2040,2153,2079,2051
50094,"Sinnott, Sinead M.",non-elite,1892,3800,5762,7777,9808,11943,14141,16380,1908,1962,2015,2031,2135,2198,2239
50095,"Heffernan, PJ",non-elite,1887,3701,5581,7524,9494,11697,13926,16281,1814,1880,1943,1970,2203,2229,2355
50096,"Brown, Jerelyn A.",non-elite,1870,3730,5636,7692,9762,12012,14301,16363,1860,1906,2056,2070,2250,2289,2062
50097,"Burdell, Gwyn M.",non-elite,1963,3936,5859,7866,9870,11926,14223,16328,1973,1923,2007,2004,2056,2297,2105
50098,"Proserpio, Nadia",non-elite,1919,3812,5799,7816,9889,12062,14287,16365,1893,1987,2017,2073,2173,2225,2078
50099,"Chaffee, Bridgett",non-elite,1963,3937,5859,7867,9869,11926,14224,16329,1974,1922,2008,2002,2057,2298,2105
50100,"Csonka, Robert J.",non-elite,1937,3779,5640,7576,9608,11990,14274,16407,1842,1861,1936,2032,2382,2284,2133
50101,"Joshi, Ronak",non-elite,1874,3860,5800,7962,10007,12191,14416,16504,1986,1940,2162,2045,2184,2225,2088
50102,"Detch, Jodi L.",non-elite,1802,3630,5504,7438,9447,11617,13961,16243,1828,1874,1934,2009,2170,2344,2282
50103,"Cleminson, Michelle P",non-elite,1491,3006,4540,6109,7778,10417,13290,16149,1515,1534,1569,1669,2639,2873,2859
50104,"Quirk, Jennifer C.",non-elite,1889,3832,5809,7816,9859,12002,14217,16349,1943,1977,2007,2043,2143,2215,2132
50105,"Lopreato, Nicole",non-elite,1863,3672,5549,7500,9693,11919,14177,16338,1809,1877,1951,2193,2226,2258,2161
50106,"Johnson, Scott W.",non-elite,1813,3559,5309,7146,9202,11388,13798,16375,1746,1750,1837,2056,2186,2410,2577
50107,"Dougherty, Kathleen M.",non-elite,1680,3521,5424,7518,9723,11955,14185,16303,1841,1903,2094,2205,2232,2230,2118
50108,"Meehan, Lisa",non-elite,1787,3658,5522,7444,9430,11571,13949,16207,1871,1864,1922,1986,2141,2378,2258
50109,"Thornton, Deborah B.",non-elite,1955,3936,5857,7804,9808,11948,14177,16318,1981,1921,1947,2004,2140,2229,2141
50110,"Usui, Keiko",non-elite,1991,3977,5983,8006,10038,12158,14206,16292,1986,2006,2023,2032,2120,2048,2086
50111,"Eisenberg-Argo, Susie",non-elite,1693,3448,5253,7128,9300,11539,14032,16309,1755,1805,1875,2172,2239,2493,2277
50112,"Ford, Paul G",non-elite,1772,3511,5335,7291,9249,11488,13829,16269,1739,1824,1956,1958,2239,2341,2440
50113,"Nee, Brendan J.",non-elite,1528,3056,4732,6633,8664,10831,13882,16340,1528,1676,1901,2031,2167,3051,2458
50114,"Reuter, Michelle",non-elite,2093,4116,6151,8261,10289,12413,14490,16437,2023,2035,2110,2028,2124,2077,1947
50115,"Colby, Tara A.",non-elite,1864,3740,5687,7683,9796,12112,14248,16353,1876,1947,1996,2113,2316,2136,2105
50116,"Wilkins, Darrell F",non-elite,1794,3651,5669,7720,9721,11873,14140,16297,1857,2018,2051,2001,2152,2267,2157
50117,"McGrath, Karen I.",non-elite,2095,4116,6152,8261,10290,12413,14491,16438,2021,2036,2109,2029,2123,2078,1947
50118,"Suarez Duran, Maria Fernanda",non-elite,1994,3969,5878,7811,9819,11949,14157,16300,1975,1909,1933,2008,2130,2208,2143
50119,"Schuler, Kathleen",non-elite,2054,4246,6053,8092,10570,12337,14439,16361,2192,1807,2039,2478,1767,2102,1922
50120,"Eisenman, Michael D.",non-elite,1901,3740,5593,7562,9598,11781,14181,16380,1839,1853,1969,2036,2183,2400,2199
50121,"Wyrtzen, Chris III",non-elite,1844,3606,5333,7154,9128,11374,13762,16232,1762,1727,1821,1974,2246,2388,2470
50122,"Schuler, Chuck",non-elite,2055,4247,6055,8096,10571,12337,14439,16361,2192,1808,2041,2475,1766,2102,1922
50123,"Lim, Victoria",non-elite,1865,3769,5703,7684,9682,11784,14010,16238,1904,1934,1981,1998,2102,2226,2228
50124,"Cleveland, Cynthia",non-elite,1734,3523,5436,7293,9377,11744,14243,16404,1789,1913,1857,2084,2367,2499,2161
50125,"Brown, John J.",non-elite,1758,3497,5319,7250,9388,11717,14091,16300,1739,1822,1931,2138,2329,2374,2209
50126,"O'Farrell, Jennifer",non-elite,1719,3508,5389,7294,9455,11668,13897,16206,1789,1881,1905,2161,2213,2229,2309
50127,"Eikens, Maryann",non-elite,1818,3701,5634,7717,9769,12231,14395,16389,1883,1933,2083,2052,2462,2164,1994
50128,"Somoza Pardo, Santiago",non-elite,1575,3286,5059,6933,8951,11254,13663,16119,1711,1773,1874,2018,2303,2409,2456
50129,"Lamb, Jeff",non-elite,1687,3442,5313,7302,9304,11483,13896,16122,1755,1871,1989,2002,2179,2413,2226
50130,"McCarter, Michael R.",non-elite,1917,3787,5647,7589,9583,11738,14015,16302,1870,1860,1942,1994,2155,2277,2287
50131,"Power, Kaitryn C.",non-elite,1900,3749,5671,7709,9752,11958,14286,16370,1849,1922,2038,2043,2206,2328,2084
50132,"Silkey, Brent D.",non-elite,1977,3989,6031,8062,10088,12361,14592,16529,2012,2042,2031,2026,2273,2231,1937
50133,"Chinn, Sharlene",non-elite,1597,3203,4845,6547,8488,11185,13621,16241,1606,1642,1702,1941,2697,2436,2620
50134,"Martula, David",non-elite,1661,3473,5385,7332,9367,11536,13828,16188,1812,1912,1947,2035,2169,2292,2360
50135,"Bourassa, Pierre",non-elite,1748,3568,5540,7534,9622,11807,14070,16211,1820,1972,1994,2088,2185,2263,2141
50136,"Volpicelli, Corey R.",non-elite,2020,3981,5857,7797,9797,12115,14325,16424,1961,1876,1940,2000,2318,2210,2099
50137,"Marino, Carl",non-elite,1698,3349,5056,6880,9039,11256,13768,16162,1651,1707,1824,2159,2217,2512,2394
50138,"Revell, Aaron",non-elite,1679,3342,5034,6881,9063,11676,13947,16364,1663,1692,1847,2182,2613,2271,2417
50139,"Marino, Ilona",non-elite,1698,3350,5056,6881,9040,11257,13768,16163,1652,1706,1825,2159,2217,2511,2395
50140,"Kurpiewski, Stephanie",non-elite,1752,3648,5699,7752,9838,12204,14537,16424,1896,2051,2053,2086,2366,2333,1887
50141,"Knochowski, Natalia",non-elite,1902,3806,5726,7711,9749,11961,14185,16367,1904,1920,1985,2038,2212,2224,2182
50142,"Shimada, Mayuko",non-elite,1685,3454,5294,7386,9615,11886,14240,16452,1769,1840,2092,2229,2271,2354,2212
50143,"Pujals, Blanca M.",non-elite,1840,3713,5610,7537,9511,11692,13979,16325,1873,1897,1927,1974,2181,2287,2346
50144,"Colignon, Dave",non-elite,1742,3499,5235,7149,9319,11595,14066,16308,1757,1736,1914,2170,2276,2471,2242
50145,"Padilla, Mercedes",non-elite,1839,3714,5610,7545,9512,11738,14165,16325,1875,1896,1935,1967,2226,2427,2160
50146,"Lee, Sang Gon",non-elite,1916,3872,5871,7813,9988,12061,14295,16380,1956,1999,1942,2175,2073,2234,2085
50147,"Fong, Gerald",non-elite,1887,3628,5350,7337,9516,11647,14096,16360,1741,1722,1987,2179,2131,2449,2264
50148,"Washam, Andrea M.",non-elite,1548,3191,5155,7133,9271,11571,14114,16483,1643,1964,1978,2138,2300,2543,2369
50149,"Besson, Philippe",non-elite,1621,3176,4752,6521,8377,10717,13469,16122,1555,1576,1769,1856,2340,2752,2653
50150,"McCarthy, Christina S.",non-elite,1774,3687,5617,7745,9688,11762,13910,16301,1913,1930,2128,1943,2074,2148,2391
50151,"Cummings, Michelle",non-elite,1927,3850,5806,7789,9866,12025,14157,16360,1923,1956,1983,2077,2159,2132,2203
50152,"Atherton, Richard E.",non-elite,1708,3442,5423,7436,9522,11661,14161,16319,1734,1981,2013,2086,2139,2500,2158
50153,"Kommit, Jeffrey",non-elite,1965,3938,5903,7882,9862,11983,14141,16326,1973,1965,1979,1980,2121,2158,2185
50154,"Moran, Troy J.",non-elite,1671,3443,5313,7342,9395,11659,14056,16311,1772,1870,2029,2053,2264,2397,2255
50155,"Calter, Ryan T.",non-elite,1757,3529,5310,7340,9420,11620,14010,16312,1772,1781,2030,2080,2200,2390,2302
50156,"Chisholm, Edward J. III",non-elite,1708,3442,5423,7436,9522,11660,14161,16319,1734,1981,2013,2086,2138,2501,2158
50157,"Allen, Timothy W",non-elite,1739,3498,5296,7166,9345,11686,14096,16328,1759,1798,1870,2179,2341,2410,2232
50158,"Parke, John",non-elite,1938,3873,5834,7758,9806,11982,14271,16391,1935,1961,1924,2048,2176,2289,2120
50159,"Manna, John A.",non-elite,1575,3181,4839,6650,8739,11069,13532,16334,1606,1658,1811,2089,2330,2463,2802
50160,"Woods, Lauren J.",non-elite,1852,3704,5759,7689,9650,11793,13972,16257,1852,2055,1930,1961,2143,2179,2285
50161,"Poirier, Matthew",non-elite,1750,3475,5195,6980,8770,10850,13441,16313,1725,1720,1785,1790,2080,2591,2872
50162,"Chase, Maggie A",non-elite,1635,3402,5183,7361,9302,11509,13887,16325,1767,1781,2178,1941,2207,2378,2438
50163,"Chaoui, Carol",non-elite,1891,3747,5649,7562,9750,11894,14485,16375,1856,1902,1913,2188,2144,2591,1890
50164,"Maul, Kate A",non-elite,1891,3747,5649,7562,9750,11894,14486,16375,1856,1902,1913,2188,2144,2592,1889
50165,"Chaoui, Amin",non-elite,1880,3687,5431,7329,9192,11098,13015,16376,1807,1744,1898,1863,1906,1917,3361
50166,"Kaiser, Bobalu",non-elite,1708,3385,5092,6852,8768,10862,13768,16228,1677,1707,1760,1916,2094,2906,2460
50167,"Munk, Linda M.",non-elite,1581,3223,5060,7188,9401,11886,14261,16365,1642,1837,2128,2213,2485,2375,2104
50168,"Haggerty, Sean R.",non-elite,1705,3376,5058,6793,8663,10894,13572,16303,1671,1682,1735,1870,2231,2678,2731
50169,"Kim, Howard H.",non-elite,1693,3453,5311,7319,9372,11635,14009,16276,1760,1858,2008,2053,2263,2374,2267
50170,"Rubinstein, Catherine",non-elite,2009,4108,6157,8235,10311,12319,14449,16429,2099,2049,2078,2076,2008,2130,1980
50171,"Fisher, Nina A",non-elite,1671,3382,5092,7875,9661,11704,13957,16254,1711,1710,2783,1786,2043,2253,2297
50172,"Hobbis, Frances C.",non-elite,1786,3541,5341,7223,9121,11157,13517,16075,1755,1800,1882,1898,2036,2360,2558
50173,"Blank, Perry E.",non-elite,1894,3796,5707,7686,9649,11790,14107,16404,1902,1911,1979,1963,2141,2317,2297
50174,"Coffman, Anne",non-elite,1719,3548,5474,7573,9553,11761,14014,16066,1829,1926,2099,1980,2208,2253,2052
50175,"Warn, Dara",non-elite,1871,3888,5843,7816,9964,12062,14236,16365,2017,1955,1973,2148,2098,2174,2129
50176,"Kwan, Peter",non-elite,1918,3904,5895,7904,9918,12023,14214,16333,1986,1991,2009,2014,2105,2191,2119
50177,"Sargent, Stacy",non-elite,2039,4224,6308,8321,10335,12406,14423,16396,2185,2084,2013,2014,2071,2017,1973
50178,"Wai, Tong Kuan Sr.",non-elite,1538,3232,5013,6896,8902,11219,13772,16261,1694,1781,1883,2006,2317,2553,2489
50179,"Rancour, Judith",non-elite,1745,3621,5672,7679,9764,12007,14251,16403,1876,2051,2007,2085,2243,2244,2152
50180,"Lee, Sang Kyun",non-elite,1696,3381,5090,6824,8611,10630,13021,15979,1685,1709,1734,1787,2019,2391,2958
50181,"Wlson, Jennifer M.",non-elite,1867,3765,5665,7717,9784,11948,14189,16410,1898,1900,2052,2067,2164,2241,2221
50182,"Lang, Susan",non-elite,1575,3173,4842,6750,8782,10928,13407,16252,1598,1669,1908,2032,2146,2479,2845
50183,"Kennelly, Brendan",non-elite,1440,2957,4831,6916,8965,11268,13605,16239,1517,1874,2085,2049,2303,2337,2634
50184,"Marchesano, Suzanne",non-elite,1707,3586,5594,7647,9803,12048,14278,16413,1879,2008,2053,2156,2245,2230,2135
50185,"Law, Michael",non-elite,1742,3430,5226,7249,9254,11816,14271,16436,1688,1796,2023,2005,2562,2455,2165
50186,"Zawada, Jaclyn R.",non-elite,2086,4063,6009,8185,10222,12287,14373,16405,1977,1946,2176,2037,2065,2086,2032
50187,"Whitney, Heidi M.",non-elite,1906,3892,5854,7932,10004,12158,14335,16417,1986,1962,2078,2072,2154,2177,2082
50188,"Suit, Carol T.",non-elite,1654,3396,5314,7489,9618,11941,14467,16462,1742,1918,2175,2129,2323,2526,1995
50189,"Winfield, Ryan M.",non-elite,1878,3865,5762,7766,9920,12061,14263,16354,1987,1897,2004,2154,2141,2202,2091
50190,"Silverman, Rachel",non-elite,2039,3944,5820,7815,9745,11835,13999,16348,1905,1876,1995,1930,2090,2164,2349
50191,"Hohertz-Jacobs, Karen",non-elite,1907,3823,5730,7664,9645,11795,14044,16317,1916,1907,1934,1981,2150,2249,2273
50192,"Thompson, Dave",non-elite,1828,3631,5395,7238,9212,11320,13995,16335,1803,1764,1843,1974,2108,2675,2340
50193,"Sheahan, Patty",non-elite,1792,3721,5795,7797,9857,12021,14247,16373,1929,2074,2002,2060,2164,2226,2126
50194,"McEachern, Kyle M.",non-elite,1826,3751,5684,7722,9710,11977,14148,16333,1925,1933,2038,1988,2267,2171,2185
50195,"Furnival, Thomas J.",non-elite,1755,3547,5355,7287,9303,11561,13946,16264,1792,1808,1932,2016,2258,2385,2318
50196,"Sullivan, Kevin M.",non-elite,1733,3478,5250,7062,8945,10984,13719,16243,1745,1772,1812,1883,2039,2735,2524
50197,"Regan, Richard A.",non-elite,1737,3391,5032,6758,8571,11104,13733,16276,1654,1641,1726,1813,2533,2629,2543
50198,"Rolling, Brandon",non-elite,1726,3497,5299,7170,9205,11558,13969,16350,1771,1802,1871,2035,2353,2411,2381
50199,"Carroll, Joseph P.",non-elite,1885,3718,5577,7424,9326,11497,14048,16357,1833,1859,1847,1902,2171,2551,2309
50200,"Donaldson, Joe",non-elite,1726,3497,5298,7170,9204,11558,13968,16350,1771,1801,1872,2034,2354,2410,2382
50201,"Irwin, Kathryn M.",non-elite,1685,3423,5226,7147,9109,11300,13478,16171,1738,1803,1921,1962,2191,2178,2693
50202,"Stewart, Kenneth",non-elite,1819,3595,5431,7281,9186,11624,14126,16428,1776,1836,1850,1905,2438,2502,2302
50203,"Carroll, Matthew T.",non-elite,1804,3584,5365,7175,9028,11301,13830,16295,1780,1781,1810,1853,2273,2529,2465
50204,"Peters, Joseph",non-elite,1660,3367,5057,6879,8899,11252,13990,16367,1707,1690,1822,2020,2353,2738,2377
50205,"Clarke, Travis",non-elite,1711,3574,5544,7567,9513,11731,14228,16400,1863,1970,2023,1946,2218,2497,2172
50206,"Schaub, Barry J Sr.",non-elite,1632,3450,5303,7292,9446,11869,14393,16451,1818,1853,1989,2154,2423,2524,2058
50207,"Saavedra, Jacqueline M.",non-elite,1607,3331,5364,7573,9716,12051,14304,16427,1724,2033,2209,2143,2335,2253,2123
50208,"Gray, William A.",non-elite,1805,3655,5468,7375,9449,11574,13974,16395,1850,1813,1907,2074,2125,2400,2421
50209,"Gardner, Joanne K",non-elite,1751,3506,5269,7039,8851,10883,13197,16032,1755,1763,1770,1812,2032,2314,2835
50210,"Earley, Bri N.",non-elite,1944,3922,5955,7965,10014,12088,14197,16394,1978,2033,2010,2049,2074,2109,2197
50211,"Gilbert, Tammy L.",non-elite,1818,3671,5582,7609,9746,12003,14241,16390,1853,1911,2027,2137,2257,2238,2149
50212,"Didelot, Bruno",non-elite,1752,3585,5446,7354,9394,11626,13953,16302,1833,1861,1908,2040,2232,2327,2349
50213,"Barry, Timothy F.",non-elite,1685,3374,5092,6906,8869,11215,13657,16325,1689,1718,1814,1963,2346,2442,2668
50215,"Burke, Annmarie S.",non-elite,1863,3766,5680,7673,9934,12134,14392,16437,1903,1914,1993,2261,2200,2258,2045
50216,"Beers, William",non-elite,1636,3371,5091,6925,8908,11047,13391,16158,1735,1720,1834,1983,2139,2344,2767
50217,"Coogan, Meg R.",non-elite,1875,3748,5688,7688,9727,11889,14105,16426,1873,1940,2000,2039,2162,2216,2321
50218,"Spadaro, Karalyn",non-elite,1763,3497,5339,7286,9418,11672,13975,16295,1734,1842,1947,2132,2254,2303,2320
50219,"Hurst, Allen",non-elite,1728,3460,5226,7074,8964,11289,13771,16279,1732,1766,1848,1890,2325,2482,2508
50220,"Salmon, Cara A.",non-elite,1905,3867,5777,7740,9698,11833,14321,16441,1962,1910,1963,1958,2135,2488,2120
50221,"Hayes, Maureen",non-elite,1893,3804,5734,7751,9814,11966,14220,16368,1911,1930,2017,2063,2152,2254,2148
50222,"Amos, Debra B",non-elite,1789,3713,5650,7676,9733,11873,14141,16336,1924,1937,2026,2057,2140,2268,2195
50223,"Carlson-Wang, Judith A.",non-elite,1849,3675,5520,7479,9554,11842,14110,16394,1826,1845,1959,2075,2288,2268,2284
50224,"Zalewski, Laura M",non-elite,1672,3421,5238,7167,9141,11488,13914,16374,1749,1817,1929,1974,2347,2426,2460
50225,"McLaughlin, Holly M.",non-elite,1957,3949,5915,8055,10254,12434,14455,16406,1992,1966,2140,2199,2180,2021,1951
50226,"Tebo, Cathy",non-elite,1663,3358,5229,7413,9647,12041,14392,16493,1695,1871,2184,2234,2394,2351,2101
50227,"Breen, Michael T.",non-elite,1620,3310,5108,7052,9100,11368,13844,16359,1690,1798,1944,2048,2268,2476,2515
50228,"Kowalchuk, Edward J.",non-elite,1458,3104,4739,6424,8159,10424,13564,16540,1646,1635,1685,1735,2265,3140,2976
50229,"Gilbert, Jeff",non-elite,1698,3426,5172,7003,8983,11237,13705,16274,1728,1746,1831,1980,2254,2468,2569
50230,"Hoca, Stephen M.",non-elite,1418,2981,4636,6541,8528,11359,14274,16470,1563,1655,1905,1987,2831,2915,2196
50231,"Papageorgiou, Angela A.",non-elite,1747,3663,5616,7605,9683,11880,14264,16398,1916,1953,1989,2078,2197,2384,2134
50232,"Deere, Marsha A.",non-elite,1808,3679,5544,7449,9493,11796,14042,16303,1871,1865,1905,2044,2303,2246,2261
50233,"Polhemus, Constance E",non-elite,1794,3663,5525,7457,9464,11667,14009,16322,1869,1862,1932,2007,2203,2342,2313
50234,"Triche, Teresa",non-elite,1634,3318,5049,6919,9112,11338,13984,16434,1684,1731,1870,2193,2226,2646,2450
50235,"Pelletier, Stephen F.",non-elite,1970,3760,5445,7275,9126,11140,13473,16203,1790,1685,1830,1851,2014,2333,2730
50236,"Marques, Fernando J.",non-elite,1730,3511,5315,7251,9417,11742,14098,16358,1781,1804,1936,2166,2325,2356,2260
50237,"Santos, Oscar V.",non-elite,1874,3688,5670,7684,9742,11910,14184,16328,1814,1982,2014,2058,2168,2274,2144
50238,"Frosch, Jordan T.",non-elite,1869,3636,5362,7145,9100,11409,13943,16292,1767,1726,1783,1955,2309,2534,2349
50239,"Johnstone, C. Douglas",non-elite,1568,3217,4941,6712,8672,10788,13376,16349,1649,1724,1771,1960,2116,2588,2973
50240,"Ullman, Robert",non-elite,1741,3447,5193,6971,9100,11396,13757,16306,1706,1746,1778,2129,2296,2361,2549
50241,"Koenig, Laura L.",non-elite,1791,3594,5443,7364,9344,11675,14005,16284,1803,1849,1921,1980,2331,2330,2279
50242,"Lord, Albert L. III",non-elite,2037,4072,6057,8090,10109,12208,14286,16471,2035,1985,2033,2019,2099,2078,2185
50243,"Murphy, Michael P.",non-elite,1653,3364,5125,6981,9016,11363,14100,16430,1711,1761,1856,2035,2347,2737,2330
50244,"Speak, Sue D.",non-elite,1718,3580,5486,7467,9521,11767,14126,16359,1862,1906,1981,2054,2246,2359,2233
50245,"Vessel, Kathryn",non-elite,2039,3897,5791,7719,9723,11816,13992,16437,1858,1894,1928,2004,2093,2176,2445
50246,"Hazlewood, David",non-elite,1299,2595,3911,5354,6921,9069,12875,16163,1296,1316,1443,1567,2148,3806,3288
50247,"Burnett, Lynn",non-elite,1468,3065,4770,6837,9005,11468,14007,16313,1597,1705,2067,2168,2463,2539,2306
50248,"Leblanc, Daniel",non-elite,1783,3521,5369,7296,9326,11581,13984,16334,1738,1848,1927,2030,2255,2403,2350
50249,"West, Leonard R.",non-elite,1583,3254,4936,6718,8642,11070,13961,16527,1671,1682,1782,1924,2428,2891,2566
50250,"Goulet, Roger",non-elite,1936,3907,5895,7934,9939,12016,14139,16320,1971,1988,2039,2005,2077,2123,2181
50251,"Wheeler, Leslie B",non-elite,1777,3537,5269,7484,9549,11651,13981,16395,1760,1732,2215,2065,2102,2330,2414
50252,"Ives, Brittany L.",non-elite,1700,3401,5159,7400,9549,11670,13811,16441,1701,1758,2241,2149,2121,2141,2630
50253,"Spetnagel, David R",non-elite,1760,3584,5377,7112,8858,10822,13350,16182,1824,1793,1735,1746,1964,2528,2832
50254,"Lepere, Susan C",non-elite,1733,3485,5294,7290,9399,11758,14195,16445,1752,1809,1996,2109,2359,2437,2250
50255,"Winkler, Mark",non-elite,1840,3817,5752,7830,10003,12179,14408,16487,1977,1935,2078,2173,2176,2229,2079
50256,"Kupper, Sirko",non-elite,1917,3888,5882,7845,9888,11986,14195,16388,1971,1994,1963,2043,2098,2209,2193
50257,"Pallotta, Jim",non-elite,1654,3277,4885,6624,8998,11662,14137,16417,1623,1608,1739,2374,2664,2475,2280
50258,"York, Wendy J.",non-elite,1751,3607,5467,7212,9019,11034,13338,16367,1856,1860,1745,1807,2015,2304,3029
50259,"Leung, Kwok Hung",non-elite,1331,2669,4254,6122,8054,10175,13134,16030,1338,1585,1868,1932,2121,2959,2896
50260,"Axenstjerna, Patrik",non-elite,1801,3655,5563,7684,9715,11974,14274,16492,1854,1908,2121,2031,2259,2300,2218
50261,"Caceci, Kris L.",non-elite,1852,3715,5650,7656,10001,12051,14243,16459,1863,1935,2006,2345,2050,2192,2216
50262,"Wilkins, Stephen",non-elite,1788,3642,5726,7779,9872,12041,14327,16458,1854,2084,2053,2093,2169,2286,2131
50263,"Corken, Karen J.",non-elite,1724,3530,5426,7395,9387,11674,14125,16423,1806,1896,1969,1992,2287,2451,2298
50264,"Sabounjian, Jennifer L.",non-elite,1752,3582,5495,7477,9508,11765,14207,16424,1830,1913,1982,2031,2257,2442,2217
50265,"Woodward, Amos",non-elite,1824,3647,5530,7430,9414,11491,13861,16353,1823,1883,1900,1984,2077,2370,2492
50266,"Mauer, Jacquey M.",non-elite,1582,3404,5242,7194,9223,11452,14035,16448,1822,1838,1952,2029,2229,2583,2413
50267,"Roche, Alexis",non-elite,1877,3740,5545,7363,9325,11600,14079,16339,1863,1805,1818,1962,2275,2479,2260
50268,"Mcnamara, William",non-elite,1878,3740,5545,7364,9325,11600,14079,16340,1862,1805,1819,1961,2275,2479,2261
50269,"Merrill, Deirdre A.",non-elite,2022,4025,5899,7816,9859,11966,14180,16387,2003,1874,1917,2043,2107,2214,2207
50270,"Siciliano, Robert",non-elite,1950,3784,5835,7691,9539,11898,14411,16444,1834,2051,1856,1848,2359,2513,2033
50271,"Dobbs, Richard L.",non-elite,1782,3585,5411,7304,9205,11285,13579,16215,1803,1826,1893,1901,2080,2294,2636
50272,"Muscio, Mari",non-elite,1771,3676,5738,7803,9939,12101,14308,16418,1905,2062,2065,2136,2162,2207,2110
50273,"Zifcak, George",non-elite,1574,3221,5109,7054,9096,11683,13955,16399,1647,1888,1945,2042,2587,2272,2444
50274,"Zhao, Jian",non-elite,2149,3925,5698,7555,9471,11722,14096,16428,1776,1773,1857,1916,2251,2374,2332
50275,"Stone, Cathy J",non-elite,1652,3387,5179,7090,9109,11293,13692,16144,1735,1792,1911,2019,2184,2399,2452
50276,"Harris, Stephen A.",non-elite,1812,3527,5242,6974,8898,11149,13776,16369,1715,1715,1732,1924,2251,2627,2593
50277,"Correa, Richard",non-elite,1787,3561,5358,7198,9124,11317,13775,16285,1774,1797,1840,1926,2193,2458,2510
50278,"Calla, Mats",non-elite,1957,3924,5869,7883,9859,12054,14444,16482,1967,1945,2014,1976,2195,2390,2038
50279,"Le, Lynn",non-elite,1823,3720,5595,7514,9545,11742,14083,16484,1897,1875,1919,2031,2197,2341,2401
50280,"Ardila, Carlos",non-elite,1562,3137,4786,6569,8631,11006,13753,16359,1575,1649,1783,2062,2375,2747,2606
50281,"McManus, Jeanine",non-elite,1805,3694,5539,7473,9438,11572,13768,16287,1889,1845,1934,1965,2134,2196,2519
50282,"Parsons, Sarah",non-elite,1829,3648,5526,7510,9615,12001,14349,16501,1819,1878,1984,2105,2386,2348,2152
50283,"West, Timothy S.",non-elite,1862,3847,5636,7443,9278,11551,14149,16502,1985,1789,1807,1835,2273,2598,2353
50284,"Brooks, George P. Jr.",non-elite,1862,3846,5636,7442,9278,11551,14149,16502,1984,1790,1806,1836,2273,2598,2353
50285,"Stewart, Lisa",non-elite,1611,3327,5328,7320,9413,11692,14092,16480,1716,2001,1992,2093,2279,2400,2388
50286,"Spector, Amanda M.",non-elite,1849,3753,5713,7818,9836,11938,14130,16411,1904,1960,2105,2018,2102,2192,2281
50287,"Greene, John K.",non-elite,2063,4159,6234,8321,10382,12524,14642,16564,2096,2075,2087,2061,2142,2118,1922
50288,"Heveran, John",non-elite,1911,3882,5867,7944,10046,12304,14500,16509,1971,1985,2077,2102,2258,2196,2009
50289,"Marden, Sara",non-elite,1819,3701,5730,7735,9785,12108,14327,16464,1882,2029,2005,2050,2323,2219,2137
50290,"Curtin, Patrick",non-elite,2166,4277,6266,8147,9976,11953,14140,16475,2111,1989,1881,1829,1977,2187,2335
50291,"Gonsalves, Anne Marie",non-elite,1872,3808,5790,7823,9884,12058,14376,16461,1936,1982,2033,2061,2174,2318,2085
50292,"Lennox, Scott",non-elite,1754,3520,5803,7486,9440,11626,14354,16498,1766,2283,1683,1954,2186,2728,2144
50293,"Phair, Mark",non-elite,1800,3619,5486,7568,9642,11916,14186,16438,1819,1867,2082,2074,2274,2270,2252
50294,"Defusco-King, Norma J.",non-elite,1909,3844,5800,7808,9933,12090,14327,16470,1935,1956,2008,2125,2157,2237,2143
50295,"Loiselle, Rachel C.",non-elite,1921,3770,5614,7515,9542,11774,14348,16485,1849,1844,1901,2027,2232,2574,2137
50296,"Pinkham, David L.",non-elite,1920,3770,5614,7516,9543,11774,14348,16485,1850,1844,1902,2027,2231,2574,2137
50297,"Joseph, Paul R.",non-elite,1635,3274,4982,6962,9020,11513,14195,16448,1639,1708,1980,2058,2493,2682,2253
50298,"Flahive, Megan",non-elite,1916,3898,5886,7846,9953,12163,14356,16501,1982,1988,1960,2107,2210,2193,2145
50299,"Teramura, Keiko",non-elite,1845,3689,5510,7409,9457,11820,14107,16382,1844,1821,1899,2048,2363,2287,2275
50300,"Drohman, Valerie",non-elite,1704,3440,5287,7228,9232,11457,13988,16417,1736,1847,1941,2004,2225,2531,2429
50301,"Finklang, Jill S.",non-elite,1624,3389,5238,7226,9213,11501,13919,16328,1765,1849,1988,1987,2288,2418,2409
50302,"Lunden, Sara",non-elite,1854,3794,5730,7660,9761,11860,14259,16505,1940,1936,1930,2101,2099,2399,2246
50303,"Chambers, Maureen E.",non-elite,1746,3464,5229,7091,9103,11323,13834,16421,1718,1765,1862,2012,2220,2511,2587
50304,"Haley, Philip G.",non-elite,1900,3794,5656,7554,9514,11778,14097,16432,1894,1862,1898,1960,2264,2319,2335
50305,"Pabon, Jahir A.",non-elite,1571,3126,4681,6369,8358,10931,13890,16387,1555,1555,1688,1989,2573,2959,2497
50306,"Malm, Robert H.",non-elite,1781,3704,5651,7650,9645,11795,14045,16448,1923,1947,1999,1995,2150,2250,2403
50307,"Calungcagin, Tiffany",non-elite,1781,3595,5465,7514,9695,12093,14378,16523,1814,1870,2049,2181,2398,2285,2145
50308,"Patteson, Hilary J.",non-elite,1953,3963,5963,8007,10095,12222,14368,16504,2010,2000,2044,2088,2127,2146,2136
50309,"Alessandri, Stephanie",non-elite,2089,4099,6085,8141,10198,12369,14590,16543,2010,1986,2056,2057,2171,2221,1953
50310,"Sullivan, Mark W.",non-elite,1804,3584,5366,7251,9413,11824,14240,16429,1780,1782,1885,2162,2411,2416,2189
50311,"Kinder, Melinda S",non-elite,1757,3639,5598,7690,9849,12060,14361,16468,1882,1959,2092,2159,2211,2301,2107
50312,"Marshall, James C.",non-elite,1805,3616,5467,7362,9313,11425,13776,16263,1811,1851,1895,1951,2112,2351,2487
50313,"Bliss, Rachel",non-elite,1918,3803,5693,7693,9809,12071,14284,16472,1885,1890,2000,2116,2262,2213,2188
50314,"Zhang, Jian",non-elite,1816,3649,5546,7581,9728,11909,14282,16540,1833,1897,2035,2147,2181,2373,2258
50315,"Hillier, Mary Anne",non-elite,1779,3606,5480,7411,9394,11561,14092,16373,1827,1874,1931,1983,2167,2531,2281
50316,"Bertolami, Leo",non-elite,1868,3717,5623,7652,9641,11857,14067,16389,1849,1906,2029,1989,2216,2210,2322
50317,"Hecher, Kurt",non-elite,1543,3136,4865,6863,9088,11436,13893,16385,1593,1729,1998,2225,2348,2457,2492
50318,"Forbes, Amy E",non-elite,1544,3150,4970,7057,9201,11444,13705,16210,1606,1820,2087,2144,2243,2261,2505
50319,"Murphy, Sheila",non-elite,1913,3844,5913,7887,10160,12478,14919,16634,1931,2069,1974,2273,2318,2441,1715
50320,"Pemmerl, David R.",non-elite,1790,3467,5171,6989,8996,11322,13940,16381,1677,1704,1818,2007,2326,2618,2441
50321,"McCarthy, Stephen M.",non-elite,1884,3842,5808,7843,9900,12054,14366,16514,1958,1966,2035,2057,2154,2312,2148
50322,"Costanzo, Erica L.",non-elite,1947,3928,5850,7845,10133,12166,14303,16515,1981,1922,1995,2288,2033,2137,2212
50323,"Churchfield, Lynda",non-elite,1744,3530,5436,7302,9236,11408,13820,16309,1786,1906,1866,1934,2172,2412,2489
50324,"Morales Zavala, Francisco Javier",non-elite,1686,3405,5128,7025,9072,11549,14178,16430,1719,1723,1897,2047,2477,2629,2252
50325,"Morales Salgado, Victoria",non-elite,1687,3406,5131,7026,9072,11549,14180,16431,1719,1725,1895,2046,2477,2631,2251
50326,"Nunes, Alfredo",non-elite,1842,3569,5320,7166,9249,11519,13912,16328,1727,1751,1846,2083,2270,2393,2416
50327,"Postigo, Samantha E",non-elite,1491,2981,4553,6529,8502,11211,13956,16446,1490,1572,1976,1973,2709,2745,2490
50328,"O'Rourke, Martha",non-elite,1783,3583,5403,7323,9382,11733,14068,16359,1800,1820,1920,2059,2351,2335,2291
50329,"Buckley, Emer",non-elite,1792,3638,5551,7710,9811,12148,14317,16475,1846,1913,2159,2101,2337,2169,2158
50330,"Mack, Joseph W.",non-elite,1902,3740,5593,7564,9599,11782,14181,16466,1838,1853,1971,2035,2183,2399,2285
50331,"Das, Prashant",non-elite,1877,3651,5348,7063,9005,11158,13656,16254,1774,1697,1715,1942,2153,2498,2598
50332,"Issak, Mohamed",non-elite,1517,3138,4911,6742,8623,10977,13721,16390,1621,1773,1831,1881,2354,2744,2669
50333,"Mango, Aaron",non-elite,1794,3588,5597,7591,9654,11841,14151,16448,1794,2009,1994,2063,2187,2310,2297
50334,"Burfoot, Mairi",non-elite,1419,2920,4459,6712,9069,11589,14006,16532,1501,1539,2253,2357,2520,2417,2526
50335,"O'Neill, Robert",non-elite,1840,3592,5366,7165,9148,11360,13749,16354,1752,1774,1799,1983,2212,2389,2605
50336,"Johnson, Edward N.",non-elite,2015,4068,6059,8076,10160,12301,14484,16523,2053,1991,2017,2084,2141,2183,2039
50337,"Yun, Joungok",non-elite,1660,3444,5349,7434,9604,11847,14362,16558,1784,1905,2085,2170,2243,2515,2196
50338,"Hilts, Linda L.",non-elite,1859,3808,5884,8033,10153,12312,14453,16489,1949,2076,2149,2120,2159,2141,2036
50339,"Vaughn, Michelle E.",non-elite,1772,3681,5615,7569,9671,11968,14340,16508,1909,1934,1954,2102,2297,2372,2168
50340,"Lybrand, Danielle L",non-elite,1772,3681,5615,7569,9671,11968,14334,16507,1909,1934,1954,2102,2297,2366,2173
50341,"Pare, Freddi L.",non-elite,1731,3407,5069,6727,8594,10954,13946,16452,1676,1662,1658,1867,2360,2992,2506
50342,"Deacetis, Ashley E.",non-elite,1731,3457,5222,6992,8821,10983,13945,16452,1726,1765,1770,1829,2162,2962,2507
50343,"Nyman, Kristina L.",non-elite,1844,3732,5693,7796,10027,12221,14460,16563,1888,1961,2103,2231,2194,2239,2103
50344,"O'Brien, Bobby Earle",non-elite,1801,3617,5421,7282,9403,11678,14093,16340,1816,1804,1861,2121,2275,2415,2247
50345,"Nielsen, Eric D.",non-elite,1754,3600,5511,7619,9747,11947,14256,16499,1846,1911,2108,2128,2200,2309,2243
50346,"Phillips, Nicole A.",non-elite,2045,3963,5875,7846,10021,12165,14368,16541,1918,1912,1971,2175,2144,2203,2173
50347,"Lau, Bryan",non-elite,1949,3851,5739,7642,9574,11697,14041,16453,1902,1888,1903,1932,2123,2344,2412
50348,"Boraski, Meryn R.",non-elite,2046,3963,5875,7846,10021,12165,14369,16541,1917,1912,1971,2175,2144,2204,2172
50349,"Velis, John C.",non-elite,1948,3896,5828,7780,9783,11856,14143,16480,1948,1932,1952,2003,2073,2287,2337
50350,"Donato, Jennifer M",non-elite,1836,3715,5678,7685,9794,12004,14286,16470,1879,1963,2007,2109,2210,2282,2184
50351,"Brosnan, Michael",non-elite,1659,3397,5233,7160,9204,11442,13821,16289,1738,1836,1927,2044,2238,2379,2468
50352,"Abarbanel, Carly",non-elite,2041,3991,5938,7866,9886,12048,14242,16479,1950,1947,1928,2020,2162,2194,2237
50353,"Shaw, Rebecca L.",non-elite,1984,3908,5790,7691,9723,11868,14325,16451,1924,1882,1901,2032,2145,2457,2126
50354,"Sabella, Kelly A.",non-elite,2048,4055,6025,8184,10254,12291,14507,16528,2007,1970,2159,2070,2037,2216,2021
50355,"McGovern, Barb",non-elite,1790,3587,5387,7251,9315,11610,14160,16456,1797,1800,1864,2064,2295,2550,2296
50356,"Marsney, Meghan A.",non-elite,2013,4031,5959,7916,9943,12039,14257,16472,2018,1928,1957,2027,2096,2218,2215
50357,"Smith, Steven W.",non-elite,1798,3501,5211,7122,9508,11899,14200,16512,1703,1710,1911,2386,2391,2301,2312
50358,"Schrock, Jessie C",non-elite,1621,3301,5037,6884,8831,11186,13852,16433,1680,1736,1847,1947,2355,2666,2581
50359,"Dyer, Gail A.",non-elite,1861,3739,5624,7527,9437,11493,13780,16322,1878,1885,1903,1910,2056,2287,2542
50360,"Duff, Michael R.",non-elite,1912,3841,5786,7891,10046,12268,14499,16575,1929,1945,2105,2155,2222,2231,2076
50361,"Pearce, Barbara",non-elite,1660,3384,5212,7271,9535,12097,14592,16610,1724,1828,2059,2264,2562,2495,2018
50362,"Powers, Doug A.",non-elite,1804,3600,5368,7213,9106,11347,14082,16467,1796,1768,1845,1893,2241,2735,2385
50363,"Lee, Dokwon",non-elite,1685,3333,5056,6976,9041,11556,14595,16627,1648,1723,1920,2065,2515,3039,2032
50364,"Stoehr, Kathy J.",non-elite,1673,3441,5378,7400,9675,11876,14234,16499,1768,1937,2022,2275,2201,2358,2265
50365,"Mccaig, Duncan",non-elite,1685,3407,5252,7281,9426,11698,14057,16407,1722,1845,2029,2145,2272,2359,2350
50366,"Kurdziel, Lisa M.",non-elite,1917,3912,5956,8109,10287,12455,14555,16560,1995,2044,2153,2178,2168,2100,2005
50367,"D'Angelo, Abby L.",non-elite,1718,3463,5439,7610,9689,11937,14227,16468,1745,1976,2171,2079,2248,2290,2241
50368,"Soden, Patricia",non-elite,1777,3662,5659,7725,9832,12069,14343,16542,1885,1997,2066,2107,2237,2274,2199
50369,"Torilli, Matthew",non-elite,2017,4075,6050,7980,9945,12120,14391,16552,2058,1975,1930,1965,2175,2271,2161
50370,"Robertson, Sharon E",non-elite,1735,3582,5468,7405,9495,11838,14383,16536,1847,1886,1937,2090,2343,2545,2153
50371,"Romaniello, Guy",non-elite,1788,3553,5320,7144,8986,11121,13592,16172,1765,1767,1824,1842,2135,2471,2580
50372,"Maha, Michele",non-elite,1931,3851,5859,7934,10098,12299,14449,16517,1920,2008,2075,2164,2201,2150,2068
50373,"Viloria, Stephanie",non-elite,1826,3688,5611,7547,9543,12007,14481,16591,1862,1923,1936,1996,2464,2474,2110
50374,"Taylor, Richard J.",non-elite,1780,3627,5532,7466,9444,11590,13968,16361,1847,1905,1934,1978,2146,2378,2393
50375,"Frank, Robert",non-elite,1603,3304,5100,6970,9106,11514,13970,16414,1701,1796,1870,2136,2408,2456,2444
50376,"Arevalo, Rosa M.",non-elite,1708,3572,5359,7638,9977,12154,14442,16528,1864,1787,2279,2339,2177,2288,2086
50377,"Samora, Mauricio G.",non-elite,1585,3159,4813,6598,8627,11552,13872,16356,1574,1654,1785,2029,2925,2320,2484
50378,"Davila Garza, Jorge Antonio",non-elite,1761,3451,5239,7037,9089,11499,14219,16509,1690,1788,1798,2052,2410,2720,2290
50379,"Winsor, Kerrie L.",non-elite,1829,3738,5833,7859,9925,12078,14329,16495,1909,2095,2026,2066,2153,2251,2166
50380,"Chung, Moon S",non-elite,1851,3798,5828,7942,10055,12294,14479,16565,1947,2030,2114,2113,2239,2185,2086
50381,"Giaffone, Carolina S.",non-elite,1969,3986,5956,7946,9966,12102,14283,16488,2017,1970,1990,2020,2136,2181,2205
50382,"Saliba, Muriel F",non-elite,1559,3173,5132,7282,9487,11810,14302,16594,1614,1959,2150,2205,2323,2492,2292
50383,"Nagle, Robert",non-elite,1742,3409,5189,6917,9536,11781,14119,16585,1667,1780,1728,2619,2245,2338,2466
50384,"Yamada, Ichio",non-elite,1961,3903,5888,7905,9937,12085,14210,16453,1942,1985,2017,2032,2148,2125,2243
50385,"Robinson, Harold I.",non-elite,1864,3732,5564,7498,10214,12503,14636,16604,1868,1832,1934,2716,2289,2133,1968
50386,"Pietrowski, David",non-elite,1827,3640,5475,7330,9231,11240,13474,16410,1813,1835,1855,1901,2009,2234,2936
50387,"Strider, Scott K.",non-elite,1753,3577,5519,7516,9642,11847,14330,16541,1824,1942,1997,2126,2205,2483,2211
50388,"Aronberg, David T.",non-elite,1849,3746,5745,7713,9659,11801,14022,16271,1897,1999,1968,1946,2142,2221,2249
50389,"Burrows, Stephen",non-elite,1822,3635,5462,7421,9482,11857,14186,16461,1813,1827,1959,2061,2375,2329,2275
50390,"Rivas, Lori A.",non-elite,1987,3949,5857,7825,9865,11999,14315,16562,1962,1908,1968,2040,2134,2316,2247
50391,"Tang, Gilbert",non-elite,1900,3824,5805,7789,9808,12051,14358,16510,1924,1981,1984,2019,2243,2307,2152
50392,"Emery, David P.",non-elite,1628,3290,4982,6727,8802,10705,13173,16099,1662,1692,1745,2075,1903,2468,2926
50393,"Hubley-O'Donnell, Robin M.",non-elite,1666,3283,4933,6713,8726,11139,13574,16303,1617,1650,1780,2013,2413,2435,2729
50394,"Anderson, Ken B.",non-elite,1881,3784,5686,7727,9763,12144,14284,16411,1903,1902,2041,2036,2381,2140,2127
50395,"Tamasi, Susan M.",non-elite,2002,4110,6138,8306,10347,12483,14606,16650,2108,2028,2168,2041,2136,2123,2044
50396,"Hughbanks, Dannis L.",non-elite,1797,3711,5611,7544,9611,11849,14274,16482,1914,1900,1933,2067,2238,2425,2208
50397,"McLaughlin, Samantha K.",non-elite,2129,4070,5961,8124,10259,12264,14532,16595,1941,1891,2163,2135,2005,2268,2063
50398,"Levine, David L.",non-elite,2129,4070,5961,8124,10259,12264,14532,16595,1941,1891,2163,2135,2005,2268,2063
50399,"Dyrli, Natalie L.",non-elite,1889,3743,5634,7658,9783,12040,14338,16498,1854,1891,2024,2125,2257,2298,2160
50400,"Wolfberg, Rachel A.",non-elite,1944,3863,5796,7755,9797,11976,14246,16512,1919,1933,1959,2042,2179,2270,2266
50401,"Zoback, Scott",non-elite,1945,3864,5797,7755,9798,11976,14246,16513,1919,1933,1958,2043,2178,2270,2267
50402,"Johnson, Shiela",non-elite,1747,3625,5615,7671,9792,11979,14303,16476,1878,1990,2056,2121,2187,2324,2173
50403,"Sadlowski, Keith",non-elite,1759,3596,5471,7390,9640,12068,14410,16565,1837,1875,1919,2250,2428,2342,2155
50404,"Carlson, Scott B",non-elite,1528,3086,4720,6541,8848,11432,13973,16464,1558,1634,1821,2307,2584,2541,2491
50405,"Bernard, Kate O.",non-elite,1911,3824,5858,7768,9674,12384,14465,16584,1913,2034,1910,1906,2710,2081,2119
50406,"Holloway, Dawn N.",non-elite,1911,3824,5859,8006,10194,12385,14466,16585,1913,2035,2147,2188,2191,2081,2119
50407,"Pell, Mary Anne",non-elite,1861,3733,5663,7640,9712,11912,14224,16508,1872,1930,1977,2072,2200,2312,2284
50408,"Welch, Gregory",non-elite,1874,3685,5534,7525,9648,11887,14206,16465,1811,1849,1991,2123,2239,2319,2259
50409,"White, Kevin J.",non-elite,1376,2894,4668,6661,9117,11614,14107,16411,1518,1774,1993,2456,2497,2493,2304
50410,"Coggeshall, Christina M.",non-elite,1745,3612,5530,7636,9698,11867,14201,16516,1867,1918,2106,2062,2169,2334,2315
50411,"Helm, Konrad",non-elite,1763,3580,5425,7348,9288,11477,13979,16361,1817,1845,1923,1940,2189,2502,2382
50412,"Couture, Leslie",non-elite,1929,3879,5816,7755,9805,12137,14421,16592,1950,1937,1939,2050,2332,2284,2171
50413,"Nagai, Hidetake",non-elite,1554,3136,4743,6509,8393,11049,13957,16544,1582,1607,1766,1884,2656,2908,2587
50414,"Howland, Amanda L.",non-elite,2054,4019,5929,8005,10082,12403,14587,16617,1965,1910,2076,2077,2321,2184,2030
50415,"McCleary, Caitlin M.",non-elite,1919,3769,5611,7521,9586,11824,14190,16460,1850,1842,1910,2065,2238,2366,2270
50416,"Golden, Alicia",non-elite,2019,3963,5927,7939,9954,12120,14362,16540,1944,1964,2012,2015,2166,2242,2178
50417,"Honegger, Janna M.",non-elite,1883,3683,5633,7710,9880,12195,14390,16582,1800,1950,2077,2170,2315,2195,2192
50418,"Terry, Sean M.",non-elite,1759,3482,5315,7258,9567,11845,14307,16525,1723,1833,1943,2309,2278,2462,2218
50419,"Rysak, Tara L",non-elite,1928,3978,6063,8151,10345,12469,14592,16612,2050,2085,2088,2194,2124,2123,2020
50420,"Orbach, Alanna",non-elite,2038,4115,6136,8141,10229,12314,14591,16645,2077,2021,2005,2088,2085,2277,2054
50421,"Pardon, Andrew",non-elite,1893,3781,5646,7513,9553,11775,14255,16490,1888,1865,1867,2040,2222,2480,2235
50422,"O'Malley, Kristen A.",non-elite,1646,3239,5065,6790,9301,11588,14588,16663,1593,1826,1725,2511,2287,3000,2075
50423,"McGowan, Christian W.",non-elite,1802,3573,5293,7095,8877,10942,13789,16484,1771,1720,1802,1782,2065,2847,2695
50424,"Holmstrom, Amy",non-elite,1787,3631,5427,7415,9632,12012,14526,16644,1844,1796,1988,2217,2380,2514,2118
50425,"Menendez Salazar, Maria C.",non-elite,1764,3663,5512,7552,9741,12038,14345,16609,1899,1849,2040,2189,2297,2307,2264
50426,"Fox-Kelly, Megan O.",non-elite,1831,3727,5660,7641,9793,11998,14273,16472,1896,1933,1981,2152,2205,2275,2199
50427,"Jones, Patricia B.",non-elite,1953,3963,5963,8007,10095,12334,14475,16589,2010,2000,2044,2088,2239,2141,2114
50428,"Edgecombe, Joseph C.",non-elite,1682,3409,5220,7079,9184,11488,13866,16297,1727,1811,1859,2105,2304,2378,2431
50429,"Miller, Stephanie",non-elite,1725,3704,5684,7833,10037,12412,14634,16619,1979,1980,2149,2204,2375,2222,1985
50430,"Miller, Jason",non-elite,1723,3704,5684,7838,10037,12412,14634,16620,1981,1980,2154,2199,2375,2222,1986
50432,"Eischen, Paula",non-elite,1667,3335,5024,6724,8437,10641,13691,16693,1668,1689,1700,1713,2204,3050,3002
50433,"Cahill, Tara",non-elite,1937,3928,6014,8021,10076,12379,14487,16638,1991,2086,2007,2055,2303,2108,2151
50434,"Raymond, Katrina M.",non-elite,1917,3823,5897,8045,10228,12363,14505,16642,1906,2074,2148,2183,2135,2142,2137
50435,"Hayes, Jennifer A.",non-elite,1842,3730,5700,7793,9964,12190,14407,16585,1888,1970,2093,2171,2226,2217,2178
50436,"Poorvu, Maya D.",non-elite,1869,3801,5771,7835,9939,12148,14377,16554,1932,1970,2064,2104,2209,2229,2177
50437,"Neldner, Cynthia L.",non-elite,1917,3823,5897,8045,10228,12363,14505,16642,1906,2074,2148,2183,2135,2142,2137
50438,"Mason, Liz A.",non-elite,1835,3769,5682,7743,9838,12008,14258,16481,1934,1913,2061,2095,2170,2250,2223
50439,"Qubeck, Christopher A.",non-elite,1951,3957,5978,7957,10006,12231,14457,16518,2006,2021,1979,2049,2225,2226,2061
50440,"Nakashima, Judy A",non-elite,1765,3572,5410,7476,9478,11718,14096,16486,1807,1838,2066,2002,2240,2378,2390
50441,"Mccarty, John C",non-elite,1878,3788,5748,7861,9850,11957,14267,16537,1910,1960,2113,1989,2107,2310,2270
50442,"Hennessy, William J.",non-elite,1913,3708,5539,7624,9710,11947,14276,16562,1795,1831,2085,2086,2237,2329,2286
50443,"Morris, Linda J",non-elite,1824,3695,5628,7624,9641,11826,14175,16471,1871,1933,1996,2017,2185,2349,2296
50444,"Svirsky, Carol M.",non-elite,1913,3897,5856,7894,9930,12119,14376,16524,1984,1959,2038,2036,2189,2257,2148
50445,"McGuirk, Erin K.",non-elite,1867,3756,5673,7738,9700,12050,14398,16599,1889,1917,2065,1962,2350,2348,2201
50446,"Allen, Scott T.",non-elite,1592,3331,5108,7016,8947,11282,13913,16375,1739,1777,1908,1931,2335,2631,2462
50447,"Vargas, Arivee",non-elite,1946,3857,5811,7737,9691,11776,14034,16507,1911,1954,1926,1954,2085,2258,2473
50448,"Nowell, Krissy",non-elite,1853,3660,5511,7446,9636,11876,14282,16522,1807,1851,1935,2190,2240,2406,2240
50449,"Wilson, Harold",non-elite,1802,3664,5627,7650,9729,11967,14277,16550,1862,1963,2023,2079,2238,2310,2273
50450,"Regars, Laurie",non-elite,1928,3862,5781,7848,9964,12298,14490,16599,1934,1919,2067,2116,2334,2192,2109
50451,"Krauter, Blaine W.",non-elite,1888,3854,5767,7764,9792,11901,14277,16517,1966,1913,1997,2028,2109,2376,2240
50452,"Grever, Lee",non-elite,1723,3451,5379,7435,9791,12190,14360,16581,1728,1928,2056,2356,2399,2170,2221
50453,"Dunn, Christopher P.",non-elite,1680,3368,5061,6755,8579,10700,12937,16655,1688,1693,1694,1824,2121,2237,3718
50454,"DSouza, Maximian",non-elite,1873,3860,5800,7713,9635,11704,13875,16365,1987,1940,1913,1922,2069,2171,2490
50455,"Findaro, Joseph T.",non-elite,1874,3861,5801,7962,10008,12191,14418,16505,1987,1940,2161,2046,2183,2227,2087
50456,"Ripley, Morrie M.",non-elite,1822,3598,5471,7342,9482,11809,14186,16502,1776,1873,1871,2140,2327,2377,2316
50457,"Eldredge, Janae",non-elite,1673,3388,5378,7471,9693,11969,14325,16512,1715,1990,2093,2222,2276,2356,2187
50458,"Wells, Meredith A.",non-elite,2012,4010,6010,8031,10152,12374,14565,16625,1998,2000,2021,2121,2222,2191,2060
50459,"Head, Paul M.",non-elite,2100,4211,6160,8079,10071,12181,14373,16539,2111,1949,1919,1992,2110,2192,2166
50460,"Basso, Patricia",non-elite,1856,3755,5694,7755,9827,12115,14364,16570,1899,1939,2061,2072,2288,2249,2206
50461,"Chow, Andrew",non-elite,1708,3440,5303,7236,9245,11473,13865,16345,1732,1863,1933,2009,2228,2392,2480
50462,"Adams, John L. Jr.",non-elite,1585,3180,4780,6403,8059,10436,13204,16529,1595,1600,1623,1656,2377,2768,3325
50463,"Peressini, Kristie B.",non-elite,1738,3431,5226,7117,9158,11474,13964,16418,1693,1795,1891,2041,2316,2490,2454
50464,"Novak, Michael C.",non-elite,1608,3105,4685,6374,8420,11513,14054,16480,1497,1580,1689,2046,3093,2541,2426
50465,"Disanto, Kerry",non-elite,2060,4078,6046,8058,10127,12314,14486,16552,2018,1968,2012,2069,2187,2172,2066
50466,"Feltham, Richard S. Sr.",non-elite,1761,3574,5542,7489,9558,11821,14118,16480,1813,1968,1947,2069,2263,2297,2362
50467,"Correiro, John P.",non-elite,2059,4078,6045,8058,10126,12313,14483,16550,2019,1967,2013,2068,2187,2170,2067
50468,"Bamberg, Katie E.",non-elite,1685,3423,5430,7629,9913,12401,14581,16676,1738,2007,2199,2284,2488,2180,2095
50469,"Smith, Rob G.",non-elite,1369,2805,4267,5928,8865,11281,13817,16419,1436,1462,1661,2937,2416,2536,2602
50470,"Harris, Heidi",non-elite,1536,3123,4822,6915,9224,11714,14085,16539,1587,1699,2093,2309,2490,2371,2454
50471,"Morrissey, Bryan J.",non-elite,1883,3784,5713,7676,9687,11944,14331,16541,1901,1929,1963,2011,2257,2387,2210
50472,"Abely, Christine E.",non-elite,1786,3663,5706,7777,9906,12278,14498,16628,1877,2043,2071,2129,2372,2220,2130
50473,"Gagnon, Kimberly J.",non-elite,1884,3784,5713,7676,9687,11944,14331,16540,1900,1929,1963,2011,2257,2387,2209
50474,"Cohen, Jennifer",non-elite,1939,3923,5908,7897,9950,12115,14315,16531,1984,1985,1989,2053,2165,2200,2216
50475,"O'Malley Mandeville, Erin",non-elite,1855,3773,5696,7706,9792,12121,14437,16593,1918,1923,2010,2086,2329,2316,2156
50476,"Brown, Barb E",non-elite,1704,3560,5452,7510,9680,12043,14293,16491,1856,1892,2058,2170,2363,2250,2198
50477,"Woodward, Randy",non-elite,1443,3110,5025,6955,9280,11505,14211,16477,1667,1915,1930,2325,2225,2706,2266
50478,"Hamrock, Michael G.",non-elite,1861,3789,5922,7844,9825,11914,14226,16505,1928,2133,1922,1981,2089,2312,2279
50479,"Capalino, Julia",non-elite,1815,3717,5755,7827,10091,12334,14511,16628,1902,2038,2072,2264,2243,2177,2117
50480,"Huseman, Kerrie",non-elite,1870,3797,5745,7812,9874,12203,14555,16664,1927,1948,2067,2062,2329,2352,2109
50481,"Denisco, Bailey N.",non-elite,2058,4100,6026,8017,10003,12189,14469,16651,2042,1926,1991,1986,2186,2280,2182
50482,"Aaron, Kiera M.",non-elite,1870,3789,5783,7753,9827,11962,14202,16549,1919,1994,1970,2074,2135,2240,2347
50483,"Mauzy, Sherrie L",non-elite,1664,3487,5362,7530,9835,12211,14471,16614,1823,1875,2168,2305,2376,2260,2143
50484,"Jorquera, Juan Pedro Sr.",non-elite,1899,3799,5699,7619,9719,11952,14381,16593,1900,1900,1920,2100,2233,2429,2212
50485,"Heidel, Angela S.",non-elite,1870,3797,5745,7812,9874,12203,14555,16664,1927,1948,2067,2062,2329,2352,2109
50486,"Lawrence, Robert L.",non-elite,1672,3374,5171,7065,9071,11320,13783,16516,1702,1797,1894,2006,2249,2463,2733
50487,"Famiglietti, Jennifer S.",non-elite,1867,3676,5579,7556,9602,11821,14268,16571,1809,1903,1977,2046,2219,2447,2303
50488,"Sullivan, Kathleen",non-elite,1814,3645,5541,7893,10050,12236,14691,16720,1831,1896,2352,2157,2186,2455,2029
50489,"Morrissey, Caroline",non-elite,1772,3707,5610,7635,9806,12077,14374,16583,1935,1903,2025,2171,2271,2297,2209
50490,"Gardner, Richard D.",non-elite,1927,3841,5743,7792,9944,12098,14387,16555,1914,1902,2049,2152,2154,2289,2168
50491,"Villaruz, Darrell R.",non-elite,1927,3842,5744,7791,9944,12098,14388,16556,1915,1902,2047,2153,2154,2290,2168
50492,"Haseman, Anne",non-elite,1682,3489,5467,7401,9453,11828,14076,16555,1807,1978,1934,2052,2375,2248,2479
50493,"Mccoy, Mike K",non-elite,1683,3489,5468,7402,9453,11828,14077,16556,1806,1979,1934,2051,2375,2249,2479
50494,"Miller, Elizabeth A.",non-elite,1722,3511,5366,7280,9284,11515,13860,16465,1789,1855,1914,2004,2231,2345,2605
50495,"Kennedy, Julia",non-elite,1832,3752,5748,7776,9894,12084,14327,16485,1920,1996,2028,2118,2190,2243,2158
50496,"Kalteis, Karin",non-elite,1924,3917,5982,8082,10161,12384,14584,16670,1993,2065,2100,2079,2223,2200,2086
50497,"Thomas, Owen",non-elite,1836,3622,5460,7349,9233,11332,14100,16572,1786,1838,1889,1884,2099,2768,2472
50498,"Brannelly, Patrick",non-elite,1697,3478,5247,7209,9348,11611,14026,16472,1781,1769,1962,2139,2263,2415,2446
50499,"Mercado, Michael G.",non-elite,1842,3715,5646,7640,9660,11900,14161,16585,1873,1931,1994,2020,2240,2261,2424
50500,"Leonard, Krissy",non-elite,1906,3854,5828,7866,10051,12227,14449,16660,1948,1974,2038,2185,2176,2222,2211
50501,"Grivensky, Ed",non-elite,1453,2940,4483,6203,8091,11598,14294,16670,1487,1543,1720,1888,3507,2696,2376
50502,"Ramsey, Adrienne",non-elite,1875,3671,5520,7392,9368,11700,14127,16533,1796,1849,1872,1976,2332,2427,2406
50503,"Myers, Mark",non-elite,1853,3745,5626,7651,9709,11921,14250,16546,1892,1881,2025,2058,2212,2329,2296
50504,"Schneider, Chris III",non-elite,1777,3555,5337,7146,9169,11481,14147,16650,1778,1782,1809,2023,2312,2666,2503
50505,"Driscoll, Nancy",non-elite,1870,3784,5733,7761,9822,12054,14306,16517,1914,1949,2028,2061,2232,2252,2211
50506,"Ambard, Linda K.",non-elite,1750,3632,5549,7489,9595,11707,14218,16589,1882,1917,1940,2106,2112,2511,2371
50507,"Babel, Cheryl A",non-elite,1839,3722,5634,7711,9686,11970,14300,16599,1883,1912,2077,1975,2284,2330,2299
50508,"Young, Denise M.",non-elite,1938,3907,5860,7927,9930,12051,14327,16513,1969,1953,2067,2003,2121,2276,2186
50509,"Capodi, Jon C.",non-elite,2052,4054,6052,8088,10284,12367,14547,16725,2002,1998,2036,2196,2083,2180,2178
50510,"Gamino, Ray",non-elite,1674,3507,5413,7482,9610,11912,14322,16544,1833,1906,2069,2128,2302,2410,2222
50511,"Aloisio, Meghan E.",non-elite,1788,3700,5664,7666,9736,11998,14292,16563,1912,1964,2002,2070,2262,2294,2271
50512,"Kollett, Nicholas F.",non-elite,1995,4001,6022,8001,10049,12275,14497,16694,2006,2021,1979,2048,2226,2222,2197
50513,"Frank, David E.",non-elite,1691,3560,5423,7341,9483,11748,14314,16674,1869,1863,1918,2142,2265,2566,2360
50514,"Gordon, Brett A",non-elite,1702,3439,5166,6948,8788,11186,13934,16562,1737,1727,1782,1840,2398,2748,2628
50515,"Macaleese, Danielle",non-elite,1947,3928,5850,7846,9952,12119,14302,16629,1981,1922,1996,2106,2167,2183,2327
50516,"Marchio, Jennifer",non-elite,1955,3843,5744,7860,10105,12313,14497,16673,1888,1901,2116,2245,2208,2184,2176
50517,"McNamara, Michael J.",non-elite,1708,3435,5275,7403,9657,12047,14388,16647,1727,1840,2128,2254,2390,2341,2259
50518,"Tigges, Lindsey",non-elite,1947,3928,5850,7846,9952,12119,14303,16628,1981,1922,1996,2106,2167,2184,2325
50519,"Grace, Edward M.",non-elite,1986,4023,6015,7992,10218,12578,14735,16735,2037,1992,1977,2226,2360,2157,2000
50520,"Hope, Chris",non-elite,2090,4082,6117,8070,10117,12213,14398,16583,1992,2035,1953,2047,2096,2185,2185
50521,"Egler, Brian D.",non-elite,1917,3887,5933,7961,10167,12418,14505,16638,1970,2046,2028,2206,2251,2087,2133
50522,"Reardon, John",non-elite,1928,3944,6002,8032,10171,12320,14527,16668,2016,2058,2030,2139,2149,2207,2141
50523,"Vail, Elizabeth T.",non-elite,1929,3944,6002,8032,10171,12320,14526,16668,2015,2058,2030,2139,2149,2206,2142
50524,"Docking, Jim M.",non-elite,1525,3237,5201,7310,9425,11701,14383,16554,1712,1964,2109,2115,2276,2682,2171
50525,"Eccles, William III",non-elite,1970,3918,5827,7742,9711,11880,14194,16601,1948,1909,1915,1969,2169,2314,2407
50526,"Christmas, David A.",non-elite,1877,3733,5732,7812,10022,12076,14425,16630,1856,1999,2080,2210,2054,2349,2205
50527,"Boyd, Ralph",non-elite,1983,3996,5995,8101,10307,12426,14558,16686,2013,1999,2106,2206,2119,2132,2128
50528,"Bearman, Rachel",non-elite,1691,3457,5352,7301,9441,11761,14132,16549,1766,1895,1949,2140,2320,2371,2417
50529,"Lasko, Daniel",non-elite,1792,3543,5523,7578,9610,11990,14432,16664,1751,1980,2055,2032,2380,2442,2232
50530,"Pulliam, Hannah M",non-elite,1604,3187,5020,7156,9172,11784,14358,16615,1583,1833,2136,2016,2612,2574,2257
50531,"Bina, Laureen",non-elite,2037,4097,6076,8111,10220,12258,14462,16647,2060,1979,2035,2109,2038,2204,2185
50532,"Long, Beth",non-elite,1604,3187,5020,7156,9172,11783,14358,16615,1583,1833,2136,2016,2611,2575,2257
50533,"Zeng, Yunwen",non-elite,2037,4015,6024,8110,10128,12393,14549,16655,1978,2009,2086,2018,2265,2156,2106
50534,"Wozniak, Julie L.",non-elite,1869,3734,5606,7537,9802,12114,14402,16720,1865,1872,1931,2265,2312,2288,2318
50535,"Michaud, Jessica E.",non-elite,2111,4226,6311,8422,10478,12575,14685,16716,2115,2085,2111,2056,2097,2110,2031
50536,"Wonson, Samantha",non-elite,2111,4226,6311,8422,10479,12575,14685,16716,2115,2085,2111,2057,2096,2110,2031
50537,"O'Callaghan, Kim F.",non-elite,1859,3759,5699,7745,9845,12113,14359,16603,1900,1940,2046,2100,2268,2246,2244
50538,"Angeletti, Kristen",non-elite,1785,3608,5593,7718,9939,12209,14472,16684,1823,1985,2125,2221,2270,2263,2212
50539,"Morgans, Gary A",non-elite,1654,3519,5798,7958,10100,12405,14627,16691,1865,2279,2160,2142,2305,2222,2064
50540,"Lekang, Donna",non-elite,1655,3519,5798,7958,10101,12405,14627,16691,1864,2279,2160,2143,2304,2222,2064
50541,"Olson, Gregory",non-elite,1517,3048,4565,6116,7848,9839,13429,16380,1531,1517,1551,1732,1991,3590,2951
50542,"Weiland, Elizabeth A.",non-elite,1591,3196,4806,6487,8394,10724,13528,16484,1605,1610,1681,1907,2330,2804,2956
50543,"Burger, Liz",non-elite,1859,3824,5746,7735,9901,12089,14347,16597,1965,1922,1989,2166,2188,2258,2250
50544,"Sturzaker, Jane R.",non-elite,1959,4005,6061,8190,10285,12493,14656,16734,2046,2056,2129,2095,2208,2163,2078
50545,"Waldecker, Jaime",non-elite,2057,4100,6027,8017,10004,12190,14469,16651,2043,1927,1990,1987,2186,2279,2182
50546,"Nowoswiat, Kathryn M.",non-elite,2012,4096,6072,8043,10134,12281,14494,16646,2084,1976,1971,2091,2147,2213,2152
50547,"Connolly, Matthew W.",non-elite,1621,3191,4863,6634,8618,11044,13742,16499,1570,1672,1771,1984,2426,2698,2757
50548,"Keren, Don",non-elite,1546,3160,4904,6887,9244,11799,14567,16653,1614,1744,1983,2357,2555,2768,2086
50549,"Hobin, Carolyn P.",non-elite,1916,3662,5491,7566,9600,12271,14541,16761,1746,1829,2075,2034,2671,2270,2220
50550,"Hobin, Johanna M.",non-elite,1916,3662,5491,7566,9600,12272,14541,16761,1746,1829,2075,2034,2672,2269,2220
50551,"Stanfield, Steven",non-elite,1592,3219,4899,6811,8917,11277,13963,16481,1627,1680,1912,2106,2360,2686,2518
50552,"Dolan, Andrea",non-elite,1954,3915,5859,7946,9918,12085,14416,16597,1961,1944,2087,1972,2167,2331,2181
50553,"Kavalieros, Lisa",non-elite,1954,3915,5859,7947,9918,12085,14413,16597,1961,1944,2088,1971,2167,2328,2184
50554,"Martin, Amy",non-elite,1954,3915,5859,7946,9917,12084,14412,16597,1961,1944,2087,1971,2167,2328,2185
50555,"McGriff, Jill M.",non-elite,1954,3916,5860,7946,9919,12085,14416,16598,1962,1944,2086,1973,2166,2331,2182
50556,"Smith, Terry",non-elite,1701,3447,5195,7151,9287,11542,14029,16473,1746,1748,1956,2136,2255,2487,2444
50557,"Warmerdam, Sebastian J.",non-elite,1790,3689,5563,7564,9615,11894,14288,16602,1899,1874,2001,2051,2279,2394,2314
50558,"Perret, Stephanie W.",non-elite,2038,4116,6127,8170,10166,12341,14595,16713,2078,2011,2043,1996,2175,2254,2118
50559,"Peterson, Kristin K.",non-elite,1459,2919,4426,6018,8375,10707,13479,16473,1460,1507,1592,2357,2332,2772,2994
50560,"Pride, Kathy E",non-elite,1892,3811,5754,7724,9662,11767,14611,16658,1919,1943,1970,1938,2105,2844,2047
50561,"Tanem, Michelle L",non-elite,1763,3537,5339,7235,9291,11514,13917,16499,1774,1802,1896,2056,2223,2403,2582
50562,"Johnson, Lauren",non-elite,1832,3744,5696,7769,9941,12199,14458,16662,1912,1952,2073,2172,2258,2259,2204
50563,"Stephens, Jamal R.",non-elite,1746,3610,5431,7380,9437,12311,14450,16660,1864,1821,1949,2057,2874,2139,2210
50564,"Saville, Don",non-elite,1514,3002,4528,6059,7596,9277,13131,16350,1488,1526,1531,1537,1681,3854,3219
50565,"Brown, Christy L.",non-elite,1940,3836,5751,7793,9863,12025,14524,16677,1896,1915,2042,2070,2162,2499,2153
50566,"Looney, Kasey L.",non-elite,1894,3860,5820,7864,9992,12231,14531,16723,1966,1960,2044,2128,2239,2300,2192
50567,"Ghysel, Walter",non-elite,1976,3945,6022,8051,10109,12175,14438,16628,1969,2077,2029,2058,2066,2263,2190
50568,"Lankowski, Amie S.",non-elite,1732,3564,5697,7647,9619,11757,14272,16539,1832,2133,1950,1972,2138,2515,2267
50569,"Gamester, Colby T.",non-elite,1954,3981,6001,8035,10211,12362,14635,16730,2027,2020,2034,2176,2151,2273,2095
50570,"Cohen, David W.",non-elite,1770,3536,5328,7233,9249,11515,13984,16428,1766,1792,1905,2016,2266,2469,2444
50571,"Dervan, Andrew M.",non-elite,2030,3987,5972,7920,9979,12007,14322,16550,1957,1985,1948,2059,2028,2315,2228
50572,"Sorensen, Lenny III",non-elite,1917,3762,5742,7824,9811,12241,14522,16671,1845,1980,2082,1987,2430,2281,2149
50573,"Kimihara, Kenji",non-elite,1627,3320,5124,7041,9050,11281,13805,16456,1693,1804,1917,2009,2231,2524,2651
50574,"Johnson, Mary Jo",non-elite,1875,3818,5804,7913,10017,12337,14547,16659,1943,1986,2109,2104,2320,2210,2112
50575,"Childs, Tessa",non-elite,1941,3902,5955,8052,10147,12314,14590,16715,1961,2053,2097,2095,2167,2276,2125
50576,"Boyan, Craig",non-elite,1833,3717,5662,7799,9974,12210,14631,16719,1884,1945,2137,2175,2236,2421,2088
50577,"Lynch, Thomas J. Jr.",non-elite,1887,3871,5808,7748,9720,11998,14315,16660,1984,1937,1940,1972,2278,2317,2345
50578,"Koch, Mark",non-elite,2072,3998,5861,7727,9672,11998,14444,16682,1926,1863,1866,1945,2326,2446,2238
50579,"Walsh, Billy",non-elite,1927,3828,5777,7796,9906,12109,14471,16666,1901,1949,2019,2110,2203,2362,2195
50580,"Xu, Zeping",non-elite,1799,3546,5307,7212,9123,11433,14196,16665,1747,1761,1905,1911,2310,2763,2469
50581,"Smart, Rod",non-elite,1999,4107,6082,8081,10099,12258,14366,16559,2108,1975,1999,2018,2159,2108,2193
50582,"Garcia, Luis",non-elite,1833,3717,5664,7797,9974,12211,14631,16720,1884,1947,2133,2177,2237,2420,2089
50583,"Haughery, Bill",non-elite,2000,4108,6083,8081,10099,12258,14366,16559,2108,1975,1998,2018,2159,2108,2193
50584,"Embree, Judy",non-elite,1963,3914,5872,7930,10009,12198,14449,16668,1951,1958,2058,2079,2189,2251,2219
50585,"Crim, Lynn S.",non-elite,1788,3551,5280,7153,9113,11357,13949,16546,1763,1729,1873,1960,2244,2592,2597
50586,"Koerner, Lamont M",non-elite,1691,3492,5378,7281,9252,11393,13747,16458,1801,1886,1903,1971,2141,2354,2711
50587,"Rodericks, Stephen C.",non-elite,1843,3671,5546,7468,9456,11752,14304,16679,1828,1875,1922,1988,2296,2552,2375
50588,"Jonca, Andrzej W.",non-elite,1784,3657,5541,7495,9563,11985,14293,16643,1873,1884,1954,2068,2422,2308,2350
50589,"Jonca, Aleksander J.",non-elite,1784,3657,5541,7475,9669,11985,14293,16643,1873,1884,1934,2194,2316,2308,2350
50590,"Friedman, Stacy L.",non-elite,2047,4032,6054,8076,10179,12317,14547,16718,1985,2022,2022,2103,2138,2230,2171
50591,"Areano, John A. Jr.",non-elite,1893,3709,5516,7351,9487,11878,14525,16729,1816,1807,1835,2136,2391,2647,2204
50592,"Sullivan, Tara M.",non-elite,1915,3842,5847,7996,10234,12843,14833,16758,1927,2005,2149,2238,2609,1990,1925
50593,"Crews, Eric",non-elite,1979,4002,5983,8032,10164,12350,14567,16729,2023,1981,2049,2132,2186,2217,2162
50594,"Kumar, Asok",non-elite,1926,3868,5814,7861,9931,12385,14666,16680,1942,1946,2047,2070,2454,2281,2014
50595,"Huyffer, Paul S",non-elite,1842,3738,5789,7880,9998,12253,14471,16647,1896,2051,2091,2118,2255,2218,2176
50596,"Dever, Clifford",non-elite,1613,3353,5297,7361,9487,11827,14236,16632,1740,1944,2064,2126,2340,2409,2396
50597,"Ozaki, Kyle",non-elite,1659,3351,5044,6823,8666,11180,13963,16539,1692,1693,1779,1843,2514,2783,2576
50598,"Hartman, Jacob",non-elite,1988,4038,6105,8206,10300,12451,14636,16749,2050,2067,2101,2094,2151,2185,2113
50599,"McCarthy, Rachel F.",non-elite,1961,3984,6045,8126,10275,12498,14673,16796,2023,2061,2081,2149,2223,2175,2123
50600,"Perez, Julio I.",non-elite,1899,3764,5574,7440,9354,11620,14250,16608,1865,1810,1866,1914,2266,2630,2358
50601,"Forester, Brent",non-elite,1817,3613,5472,7469,9420,11700,14222,16579,1796,1859,1997,1951,2280,2522,2357
50602,"Kitchens, Stacey L.",non-elite,1697,3392,5217,7174,9356,11809,14289,16699,1695,1825,1957,2182,2453,2480,2410
50603,"Bartlett-O'Donald, Alison M.",non-elite,1849,3743,5543,7444,9533,11934,14292,16722,1894,1800,1901,2089,2401,2358,2430
50604,"Smith, Shirley",non-elite,1616,3440,5346,7435,9560,11852,14260,16715,1824,1906,2089,2125,2292,2408,2455
50605,"Pinney, Joanne",non-elite,1793,3667,5660,7714,9786,12120,14483,16664,1874,1993,2054,2072,2334,2363,2181
50606,"Hook, Iain K. Sr.",non-elite,1940,3943,5969,8043,10160,12358,14595,16733,2003,2026,2074,2117,2198,2237,2138
50607,"Humphrey, Barbara A.",non-elite,1671,3410,5186,7060,9023,11338,14243,16598,1739,1776,1874,1963,2315,2905,2355
50608,"Owen, Douglas D.",non-elite,1912,3836,5703,7706,9731,11923,14192,16604,1924,1867,2003,2025,2192,2269,2412
50609,"Babbott-Ward, Clara",non-elite,1942,3906,5862,7845,9960,12281,14692,16836,1964,1956,1983,2115,2321,2411,2144
50610,"Wentz, Lauren M.",non-elite,1627,3397,5271,7258,9557,11926,14377,16707,1770,1874,1987,2299,2369,2451,2330
50611,"Sarcia, Lisa M.",non-elite,1901,3815,5753,7905,9989,12304,14689,16830,1914,1938,2152,2084,2315,2385,2141
50612,"Amaral, Denise F.",non-elite,1895,3827,5835,7941,9993,12295,14558,16672,1932,2008,2106,2052,2302,2263,2114
50613,"Growney, Matthew I.",non-elite,1735,3389,5079,6839,8644,11030,14028,16603,1654,1690,1760,1805,2386,2998,2575
50614,"Connell, Casey F.",non-elite,1899,3846,5758,7674,9660,11777,14124,16568,1947,1912,1916,1986,2117,2347,2444
50616,"Murphy, Callie A.",non-elite,1902,3817,5837,7839,9960,12180,14524,16745,1915,2020,2002,2121,2220,2344,2221
50617,"McGowan, Bridget",non-elite,1901,3817,5837,7839,9960,12176,14524,16744,1916,2020,2002,2121,2216,2348,2220
50618,"Chmielewski, Karina",non-elite,1905,3779,5687,7892,10004,12135,14395,16602,1874,1908,2205,2112,2131,2260,2207
50619,"Parke, Sue L.",non-elite,1990,3920,5922,8027,10116,12239,14347,16725,1930,2002,2105,2089,2123,2108,2378
50620,"Phillips, Joey A.",non-elite,1616,3320,5216,7187,9137,11184,13585,16533,1704,1896,1971,1950,2047,2401,2948
50621,"Almeida Moura Moutinho, Maria Da Graça",non-elite,1861,3778,5752,7782,9884,12226,14605,16708,1917,1974,2030,2102,2342,2379,2103
50622,"Caaveiro, Suzanne",non-elite,1861,3778,5752,7782,9884,12227,14605,16709,1917,1974,2030,2102,2343,2378,2104
50623,"Chmiel, Doug J.",non-elite,1699,3442,5274,7217,9359,11767,14297,16681,1743,1832,1943,2142,2408,2530,2384
50624,"Bargell, Cindy",non-elite,1809,3634,5499,7403,9533,11899,14275,16681,1825,1865,1904,2130,2366,2376,2406
50625,"Greene, Richard J",non-elite,1801,3739,5663,7624,9661,11880,14296,16695,1938,1924,1961,2037,2219,2416,2399
50626,"Ealey, David W",non-elite,1828,3623,5364,7499,9476,11739,14176,16512,1795,1741,2135,1977,2263,2437,2336
50627,"Hillary, Corrie L",non-elite,1548,3125,5061,7140,9334,11836,14391,16612,1577,1936,2079,2194,2502,2555,2221
50628,"Jackson, Stephen M.",non-elite,1871,3760,5625,7583,9536,11706,14138,16556,1889,1865,1958,1953,2170,2432,2418
50629,"Zhong, Xiaobin",non-elite,1804,3738,5616,7693,9838,12156,14494,16795,1934,1878,2077,2145,2318,2338,2301
50630,"Weiss, Dave",non-elite,1723,3661,5734,7773,9894,12105,14401,16621,1938,2073,2039,2121,2211,2296,2220
50631,"Wilson, Geoff",non-elite,1643,3313,5040,6887,8840,11021,13526,16057,1670,1727,1847,1953,2181,2505,2531
50632,"Wholihan, Edward",non-elite,1955,3843,5744,7859,10105,12313,14497,16684,1888,1901,2115,2246,2208,2184,2187
50633,"Corman, Richard J.",non-elite,1801,3745,5637,7633,9754,11906,14418,16679,1944,1892,1996,2121,2152,2512,2261
50634,"Turlington, Dawn",non-elite,2048,4100,6122,8176,10259,12400,14604,16749,2052,2022,2054,2083,2141,2204,2145
50635,"Paquette, Nathan L.",non-elite,1678,3347,5037,6888,9056,11476,14209,16641,1669,1690,1851,2168,2420,2733,2432
50636,"Duran, Nuria",non-elite,1562,3144,5240,7352,10355,12735,14918,16863,1582,2096,2112,3003,2380,2183,1945
50637,"Guttman, Daniel P.",non-elite,1752,3577,5437,7505,9688,11999,14397,16694,1825,1860,2068,2183,2311,2398,2297
50638,"Mokrzycka, Krystyna",non-elite,1751,3653,5615,7734,9825,12035,14323,16655,1902,1962,2119,2091,2210,2288,2332
50639,"Travers, Eric J.",non-elite,1908,3841,5820,7875,9992,12248,14520,16760,1933,1979,2055,2117,2256,2272,2240
50640,"Schechter, Jackie R.",non-elite,1895,3757,5621,7603,9660,11911,14289,16656,1862,1864,1982,2057,2251,2378,2367
50641,"Pryor, Anita C.",non-elite,1773,3608,5466,7504,9491,11777,14115,16527,1835,1858,2038,1987,2286,2338,2412
50642,"Flynn, Molly E.",non-elite,1841,3700,5611,7776,9797,11982,14463,16717,1859,1911,2165,2021,2185,2481,2254
50643,"Ponce De Leon, Mariana",non-elite,1973,3971,5991,8106,10439,12658,14777,16778,1998,2020,2115,2333,2219,2119,2001
50644,"Ebel, John",non-elite,1591,3150,4842,6636,8573,11021,13645,16699,1559,1692,1794,1937,2448,2624,3054
50645,"Antonelli, Alexis E.",non-elite,2023,3902,5718,7674,9871,12124,14477,16732,1879,1816,1956,2197,2253,2353,2255
50646,"Hulsman, Margaret A",non-elite,1569,3198,5041,7119,9318,11697,14312,16716,1629,1843,2078,2199,2379,2615,2404
50647,"Anglin, Debbie",non-elite,1962,3874,5823,7907,9945,12154,14517,16733,1912,1949,2084,2038,2209,2363,2216
50648,"McManus, Kelly J.",non-elite,1830,3706,5634,7662,9795,11984,14470,16690,1876,1928,2028,2133,2189,2486,2220
50649,"Cantarow, Madelyn",non-elite,1819,3721,5662,7676,9753,12064,14469,16732,1902,1941,2014,2077,2311,2405,2263
50650,"Azarian, Kelly E.",non-elite,2067,4058,5951,7885,10120,12388,14791,16817,1991,1893,1934,2235,2268,2403,2026
50651,"Bollschweiler, Sarah",non-elite,1782,3718,5654,7626,9696,11928,14290,16734,1936,1936,1972,2070,2232,2362,2444
50652,"Ling, Chunfeng",non-elite,1852,3683,5583,7630,9773,12028,14329,16776,1831,1900,2047,2143,2255,2301,2447
50653,"Kim, Jung Ae",non-elite,1834,3798,5703,7959,10179,12493,14722,16762,1964,1905,2256,2220,2314,2229,2040
50654,"Kimball, Jennifer",non-elite,1785,3721,5657,7629,9699,11931,14292,16737,1936,1936,1972,2070,2232,2361,2445
50655,"Burke, Tina L.",non-elite,2078,4190,6250,8305,10371,12488,14688,16784,2112,2060,2055,2066,2117,2200,2096
50656,"Phelps, Laura",non-elite,2055,4190,6250,8305,10371,12488,14688,16784,2135,2060,2055,2066,2117,2200,2096
50657,"Griswold, Jennifer A.",non-elite,2079,4190,6250,8305,10372,12488,14689,16784,2111,2060,2055,2067,2116,2201,2095
50658,"Arnette, Jessica L.",non-elite,2051,4052,6101,8163,10196,12446,14639,16786,2001,2049,2062,2033,2250,2193,2147
50659,"Ahn, Eun Sook",non-elite,1805,3637,5519,7575,9677,11969,14356,16633,1832,1882,2056,2102,2292,2387,2277
50660,"Ahn, Cheunglim",non-elite,1806,3637,5519,7576,9677,11968,14356,16633,1831,1882,2057,2101,2291,2388,2277
50661,"Jasmin, Allison M.",non-elite,1942,3854,5808,7836,9871,12063,14352,16699,1912,1954,2028,2035,2192,2289,2347
50662,"Priselac, Alicia A.",non-elite,1903,3792,5702,7781,9901,12120,14442,16737,1889,1910,2079,2120,2219,2322,2295
50663,"Burke, Laura",non-elite,1787,3631,5427,7415,9632,11929,14425,16764,1844,1796,1988,2217,2297,2496,2339
50664,"Simons, Brian M.",non-elite,1953,3899,5808,7753,9755,11965,14268,16614,1946,1909,1945,2002,2210,2303,2346
50665,"Brady, Tony G.",non-elite,1544,3057,4603,6202,7916,9821,12480,15903,1513,1546,1599,1714,1905,2659,3423
50666,"Cunningham, Doug",non-elite,1766,3472,5295,7316,9582,11678,14299,16628,1706,1823,2021,2266,2096,2621,2329
50667,"King, Gail M.",non-elite,2128,4217,6218,8206,10252,12410,14601,16731,2089,2001,1988,2046,2158,2191,2130
50668,"Rasmussen, Ole Sloth",non-elite,1797,3558,5311,7129,9069,11678,14270,16743,1761,1753,1818,1940,2609,2592,2473
50669,"Young, Chris D.",non-elite,1898,3786,5717,7723,9702,11988,14354,16707,1888,1931,2006,1979,2286,2366,2353
50670,"Archibald, Jim",non-elite,1751,3520,5395,7516,9725,12137,14532,16753,1769,1875,2121,2209,2412,2395,2221
50671,"McKinney, Jessica B.",non-elite,2095,4260,6433,8546,10619,12766,14824,16825,2165,2173,2113,2073,2147,2058,2001
50672,"Hauslaib, Eden",non-elite,1898,3786,5685,7627,9573,11688,14097,16562,1888,1899,1942,1946,2115,2409,2465
50673,"Hauslaib, Lara",non-elite,1953,3890,5808,7752,9755,11857,14099,16561,1937,1918,1944,2003,2102,2242,2462
50674,"Kenefick, Tom",non-elite,1926,4001,6359,8543,10492,12475,14581,16669,2075,2358,2184,1949,1983,2106,2088
50675,"Hedrick, Kimberly C.",non-elite,1949,3896,5872,7935,10042,12191,14608,16879,1947,1976,2063,2107,2149,2417,2271
50676,"Boyd, Laura W.",non-elite,1842,3761,5740,7743,9801,12026,14331,16687,1919,1979,2003,2058,2225,2305,2356
50677,"Terry, Joshua",non-elite,1726,3482,5418,7467,9604,11934,14331,16664,1756,1936,2049,2137,2330,2397,2333
50678,"Fulgieri, Theresa M.",non-elite,1574,3232,5101,7146,9171,11542,13974,16682,1658,1869,2045,2025,2371,2432,2708
50679,"Sex, Bill",non-elite,1724,3405,5141,6980,8938,11146,13687,16458,1681,1736,1839,1958,2208,2541,2771
50680,"Taylor, Carol Anne",non-elite,1962,4095,6105,8231,10592,12702,14844,16839,2133,2010,2126,2361,2110,2142,1995
50681,"Canaves, Sky",non-elite,2264,4411,6532,8576,10655,12813,14888,16895,2147,2121,2044,2079,2158,2075,2007
50682,"McGauley, Colleen E.",non-elite,2059,4122,6081,8101,10133,12184,14441,16699,2063,1959,2020,2032,2051,2257,2258
50683,"Doering, Ralf",non-elite,1925,3909,5912,7987,10091,12239,14445,16591,1984,2003,2075,2104,2148,2206,2146
50684,"Schlipf, Elisabeth",non-elite,1924,3909,5913,7989,10092,12244,14446,16591,1985,2004,2076,2103,2152,2202,2145
50685,"Dirkes, Anna",non-elite,1924,3908,5912,7987,10094,12257,14505,16666,1984,2004,2075,2107,2163,2248,2161
50686,"Russo, Samuel J.",non-elite,1730,3485,5308,7139,9282,11581,14123,16685,1755,1823,1831,2143,2299,2542,2562
50687,"Noack, Stefan",non-elite,1924,3909,5913,7989,10092,12244,14445,16591,1985,2004,2076,2103,2152,2201,2146
50688,"Ferguson, Donna M.",non-elite,1878,3738,5638,7607,9695,11960,14253,16655,1860,1900,1969,2088,2265,2293,2402
50689,"Matic, Marcus A.",non-elite,1750,3563,5477,7470,9529,11864,14300,16662,1813,1914,1993,2059,2335,2436,2362
50690,"Galanti, Lorraine A.",non-elite,1883,3784,5752,7783,9870,12114,14411,16714,1901,1968,2031,2087,2244,2297,2303
50691,"Graham, Tana A.",non-elite,1852,3759,5665,7679,9665,11867,13941,16424,1907,1906,2014,1986,2202,2074,2483
50692,"Black, Maria C",non-elite,1851,4026,6140,8255,10362,12533,14727,16793,2175,2114,2115,2107,2171,2194,2066
50693,"Semple, Peter L",non-elite,1893,3855,5862,7913,9965,12081,14330,16566,1962,2007,2051,2052,2116,2249,2236
50694,"McGowan, Shawn",non-elite,1820,3602,5366,7205,9237,11573,14046,16688,1782,1764,1839,2032,2336,2473,2642
50695,"Tavanese, Emily",non-elite,1769,3520,5308,7258,9336,11733,14407,16793,1751,1788,1950,2078,2397,2674,2386
50696,"Molinari, Lynn M.",non-elite,1930,3898,5944,7961,10034,12300,14558,16732,1968,2046,2017,2073,2266,2258,2174
50697,"Swanson, Steve",non-elite,1560,3162,4848,6726,8853,11288,13856,16634,1602,1686,1878,2127,2435,2568,2778
50698,"Laforgia, Denise A.",non-elite,1768,3542,5463,7444,10267,12329,14636,16741,1774,1921,1981,2823,2062,2307,2105
50699,"Veater, Ruthie",non-elite,1845,3726,5751,7782,9911,12285,14676,16768,1881,2025,2031,2129,2374,2391,2092
50700,"Gibson, Cassie M",non-elite,1740,3580,5590,7664,9869,12268,14655,16778,1840,2010,2074,2205,2399,2387,2123
50701,"Spetoskey, Jane",non-elite,1739,3635,5530,7518,9611,11835,14155,16591,1896,1895,1988,2093,2224,2320,2436
50702,"Seaver, Emily",non-elite,1647,3520,5681,7745,9913,12381,14646,16737,1873,2161,2064,2168,2468,2265,2091
50703,"Neal, Sarah A.",non-elite,1910,3853,5835,7820,9812,11984,14361,16719,1943,1982,1985,1992,2172,2377,2358
50704,"Brabec, Amanda E.",non-elite,2012,3981,5940,7966,10152,12374,14648,16776,1969,1959,2026,2186,2222,2274,2128
50705,"Haluzan, Susan",non-elite,2000,3969,6021,8081,10142,12380,14671,16798,1969,2052,2060,2061,2238,2291,2127
50706,"Funk, Catherine",non-elite,1794,3785,5789,7817,10034,12208,14609,16810,1991,2004,2028,2217,2174,2401,2201
50707,"Gerety, Kaleigh E.",non-elite,2086,4158,6246,8343,10474,12635,14791,16845,2072,2088,2097,2131,2161,2156,2054
50708,"Gerety, Jenelle M.",non-elite,2086,4159,6246,8343,10475,12635,14791,16845,2073,2087,2097,2132,2160,2156,2054
50709,"Ravi, Nathan",non-elite,1884,3726,5504,7309,9296,11745,14476,16806,1842,1778,1805,1987,2449,2731,2330
50710,"Park, Goangnam",non-elite,1759,3530,5402,7524,9648,11999,14485,16776,1771,1872,2122,2124,2351,2486,2291
50711,"Decormier, Angela M.",non-elite,1831,3776,5732,7642,9774,12129,14496,16743,1945,1956,1910,2132,2355,2367,2247
50712,"Hamilton, Tish E",non-elite,1847,3720,5573,7479,9441,11607,14106,16691,1873,1853,1906,1962,2166,2499,2585
50713,"Nielsen, Marcie A",non-elite,1697,3435,5256,7222,9494,11918,14410,16732,1738,1821,1966,2272,2424,2492,2322
50714,"Zhao, Jun",non-elite,1753,3508,5287,7350,9500,11862,14164,16718,1755,1779,2063,2150,2362,2302,2554
50715,"Otonari, Masako",non-elite,1789,3565,5598,7619,9684,12077,14460,16699,1776,2033,2021,2065,2393,2383,2239
50716,"Szekeresh, Robert",non-elite,1800,3730,5722,7826,9906,12122,14402,16665,1930,1992,2104,2080,2216,2280,2263
50717,"Wiederhold, Melinda A.",non-elite,1800,3668,5637,7720,9811,12061,14472,16745,1868,1969,2083,2091,2250,2411,2273
50718,"Conte, Keri A.",non-elite,2062,4272,6130,8188,10335,12458,14720,16781,2210,1858,2058,2147,2123,2262,2061
50719,"Blum, Stephen",non-elite,1802,3635,5452,7412,9348,11716,14666,16836,1833,1817,1960,1936,2368,2950,2170
50720,"Blum, Brian",non-elite,1802,3636,5453,7413,9349,11717,14668,16837,1834,1817,1960,1936,2368,2951,2169
50721,"Schillero, Carla",non-elite,1693,3359,4996,6668,8360,10304,12786,16354,1666,1637,1672,1692,1944,2482,3568
50722,"Smith, Julian",non-elite,1814,3696,5633,7662,9783,12051,14430,16804,1882,1937,2029,2121,2268,2379,2374
50723,"Hong, Mathew J.",non-elite,1864,3981,7213,9078,11333,13236,15144,16988,2117,3232,1865,2255,1903,1908,1844
50724,"King, Ronan P.",non-elite,1963,3884,5854,7832,9864,12046,14451,16728,1921,1970,1978,2032,2182,2405,2277
50725,"Brickley, Cara",non-elite,1737,3440,5132,6888,8790,12809,14973,16875,1703,1692,1756,1902,4019,2164,1902
50726,"Neves, Ramon D.",non-elite,1780,3532,5327,7260,9416,11679,14252,16702,1752,1795,1933,2156,2263,2573,2450
50727,"Mcalpin, Julie R.",non-elite,1532,3094,4736,6427,8162,10201,13445,16429,1562,1642,1691,1735,2039,3244,2984
50728,"Fidrych, Collette",non-elite,1872,3734,5653,7667,9711,12034,14462,16723,1862,1919,2014,2044,2323,2428,2261
50729,"Cox, Matthew",non-elite,2006,3976,6414,8346,10623,12863,14901,16847,1970,2438,1932,2277,2240,2038,1946
50730,"Gass, Renee N.",non-elite,1887,3746,5628,7640,9789,12143,14594,16831,1859,1882,2012,2149,2354,2451,2237
50731,"Tassini, Sharon J.",non-elite,2051,4245,6341,8499,10696,12755,14832,16809,2194,2096,2158,2197,2059,2077,1977
50732,"Renouf, Mike",non-elite,1684,3518,5283,7284,9281,11463,13970,16564,1834,1765,2001,1997,2182,2507,2594
50733,"Jacobs, Nicole",non-elite,2016,3999,5956,7909,9886,11918,14182,16697,1983,1957,1953,1977,2032,2264,2515
50734,"Colella, Denise M.",non-elite,1968,4000,6027,8047,10118,12302,14573,16774,2032,2027,2020,2071,2184,2271,2201
50735,"Sherwood, Molly",non-elite,1979,3990,6039,8137,10217,12371,14598,16751,2011,2049,2098,2080,2154,2227,2153
50736,"Feltch, Lauren",non-elite,1858,3709,5601,7536,9579,11886,14307,16795,1851,1892,1935,2043,2307,2421,2488
50737,"Johnson, Dena M",non-elite,1604,3229,4846,6717,8767,11094,13731,16575,1625,1617,1871,2050,2327,2637,2844
50738,"Bryant, Nicole M.",non-elite,1700,3428,5360,7260,9377,11858,14348,16736,1728,1932,1900,2117,2481,2490,2388
50739,"Palumbo, Jonathan E.",non-elite,2046,4044,6045,8083,10177,12381,14634,16776,1998,2001,2038,2094,2204,2253,2142
50740,"Palumbo, Lauren A.",non-elite,2046,4045,6046,8083,10178,12382,14635,16778,1999,2001,2037,2095,2204,2253,2143
50741,"Bippus, Susan A.",non-elite,1860,3665,5544,7473,9576,11882,14449,16776,1805,1879,1929,2103,2306,2567,2327
50742,"Carboni, Jeffrey D.",non-elite,1668,3542,5587,7616,9772,12013,14335,16761,1874,2045,2029,2156,2241,2322,2426
50743,"Morrissey, Jennifer J.",non-elite,1857,3795,5795,7871,10001,12222,14540,16779,1938,2000,2076,2130,2221,2318,2239
50744,"Pollack, Darren K.",non-elite,1851,3690,5554,7641,9714,11997,14444,16766,1839,1864,2087,2073,2283,2447,2322
50745,"Zamora, Daniel",non-elite,1752,3539,5405,7382,9398,11930,14316,16673,1787,1866,1977,2016,2532,2386,2357
50746,"Popma, Bruce P",non-elite,1705,3560,5500,7527,9554,11832,14201,16619,1855,1940,2027,2027,2278,2369,2418
50747,"Cottingham, Mark",non-elite,1796,3702,5741,7754,9947,12196,14561,16794,1906,2039,2013,2193,2249,2365,2233
50748,"Zelayandia, Juan C.",non-elite,1830,3641,5589,7691,9733,12032,14285,16704,1811,1948,2102,2042,2299,2253,2419
50749,"Cameron, Donna",non-elite,1790,3705,5617,7598,9708,11897,14243,16724,1915,1912,1981,2110,2189,2346,2481
50750,"Toivonen, Martti O.",non-elite,1779,3696,5626,7685,9744,12099,14264,16674,1917,1930,2059,2059,2355,2165,2410
50751,"Lee, Samantha L.",non-elite,1937,3912,5857,7873,9925,12143,14405,16728,1975,1945,2016,2052,2218,2262,2323
50752,"Birmingham, Reilly P.",non-elite,1859,3760,5763,7839,9993,12238,14556,16805,1901,2003,2076,2154,2245,2318,2249
50753,"Kennedy, John",non-elite,1671,3344,5037,6783,8668,11147,14112,16821,1673,1693,1746,1885,2479,2965,2709
50754,"Johnson, Tracy L.",non-elite,2081,4186,6273,8345,10485,12629,14783,16888,2105,2087,2072,2140,2144,2154,2105
50755,"Mchallam, Christopher W.",non-elite,2030,3971,5902,7896,10064,12213,14453,16801,1941,1931,1994,2168,2149,2240,2348
50756,"Johns, Richard A.",non-elite,1945,3823,5805,7679,9667,12034,14363,16752,1878,1982,1874,1988,2367,2329,2389
50757,"Stien, Michelle",non-elite,1481,2984,4510,6075,7789,9782,12610,16889,1503,1526,1565,1714,1993,2828,4279
50758,"Backus, Kelli J.",non-elite,1975,3984,5988,8046,10254,12524,14752,16867,2009,2004,2058,2208,2270,2228,2115
50759,"Walsh, Conor",non-elite,1769,3554,5394,7411,9776,12113,14471,16804,1785,1840,2017,2365,2337,2358,2333
50760,"Strong, Danielle M.",non-elite,1921,3893,5908,7935,10293,12587,14850,16943,1972,2015,2027,2358,2294,2263,2093
50761,"Nemser, Alexandra L.",non-elite,1991,4037,6081,8094,10155,12309,14532,16748,2046,2044,2013,2061,2154,2223,2216
50762,"Higgins, Deborah C",non-elite,1700,3552,5401,7247,9290,11685,14425,16760,1852,1849,1846,2043,2395,2740,2335
50763,"Wilton, Brittany E.",non-elite,1747,3382,5036,6763,8774,11298,14191,16745,1635,1654,1727,2011,2524,2893,2554
50764,"Leung, Edward T.",non-elite,1939,3856,5738,7719,9744,11932,14364,16692,1917,1882,1981,2025,2188,2432,2328
50765,"Davidson, Hannah E.",non-elite,1811,3751,5743,7747,9991,12111,14468,16712,1940,1992,2004,2244,2120,2357,2244
50766,"Morrison, Mark E.",non-elite,1752,3583,5478,7504,9559,11815,14354,16671,1831,1895,2026,2055,2256,2539,2317
50767,"Weideman, Hannah R.",non-elite,2005,3906,5768,7682,9834,12333,14601,16870,1901,1862,1914,2152,2499,2268,2269
50768,"Sales, Marian F.",non-elite,1987,3950,5858,7825,9865,11998,14316,16691,1963,1908,1967,2040,2133,2318,2375
50769,"Peabody, Beth",non-elite,1825,3618,5385,7490,9701,12012,14644,16907,1793,1767,2105,2211,2311,2632,2263
50770,"Williams, Jacqueline",non-elite,1953,3990,6010,8089,10179,12363,14675,16827,2037,2020,2079,2090,2184,2312,2152
50771,"Smeltz, Michelle D.",non-elite,1950,3850,5710,7717,9740,12024,14406,16836,1900,1860,2007,2023,2284,2382,2430
50772,"Curtis, Janna",non-elite,1961,4033,6213,8364,10509,12621,14775,16858,2072,2180,2151,2145,2112,2154,2083
50773,"Coene, Lieven",non-elite,1807,3681,5616,7694,9711,11915,14812,16922,1874,1935,2078,2017,2204,2897,2110
50774,"Daley, Leo H. Jr.",non-elite,1778,3578,5394,7354,9685,12488,14718,16909,1800,1816,1960,2331,2803,2230,2191
50775,"Holtzer, Bev",non-elite,1893,3788,5680,7602,9547,11712,14080,16877,1895,1892,1922,1945,2165,2368,2797
50776,"Wood, Gabriella",non-elite,1744,3522,5374,7303,9454,11675,14216,16680,1778,1852,1929,2151,2221,2541,2464
50777,"Williams, John J.",non-elite,1743,3560,5419,7341,9436,11764,14231,16665,1817,1859,1922,2095,2328,2467,2434
50778,"Gaffney, Michael",non-elite,1627,3455,5391,7478,9620,12047,14517,16793,1828,1936,2087,2142,2427,2470,2276
50779,"Hardej, Emily",non-elite,1981,3944,5919,8093,10287,12573,14741,16840,1963,1975,2174,2194,2286,2168,2099
50780,"Emond, Kristin L.",non-elite,1913,3745,5583,7478,9475,11631,14350,16806,1832,1838,1895,1997,2156,2719,2456
50781,"Shuey, Aimee D",non-elite,1796,3751,5754,7887,10082,12532,14850,16894,1955,2003,2133,2195,2450,2318,2044
50782,"Hessler, Frederick W.",non-elite,1882,3820,5877,7888,9966,12176,14380,16713,1938,2057,2011,2078,2210,2204,2333
50783,"Corrado, Katy L.",non-elite,1879,3757,5704,7727,9928,12161,14508,16780,1878,1947,2023,2201,2233,2347,2272
50784,"Lopez, Bego",non-elite,1464,2955,4458,6186,8157,10815,13240,16826,1491,1503,1728,1971,2658,2425,3586
50786,"Snyder, Caitlin E.",non-elite,1450,3006,4739,6527,8660,12265,15156,17055,1556,1733,1788,2133,3605,2891,1899
50787,"Goetsch, Otto",non-elite,1752,3794,5705,7719,9793,12008,14387,16694,2042,1911,2014,2074,2215,2379,2307
50788,"Lewis, John L",non-elite,1534,3051,4561,6120,7750,9823,12194,17017,1517,1510,1559,1630,2073,2371,4823
50789,"Choinski, Joseph J.",non-elite,1815,3697,5648,7583,9623,11896,14447,16914,1882,1951,1935,2040,2273,2551,2467
50790,"Oberton, Jason D.",non-elite,1781,3633,5496,7538,9715,11982,14389,16825,1852,1863,2042,2177,2267,2407,2436
50791,"Furtado, Julie M.",non-elite,1632,3401,5173,6963,8893,11534,14368,16972,1769,1772,1790,1930,2641,2834,2604
50792,"Lum, Tiffany L.",non-elite,2095,4260,6433,8547,10619,12766,14831,16883,2165,2173,2114,2072,2147,2065,2052
50793,"Wolf, Jeanne",non-elite,1751,3572,5547,7571,9761,12205,14617,16846,1821,1975,2024,2190,2444,2412,2229
50794,"Calvo, Rafael",non-elite,1568,3428,5432,7304,9549,12032,14487,16930,1860,2004,1872,2245,2483,2455,2443
50795,"Chaba, Malose",non-elite,1940,3892,5833,7897,9956,12295,14740,16858,1952,1941,2064,2059,2339,2445,2118
50796,"Druckrey, James A.",non-elite,1767,3803,5791,7936,10039,12215,14576,16732,2036,1988,2145,2103,2176,2361,2156
50797,"Voelpert, Janet L.",non-elite,1806,3699,5553,7439,9430,11496,13891,16738,1893,1854,1886,1991,2066,2395,2847
50798,"Mitropoulos, Arielle M.",non-elite,1890,3817,5825,7808,10133,12499,14811,16928,1927,2008,1983,2325,2366,2312,2117
50799,"Fiore, Glenn M.",non-elite,1906,3872,5871,7903,10007,12215,14604,16878,1966,1999,2032,2104,2208,2389,2274
50800,"Dudley, James D. Jr.",non-elite,1586,3251,5014,6965,9136,11540,14211,16751,1665,1763,1951,2171,2404,2671,2540
50801,"Hawkins, Mary Beth",non-elite,1916,3782,5655,7635,9764,12382,14808,16920,1866,1873,1980,2129,2618,2426,2112
50802,"Hunter, Gregory L.",non-elite,1747,3609,5579,7649,9761,11964,14283,16661,1862,1970,2070,2112,2203,2319,2378
50803,"Vandernoot, Josh",non-elite,2092,4079,6022,7954,9910,12102,14466,16775,1987,1943,1932,1956,2192,2364,2309
50804,"Clark, Bert",non-elite,1948,3997,6129,8196,10274,12430,14663,16852,2049,2132,2067,2078,2156,2233,2189
50805,"Lane, Edie S",non-elite,1835,3675,5568,7526,9566,11762,14197,16942,1840,1893,1958,2040,2196,2435,2745
50806,"Bartholomew, Amy",non-elite,1550,3087,4822,6901,8995,11599,14163,16893,1537,1735,2079,2094,2604,2564,2730
50807,"Frawley, David A.",non-elite,1810,3742,5676,7679,9769,11997,14457,16820,1932,1934,2003,2090,2228,2460,2363
50808,"Elwess, Nancy L.",non-elite,1863,3687,5523,7379,9310,11603,14308,16705,1824,1836,1856,1931,2293,2705,2397
50809,"Redmond, Jack",non-elite,1774,3711,5726,7804,10008,12280,14566,16871,1937,2015,2078,2204,2272,2286,2305
50812,"Yu, Cheoljun",non-elite,1753,3687,5612,7674,9823,12131,14507,16770,1934,1925,2062,2149,2308,2376,2263
50813,"Lather, Rosemary",non-elite,1713,3530,5482,8175,10356,12555,14779,16882,1817,1952,2693,2181,2199,2224,2103
50814,"Gray, Gavin L.",non-elite,1704,3594,5432,7324,9340,11611,14194,16829,1890,1838,1892,2016,2271,2583,2635
50815,"Goff, Rick S.",non-elite,1520,3051,4663,6395,9236,11466,13955,16589,1531,1612,1732,2841,2230,2489,2634
50816,"Dixon, Meredith C.",non-elite,2022,4087,6140,8169,10197,12469,14717,16872,2065,2053,2029,2028,2272,2248,2155
50817,"Corrales, Antonia",non-elite,1951,4174,6157,8200,10279,12520,14714,16876,2223,1983,2043,2079,2241,2194,2162
50818,"Murphy, Patrick",non-elite,1756,3549,5391,7391,9396,11740,14424,16858,1793,1842,2000,2005,2344,2684,2434
50819,"Mecaskey, Hannah M.",non-elite,1931,3818,5854,7811,9838,12359,14570,16886,1887,2036,1957,2027,2521,2211,2316
50820,"Psyhojos, Sophia",non-elite,1751,3844,5947,8033,10231,12379,14649,16873,2093,2103,2086,2198,2148,2270,2224
50821,"Winters, Ryan B.",non-elite,1858,3631,5371,7177,9260,11692,14302,16784,1773,1740,1806,2083,2432,2610,2482
50822,"Arnal, James M.",non-elite,1870,3730,5631,7606,9780,12174,14474,16820,1860,1901,1975,2174,2394,2300,2346
50823,"Stewart, Claradene",non-elite,1723,3665,5652,7717,10028,12263,14522,16852,1942,1987,2065,2311,2235,2259,2330
50824,"Arnal, Carrie H.",non-elite,1871,3731,5631,7606,9780,12175,14474,16821,1860,1900,1975,2174,2395,2299,2347
50825,"Debin, Ryan",non-elite,1726,3487,5260,7209,9246,11627,14372,16838,1761,1773,1949,2037,2381,2745,2466
50826,"Hiorns, Bruce F.",non-elite,1915,3869,5844,7851,9852,11991,14406,16753,1954,1975,2007,2001,2139,2415,2347
50827,"Craven, Joseph P. III",non-elite,1938,3925,5919,8127,10187,12400,14743,16878,1987,1994,2208,2060,2213,2343,2135
50828,"Morgan, Jeffrey M.",non-elite,1902,3693,5504,7375,9686,11680,13969,16882,1791,1811,1871,2311,1994,2289,2913
50829,"Casady, Mary C.",non-elite,2024,4097,6148,8170,10254,12468,14743,16986,2073,2051,2022,2084,2214,2275,2243
50830,"Gudmundsson, Fridrik A.",non-elite,1813,3648,5515,7472,9832,12028,14584,16832,1835,1867,1957,2360,2196,2556,2248
50831,"Hvannberg, Runa H.",non-elite,1814,3648,5515,7465,9836,12028,14589,16833,1834,1867,1950,2371,2192,2561,2244
50832,"Reinhold, Jean-Pierre",non-elite,1320,2661,4030,5782,7687,10178,13713,17061,1341,1369,1752,1905,2491,3535,3348
50833,"Qu, Yonghai",non-elite,1805,3646,5496,7470,9631,12115,14497,16796,1841,1850,1974,2161,2484,2382,2299
50834,"Conley, Matthew M.",non-elite,1901,3863,5868,7818,10047,12331,14689,16919,1962,2005,1950,2229,2284,2358,2230
50835,"Mitchinson, Joanne",non-elite,1921,3904,5914,7992,10150,12386,14634,16882,1983,2010,2078,2158,2236,2248,2248
50836,"Boyle, Gregory E.",non-elite,1961,3927,5873,7840,9849,12049,14495,16807,1966,1946,1967,2009,2200,2446,2312
50837,"Poulsen, Jesper Friis Kuhlwein",non-elite,1835,3899,6001,8130,10263,12725,14967,16988,2064,2102,2129,2133,2462,2242,2021
50838,"Aikins, Steven",non-elite,2019,4070,5979,7852,9695,11815,14689,16807,2051,1909,1873,1843,2120,2874,2118
50839,"Poulsen, Kate Friis Kuhlwein",non-elite,1835,3899,6002,8130,10263,12725,14967,16988,2064,2103,2128,2133,2462,2242,2021
50840,"Konkel, Sarah",non-elite,1834,3661,5590,7742,10022,12499,14708,16948,1827,1929,2152,2280,2477,2209,2240
50841,"Mcginty, Carla",non-elite,1730,3496,5416,7480,9610,11968,14390,16833,1766,1920,2064,2130,2358,2422,2443
50842,"Stewart, Wayne",non-elite,1729,3671,5660,7725,10036,12276,14531,16860,1942,1989,2065,2311,2240,2255,2329
50843,"Quinn, Shawn",non-elite,1475,2981,4519,6135,8129,10539,13619,16631,1506,1538,1616,1994,2410,3080,3012
50844,"Bertin, Cecile",non-elite,1729,3626,5582,7634,9839,12168,14542,16843,1897,1956,2052,2205,2329,2374,2301
50845,"McGee, Tracey",non-elite,1693,3344,5082,6888,8778,11160,13796,16619,1651,1738,1806,1890,2382,2636,2823
50846,"Vitale, Nir",non-elite,1738,3600,5497,7539,9648,12009,14502,16798,1862,1897,2042,2109,2361,2493,2296
50847,"Cugmas, Alfonz",non-elite,1906,3851,5916,8065,10288,12607,14973,17027,1945,2065,2149,2223,2319,2366,2054
50848,"Hagedorn, Kathlin",non-elite,2029,4114,6135,8180,10303,12435,14673,16873,2085,2021,2045,2123,2132,2238,2200
50849,"Houghtelling, Darryl E",non-elite,1458,3129,5093,7459,9960,12127,14678,16901,1671,1964,2366,2501,2167,2551,2223
50850,"Hagedorn, Chuck A.",non-elite,2032,4116,6138,8183,10306,12437,14678,16877,2084,2022,2045,2123,2131,2241,2199
50851,"Gallagher, Audrey E.",non-elite,1956,3945,6115,8211,10430,12642,14857,16938,1989,2170,2096,2219,2212,2215,2081
50852,"Holthaus, Matthew C.",non-elite,2081,4115,6155,8296,10449,12589,14761,16937,2034,2040,2141,2153,2140,2172,2176
50853,"Hart, Jonathan",non-elite,1901,3815,5753,7905,9989,12304,14689,16935,1914,1938,2152,2084,2315,2385,2246
50854,"Thompson, Ashley C.",non-elite,1890,3797,5746,7971,10203,12448,14748,16919,1907,1949,2225,2232,2245,2300,2171
50855,"McQuade, Timothy",non-elite,1973,3951,5893,7861,9905,12108,14594,16923,1978,1942,1968,2044,2203,2486,2329
50856,"Cruz, Hector L.",non-elite,2086,4122,6126,8145,10131,12221,14526,16859,2036,2004,2019,1986,2090,2305,2333
50857,"Wright, Carol F.",non-elite,1971,3993,6038,8153,10318,12569,14835,16920,2022,2045,2115,2165,2251,2266,2085
50858,"Lelievre, Caitlin E.",non-elite,1918,3896,5984,8009,10146,12361,14672,16924,1978,2088,2025,2137,2215,2311,2252
50859,"Fox, Rodman R.",non-elite,1921,3886,5787,8350,10461,12628,14770,16967,1965,1901,2563,2111,2167,2142,2197
50860,"Sklenar, Robert",non-elite,1733,3507,5319,7189,9191,11590,14451,16904,1774,1812,1870,2002,2399,2861,2453
50861,"Conahan, Sara A.",non-elite,1795,3613,5743,7710,9951,12148,14527,16871,1818,2130,1967,2241,2197,2379,2344
50862,"Coke, Tracy",non-elite,1428,2867,4349,5913,7605,9768,13038,16376,1439,1482,1564,1692,2163,3270,3338
50863,"Gomez, Gonzalo M.",non-elite,1868,3735,5660,7604,9611,11844,14324,16851,1867,1925,1944,2007,2233,2480,2527
50864,"Clifford, Amanda M.",non-elite,1809,3713,5813,7982,10263,12541,14917,17012,1904,2100,2169,2281,2278,2376,2095
50865,"Perkins, Julianne E.",non-elite,1838,3723,5664,7653,9710,11940,14354,16777,1885,1941,1989,2057,2230,2414,2423
50866,"Goulart, Michael A. Jr.",non-elite,1963,3944,5893,7901,9901,12387,14703,16895,1981,1949,2008,2000,2486,2316,2192
50867,"Hao, Fei",non-elite,1475,3107,4826,6663,9496,12211,14589,16887,1632,1719,1837,2833,2715,2378,2298
50868,"McEwen, Nelly",non-elite,1943,3979,6065,8226,10345,12516,14762,16875,2036,2086,2161,2119,2171,2246,2113
50869,"Aldana, Otto",non-elite,1873,3756,5645,7664,9737,12022,14538,16864,1883,1889,2019,2073,2285,2516,2326
50870,"Rodriguez, Chris",non-elite,1917,3887,5864,7899,10086,12309,14644,16926,1970,1977,2035,2187,2223,2335,2282
50871,"Ashby, Rebecca S.",non-elite,1918,3887,5865,7899,10087,12309,14645,16926,1969,1978,2034,2188,2222,2336,2281
50872,"Roche, Kerriann",non-elite,1932,3816,5850,7812,9837,12359,14570,16886,1884,2034,1962,2025,2522,2211,2316
50873,"Miranda, Erika",non-elite,1685,3593,5600,7644,9676,11959,14358,16717,1908,2007,2044,2032,2283,2399,2359
50874,"Provost, Rhonda",non-elite,1919,3902,5891,7912,10026,12362,14658,16880,1983,1989,2021,2114,2336,2296,2222
50876,"Barbuto, James F.",non-elite,1882,3775,5685,7758,9845,12135,14742,16982,1893,1910,2073,2087,2290,2607,2240
50877,"Walden, Lawrence M.",non-elite,1954,3785,5574,7394,9304,11544,14227,16725,1831,1789,1820,1910,2240,2683,2498
50878,"Plough, John J.",non-elite,1889,3805,5852,7934,10069,12302,14758,16925,1916,2047,2082,2135,2233,2456,2167
50879,"Smith, Paul K. Jr.",non-elite,1794,3655,5617,7652,9771,12077,14503,16864,1861,1962,2035,2119,2306,2426,2361
50880,"Van Meer, Mieke",non-elite,1875,3764,5653,7584,9765,12078,14595,16900,1889,1889,1931,2181,2313,2517,2305
50881,"Giddings, Jeff",non-elite,1751,3584,5632,7737,9982,12354,14774,16987,1833,2048,2105,2245,2372,2420,2213
50882,"Raven, Ashley T.",non-elite,1844,3744,5632,7566,9722,12014,14443,16755,1900,1888,1934,2156,2292,2429,2312
50883,"Jouhourian, Caroline R.",non-elite,1990,4017,6052,8118,10259,12418,14662,16951,2027,2035,2066,2141,2159,2244,2289
50884,"Clarke, Rainy",non-elite,1650,3386,5151,7053,9053,11242,13863,16707,1736,1765,1902,2000,2189,2621,2844
50885,"Marquardt, Cheryl A",non-elite,1562,3407,5912,8186,10477,12761,15013,16997,1845,2505,2274,2291,2284,2252,1984
50886,"Lemone, Christopher A.",non-elite,1901,3692,5503,7376,9686,11944,14407,16808,1791,1811,1873,2310,2258,2463,2401
50887,"Luke, Stephanie M.",non-elite,1882,3863,5984,8156,10331,12596,14930,17020,1981,2121,2172,2175,2265,2334,2090
50888,"Williams, Stephanie K",non-elite,1696,3430,5278,7278,9281,11223,13682,16643,1734,1848,2000,2003,1942,2459,2961
50889,"Dzurenda, Michelle A.",non-elite,1904,3738,5624,7564,9672,12018,14454,16907,1834,1886,1940,2108,2346,2436,2453
50890,"Spina, Samantha",non-elite,2029,4104,6160,8275,10389,12613,14821,16944,2075,2056,2115,2114,2224,2208,2123
50891,"D'Agostino, Michael W.",non-elite,2040,4079,6050,8052,10109,12303,14601,16876,2039,1971,2002,2057,2194,2298,2275
50892,"Chin, Taylor",non-elite,1804,3503,5267,7301,9619,12427,14733,16956,1699,1764,2034,2318,2808,2306,2223
50893,"Soroko, Jay M.",non-elite,1803,3504,5267,7301,9619,12426,14732,16956,1701,1763,2034,2318,2807,2306,2224
50894,"Bueno, Carlos M.",non-elite,1898,3867,5917,7963,10090,12302,14551,16855,1969,2050,2046,2127,2212,2249,2304
50895,"Brown, Lisa",non-elite,1962,3962,5890,7982,10172,12395,14814,16989,2000,1928,2092,2190,2223,2419,2175
50896,"DiLisio, Karen",non-elite,1858,3697,5660,7724,9922,12157,14410,16812,1839,1963,2064,2198,2235,2253,2402
50897,"Demone, Jaimee A.",non-elite,1962,3962,5890,7983,10173,12396,14815,16990,2000,1928,2093,2190,2223,2419,2175
50898,"Peters, Lauren B.",non-elite,1807,3671,5668,7729,9868,12225,14611,16954,1864,1997,2061,2139,2357,2386,2343
50899,"Norton, John D.",non-elite,1952,3899,5852,7923,10038,12312,14642,16882,1947,1953,2071,2115,2274,2330,2240
50900,"Bolton, Michael E.",non-elite,1861,3730,5601,7533,9567,11820,14330,16783,1869,1871,1932,2034,2253,2510,2453
50901,"Hoogland, Helen J",non-elite,1867,3759,5672,7589,9513,11611,14021,16830,1892,1913,1917,1924,2098,2410,2809
50902,"Aigner, Guenther",non-elite,1859,3706,5575,7518,9561,12056,14660,16917,1847,1869,1943,2043,2495,2604,2257
50903,"Orlinger, Herbert",non-elite,1845,3818,5824,7901,10010,12310,14657,16917,1973,2006,2077,2109,2300,2347,2260
50904,"Hrabchak, Rick",non-elite,1850,3745,5587,7538,9625,11951,14728,16974,1895,1842,1951,2087,2326,2777,2246
50905,"Fisher, Kelly J.",non-elite,1970,3968,5945,7985,10049,12195,14509,16872,1998,1977,2040,2064,2146,2314,2363
50906,"El Kardoudi, Said",non-elite,1828,3618,5419,7397,9810,12253,14821,16920,1790,1801,1978,2413,2443,2568,2099
50907,"Williams, Kenneth",non-elite,1939,3963,6055,8214,10340,12572,14835,16952,2024,2092,2159,2126,2232,2263,2117
50908,"Virtue, Geri",non-elite,2040,4169,6260,8319,10446,12622,14825,16970,2129,2091,2059,2127,2176,2203,2145
50909,"Bowen, Hannah",non-elite,2059,4102,6118,8370,10425,12612,14809,16975,2043,2016,2252,2055,2187,2197,2166
50910,"Bannister, Emily",non-elite,2059,4102,6118,8371,10426,12612,14809,16976,2043,2016,2253,2055,2186,2197,2167
50911,"Guerin, Yves",non-elite,1787,3676,5703,7779,9972,12305,14728,16926,1889,2027,2076,2193,2333,2423,2198
50912,"Salyers, Betty J",non-elite,1805,3830,5884,7919,10008,12235,14574,16820,2025,2054,2035,2089,2227,2339,2246
50913,"Jung, Jin Woo",non-elite,1823,3613,5463,7502,9690,12071,14683,16909,1790,1850,2039,2188,2381,2612,2226
50914,"Zhang, Xiaohu",non-elite,1799,3546,5307,7212,9412,12054,14751,16880,1747,1761,1905,2200,2642,2697,2129
50915,"Nickerson, Mark D.",non-elite,1701,3431,5266,7275,9413,11688,14361,16921,1730,1835,2009,2138,2275,2673,2560
50916,"Graham, Trevor V.",non-elite,1869,3735,5661,7604,9611,11845,14315,16854,1866,1926,1943,2007,2234,2470,2539
50917,"Rode, Dietmar Uwe Peter",non-elite,1808,3594,5391,7189,8991,11126,13816,16780,1786,1797,1798,1802,2135,2690,2964
50918,"Arnold, Tara J.",non-elite,1966,4163,6294,8373,10523,12654,14815,16972,2197,2131,2079,2150,2131,2161,2157
50919,"Dietz, Robin",non-elite,1839,3760,5771,7771,9864,12071,14433,16827,1921,2011,2000,2093,2207,2362,2394
50920,"Piper, Geraldine",non-elite,1954,3899,5801,7704,9594,11637,14011,16665,1945,1902,1903,1890,2043,2374,2654
50921,"Piper, Nabila",non-elite,1954,3900,5801,7705,9594,11637,14011,16666,1946,1901,1904,1889,2043,2374,2655
50922,"Youngberg, Roy",non-elite,1823,3767,5707,7812,10059,12360,14625,16937,1944,1940,2105,2247,2301,2265,2312
50923,"Ostrowski, John M.",non-elite,1913,3848,5846,7900,9979,12231,14602,16882,1935,1998,2054,2079,2252,2371,2280
50924,"Montermini, Marco",non-elite,1911,3880,5840,7814,9868,12139,14549,16956,1969,1960,1974,2054,2271,2410,2407
50925,"Buisier, Nasser",non-elite,1769,3618,5539,7577,9685,12058,14571,16932,1849,1921,2038,2108,2373,2513,2361
50926,"Park, Byung Ok",non-elite,1886,3854,5852,7910,9938,12285,14657,16941,1968,1998,2058,2028,2347,2372,2284
50927,"Ward, Tom",non-elite,1943,3906,5863,7848,9960,12281,14709,16916,1963,1957,1985,2112,2321,2428,2207
50928,"Suwannarat, Chait",non-elite,1760,3527,5314,7209,9244,11611,14195,16766,1767,1787,1895,2035,2367,2584,2571
50929,"Ritchie, Peter",non-elite,1827,3608,5370,7206,9430,12052,14691,17034,1781,1762,1836,2224,2622,2639,2343
50930,"Lyle, Charles D.",non-elite,1818,3577,5341,7241,9423,11789,14426,16857,1759,1764,1900,2182,2366,2637,2431
50931,"Scott, Mary Theresa",non-elite,1617,3395,5296,7246,9403,11962,14537,16916,1778,1901,1950,2157,2559,2575,2379
50932,"De Loera, Juan",non-elite,1415,2658,3963,5342,6753,8389,14194,17026,1243,1305,1379,1411,1636,5805,2832
50933,"Kim, Heung Sik",non-elite,1872,3832,5843,7902,9921,12189,14692,16933,1960,2011,2059,2019,2268,2503,2241
50934,"Moloney, Noreen T",non-elite,1647,3332,5236,7513,9743,12258,14755,17059,1685,1904,2277,2230,2515,2497,2304
50935,"Williams, Joanna F.",non-elite,1930,3956,5978,7977,10136,12370,14717,16932,2026,2022,1999,2159,2234,2347,2215
50936,"Peplowski, Krysta N.",non-elite,1895,3746,5664,7635,9782,12215,14572,16922,1851,1918,1971,2147,2433,2357,2350
50937,"Walker, Holly E.",non-elite,2000,4016,6054,8112,10173,12336,14607,16942,2016,2038,2058,2061,2163,2271,2335
50938,"Cook, Marcy",non-elite,1718,3442,5205,7060,8952,12125,14791,17007,1724,1763,1855,1892,3173,2666,2216
50939,"Disotell, Robert G",non-elite,1749,3540,5555,7594,9913,12368,14750,16959,1791,2015,2039,2319,2455,2382,2209
50940,"Kurzweil, Anne",non-elite,2019,4107,6183,8287,10461,12635,14853,16982,2088,2076,2104,2174,2174,2218,2129
50941,"Villneff, Roberta L.",non-elite,1664,3405,5261,7353,9601,11996,14684,17008,1741,1856,2092,2248,2395,2688,2324
50942,"Walsh, Brian",non-elite,1358,2751,4262,5973,7774,10553,14061,16807,1393,1511,1711,1801,2779,3508,2746
50943,"Davis, Emily",non-elite,2103,4248,6420,8585,10730,12842,14988,17012,2145,2172,2165,2145,2112,2146,2024
50944,"Davey, Ashley",non-elite,1982,3866,5787,7886,10059,12376,14643,16932,1884,1921,2099,2173,2317,2267,2289
50945,"Bender, Teresa",non-elite,1592,3229,4970,7037,9089,11644,14317,16898,1637,1741,2067,2052,2555,2673,2581
50946,"Letichevsky, Corey",non-elite,1539,3309,5177,7270,9511,11919,14405,16930,1770,1868,2093,2241,2408,2486,2525
50947,"Deeran, Kerri-Anne",non-elite,1861,3858,5866,7867,10095,12278,14688,16974,1997,2008,2001,2228,2183,2410,2286
50948,"Wentland, Carissa",non-elite,1864,3741,5626,7739,10080,12429,14852,16984,1877,1885,2113,2341,2349,2423,2132
50949,"Ryan, Patrick J.",non-elite,1861,3724,5726,7776,9900,12189,14796,17037,1863,2002,2050,2124,2289,2607,2241
50950,"Havey, Kristen E.",non-elite,1875,3780,5595,7596,9917,12365,14791,17042,1905,1815,2001,2321,2448,2426,2251
50951,"Aland, Scott",non-elite,1568,3179,4881,6718,8741,11818,14364,16925,1611,1702,1837,2023,3077,2546,2561
50952,"Doyle, Caroline",non-elite,1817,3729,5623,7557,9623,11895,14365,16925,1912,1894,1934,2066,2272,2470,2560
50953,"Murray, Michael J",non-elite,1759,3529,5335,7200,9256,11716,14417,16887,1770,1806,1865,2056,2460,2701,2470
50954,"Murray, Christine D",non-elite,1759,3529,5335,7200,9256,11715,14416,16887,1770,1806,1865,2056,2459,2701,2471
50955,"Gagnebin, Laurent",non-elite,1851,3699,5623,7507,9545,11939,14605,17023,1848,1924,1884,2038,2394,2666,2418
50956,"Snickenberger, Sally W.",non-elite,1836,3628,5639,7730,9851,12439,14806,17066,1792,2011,2091,2121,2588,2367,2260
50957,"Caldwell, Alene D.",non-elite,1786,3429,5089,6764,8530,10810,15006,17075,1643,1660,1675,1766,2280,4196,2069
50958,"Gloede, Samantha E.",non-elite,1805,3638,5528,7612,9893,12301,14798,17072,1833,1890,2084,2281,2408,2497,2274
50959,"Dion, Art",non-elite,1982,3962,5937,7948,10040,12487,14832,17040,1980,1975,2011,2092,2447,2345,2208
50960,"Gordon, Patty",non-elite,1788,3645,5529,7581,9857,12218,14632,16956,1857,1884,2052,2276,2361,2414,2324
50961,"Ruble, Susan",non-elite,1509,3048,4719,6482,8224,10210,12807,16920,1539,1671,1763,1742,1986,2597,4113
50962,"Bildner, Meghan S.",non-elite,1709,3429,5267,7269,9383,12086,14580,16929,1720,1838,2002,2114,2703,2494,2349
50963,"Armstrong, Katie",non-elite,1929,3811,5730,7683,9951,12144,14618,17004,1882,1919,1953,2268,2193,2474,2386
50964,"Williams, Kara",non-elite,1752,3617,5552,7644,9781,12209,14680,16955,1865,1935,2092,2137,2428,2471,2275
50965,"Landers, Harry",non-elite,1753,3617,5553,7640,9782,12209,14681,16955,1864,1936,2087,2142,2427,2472,2274
50966,"Steidler-Dennison, Tony L",non-elite,1626,3384,5318,7398,9565,11937,14509,16993,1758,1934,2080,2167,2372,2572,2484
50967,"Bachicha, William S.",non-elite,1970,4087,6168,8264,10433,12682,14944,17052,2117,2081,2096,2169,2249,2262,2108
50968,"Brinkman, Mary Jo",non-elite,1686,3561,5679,7922,10152,12507,14809,17029,1875,2118,2243,2230,2355,2302,2220
50969,"Nickleson, Don",non-elite,1502,3198,5102,6952,8982,11177,14041,16761,1696,1904,1850,2030,2195,2864,2720
50970,"Radosh, Jeremy L.",non-elite,1839,3720,5542,7418,9616,12338,14770,17039,1881,1822,1876,2198,2722,2432,2269
50971,"Tucker, Chandler",non-elite,1826,3585,5501,7606,9829,12232,14668,16941,1759,1916,2105,2223,2403,2436,2273
50972,"Weeks, Jeff",non-elite,1495,3101,4651,6262,8261,11231,13905,16742,1606,1550,1611,1999,2970,2674,2837
50973,"Kilgallon, Elizabeth L.",non-elite,1982,4059,6052,8073,10379,12521,14775,16936,2077,1993,2021,2306,2142,2254,2161
50974,"Laws, Margaret",non-elite,1982,4059,6052,8073,10379,12521,14775,16936,2077,1993,2021,2306,2142,2254,2161
50975,"Hallaran, Michelle E.",non-elite,1830,3603,5386,7347,9433,11867,14310,17011,1773,1783,1961,2086,2434,2443,2701
50976,"McOwens, Marc",non-elite,1967,3969,6019,8027,10079,12367,14755,16995,2002,2050,2008,2052,2288,2388,2240
50977,"Patten, Christopher P.",non-elite,1933,3902,5807,7783,9922,12159,14557,16963,1969,1905,1976,2139,2237,2398,2406
50978,"Sexton Quillan, Natasha K.",non-elite,1946,4013,6092,8160,10275,12449,14682,16996,2067,2079,2068,2115,2174,2233,2314
50979,"Young, Scott A.",non-elite,1841,3770,5708,7681,9745,11995,14457,16996,1929,1938,1973,2064,2250,2462,2539
50980,"Tveter, Karl Otto",non-elite,1872,3848,5923,8023,10195,12452,14811,16993,1976,2075,2100,2172,2257,2359,2182
50981,"Zhang, Marshall",non-elite,1846,3608,5431,7371,9352,11624,14283,16958,1762,1823,1940,1981,2272,2659,2675
50982,"Becker, Joan C",non-elite,1642,3411,5625,7695,9773,12038,14423,16975,1769,2214,2070,2078,2265,2385,2552
50983,"Reardon, Michael W.",non-elite,1798,3619,5431,7391,9355,11933,14717,17107,1821,1812,1960,1964,2578,2784,2390
50984,"Marcotte, Stacy L.",non-elite,1883,3923,5902,7895,10101,12395,14800,16954,2040,1979,1993,2206,2294,2405,2154
50985,"Fontaine, Jeremy P.",non-elite,1896,3783,5714,7717,9916,12295,14661,16953,1887,1931,2003,2199,2379,2366,2292
50986,"Bessey, Christian A.",non-elite,1856,3725,5587,7567,9702,12039,14510,16962,1869,1862,1980,2135,2337,2471,2452
50987,"Smith, Nancy L.",non-elite,1910,3817,5886,7930,10074,12351,14759,16963,1907,2069,2044,2144,2277,2408,2204
50988,"Nijensohn, Lynda A.",non-elite,1724,3529,5399,7315,9510,12247,14639,16923,1805,1870,1916,2195,2737,2392,2284
50989,"Mcguire, Tom",non-elite,1600,3174,4860,7125,9720,12104,14566,17006,1574,1686,2265,2595,2384,2462,2440
50990,"Blasberg, Jeanne M.",non-elite,1950,3903,5950,8027,10102,12488,14924,17081,1953,2047,2077,2075,2386,2436,2157
50991,"Blasberg, Charles T.",non-elite,1950,3903,5950,8027,10102,12488,14925,17081,1953,2047,2077,2075,2386,2437,2156
50992,"Lentz, Paul R.",non-elite,1872,3739,5753,8095,10283,12508,14848,17027,1867,2014,2342,2188,2225,2340,2179
50993,"Wyatt, David",non-elite,1652,3347,5073,6909,8933,11007,13568,16548,1695,1726,1836,2024,2074,2561,2980
50994,"Johnson, Christine",non-elite,1683,3513,5529,7720,10055,12338,14781,17030,1830,2016,2191,2335,2283,2443,2249
50995,"Meersman, Carrie",non-elite,2042,3995,6118,8230,10413,12661,14921,17064,1953,2123,2112,2183,2248,2260,2143
50996,"Kelly, Laura E.",non-elite,1872,3830,5853,8056,10242,12502,14905,17057,1958,2023,2203,2186,2260,2403,2152
50997,"Wu, Weibing",non-elite,1695,3719,5580,7594,9924,12114,14650,16953,2024,1861,2014,2330,2190,2536,2303
50998,"Gabrovec, Davorin",non-elite,1873,3830,5714,7766,9836,12131,14546,16955,1957,1884,2052,2070,2295,2415,2409
50999,"Cap, Ludovit S.",non-elite,1745,3651,5653,7732,9878,12156,14559,16914,1906,2002,2079,2146,2278,2403,2355
51000,"Shilmover, Fred",non-elite,1862,3739,5593,7502,9494,11852,14382,16910,1877,1854,1909,1992,2358,2530,2528
51001,"Herr, Brian J.",non-elite,1854,3775,5864,7901,9956,12233,14632,16950,1921,2089,2037,2055,2277,2399,2318
51002,"Farnham, Renee L.",non-elite,1884,3716,5647,7698,10019,12289,14687,16974,1832,1931,2051,2321,2270,2398,2287
51003,"Okusanya, Omotayo",non-elite,1808,3671,5596,7544,9606,11970,14468,16980,1863,1925,1948,2062,2364,2498,2512
51004,"Skov, Bonnie",non-elite,1923,3945,6054,8141,10263,12493,14751,16995,2022,2109,2087,2122,2230,2258,2244
51005,"Dowling, Colleen",non-elite,1968,3939,5873,7844,9968,12261,14666,16961,1971,1934,1971,2124,2293,2405,2295
51007,"MacDonald, Diane",non-elite,1919,3907,5961,8001,10146,12455,14862,17086,1988,2054,2040,2145,2309,2407,2224
51008,"Smith, Shannon E.",non-elite,1807,3612,5458,7398,9593,12086,14670,17011,1805,1846,1940,2195,2493,2584,2341
51009,"Duda, Jim",non-elite,1807,3612,5458,7398,9593,12085,14670,17011,1805,1846,1940,2195,2492,2585,2341
51010,"McIsaac, Stephanie A.",non-elite,1830,3721,5736,7840,10028,12327,14659,16953,1891,2015,2104,2188,2299,2332,2294
51011,"O'Loughlin, Joanna",non-elite,1819,3631,5606,7634,9798,12018,14746,17045,1812,1975,2028,2164,2220,2728,2299
51012,"Grissino, Kathryn M.",non-elite,2042,4088,6101,8137,10250,12406,14791,16988,2046,2013,2036,2113,2156,2385,2197
51013,"Grissino, David L.",non-elite,2043,4088,6101,8137,10251,12406,14791,16988,2045,2013,2036,2114,2155,2385,2197
51014,"Polan, Martin",non-elite,1792,3550,5355,7375,9682,12062,14654,16985,1758,1805,2020,2307,2380,2592,2331
51015,"Fogarty, Ursula",non-elite,1610,3409,5388,7352,9565,11937,14468,17013,1799,1979,1964,2213,2372,2531,2545
51016,"Stromski, Cari",non-elite,1662,3388,5452,7550,9642,11987,14680,17042,1726,2064,2098,2092,2345,2693,2362
51017,"Yepez, Gisela A.",non-elite,2110,4190,6260,8338,10548,12719,14974,17076,2080,2070,2078,2210,2171,2255,2102
51018,"Bryant, Kelsie T.",non-elite,1937,3906,5885,7917,10049,12318,14731,17016,1969,1979,2032,2132,2269,2413,2285
51019,"Cawley, Yvonne",non-elite,1631,3429,5335,7392,9497,11769,14251,16828,1798,1906,2057,2105,2272,2482,2577
51020,"Mcdorman, Angela",non-elite,1660,3468,5486,7623,9802,12289,14683,17014,1808,2018,2137,2179,2487,2394,2331
51021,"Smith, Suzanne",non-elite,1564,3280,5211,7335,9751,12162,14556,17027,1716,1931,2124,2416,2411,2394,2471
51022,"Penn, Wes",non-elite,1933,3855,5756,7678,9728,11842,14361,16853,1922,1901,1922,2050,2114,2519,2492
51023,"Larson, Eric N",non-elite,1915,3953,6048,8291,10655,13091,15307,17163,2038,2095,2243,2364,2436,2216,1856
51024,"Couture, David C.",non-elite,2004,4019,5999,8047,10131,12310,14715,16971,2015,1980,2048,2084,2179,2405,2256
51025,"Cormier, Raymond D.",non-elite,2004,4019,6000,8047,10131,12310,14717,16972,2015,1981,2047,2084,2179,2407,2255
51026,"Carroll, Stephen W.",non-elite,2287,4547,6626,8720,10747,12933,15067,17113,2260,2079,2094,2027,2186,2134,2046
51027,"Olson, Michael L.",non-elite,1829,3666,5533,7435,9411,11654,14567,16991,1837,1867,1902,1976,2243,2913,2424
51028,"Loy, Judy",non-elite,1830,3765,5876,7990,10130,12429,14756,16999,1935,2111,2114,2140,2299,2327,2243
51029,"O'Connor, Aisling",non-elite,1763,3536,5334,7223,9811,12327,14806,17081,1773,1798,1889,2588,2516,2479,2275
51030,"Boetsch Dahud, Carlos Sr.",non-elite,1782,3589,5522,7600,9800,12189,14622,16943,1807,1933,2078,2200,2389,2433,2321
51031,"Morey, Richard R",non-elite,1991,3832,5667,7773,9888,12151,14658,17011,1841,1835,2106,2115,2263,2507,2353
51032,"Bryan, Ed J.",non-elite,1997,3882,5782,7772,9801,12067,14629,17072,1885,1900,1990,2029,2266,2562,2443
51033,"Warren, Eileen M.",non-elite,1968,3896,5865,7923,9966,12160,14477,16891,1928,1969,2058,2043,2194,2317,2414
51034,"Gentry, Kelly",non-elite,1925,3872,5834,7915,10098,12352,14947,17049,1947,1962,2081,2183,2254,2595,2102
51035,"Herrick, Paul J.",non-elite,2008,4026,6152,8361,10465,12616,14909,17096,2018,2126,2209,2104,2151,2293,2187
51036,"Castellanos, Andrea",non-elite,1796,3714,5765,7900,10056,12464,14787,16958,1918,2051,2135,2156,2408,2323,2171
51037,"Balter, Lara",non-elite,1779,3580,5419,7286,9311,11614,14287,16932,1801,1839,1867,2025,2303,2673,2645
51038,"Goldstein, Hannah L.",non-elite,1883,3828,5796,8192,10275,12677,14748,17074,1945,1968,2396,2083,2402,2071,2326
51039,"Stephan, Scott M.",non-elite,1873,3892,5850,7906,9987,12241,14637,16958,2019,1958,2056,2081,2254,2396,2321
51040,"Gjuraj, Lushe",non-elite,1942,3978,6061,8236,10423,12693,14908,17056,2036,2083,2175,2187,2270,2215,2148
51041,"Jensen, Johnny H.",non-elite,1704,3415,5300,7247,9249,11467,14356,16985,1711,1885,1947,2002,2218,2889,2629
51042,"Brosnihan, Brian J.",non-elite,1796,3642,5531,7730,9957,12291,14617,17004,1846,1889,2199,2227,2334,2326,2387
51043,"Baker, James S.",non-elite,1541,3203,5186,7227,9321,11609,14829,17183,1662,1983,2041,2094,2288,3220,2354
51044,"Goto, Akiko",non-elite,1989,3989,5978,8083,10251,12834,15106,17122,2000,1989,2105,2168,2583,2272,2016
51045,"Capone, Frank",non-elite,1780,3687,5528,7569,9820,12406,14774,17048,1907,1841,2041,2251,2586,2368,2274
51047,"Ricardi, Daunielle N.",non-elite,1954,3910,5880,7896,10107,12375,14992,17081,1956,1970,2016,2211,2268,2617,2089
51048,"Pritchard, Karen L.",non-elite,1938,4017,6159,8057,10170,12340,14598,17136,2079,2142,1898,2113,2170,2258,2538
51049,"Macleod, Jane C.",non-elite,1741,3612,5480,7536,9887,12283,15147,17279,1871,1868,2056,2351,2396,2864,2132
51050,"Winn, Caroline C.",non-elite,1863,3745,5719,8027,10206,12404,14782,17041,1882,1974,2308,2179,2198,2378,2259
51051,"Boyer, Christine B.",non-elite,1759,3508,5303,7187,9145,11566,14284,16922,1749,1795,1884,1958,2421,2718,2638
51052,"Fantasia, Frank R.",non-elite,1717,3590,5643,7663,9802,12186,14681,16997,1873,2053,2020,2139,2384,2495,2316
51053,"Tallent, Allison",non-elite,1802,3661,5658,7692,9933,12228,14753,17001,1859,1997,2034,2241,2295,2525,2248
51054,"Wiederhold, Krista M.",non-elite,1694,3488,5583,7804,10052,12421,14822,17132,1794,2095,2221,2248,2369,2401,2310
51055,"Lyons, Bryan P.",non-elite,1724,3588,5563,7584,9841,12175,15089,17090,1864,1975,2021,2257,2334,2914,2001
51056,"Makara, Mphokolo",non-elite,1870,3929,5881,8103,10328,12662,14945,17083,2059,1952,2222,2225,2334,2283,2138
51057,"Robin, Fabrice",non-elite,1948,3908,5836,7868,10000,12332,14869,17072,1960,1928,2032,2132,2332,2537,2203
51058,"Kolitzus, Christoph",non-elite,1855,3817,5831,7920,10170,12461,14787,17068,1962,2014,2089,2250,2291,2326,2281
51059,"Hardy, Jon",non-elite,1940,3907,5816,7786,9769,12032,14635,16971,1967,1909,1970,1983,2263,2603,2336
51060,"Hardy, Shannon",non-elite,1940,3907,5816,7786,9769,12028,14631,16972,1967,1909,1970,1983,2259,2603,2341
51061,"Rice, Mark W.",non-elite,1591,3206,4965,7044,9139,11741,14306,17035,1615,1759,2079,2095,2602,2565,2729
51062,"Mohr, Mike",non-elite,1591,3206,4965,7044,9138,11742,14306,17036,1615,1759,2079,2094,2604,2564,2730
51063,"Harshbarger, Savanah L.",non-elite,1957,3881,5987,8147,10346,12591,14876,17090,1924,2106,2160,2199,2245,2285,2214
51064,"Sparkman, Dede",non-elite,1617,3495,5534,7545,9584,12033,14514,17014,1878,2039,2011,2039,2449,2481,2500
51065,"Delibero, Amy -.",non-elite,1890,3793,5764,7796,9779,12110,14533,16826,1903,1971,2032,1983,2331,2423,2293
51066,"Salinas Sanchez, Manuel Angel",non-elite,1841,3857,5908,7994,10191,12491,14796,17021,2016,2051,2086,2197,2300,2305,2225
51067,"Duarte Diaz, Jose Joaquin",non-elite,1769,3502,5286,7230,9775,12743,15009,17022,1733,1784,1944,2545,2968,2266,2013
51068,"Schultz, Erin J.",non-elite,1980,3913,5876,7880,9997,12406,14681,17035,1933,1963,2004,2117,2409,2275,2354
51069,"Fonseca, Leo M.",non-elite,1980,3913,5876,7880,9998,12406,14681,17036,1933,1963,2004,2118,2408,2275,2355
51070,"Rayder, Robert N.",non-elite,1764,3482,5205,7017,9124,11865,14538,17116,1718,1723,1812,2107,2741,2673,2578
51071,"Olson, Mike",non-elite,1861,3699,5554,7446,9701,12117,14811,16974,1838,1855,1892,2255,2416,2694,2163
51072,"Salamon Cowan, Marianne",non-elite,1659,3535,5571,7794,9763,11967,14471,16931,1876,2036,2223,1969,2204,2504,2460
51073,"White, Samantha M.",non-elite,1873,3724,5637,7838,10168,12585,14881,17115,1851,1913,2201,2330,2417,2296,2234
51074,"Pastega, Kenneth R.",non-elite,1734,3490,5319,7270,9479,11993,14539,16994,1756,1829,1951,2209,2514,2546,2455
51075,"Polverini, Leo J.",non-elite,1901,3830,5721,7727,9776,12169,14696,17058,1929,1891,2006,2049,2393,2527,2362
51076,"Hickey, Alanna J.",non-elite,1900,3829,5718,7728,9775,12168,14686,17058,1929,1889,2010,2047,2393,2518,2372
51077,"Zolenski, Ashley R.",non-elite,2010,4063,6179,8297,10462,12793,15031,17172,2053,2116,2118,2165,2331,2238,2141
51078,"Sidwell, Krista M.",non-elite,1671,3323,4999,6778,8715,11160,13875,16791,1652,1676,1779,1937,2445,2715,2916
51079,"Murphy, Nicole",non-elite,1920,3832,5813,7960,10091,12507,14867,17143,1912,1981,2147,2131,2416,2360,2276
51080,"Stoney, Siobhan E.",non-elite,1931,3855,5754,7622,9526,11617,14229,16912,1924,1899,1868,1904,2091,2612,2683
51081,"Norris, Melonie E",non-elite,1748,3574,5566,7734,10094,12671,14944,17114,1826,1992,2168,2360,2577,2273,2170
51082,"Gauntlett, Anita M.",non-elite,1851,3716,5631,7607,9833,12113,14628,17001,1865,1915,1976,2226,2280,2515,2373
51083,"Link, Anna K.",non-elite,1947,3938,5977,8148,10390,12619,14911,17106,1991,2039,2171,2242,2229,2292,2195
51084,"Walsh Graham, Bridget A.",non-elite,2034,4069,6213,8312,10450,12777,15062,17155,2035,2144,2099,2138,2327,2285,2093
51085,"Colassi, Nicole",non-elite,2017,4035,6079,8139,10247,12482,14837,17033,2018,2044,2060,2108,2235,2355,2196
51086,"Nicewicz, Rob J. Jr.",non-elite,1702,3490,5333,7286,9265,11717,14338,16999,1788,1843,1953,1979,2452,2621,2661
51087,"Nicewicz, Colleen B.",non-elite,1703,3492,5334,7287,9260,11711,14257,16991,1789,1842,1953,1973,2451,2546,2734
51088,"Foley, Katie P.",non-elite,2033,4154,6134,8162,10285,12551,14783,17053,2121,1980,2028,2123,2266,2232,2270
51089,"Collins, Debbie",non-elite,1909,3903,5905,7979,10308,12614,14804,17038,1994,2002,2074,2329,2306,2190,2234
51090,"Barber, Atiim K.",non-elite,1931,3802,5641,7526,9632,12152,14499,16963,1871,1839,1885,2106,2520,2347,2464
51091,"Poyas, Rob W. Jr.",non-elite,1764,3425,5131,7010,9130,11846,14516,16987,1661,1706,1879,2120,2716,2670,2471
51092,"Hallet, Sarah C.",non-elite,1763,3646,5624,7675,9860,12239,14666,17039,1883,1978,2051,2185,2379,2427,2373
51093,"Fitzsimmons, Camille",non-elite,1895,3771,5746,7843,10042,12386,14834,17104,1876,1975,2097,2199,2344,2448,2270
51094,"Drasher, Norman W.",non-elite,1813,3647,5542,7496,9490,11701,14132,16778,1834,1895,1954,1994,2211,2431,2646
51095,"Jones, David D",non-elite,1634,3505,5629,7661,9700,11956,14417,16925,1871,2124,2032,2039,2256,2461,2508
51096,"Fleckner, Sarah K.",non-elite,2116,4212,6252,8357,10509,12683,14939,17118,2096,2040,2105,2152,2174,2256,2179
51097,"Kapron, Dana",non-elite,1819,3791,5959,8127,10361,12738,15083,17148,1972,2168,2168,2234,2377,2345,2065
51098,"McEvoy, Natalie",non-elite,2033,4485,6707,8901,11047,13243,15306,17284,2452,2222,2194,2146,2196,2063,1978
51099,"Baldwin, Erika P.",non-elite,1957,3949,5915,8056,10254,12529,14846,17091,1992,1966,2141,2198,2275,2317,2245
51100,"Devine, Sheila G.",non-elite,1832,3759,5741,7832,10000,12328,14613,17076,1927,1982,2091,2168,2328,2285,2463
51101,"Ersetti, Paolo",non-elite,1671,3523,5490,7604,9794,12278,14675,17080,1852,1967,2114,2190,2484,2397,2405
51102,"Gugliuzza, Lynn",non-elite,1706,3389,5108,7140,9426,11981,14707,17027,1683,1719,2032,2286,2555,2726,2320
51103,"Williams, Kristen L.",non-elite,1969,4000,6046,8122,10303,12533,14839,17121,2031,2046,2076,2181,2230,2306,2282
51104,"Lynch, Misty",non-elite,1892,3793,5833,7897,10206,12743,15027,17123,1901,2040,2064,2309,2537,2284,2096
51105,"Olfi, Maurizio",non-elite,1555,3134,4906,6884,9119,11579,14256,17012,1579,1772,1978,2235,2460,2677,2756
51106,"Chan, Phebe",non-elite,1865,3765,5661,7573,9767,12599,14911,17121,1900,1896,1912,2194,2832,2312,2210
51107,"Gordyan, Ralph",non-elite,1955,3975,6049,8164,10297,12557,15007,17193,2020,2074,2115,2133,2260,2450,2186
51108,"Wexler, Vivian Z.",non-elite,2097,4190,6194,8548,10711,12975,15098,17223,2093,2004,2354,2163,2264,2123,2125
51109,"Patry, Marc R",non-elite,2046,3986,5922,7922,9900,12214,14477,16765,1940,1936,2000,1978,2314,2263,2288
51110,"Jones, Rich",non-elite,1406,2839,4287,5898,9202,12936,15535,17326,1433,1448,1611,3304,3734,2599,1791
51111,"Cann, Lindsey M.",non-elite,1696,3508,5506,7587,9698,12663,14791,17164,1812,1998,2081,2111,2965,2128,2373
51112,"Cunningham, Brian R.",non-elite,1320,2702,4966,10777,12452,14142,15696,17354,1382,2264,5811,1675,1690,1554,1658
51113,"Svendsen, Dana",non-elite,1604,3342,5197,7270,9472,12416,15330,17279,1738,1855,2073,2202,2944,2914,1949
51114,"Keshigian, Marisa",non-elite,1955,4012,6131,8260,10405,12668,14995,17174,2057,2119,2129,2145,2263,2327,2179
51115,"Putnam, Michelle",non-elite,1635,3282,4989,6873,8979,11455,14193,17104,1647,1707,1884,2106,2476,2738,2911
51116,"Consolo, William D.",non-elite,1641,3467,5352,7283,9487,11979,14455,16947,1826,1885,1931,2204,2492,2476,2492
51117,"Argento, Vito Angelo",non-elite,1739,3526,5337,7228,9351,11821,14641,17050,1787,1811,1891,2123,2470,2820,2409
51118,"Scarpa, Reggie",non-elite,1903,3870,5822,7969,9924,12112,14486,16954,1967,1952,2147,1955,2188,2374,2468
51119,"Fondulas, Andrea",non-elite,2287,4387,6388,8570,10635,12799,14977,17119,2100,2001,2182,2065,2164,2178,2142
51120,"De Mello Rindeiko, Katia C.",non-elite,1787,3669,5713,7840,10123,12513,14900,17132,1882,2044,2127,2283,2390,2387,2232
51121,"Smith, Charlie",non-elite,2058,4110,6163,8209,10356,12576,14828,17060,2052,2053,2046,2147,2220,2252,2232
51122,"Nilson, Andrew D.",non-elite,1592,3251,5067,7207,9579,12099,14529,17161,1659,1816,2140,2372,2520,2430,2632
51123,"Healy, Kathryn",non-elite,1866,3777,5652,7648,9807,12147,14772,17115,1911,1875,1996,2159,2340,2625,2343
51124,"Cefalu, Toni",non-elite,1686,3548,5640,7807,10118,12538,14902,17143,1862,2092,2167,2311,2420,2364,2241
51125,"Ganzi, Rick",non-elite,1770,3567,5510,7528,9804,11763,15085,17190,1797,1943,2018,2276,1959,3322,2105
51126,"Schneeflock, Alexis B.",non-elite,2005,4033,6103,8203,10280,12581,14898,17110,2028,2070,2100,2077,2301,2317,2212
51127,"Roberts, Kelly S.",non-elite,1770,3567,5510,7528,9804,11763,15085,17191,1797,1943,2018,2276,1959,3322,2106
51128,"Jones, Richard V.",non-elite,1643,3383,5198,7106,9112,11612,14234,16837,1740,1815,1908,2006,2500,2622,2603
51129,"Fischer, Ted (Edward) F.",non-elite,1900,3757,5669,7851,10058,12473,14740,17223,1857,1912,2182,2207,2415,2267,2483
51130,"Fischer, Remy M.",non-elite,1900,3757,5670,7852,10059,12474,14740,17223,1857,1913,2182,2207,2415,2266,2483
51131,"Reid, Samantha A.",non-elite,1974,3989,6036,8002,10309,12596,14986,17181,2015,2047,1966,2307,2287,2390,2195
51132,"Reid, Alexandra",non-elite,1974,3989,6036,8002,10309,12595,14987,17181,2015,2047,1966,2307,2286,2392,2194
51133,"Flanagan, James M.",non-elite,1605,3215,4930,6824,9117,11620,14260,16989,1610,1715,1894,2293,2503,2640,2729
51134,"O'Connell, Shelagh M.",non-elite,1897,3898,5909,8061,10275,12493,14823,17068,2001,2011,2152,2214,2218,2330,2245
51135,"Tallent, Amanda E.",non-elite,1898,3898,5909,8062,10275,12493,14824,17068,2000,2011,2153,2213,2218,2331,2244
51136,"Ruiz Zarobe, Maria Yolanda",non-elite,1782,3578,5601,7893,10258,12735,15047,17146,1796,2023,2292,2365,2477,2312,2099
51137,"Payne, Judd C.",non-elite,1757,3621,5597,7787,9962,12319,14761,17062,1864,1976,2190,2175,2357,2442,2301
51138,"Donath, Jen",non-elite,1704,3403,5146,7323,9479,11804,14489,17101,1699,1743,2177,2156,2325,2685,2612
51139,"Kruells-Muench, Juergen",non-elite,1892,3866,5872,7953,10066,12457,14822,17066,1974,2006,2081,2113,2391,2365,2244
51140,"Zawacki, Marianne E.",non-elite,1907,3904,5871,7867,10146,12490,14935,17181,1997,1967,1996,2279,2344,2445,2246
51141,"Shannon, Kimberly L.",non-elite,1984,3928,5943,8006,10197,12495,14822,17119,1944,2015,2063,2191,2298,2327,2297
51142,"Steffan, Odino",non-elite,1855,3873,5971,8115,10275,12592,14944,17121,2018,2098,2144,2160,2317,2352,2177
51143,"Heather, Justin L.",non-elite,1789,3601,5564,7561,9670,12057,14573,17051,1812,1963,1997,2109,2387,2516,2478
51144,"Mourgis, Kathleen",non-elite,1884,3970,6053,8169,10283,12536,14880,17102,2086,2083,2116,2114,2253,2344,2222
51145,"Majewski, Kristina",non-elite,1883,3872,6119,8342,10635,12748,15032,17202,1989,2247,2223,2293,2113,2284,2170
51146,"Oneil, Stephen",non-elite,1789,3636,5501,7457,9463,11738,14195,16856,1847,1865,1956,2006,2275,2457,2661
51147,"Krockta, Heidi",non-elite,2048,4055,6025,8185,10254,12531,14901,17074,2007,1970,2160,2069,2277,2370,2173
51148,"Brown, Michelle",non-elite,1912,3812,5763,7766,9898,12201,14635,16999,1900,1951,2003,2132,2303,2434,2364
51149,"Barker, Emily",non-elite,1941,3977,5947,8153,10327,12817,15118,17230,2036,1970,2206,2174,2490,2301,2112
51150,"Frechette, Rebecca J.",non-elite,2024,4027,6132,8241,10369,12659,14920,17138,2003,2105,2109,2128,2290,2261,2218
51151,"Kupper, Helmut",non-elite,1842,5114,6919,8765,10866,12870,15137,17155,3272,1805,1846,2101,2004,2267,2018
51152,"Huffman, Greggory",non-elite,1886,3823,5809,7896,10005,12248,14681,17109,1937,1986,2087,2109,2243,2433,2428
51153,"Hansen, Kyle P",non-elite,1423,2908,4517,6359,8304,10756,13907,17200,1485,1609,1842,1945,2452,3151,3293
51154,"Devlin, Paula A.",non-elite,1845,3632,5430,7332,9482,12025,14690,17126,1787,1798,1902,2150,2543,2665,2436
51155,"Leeth, John",non-elite,1697,3477,5405,7506,9695,11867,14325,17104,1780,1928,2101,2189,2172,2458,2779
51156,"Welu, Jordan",non-elite,1904,3818,5769,7825,9984,12296,14658,17090,1914,1951,2056,2159,2312,2362,2432
51157,"Kupfermann, Doris",non-elite,1858,3826,5973,8170,10399,12751,15031,17189,1968,2147,2197,2229,2352,2280,2158
51158,"Park, Iris C.",non-elite,1655,3336,5140,7292,9634,12203,14328,17308,1681,1804,2152,2342,2569,2125,2980
51159,"Angeles, Nina",non-elite,1982,4010,6041,8130,10269,12556,14902,17168,2028,2031,2089,2139,2287,2346,2266
51160,"North, Craig",non-elite,1659,3362,5320,7507,9546,12075,15007,17272,1703,1958,2187,2039,2529,2932,2265
51161,"Coughlin, Laura L.",non-elite,1975,3882,5872,8225,10628,12817,15041,17199,1907,1990,2353,2403,2189,2224,2158
51162,"Martorana, Guseppe",non-elite,1708,3577,5441,7533,9731,12104,14682,17099,1869,1864,2092,2198,2373,2578,2417
51163,"Babbitt, Robert",non-elite,2046,4162,6409,8812,10929,13142,15343,17287,2116,2247,2403,2117,2213,2201,1944
51164,"Rainone, Joe",non-elite,1891,3767,5645,7557,9563,11842,14480,17060,1876,1878,1912,2006,2279,2638,2580
51165,"Joyce, Shelby M.",non-elite,1847,3765,5768,7967,10273,12500,14842,17152,1918,2003,2199,2306,2227,2342,2310
51166,"Joyce, Susan A.",non-elite,1847,3765,5768,7967,10273,12500,14843,17152,1918,2003,2199,2306,2227,2343,2309
51167,"Hodgson, Jane M.",non-elite,1982,4022,6014,8094,10308,12597,14905,17208,2040,1992,2080,2214,2289,2308,2303
51168,"Baker, Ray P.",non-elite,1714,3528,5358,7236,9242,11337,13968,16941,1814,1830,1878,2006,2095,2631,2973
51169,"Levinson, David S.",non-elite,2034,4233,6340,8484,10604,12818,15060,17231,2199,2107,2144,2120,2214,2242,2171
51170,"Talley, Robyn",non-elite,1722,3533,5440,7555,9652,11966,14485,17114,1811,1907,2115,2097,2314,2519,2629
51171,"Van Trigt, Albert",non-elite,1685,3446,5226,7042,8988,11651,14576,17150,1761,1780,1816,1946,2663,2925,2574
51172,"Canuto, John",non-elite,1770,3505,5301,7200,9260,11693,14418,17045,1735,1796,1899,2060,2433,2725,2627
51173,"Ives, Tleena",non-elite,1826,3642,5453,7329,9401,11599,14123,17065,1816,1811,1876,2072,2198,2524,2942
51174,"Coker, James M.",non-elite,2040,4016,5924,7962,10138,12655,14987,17170,1976,1908,2038,2176,2517,2332,2183
51175,"Williams, Cheryl A.",non-elite,1753,3455,5187,7132,9791,12343,14890,17182,1702,1732,1945,2659,2552,2547,2292
51176,"McElwee, Colleen P.",non-elite,1891,3898,5900,7981,10222,12564,14943,17234,2007,2002,2081,2241,2342,2379,2291
51177,"Geary, James F",non-elite,1745,3603,5518,7404,9334,11486,14036,16909,1858,1915,1886,1930,2152,2550,2873
51178,"Wingerter, Julie R.",non-elite,1790,3613,5545,7624,9789,12104,14602,17101,1823,1932,2079,2165,2315,2498,2499
51179,"Dyson, Paul J.",non-elite,1943,3949,5848,7811,9912,12208,14808,17140,2006,1899,1963,2101,2296,2600,2332
51180,"Dennis, Mark J.",non-elite,1777,3522,5353,7451,9757,12104,14640,17128,1745,1831,2098,2306,2347,2536,2488
51181,"Pomarole, Michael J.",non-elite,1949,4013,6061,8127,10239,12488,14856,17142,2064,2048,2066,2112,2249,2368,2286
51182,"Walke, Erica",non-elite,1912,3983,6047,8209,10338,12694,14898,17194,2071,2064,2162,2129,2356,2204,2296
51183,"Mersits, Roman M.",non-elite,1989,3989,5962,7987,10075,12296,14875,17204,2000,1973,2025,2088,2221,2579,2329
51184,"Almeida, Jennifer M",non-elite,1633,3402,5173,6963,8892,11533,14366,17004,1769,1771,1790,1929,2641,2833,2638
51185,"Dufour, Jeffrey P.",non-elite,1812,3673,5521,7393,9347,11797,14824,17168,1861,1848,1872,1954,2450,3027,2344
51186,"Sweeney, Dawne",non-elite,1902,3818,5700,7755,9920,12256,14883,17170,1916,1882,2055,2165,2336,2627,2287
51187,"Petersile, Marissa",non-elite,1915,4029,6160,8261,10319,12560,14849,17151,2114,2131,2101,2058,2241,2289,2302
51188,"Tanzer, Elyse R.",non-elite,2117,4163,6191,8484,10647,12927,15132,17263,2046,2028,2293,2163,2280,2205,2131
51189,"Askew, Francine E.",non-elite,2117,4163,6191,8483,10647,12927,15132,17263,2046,2028,2292,2164,2280,2205,2131
51190,"Alder, Daniel C.",non-elite,1777,3570,5383,7235,9188,11570,14026,16975,1793,1813,1852,1953,2382,2456,2949
51191,"White, Doug",non-elite,2040,4050,6185,8321,10539,12723,14983,17131,2010,2135,2136,2218,2184,2260,2148
51192,"Pellissier, Joseph D.",non-elite,1930,3905,5944,8046,10170,12515,14890,17134,1975,2039,2102,2124,2345,2375,2244
51193,"Clayton, Zachary G.",non-elite,1648,3369,5128,7013,9039,11806,14577,17153,1721,1759,1885,2026,2767,2771,2576
51194,"Zimon, Jeffrey",non-elite,1912,3822,5751,7720,9896,12191,14758,17200,1910,1929,1969,2176,2295,2567,2442
51195,"Love, Barbara",non-elite,2082,4285,6246,8360,10492,12647,14946,17149,2203,1961,2114,2132,2155,2299,2203
51196,"Cameron, Catherine",non-elite,1823,3671,5640,7775,10112,12517,14934,17198,1848,1969,2135,2337,2405,2417,2264
51197,"Kane, Kelly",non-elite,1857,3787,5906,8049,10228,12553,14855,17170,1930,2119,2143,2179,2325,2302,2315
51198,"Salas, Melissa A.",non-elite,1801,3623,5583,7531,9705,12167,14788,17170,1822,1960,1948,2174,2462,2621,2382
51199,"Maloney, Cara L.",non-elite,2091,4216,6273,8455,10603,13144,15245,17284,2125,2057,2182,2148,2541,2101,2039
51200,"Tirella, Terence M.",non-elite,2033,4230,6359,8495,10709,12842,15013,17229,2197,2129,2136,2214,2133,2171,2216
51201,"Morgan, Gary F.",non-elite,1783,3593,5496,7594,9851,12231,14645,17011,1810,1903,2098,2257,2380,2414,2366
51202,"Van Riel, Helen Joan",non-elite,1952,3930,5927,7968,10129,12482,14888,17150,1978,1997,2041,2161,2353,2406,2262
51203,"Giragosian, Andrew J.",non-elite,2066,4058,5951,7884,10120,12387,14865,17182,1992,1893,1933,2236,2267,2478,2317
51204,"Giller, Timothy J",non-elite,1606,3387,5470,7513,9640,11969,14687,17076,1781,2083,2043,2127,2329,2718,2389
51205,"Burnham, Alec",non-elite,1920,3783,5660,7643,9801,12267,14845,17168,1863,1877,1983,2158,2466,2578,2323
51206,"DeFeudis, Joseph",non-elite,1782,3545,5287,7211,9327,11750,14744,17265,1763,1742,1924,2116,2423,2994,2521
51207,"Henke, Andrew",non-elite,1699,3400,5087,6855,8793,11062,14199,17109,1701,1687,1768,1938,2269,3137,2910
51208,"Thompson, Haley",non-elite,1926,3780,5623,8220,10393,12687,15042,17249,1854,1843,2597,2173,2294,2355,2207
51209,"Herman, Irene",non-elite,1843,3697,5615,7701,9748,12097,14639,17124,1854,1918,2086,2047,2349,2542,2485
51210,"Bockman, Peggi A",non-elite,1749,3659,5747,7816,10183,12989,15362,17332,1910,2088,2069,2367,2806,2373,1970
51211,"Donnellan, Heather",non-elite,2082,4109,6091,8099,10189,12544,14963,17194,2027,1982,2008,2090,2355,2419,2231
51212,"Lee, Howard",non-elite,1812,3646,5761,7923,10247,12688,15056,17265,1834,2115,2162,2324,2441,2368,2209
51213,"Dearing, David A",non-elite,1460,2881,4312,5800,7581,9376,11462,17404,1421,1431,1488,1781,1795,2086,5942
51214,"Wilkinson, Jaime L.",non-elite,1803,3628,5533,7511,9565,12098,14574,17157,1825,1905,1978,2054,2533,2476,2583
51215,"Russell, Kimberly L.",non-elite,1802,3628,5533,7511,9565,12098,14573,17157,1826,1905,1978,2054,2533,2475,2584
51216,"Donohoe, Kerry F.",non-elite,1938,3892,5835,7855,10197,12558,14923,17140,1954,1943,2020,2342,2361,2365,2217
51217,"Marona, Cristin N.",non-elite,1860,3721,5638,7606,9823,12361,14540,17090,1861,1917,1968,2217,2538,2179,2550
51218,"Barton, Craig R",non-elite,1603,3241,4901,6651,8604,11260,14052,16978,1638,1660,1750,1953,2656,2792,2926
51219,"Weiand, Christine",non-elite,1982,3983,5963,8014,10140,12449,14795,17119,2001,1980,2051,2126,2309,2346,2324
51220,"Carlton, Doug A.",non-elite,1342,2758,4257,5882,7713,10293,13491,16861,1416,1499,1625,1831,2580,3198,3370
51221,"Figueroa Irigoyen, Aejandro",non-elite,1951,3708,5545,7597,9592,11890,14484,17371,1757,1837,2052,1995,2298,2594,2887
51222,"Coccia, David J. Jr.",non-elite,1949,3850,5876,8120,10415,12668,14980,17256,1901,2026,2244,2295,2253,2312,2276
51223,"Garcia Diaz, Ivan A.",non-elite,1549,3098,4713,6624,9593,11643,14476,17370,1549,1615,1911,2969,2050,2833,2894
51224,"Murphy, Tricia A.",non-elite,1871,3718,5736,7903,10108,12493,15010,17239,1847,2018,2167,2205,2385,2517,2229
51225,"Kang, Sun",non-elite,1701,3492,5468,7592,9866,12327,15036,17297,1791,1976,2124,2274,2461,2709,2261
51226,"Caramello, Jami L.",non-elite,2197,4361,6403,8505,10891,13013,15152,17319,2164,2042,2102,2386,2122,2139,2167
51227,"McClung, John",non-elite,1899,3789,5673,7586,9596,11911,14347,16972,1890,1884,1913,2010,2315,2436,2625
51228,"Jackson, Hugh W.",non-elite,1850,3689,5641,7712,9938,12314,14871,17143,1839,1952,2071,2226,2376,2557,2272
51229,"Gardner, Kimberly",non-elite,1755,3609,5545,7501,9711,11996,14767,17162,1854,1936,1956,2210,2285,2771,2395
51230,"Czaplicki, Katie",non-elite,1626,3555,5618,7693,9840,12277,14824,17188,1929,2063,2075,2147,2437,2547,2364
51231,"Davidow, Hal S.",non-elite,1757,3665,5646,7698,9791,12202,14874,17161,1908,1981,2052,2093,2411,2672,2287
51232,"Carpeta, Rachel",non-elite,1940,4019,6177,8226,10489,12753,14950,17153,2079,2158,2049,2263,2264,2197,2203
51233,"Jacobsen, Jean E.",non-elite,1703,3488,5326,7329,9708,12269,14840,17210,1785,1838,2003,2379,2561,2571,2370
51234,"Collins, Gregory P.",non-elite,2031,3966,6012,8108,10258,12560,14863,17169,1935,2046,2096,2150,2302,2303,2306
51235,"Adams, Cera",non-elite,1773,3665,5723,7915,10157,12465,14870,17183,1892,2058,2192,2242,2308,2405,2313
51236,"Shanks, Courtney",non-elite,1814,3701,5649,7768,10027,12430,15011,17288,1887,1948,2119,2259,2403,2581,2277
51237,"O'Neill, Julianne M.",non-elite,2041,4027,6085,8217,10352,12700,15016,17268,1986,2058,2132,2135,2348,2316,2252
51238,"Jagutis, Jared J.",non-elite,1815,3680,5611,7757,9973,12317,14859,17219,1865,1931,2146,2216,2344,2542,2360
51239,"Chiang, Evangeline M.",non-elite,1972,3965,6014,8103,10544,12765,15003,17216,1993,2049,2089,2441,2221,2238,2213
51240,"Jolicoeur-Becotte, France",non-elite,1741,3670,5873,8077,10226,12522,14863,17189,1929,2203,2204,2149,2296,2341,2326
51241,"Marshall, David",non-elite,1994,3989,6087,8076,10356,12786,15019,17123,1995,2098,1989,2280,2430,2233,2104
51242,"Lee, Ryan C.",non-elite,1675,3334,5002,6801,8796,11773,14327,17079,1659,1668,1799,1995,2977,2554,2752
51243,"Vaillant, Richard",non-elite,1994,3921,5848,7763,9791,11994,14519,17142,1927,1927,1915,2028,2203,2525,2623
51244,"Soulier, Zachary J.",non-elite,1958,3922,5879,7995,10261,12656,14968,17242,1964,1957,2116,2266,2395,2312,2274
51245,"Caron, Joel",non-elite,1669,3387,5204,7140,9213,11569,14309,17106,1718,1817,1936,2073,2356,2740,2797
51246,"Holland, Nina F.",non-elite,2083,4145,6280,8690,10859,13137,15343,17398,2062,2135,2410,2169,2278,2206,2055
51247,"Sudan, Siddharth A.",non-elite,1914,4139,6357,8502,10760,13001,15162,17304,2225,2218,2145,2258,2241,2161,2142
51248,"Shim, Daniel D.",non-elite,2056,4074,6235,8310,10380,12677,15060,17263,2018,2161,2075,2070,2297,2383,2203
51249,"McCarthy, Meagan",non-elite,1930,3854,5833,7938,10126,12445,14938,17278,1924,1979,2105,2188,2319,2493,2340
51250,"Gallegos, Dominick",non-elite,1860,3840,5870,8079,10301,12776,15137,17359,1980,2030,2209,2222,2475,2361,2222
51251,"Lemott, Danielle O.",non-elite,1907,4001,6007,8146,10388,12713,15054,17311,2094,2006,2139,2242,2325,2341,2257
51252,"Modica, Nicole",non-elite,1805,3509,5478,7609,9919,12378,14928,17258,1704,1969,2131,2310,2459,2550,2330
51253,"Campbell, Linda S",non-elite,1724,3655,5752,7853,9934,12585,15215,17247,1931,2097,2101,2081,2651,2630,2032
51254,"Godin, Kenneth C.",non-elite,1997,3995,6017,8062,10148,12423,14788,17166,1998,2022,2045,2086,2275,2365,2378
51255,"Maxwell, Cyndee",non-elite,1824,3728,5688,7727,9862,12163,14743,17177,1904,1960,2039,2135,2301,2580,2434
51256,"Mourad, Derek J.",non-elite,1762,3537,5396,7288,9347,11822,14454,17100,1775,1859,1892,2059,2475,2632,2646
51257,"Collins, Katie",non-elite,1856,3774,5723,7694,9763,12430,14973,17335,1918,1949,1971,2069,2667,2543,2362
51258,"Aurdal, Leon",non-elite,1777,3650,5638,7714,9892,12624,14957,17245,1873,1988,2076,2178,2732,2333,2288
51259,"Dixon, Judy",non-elite,1609,3208,4833,6519,8320,10477,14853,17232,1599,1625,1686,1801,2157,4376,2379
51260,"Biaggi, Linda",non-elite,1523,3045,4761,6561,8403,10544,12861,17397,1522,1716,1800,1842,2141,2317,4536
51261,"Sherrill, Kris",non-elite,1833,3859,5800,7902,10135,12512,14861,17178,2026,1941,2102,2233,2377,2349,2317
51262,"Fogerty, Danielle",non-elite,1935,3933,5972,8127,10327,12576,14932,17214,1998,2039,2155,2200,2249,2356,2282
51263,"Dacey, Kevin",non-elite,1768,3564,5528,7650,9979,12486,15017,17346,1796,1964,2122,2329,2507,2531,2329
51264,"Grane, Jo-An S.",non-elite,1822,3765,5810,7953,10188,12528,14909,17242,1943,2045,2143,2235,2340,2381,2333
51265,"Ball, Raymond F. III",non-elite,2005,4118,6174,8269,10373,12543,14804,17289,2113,2056,2095,2104,2170,2261,2485
51266,"Bison, Jeremy S.",non-elite,1974,3929,5882,7886,9955,12425,15005,17194,1955,1953,2004,2069,2470,2580,2189
51267,"Graci, Kris",non-elite,1876,3839,5868,7991,10130,12531,14867,17207,1963,2029,2123,2139,2401,2336,2340
51268,"Dunne, Maurice F. III",non-elite,1955,3890,5812,7795,9881,12184,14660,17108,1935,1922,1983,2086,2303,2476,2448
51269,"Kim, Kang S",non-elite,2092,4154,6179,8308,10549,12933,15215,17273,2062,2025,2129,2241,2384,2282,2058
51270,"Langan, Thomas E.",non-elite,1872,3725,5658,7732,9931,12495,14966,17335,1853,1933,2074,2199,2564,2471,2369
51271,"Nark, Heidi",non-elite,1644,3305,4987,6742,8542,10834,14806,17306,1661,1682,1755,1800,2292,3972,2500
51272,"Inozemcev, Eugene",non-elite,1847,3797,5712,7752,9865,12211,14868,17286,1950,1915,2040,2113,2346,2657,2418
51273,"Mulder, Cara",non-elite,1791,3636,5519,7503,9623,11931,14581,17025,1845,1883,1984,2120,2308,2650,2444
51274,"Wine, Jill",non-elite,1792,3637,5520,7506,9623,12051,14584,17027,1845,1883,1986,2117,2428,2533,2443
51275,"Iannuzzi, Jacob",non-elite,1843,3754,5718,7836,10307,12593,14966,17243,1911,1964,2118,2471,2286,2373,2277
51276,"Moreau, Nicolasa R.",non-elite,1908,3783,5640,7887,9915,12331,15015,17283,1875,1857,2247,2028,2416,2684,2268
51277,"Stevenson, Karen M",non-elite,1606,3452,5572,7700,10128,12752,15249,17381,1846,2120,2128,2428,2624,2497,2132
51278,"Todd, Marcela",non-elite,1835,3721,5749,7764,9829,12208,14657,17108,1886,2028,2015,2065,2379,2449,2451
51279,"Koup-Larsen, Suzanne",non-elite,1564,3357,5429,7620,9749,12072,14598,17279,1793,2072,2191,2129,2323,2526,2681
51280,"Sweeney, Heather",non-elite,1907,3783,5639,7887,9915,12331,15015,17284,1876,1856,2248,2028,2416,2684,2269
51281,"Rockefeller, Arlene M",non-elite,1817,4038,6153,8281,10449,12766,15023,17238,2221,2115,2128,2168,2317,2257,2215
51282,"Schewe, Rachel",non-elite,2014,4100,6160,8313,10536,12762,15057,17321,2086,2060,2153,2223,2226,2295,2264
51283,"Fischer, Heidi",non-elite,1724,3454,5175,6941,8945,11162,13873,17049,1730,1721,1766,2004,2217,2711,3176
51284,"Simon, Lloyd",non-elite,1982,3962,6040,7975,10294,12507,14873,17210,1980,2078,1935,2319,2213,2366,2337
51285,"Kee, Holly",non-elite,1921,3826,5788,7813,9885,12290,14770,17199,1905,1962,2025,2072,2405,2480,2429
51286,"Gookin, Marcia J.",non-elite,1808,3620,5543,7601,9796,12125,14623,17187,1812,1923,2058,2195,2329,2498,2564
51287,"LeGrow, Meghan O.",non-elite,1939,3872,6018,8227,10415,12790,15201,17297,1933,2146,2209,2188,2375,2411,2096
51288,"Torman, Katie",non-elite,1882,3905,5991,7987,10343,12749,15141,17335,2023,2086,1996,2356,2406,2392,2194
51289,"Collins, John R.",non-elite,1829,3651,5537,7413,9666,11795,14893,17312,1822,1886,1876,2253,2129,3098,2419
51290,"Gilbody, Pamela",non-elite,2041,4150,6275,8664,10852,13096,15351,17417,2109,2125,2389,2188,2244,2255,2066
51291,"Brunetti, Christine",non-elite,1663,3392,5288,7265,9442,12084,14445,17077,1729,1896,1977,2177,2642,2361,2632
51292,"Curreri, Jennifer N.",non-elite,1869,3767,5822,7968,10188,12570,15021,17355,1898,2055,2146,2220,2382,2451,2334
51293,"Caroli, Maria Grazia",non-elite,1844,3761,5740,7823,10053,12496,14968,17231,1917,1979,2083,2230,2443,2472,2263
51294,"Hantel, Johanna",non-elite,1745,3681,5714,7808,10036,12445,14919,17202,1936,2033,2094,2228,2409,2474,2283
51295,"Stoken, Tracy",non-elite,1580,3255,5096,7790,10913,13535,15639,17521,1675,1841,2694,3123,2622,2104,1882
51296,"Hurt, Betty Ann A.",non-elite,1540,3135,4768,6604,8718,11558,14844,17267,1595,1633,1836,2114,2840,3286,2423
51297,"Lightfoot, Jamie M.",non-elite,1804,3642,5554,7787,10058,12793,15103,17295,1838,1912,2233,2271,2735,2310,2192
51298,"Butler, Patrick M.",non-elite,1966,3846,5702,7604,9584,11946,14609,17201,1880,1856,1902,1980,2362,2663,2592
51299,"Solan, Mike",non-elite,1796,3697,5749,7783,9982,12237,14730,17178,1901,2052,2034,2199,2255,2493,2448
51300,"Gendron, Carolyn",non-elite,1868,3852,5933,8063,10196,12509,14938,17247,1984,2081,2130,2133,2313,2429,2309
51301,"McGonagle, Neil C.",non-elite,1833,3665,5644,7725,9928,12731,15247,17414,1832,1979,2081,2203,2803,2516,2167
51302,"Comella, Erin C.",non-elite,2109,4242,6482,8687,10778,12986,15208,17361,2133,2240,2205,2091,2208,2222,2153
51303,"Lapp, Megan M.",non-elite,1951,3941,5958,8005,10094,12422,15018,17266,1990,2017,2047,2089,2328,2596,2248
51304,"Cho, Joseph J.",non-elite,1896,4092,6077,8155,10456,12826,15300,17428,2196,1985,2078,2301,2370,2474,2128
51305,"Lamback, Sara F",non-elite,1717,3499,5405,7359,9318,11506,14023,17309,1782,1906,1954,1959,2188,2517,3286
51306,"Sulkala, Alina N.",non-elite,1938,3927,5872,7891,9944,12264,14721,17322,1989,1945,2019,2053,2320,2457,2601
51307,"Fairweather, James M.",non-elite,2002,4105,6160,8245,10632,12896,14982,17360,2103,2055,2085,2387,2264,2086,2378
51308,"Roberge, Kristen E.",non-elite,1919,3783,5624,7532,9720,12252,14667,17170,1864,1841,1908,2188,2532,2415,2503
51309,"McNamara, David",non-elite,1855,3733,5604,7535,9570,11823,14357,17113,1878,1871,1931,2035,2253,2534,2756
51310,"Salvador, Natalie I",non-elite,2268,4458,6285,8196,10167,12324,14961,17178,2190,1827,1911,1971,2157,2637,2217
51311,"Westerby, Virginia C",non-elite,2269,4458,6285,8195,10167,12324,14961,17179,2189,1827,1910,1972,2157,2637,2218
51312,"Addonizio, Michael J.",non-elite,2042,3946,5809,7852,10000,12397,14893,17286,1904,1863,2043,2148,2397,2496,2393
51313,"Sady, Stanley P.",non-elite,2070,4254,6407,8567,10757,12998,15247,17438,2184,2153,2160,2190,2241,2249,2191
51314,"Grandberg, Barbara",non-elite,2008,4048,6086,8135,10097,12268,14745,17202,2040,2038,2049,1962,2171,2477,2457
51315,"Dupuis, Jacquelyn D.",non-elite,1899,3845,5882,7936,10103,12403,14846,17258,1946,2037,2054,2167,2300,2443,2412
51316,"Keith, Cheri N.",non-elite,1895,3783,5801,7703,10014,12379,14880,17374,1888,2018,1902,2311,2365,2501,2494
51317,"Wall, Mary C.",non-elite,2052,4188,6226,8336,10451,12677,14996,17301,2136,2038,2110,2115,2226,2319,2305
51318,"Zelnick, Eva M.",non-elite,2004,4082,6134,8201,10393,12650,15060,17340,2078,2052,2067,2192,2257,2410,2280
51319,"Bai, Xue",non-elite,2075,4197,6376,8538,10723,13082,15282,17417,2122,2179,2162,2185,2359,2200,2135
51320,"O'Keefe, Georgia A.",non-elite,2386,4453,6564,8704,10841,13061,15244,17373,2067,2111,2140,2137,2220,2183,2129
51321,"Richards, Stephanie A.",non-elite,1931,4025,6221,8322,10666,13022,15362,17444,2094,2196,2101,2344,2356,2340,2082
51322,"Killeen, Jonathan T.",non-elite,2406,4474,6564,8705,10851,13062,15245,17373,2068,2090,2141,2146,2211,2183,2128
51323,"Culliton, Mark",non-elite,1923,3919,5920,7995,10324,12631,15065,17328,1996,2001,2075,2329,2307,2434,2263
51324,"Mores, Rebecca A.",non-elite,2025,4005,6221,8425,10664,13023,15369,17397,1980,2216,2204,2239,2359,2346,2028
51325,"Hooper, Sindy",non-elite,1593,3203,4845,6571,8816,11326,14257,17068,1610,1642,1726,2245,2510,2931,2811
51326,"Reghellin, Gabriella",non-elite,1863,3810,5775,7871,10263,12578,15016,17350,1947,1965,2096,2392,2315,2438,2334
51327,"Carlini, Fulvio",non-elite,1863,3810,5776,7904,10263,12578,15016,17350,1947,1966,2128,2359,2315,2438,2334
51328,"Fletcher, Kimberly A.",non-elite,2010,4117,6163,8219,10405,12610,15118,17367,2107,2046,2056,2186,2205,2508,2249
51329,"Eccles, Margaret E.",non-elite,1845,3657,5506,7499,9592,11939,14647,17297,1812,1849,1993,2093,2347,2708,2650
51330,"Wilich, David",non-elite,1834,3560,5540,7736,9891,12273,14644,17304,1726,1980,2196,2155,2382,2371,2660
51331,"Pelletier, Mark W.",non-elite,1701,3374,5169,7288,9580,12077,14603,17303,1673,1795,2119,2292,2497,2526,2700
51332,"Perry, Marilyn P.",non-elite,1929,3868,5872,7984,10176,12521,14888,17243,1939,2004,2112,2192,2345,2367,2355
51333,"Getz, Tory A.",non-elite,2075,4152,6219,8292,10407,12770,15196,17411,2077,2067,2073,2115,2363,2426,2215
51334,"Barrow, Doreen",non-elite,1681,3571,5664,7885,10250,12598,14969,17251,1890,2093,2221,2365,2348,2371,2282
51335,"Callahan, Michael P.",non-elite,1924,3833,5828,7873,10089,12499,15026,17255,1909,1995,2045,2216,2410,2527,2229
51336,"Waisbren, Susan E.",non-elite,1961,3922,5922,8087,10203,12499,14991,17298,1961,2000,2165,2116,2296,2492,2307
51337,"Ledin, Keith E.",non-elite,1924,3833,5828,7874,10089,12500,15026,17255,1909,1995,2046,2215,2411,2526,2229
51338,"Voelpel, Mary",non-elite,1740,3634,5697,7776,10004,12322,14768,17253,1894,2063,2079,2228,2318,2446,2485
51339,"Gifford, Bob J.",non-elite,1945,3873,5871,7850,10036,12384,14963,17314,1928,1998,1979,2186,2348,2579,2351
51340,"Dolph, Mira Maureen",non-elite,1839,3687,5622,7764,10031,12381,14852,17148,1848,1935,2142,2267,2350,2471,2296
51341,"Uhrig, Robert D.",non-elite,1626,3452,5252,7353,9552,12090,14857,17181,1826,1800,2101,2199,2538,2767,2324
51342,"Scorof, Linda A",non-elite,1869,3984,6128,8248,10458,12715,15036,17275,2115,2144,2120,2210,2257,2321,2239
51343,"Benyo, Chris A.",non-elite,1638,3333,5099,7216,10075,12683,15316,17377,1695,1766,2117,2859,2608,2633,2061
51344,"Tewell, Erica L.",non-elite,1871,3832,5838,7883,9985,12512,15061,17418,1961,2006,2045,2102,2527,2549,2357
51345,"Siegal, Edward G.",non-elite,1725,3557,5425,7452,9740,12017,14548,17104,1832,1868,2027,2288,2277,2531,2556
51346,"Cranshaw, Lesley V",non-elite,1728,3546,5518,7611,9770,12219,14764,17238,1818,1972,2093,2159,2449,2545,2474
51347,"Croes, Nancy",non-elite,1845,3967,6012,8095,10142,12321,14845,17257,2122,2045,2083,2047,2179,2524,2412
51348,"Iorio, Elizabeth K.",non-elite,2005,4049,6160,8309,10502,12756,15084,17365,2044,2111,2149,2193,2254,2328,2281
51349,"Cardona-Fox, Jenaro",non-elite,1988,3982,6051,8154,10324,12723,15218,17314,1994,2069,2103,2170,2399,2495,2096
51350,"Gursky, Hannah E.",non-elite,1753,3734,5943,7930,10049,12409,14816,17407,1981,2209,1987,2119,2360,2407,2591
51351,"Hansman, Curt B",non-elite,1782,3654,5604,7822,10017,12496,14963,17287,1872,1950,2218,2195,2479,2467,2324
51352,"Rundall, Rebecca A.",non-elite,1942,3952,5968,8033,10344,12700,15182,17453,2010,2016,2065,2311,2356,2482,2271
51353,"Wolfe, Ainsley",non-elite,2084,4154,6232,8321,10437,12688,15108,17400,2070,2078,2089,2116,2251,2420,2292
51354,"Gray, Jenna V.",non-elite,1915,3915,6087,8342,10584,12887,15153,17350,2000,2172,2255,2242,2303,2266,2197
51355,"Fitzgerald, John M.",non-elite,1885,3609,5360,7186,9285,11844,14577,17207,1724,1751,1826,2099,2559,2733,2630
51356,"McAllister, David D.",non-elite,1446,2908,4478,6542,8574,11064,14043,17052,1462,1570,2064,2032,2490,2979,3009
51357,"Damonte, Giovanni Battista",non-elite,1821,3681,5604,7633,9893,12231,14789,17347,1860,1923,2029,2260,2338,2558,2558
51358,"McKallagat, Ryan J.",non-elite,1739,3417,5155,7037,9049,11537,14581,17291,1678,1738,1882,2012,2488,3044,2710
51359,"Prinoth, Annemarie Frieda",non-elite,1856,3825,5884,8268,10492,12819,15167,17375,1969,2059,2384,2224,2327,2348,2208
51360,"Ronayne, Richard W.",non-elite,1916,3905,6028,8244,10492,12840,15175,17353,1989,2123,2216,2248,2348,2335,2178
51361,"White, Brooke",non-elite,2185,4237,6313,8453,10716,12939,15091,17377,2052,2076,2140,2263,2223,2152,2286
51362,"Hensman, Linda",non-elite,1850,3798,5761,7781,9799,12129,14676,17288,1948,1963,2020,2018,2330,2547,2612
51363,"Lebo, Dana L",non-elite,1561,3202,5098,7157,9573,12059,14987,17310,1641,1896,2059,2416,2486,2928,2323
51364,"Keene, Eliza E.",non-elite,1774,3609,5513,7558,9702,12718,15054,17298,1835,1904,2045,2144,3016,2336,2244
51365,"Guggenheim, Jacob M.",non-elite,2082,4105,6090,8120,10225,12533,14922,17319,2023,1985,2030,2105,2308,2389,2397
51366,"Mullaney, Lindsay N.",non-elite,1705,3544,5555,7729,9951,12593,15101,17432,1839,2011,2174,2222,2642,2508,2331
51367,"Workman, Richard",non-elite,1836,3640,5497,7480,9532,11970,14545,17174,1804,1857,1983,2052,2438,2575,2629
51368,"Moore, Davia R.",non-elite,1939,3810,5802,7915,10120,12449,14908,17375,1871,1992,2113,2205,2329,2459,2467
51369,"Simonds, Benjamin W.",non-elite,1876,3798,5751,7837,10058,12448,15019,17384,1922,1953,2086,2221,2390,2571,2365
51370,"Majewski, Katharine L.",non-elite,1879,3829,5874,8126,10451,12771,15179,17392,1950,2045,2252,2325,2320,2408,2213
51371,"Kay, Alexandra M.",non-elite,2001,4104,6287,8405,10632,13023,15270,17403,2103,2183,2118,2227,2391,2247,2133
51372,"Harris, Nancy J.",non-elite,1853,3791,5731,7822,10099,12537,15101,17368,1938,1940,2091,2277,2438,2564,2267
51373,"Diebold, Rene",non-elite,1966,3927,5922,7942,10036,12267,14702,17229,1961,1995,2020,2094,2231,2435,2527
51374,"Miller, Beth",non-elite,1851,3961,5931,8025,10178,12520,14977,17358,2110,1970,2094,2153,2342,2457,2381
51375,"Hellweg, Deborah",non-elite,2062,4053,6021,8089,10236,12583,14963,17408,1991,1968,2068,2147,2347,2380,2445
51376,"OConnor-Smith, Anne M.",non-elite,2205,4380,6513,8608,10877,13141,15301,17426,2175,2133,2095,2269,2264,2160,2125
51377,"Tetteh, Hassan A.",non-elite,1921,3837,5775,7808,9963,12638,15053,17378,1916,1938,2033,2155,2675,2415,2325
51378,"Ahearn, Thomas",non-elite,2009,4053,6178,8174,10401,12683,15266,17258,2044,2125,1996,2227,2282,2583,1992
51379,"Devine, Kellianne I.",non-elite,2100,4271,6407,8579,10797,13034,15331,17455,2171,2136,2172,2218,2237,2297,2124
51380,"Straub, Megan E.",non-elite,1910,3793,5734,7809,10030,12426,14967,17388,1883,1941,2075,2221,2396,2541,2421
51381,"McAteer, Vincent",non-elite,1776,3720,5720,7811,9995,12351,14794,17274,1944,2000,2091,2184,2356,2443,2480
51382,"Noonan, Joe",non-elite,1584,3353,5192,7215,9563,12204,14863,17321,1769,1839,2023,2348,2641,2659,2458
51383,"Gonzalez Rodriguez, David E.",non-elite,1778,3487,5286,7268,9579,11843,14654,17370,1709,1799,1982,2311,2264,2811,2716
51384,"Chua, Lynn A",non-elite,1963,4151,6275,8480,10388,12599,15316,17386,2188,2124,2205,1908,2211,2717,2070
51385,"Eaton, Natalie L",non-elite,1940,4013,5951,8075,10311,12674,15047,17453,2073,1938,2124,2236,2363,2373,2406
51386,"Wyman, Wendy",non-elite,1894,3810,5787,7862,10032,12417,15000,17384,1916,1977,2075,2170,2385,2583,2384
51387,"Ferraro, Molly E.",non-elite,1966,4000,6008,8104,10231,12468,14978,17350,2034,2008,2096,2127,2237,2510,2372
51388,"Rose, Glen",non-elite,1626,3407,5252,7268,9375,11839,14279,17072,1781,1845,2016,2107,2464,2440,2793
51389,"Brereton, Angela M",non-elite,1715,3622,5719,7947,10173,12567,14973,17312,1907,2097,2228,2226,2394,2406,2339
51390,"Brewer, Elle",non-elite,1752,3503,5585,7602,9603,11765,14375,17328,1751,2082,2017,2001,2162,2610,2953
51391,"Gonzalez, Stephanie",non-elite,1977,4030,6205,8370,10488,12748,15224,17345,2053,2175,2165,2118,2260,2476,2121
51392,"McIvor, Kimberly J.",non-elite,1801,3653,5621,7749,10040,12572,15062,17339,1852,1968,2128,2291,2532,2490,2277
51393,"Jo, Chunseub",non-elite,1926,3816,5718,7823,9846,12076,14940,17385,1890,1902,2105,2023,2230,2864,2445
51394,"Pasquazzi, Jennifer R.",non-elite,2122,4413,6588,8837,11060,13345,15518,17544,2291,2175,2249,2223,2285,2173,2026
51395,"Trahon, James J. II",non-elite,1799,3616,5609,7776,10152,12416,14910,17368,1817,1993,2167,2376,2264,2494,2458
51396,"Meier-Boscaro, Sonia",non-elite,1940,3994,6118,8301,10462,12759,15365,17500,2054,2124,2183,2161,2297,2606,2135
51397,"Dong, Jun",non-elite,1741,3506,5235,7057,9109,12162,14924,17334,1765,1729,1822,2052,3053,2762,2410
51398,"Clingerman, Yuri",non-elite,1636,3301,5065,7014,9180,11795,14471,17283,1665,1764,1949,2166,2615,2676,2812
51399,"Pustinger, Jim",non-elite,1862,3728,5620,7619,9708,12091,14628,17225,1866,1892,1999,2089,2383,2537,2597
51400,"Bucci, Christopher",non-elite,2005,4118,6174,8268,10372,12543,14803,17312,2113,2056,2094,2104,2171,2260,2509
51401,"Folan, Patrick",non-elite,1956,4083,6148,8278,10472,12769,15121,17405,2127,2065,2130,2194,2297,2352,2284
51402,"Pagels, Monica",non-elite,1569,3332,5584,7887,10173,12694,15184,17534,1763,2252,2303,2286,2521,2490,2350
51403,"Moser, Josephine N.",non-elite,1618,3277,5157,7053,9065,11357,13690,17554,1659,1880,1896,2012,2292,2333,3864
51404,"Russo, Amanda",non-elite,1827,3624,5449,7406,9363,11436,13760,17339,1797,1825,1957,1957,2073,2324,3579
51405,"Pearsall, Theresa M",non-elite,1709,3447,5270,7330,9785,12285,14791,17330,1738,1823,2060,2455,2500,2506,2539
51406,"Meagher, Kimble J.",non-elite,1435,2943,4708,6596,8751,10970,13759,17037,1508,1765,1888,2155,2219,2789,3278
51407,"Prendergast, Jacqueline D.",non-elite,1958,3962,5983,8001,10184,12510,15093,17512,2004,2021,2018,2183,2326,2583,2419
51408,"Buckley, Ashley",non-elite,2076,4201,6288,8416,10567,12807,15153,17445,2125,2087,2128,2151,2240,2346,2292
51409,"Shimojo, Yuzaburo",non-elite,1726,3490,5304,7275,9580,12045,14604,17173,1764,1814,1971,2305,2465,2559,2569
51410,"Silvestrin, Carlo",non-elite,1642,3362,5155,7004,9054,11230,14596,17111,1720,1793,1849,2050,2176,3366,2515
51411,"Jackson, Lyle",non-elite,1877,3769,5679,7693,9979,12495,15008,17427,1892,1910,2014,2286,2516,2513,2419
51412,"Franklin, Korey L.",non-elite,1949,4112,6259,8680,10871,12999,15197,17494,2163,2147,2421,2191,2128,2198,2297
51413,"McCormick, Jeffrey S.",non-elite,1921,3881,5887,8054,10262,12620,15098,17381,1960,2006,2167,2208,2358,2478,2283
51414,"Konno, Masaya",non-elite,1940,3806,5666,7599,9596,12020,14732,17276,1866,1860,1933,1997,2424,2712,2544
51415,"Azulay, Alicia M.",non-elite,1831,3678,5722,7853,10152,12525,14975,17446,1847,2044,2131,2299,2373,2450,2471
51416,"Dawson, Ashley M.",non-elite,1883,3800,5814,7881,10080,12435,14868,17463,1917,2014,2067,2199,2355,2433,2595
51417,"Azulay, Richard L.",non-elite,1832,3679,5722,7854,10153,12525,14977,17447,1847,2043,2132,2299,2372,2452,2470
51418,"Enujioke, Emmanuel A.",non-elite,1739,3744,5735,7869,10031,12386,14963,17311,2005,1991,2134,2162,2355,2577,2348
51419,"Prusse, Heather A",non-elite,1519,3010,4505,6064,7649,9321,11055,17068,1491,1495,1559,1585,1672,1734,6013
51420,"Bookbinder, Steven G",non-elite,1708,3429,5216,7194,9410,11916,14725,17231,1721,1787,1978,2216,2506,2809,2506
51421,"Paurowski, Donna Lajoie L.",non-elite,1956,3959,6032,8132,10297,12683,15092,17457,2003,2073,2100,2165,2386,2409,2365
51422,"Dubin Grossman, Joy",non-elite,1696,3428,5563,8109,10573,12761,15029,17361,1732,2135,2546,2464,2188,2268,2332
51423,"Theriault, Kimberly A.",non-elite,2041,4047,6118,8111,10400,12834,15310,17511,2006,2071,1993,2289,2434,2476,2201
51424,"Alderman, Max",non-elite,1988,3957,5995,8098,10353,12644,15145,17448,1969,2038,2103,2255,2291,2501,2303
51425,"Voth, Amanda R",non-elite,1682,3439,5274,7162,9686,12048,14683,17672,1757,1835,1888,2524,2362,2635,2989
51426,"Visconti, Jolene",non-elite,1987,3957,5996,8099,10353,12643,15143,17433,1970,2039,2103,2254,2290,2500,2290
51427,"Probst, Michael",non-elite,1831,3728,5661,7700,9872,12313,14906,17404,1897,1933,2039,2172,2441,2593,2498
51428,"Jonrowe, Deedee S.",non-elite,1728,3603,5675,7942,10130,12488,14955,17303,1875,2072,2267,2188,2358,2467,2348
51429,"Fahey, Jean M.",non-elite,1793,3644,5547,7526,9677,12219,14884,17325,1851,1903,1979,2151,2542,2665,2441
51430,"Ingenbrand, Christa",non-elite,1894,3818,5809,7889,10293,12579,15041,17398,1924,1991,2080,2404,2286,2462,2357
51431,"Weisberg, Scott R.",non-elite,1855,3717,5644,7730,9876,12269,14820,17264,1862,1927,2086,2146,2393,2551,2444
51432,"Stevenson, Whitney",non-elite,1844,3813,5854,8079,10448,12758,15128,17444,1969,2041,2225,2369,2310,2370,2316
51433,"Grimmer, Ed",non-elite,1574,3235,5148,7300,9527,11961,14573,17230,1661,1913,2152,2227,2434,2612,2657
51434,"Ellis, Elizabeth",non-elite,1713,3579,5527,7726,10166,12700,15227,17470,1866,1948,2199,2440,2534,2527,2243
51435,"Cuadra, Bernardo",non-elite,1917,3736,5514,7444,9886,12267,14779,17324,1819,1778,1930,2442,2381,2512,2545
51436,"Stibbard, Joan C.",non-elite,1814,3747,5850,8113,10430,12774,15168,17458,1933,2103,2263,2317,2344,2394,2290
51437,"Gallagher, Rose E.",non-elite,1982,4150,6304,8550,10857,13058,15323,17448,2168,2154,2246,2307,2201,2265,2125
51438,"Crawford, E. David",non-elite,1804,3672,5621,7907,10099,12375,14951,17237,1868,1949,2286,2192,2276,2576,2286
51439,"Thomas, Joseph",non-elite,1835,3621,5459,7353,9656,12241,15223,17446,1786,1838,1894,2303,2585,2982,2223
51440,"Chilton, Steven J.",non-elite,1805,3707,5672,7647,9597,12011,14547,17267,1902,1965,1975,1950,2414,2536,2720
51441,"Luther, Scott",non-elite,1954,3910,5880,7896,10107,12510,14991,17417,1956,1970,2016,2211,2403,2481,2426
51442,"Casey-Montejo, Corinne L.",non-elite,1813,3542,5561,7657,9731,12190,14950,17309,1729,2019,2096,2074,2459,2760,2359
51443,"Tsoukales, Nikitas",non-elite,2034,4146,6114,8237,10291,12414,14718,17345,2112,1968,2123,2054,2123,2304,2627
51444,"Czech, Dan",non-elite,1649,3393,5219,7250,9349,12156,14806,17278,1744,1826,2031,2099,2807,2650,2472
51445,"Gross, James B.",non-elite,1649,3393,5219,7250,9349,12156,14806,17278,1744,1826,2031,2099,2807,2650,2472
51446,"Bennett, Sean",non-elite,1913,3861,5898,8014,10133,12493,15005,17319,1948,2037,2116,2119,2360,2512,2314
51447,"Comander, Amy H.",non-elite,1898,3902,5937,8002,10321,12551,15016,17421,2004,2035,2065,2319,2230,2465,2405
51448,"d'Hemecourt, Charles A.",non-elite,1810,3541,5299,7072,8918,11611,14951,17447,1731,1758,1773,1846,2693,3340,2496
51449,"Miller, Shana",non-elite,1792,3605,5481,7554,9605,11851,14477,17230,1813,1876,2073,2051,2246,2626,2753
51450,"Leigh, Mark J.",non-elite,1804,3666,5628,7744,10041,12365,15002,17297,1862,1962,2116,2297,2324,2637,2295
51451,"Gentilucci, Michele",non-elite,2003,4038,6072,8130,10224,12484,15043,17435,2035,2034,2058,2094,2260,2559,2392
51452,"Pietroni, Riccardo",non-elite,2003,4038,6072,8130,10223,12484,15043,17435,2035,2034,2058,2093,2261,2559,2392
51453,"Teller, Karen O.",non-elite,1869,3782,5799,7854,10002,12337,14878,17308,1913,2017,2055,2148,2335,2541,2430
51454,"Pon-Brown, Kay",non-elite,1848,3801,5987,8606,10790,13137,15408,17504,1953,2186,2619,2184,2347,2271,2096
51455,"Park, Tyson B. Sr.",non-elite,1791,3586,5423,7446,9624,11931,14490,17274,1795,1837,2023,2178,2307,2559,2784
51456,"Zych, Renee E.",non-elite,1854,3657,5544,7650,10340,12744,15117,17448,1803,1887,2106,2690,2404,2373,2331
51457,"Gikas, Nikki",non-elite,1796,3881,5985,8164,10360,12631,15048,17413,2085,2104,2179,2196,2271,2417,2365
51458,"Bolzani, Piera",non-elite,1675,3473,5247,7048,9103,11275,13565,17185,1798,1774,1801,2055,2172,2290,3620
51459,"Carpenter, Natalie G.",non-elite,1897,3779,5936,8083,10005,12158,14592,17448,1882,2157,2147,1922,2153,2434,2856
51460,"Skiba, Michael E.",non-elite,1764,3520,5274,7171,9346,11913,14685,17308,1756,1754,1897,2175,2567,2772,2623
51461,"Kuhlmey, Juergen D.",non-elite,1912,3922,6074,8299,10524,12848,15205,17399,2010,2152,2225,2225,2324,2357,2194
51462,"Kelly, Tara E.",non-elite,2158,4296,6524,8712,10875,13043,15357,17462,2138,2228,2188,2163,2168,2314,2105
51463,"Fleming, John",non-elite,1779,3486,5275,7194,9663,12443,15050,17447,1707,1789,1919,2469,2780,2607,2397
51464,"Yong, Ing Hwa",non-elite,1740,3567,5432,7483,9565,11957,14720,17251,1827,1865,2051,2082,2392,2763,2531
51465,"Cunningham, Orlaith",non-elite,1929,3832,5813,8100,10538,13018,15299,17529,1903,1981,2287,2438,2480,2281,2230
51466,"Scala, Stephen",non-elite,2071,4100,6228,8267,10328,12559,14951,17408,2029,2128,2039,2061,2231,2392,2457
51467,"Sousa, Colleen E.",non-elite,1923,3908,5906,8034,10390,13043,15394,17530,1985,1998,2128,2356,2653,2351,2136
51468,"Nix, Christopher J.",non-elite,1761,3687,5649,7822,9936,12397,14863,17416,1926,1962,2173,2114,2461,2466,2553
51469,"Weeks, Lauren",non-elite,1822,3705,5634,7623,9644,11924,15111,17612,1883,1929,1989,2021,2280,3187,2501
51470,"Tirrell, Jamie L.",non-elite,1505,2981,4486,6135,8189,10757,14501,17517,1476,1505,1649,2054,2568,3744,3016
51472,"Brown, Veronica (Vicki)",non-elite,1773,3651,5605,7756,10073,12423,14910,17381,1878,1954,2151,2317,2350,2487,2471
51473,"MacNeil, David",non-elite,2094,4189,6289,8382,10513,12796,15216,17472,2095,2100,2093,2131,2283,2420,2256
51474,"Smith, Terence J.",non-elite,1931,3855,5880,7939,10114,12432,14848,17385,1924,2025,2059,2175,2318,2416,2537
51475,"Desjardins, Linda",non-elite,1919,3984,6084,8192,10348,12713,15201,17422,2065,2100,2108,2156,2365,2488,2221
51476,"Ye, PingGang",non-elite,1886,3825,5868,8144,10414,12742,15163,17470,1939,2043,2276,2270,2328,2421,2307
51477,"Ruiz-Cadalso, Madeleine",non-elite,2035,4169,6304,8499,10637,12947,15316,17486,2134,2135,2195,2138,2310,2369,2170
51478,"Spar, Myles",non-elite,1830,3771,5787,7818,9970,12447,15022,17403,1941,2016,2031,2152,2477,2575,2381
51479,"Dunn, Christopher M.",non-elite,1980,3983,6008,8092,10316,12656,15101,17458,2003,2025,2084,2224,2340,2445,2357
51480,"Bolick, Teresa L",non-elite,1839,3869,5922,8021,10244,12921,15287,17586,2030,2053,2099,2223,2677,2366,2299
51481,"Bergeron, Rachel",non-elite,1676,3451,5343,7421,9790,12223,14835,17460,1775,1892,2078,2369,2433,2612,2625
51482,"Arsenault, Ryan P.",non-elite,1985,3987,6011,8096,10319,12659,15105,17462,2002,2024,2085,2223,2340,2446,2357
51483,"Caron, Jeanne",non-elite,2079,4192,6242,8381,10597,12970,15268,17544,2113,2050,2139,2216,2373,2298,2276
51484,"Johnson, Eric C.",non-elite,1973,3964,5977,8124,10291,12551,15036,17413,1991,2013,2147,2167,2260,2485,2377
51485,"Blodgett-O'Toole, Melanie",non-elite,1973,4006,6050,8114,10483,12607,14693,17257,2033,2044,2064,2369,2124,2086,2564
51486,"Demers, Mary",non-elite,1973,4006,6050,8114,10484,12607,14694,17258,2033,2044,2064,2370,2123,2087,2564
51487,"Demers, John",non-elite,1973,4006,6051,8114,10484,12607,14695,17264,2033,2045,2063,2370,2123,2088,2569
51488,"Vierzba, Nicole M.",non-elite,1774,3511,5395,7632,10048,12453,15056,17508,1737,1884,2237,2416,2405,2603,2452
51490,"Drane, Sarah",non-elite,2023,4025,6343,8443,10563,12750,15256,17547,2002,2318,2100,2120,2187,2506,2291
51491,"Hatton, Nicole",non-elite,1941,3934,6039,8154,10292,12671,15087,17518,1993,2105,2115,2138,2379,2416,2431
51492,"Kim, Hakyong",non-elite,1618,3260,5019,6849,8775,11401,14516,17347,1642,1759,1830,1926,2626,3115,2831
51493,"Bufe, Lauren",non-elite,1912,3767,5678,7660,10235,12436,15002,17524,1855,1911,1982,2575,2201,2566,2522
51494,"Lambert, Hubert D Sr.",non-elite,1726,3571,5425,7326,9320,11438,13927,16929,1845,1854,1901,1994,2118,2489,3002
51495,"Friedrichsen, Richard D.",non-elite,1984,3979,6006,8129,10282,12658,15080,17381,1995,2027,2123,2153,2376,2422,2301
51496,"Maguire, Daniel J.",non-elite,2014,3901,5857,7871,10061,12325,14992,17417,1887,1956,2014,2190,2264,2667,2425
51498,"Moree, Jennifer",non-elite,1838,3829,5881,8029,10215,12530,15107,17462,1991,2052,2148,2186,2315,2577,2355
51499,"Kilpatrick, Kelli G.",non-elite,1839,3829,5880,8029,10215,12530,15106,17461,1990,2051,2149,2186,2315,2576,2355
51500,"Connolly, Patrick M.",non-elite,1878,3764,5675,7687,9964,12353,14964,17307,1886,1911,2012,2277,2389,2611,2343
51501,"Murphy, Andrew J.",non-elite,1916,3843,5847,7985,10233,12465,14783,17512,1927,2004,2138,2248,2232,2318,2729
51502,"Murphy, Kaylene",non-elite,1916,3843,5847,7986,10234,12465,14786,17512,1927,2004,2139,2248,2231,2321,2726
51503,"Mosser, Debra",non-elite,1954,3932,5900,8123,10214,12779,15174,17548,1978,1968,2223,2091,2565,2395,2374
51504,"Bertrand, Karen I",non-elite,1682,3481,5491,7551,9878,12247,14779,17368,1799,2010,2060,2327,2369,2532,2589
51505,"Marchisio, Sarah R.",non-elite,1742,3756,5905,8043,10312,12717,15191,17536,2014,2149,2138,2269,2405,2474,2345
51506,"Walker, Amanda G.",non-elite,1899,3860,5898,7915,10351,12602,15140,17450,1961,2038,2017,2436,2251,2538,2310
51507,"Zutshi, Ajay",non-elite,1916,3967,5990,8086,10223,12548,15117,17534,2051,2023,2096,2137,2325,2569,2417
51508,"Harrell, Cynthia B",non-elite,2007,4052,6171,8257,10380,12753,15211,17563,2045,2119,2086,2123,2373,2458,2352
51509,"Sheehan, Denis M.",non-elite,1970,3958,5954,7979,10298,12528,15069,17494,1988,1996,2025,2319,2230,2541,2425
51510,"Suco, Mike A.",non-elite,1786,3546,5302,7076,8996,11581,14417,17330,1760,1756,1774,1920,2585,2836,2913
51511,"Adamcyk, Mary M.",non-elite,1910,3795,5745,7810,10030,12427,14968,17435,1885,1950,2065,2220,2397,2541,2467
51512,"Young, Robert F. Jr.",non-elite,1763,3457,5233,7091,9161,11573,14503,17297,1694,1776,1858,2070,2412,2930,2794
51513,"Holmen, David",non-elite,1847,3810,5870,8025,10211,12485,14886,17385,1963,2060,2155,2186,2274,2401,2499
51514,"Watts, Anna-Ruth",non-elite,1792,3599,5520,7616,9843,12128,15159,17634,1807,1921,2096,2227,2285,3031,2475
51515,"Hadler, Dwayne A",non-elite,1666,3306,5074,6855,8781,11436,14826,17450,1640,1768,1781,1926,2655,3390,2624
51516,"Smiarowski, Sara E.",non-elite,1666,3306,5015,6855,8781,11436,14825,17450,1640,1709,1840,1926,2655,3389,2625
51517,"Paul, Matt",non-elite,1800,3617,5426,7395,9793,12616,15161,17526,1817,1809,1969,2398,2823,2545,2365
51518,"Flanigan, James A.",non-elite,1891,3927,6021,8141,10363,12736,15251,17589,2036,2094,2120,2222,2373,2515,2338
51519,"Van Dyke, Ann E.",non-elite,1874,3871,5897,7948,10357,12596,15170,17490,1997,2026,2051,2409,2239,2574,2320
51520,"Robertson, Renee",non-elite,1871,3793,5792,7824,9977,12458,15169,17541,1922,1999,2032,2153,2481,2711,2372
51521,"Croy, Maggie",non-elite,2049,3947,5811,7937,10123,12487,14933,17390,1898,1864,2126,2186,2364,2446,2457
51522,"Varano, Carol",non-elite,1762,3586,5439,7451,9483,12170,14805,17339,1824,1853,2012,2032,2687,2635,2534
51523,"Davis, Justin P.",non-elite,2061,4078,6125,8307,10718,13217,15433,17592,2017,2047,2182,2411,2499,2216,2159
51524,"Dossett, Patrick",non-elite,2061,4078,6125,8307,10718,13217,15433,17593,2017,2047,2182,2411,2499,2216,2160
51525,"O'Brien, David",non-elite,1845,3778,5740,8320,10574,12808,15263,17550,1933,1962,2580,2254,2234,2455,2287
51526,"Abdalla, Chelsea",non-elite,1702,3466,5307,7271,9318,11630,14693,17522,1764,1841,1964,2047,2312,3063,2829
51527,"Denning, Elizabeth Jane",non-elite,1812,3751,5743,8003,10437,12890,15316,17524,1939,1992,2260,2434,2453,2426,2208
51528,"Ruhl, Meredith L.",non-elite,1931,3959,6055,8212,10394,12688,15154,17521,2028,2096,2157,2182,2294,2466,2367
51529,"Latona, Theresa A.",non-elite,2277,4135,5988,7951,10107,12506,15392,17557,1858,1853,1963,2156,2399,2886,2165
51530,"Gibbs, David R.",non-elite,1862,3763,5777,7893,10167,12510,14943,17515,1901,2014,2116,2274,2343,2433,2572
51531,"Lindsay, Zachary W.",non-elite,1980,4117,6200,8348,10513,12859,15294,17610,2137,2083,2148,2165,2346,2435,2316
51532,"Pincince, Alicia D.",non-elite,1918,3770,5651,7626,9672,12614,15041,17479,1852,1881,1975,2046,2942,2427,2438
51533,"Corngold, Jodie L.",non-elite,1996,3982,6023,8128,10387,12721,15161,17476,1986,2041,2105,2259,2334,2440,2315
51534,"Wardner, Kelly",non-elite,2020,4063,6149,8254,10398,12698,14983,17538,2043,2086,2105,2144,2300,2285,2555
51535,"McDonald, Timothy P.",non-elite,1836,3589,5365,7287,9456,11986,14983,17503,1753,1776,1922,2169,2530,2997,2520
51536,"Cronin, Annmarie",non-elite,1807,3641,5628,7839,10193,12534,14991,17437,1834,1987,2211,2354,2341,2457,2446
51537,"Huber, Lauren N.",non-elite,1829,3957,6128,8361,10637,13001,15380,17614,2128,2171,2233,2276,2364,2379,2234
51538,"Young, Kerrie A.",non-elite,1886,3963,6031,8123,10315,12625,15351,17607,2077,2068,2092,2192,2310,2726,2256
51539,"Rivera, Sylvia J.",non-elite,1981,4014,6115,8273,10497,12816,15177,17485,2033,2101,2158,2224,2319,2361,2308
51540,"Cargill, Stephen W.",non-elite,1778,3471,5339,7340,9678,12348,14803,17422,1693,1868,2001,2338,2670,2455,2619
51541,"Leeuw, Alida",non-elite,1858,3800,5759,7810,9976,12693,15375,17541,1942,1959,2051,2166,2717,2682,2166
51542,"Agudelo, John A.",non-elite,1844,3717,5661,7831,10343,12819,15228,17550,1873,1944,2170,2512,2476,2409,2322
51543,"Wolman, Katie",non-elite,2107,4235,6356,8496,10689,12971,15291,17573,2128,2121,2140,2193,2282,2320,2282
51544,"Rice, Kathy D",non-elite,1817,3762,5838,8044,10264,12827,15258,17509,1945,2076,2206,2220,2563,2431,2251
51545,"Wint, Adam D.",non-elite,1987,4093,6241,8505,10652,12893,15366,17636,2106,2148,2264,2147,2241,2473,2270
51546,"Kizza, Jennifer F.",non-elite,1965,4063,6141,8326,10568,12869,15249,17576,2098,2078,2185,2242,2301,2380,2327
51547,"Brucklier, Michael W.",non-elite,1945,3874,5800,7829,10062,12389,15269,17565,1929,1926,2029,2233,2327,2880,2296
51548,"Bianconi, Vincenzo",non-elite,1798,3545,5284,7194,9311,11829,14729,17434,1747,1739,1910,2117,2518,2900,2705
51549,"Morganelli, Holly",non-elite,1626,3311,5125,7157,9261,11691,14574,17457,1685,1814,2032,2104,2430,2883,2883
51550,"Schoendorf, Linda",non-elite,2139,4222,6384,8617,10796,13105,15455,17604,2083,2162,2233,2179,2309,2350,2149
51551,"Harrington, Melanie A.",non-elite,1844,3759,5793,7982,10295,12758,15299,17591,1915,2034,2189,2313,2463,2541,2292
51552,"Riphagen, Adriana J",non-elite,1723,3763,5677,7665,10627,12803,15282,17634,2040,1914,1988,2962,2176,2479,2352
51553,"Mcmann, Bino M",non-elite,1723,3762,5677,7665,10627,12803,15282,17634,2039,1915,1988,2962,2176,2479,2352
51554,"Helm, Jennifer",non-elite,1962,4004,6125,8365,10694,13229,15592,17661,2042,2121,2240,2329,2535,2363,2069
51555,"Driver, Lynn E",non-elite,1988,4117,6261,8426,10651,12884,15176,17588,2129,2144,2165,2225,2233,2292,2412
51556,"Campbell, Mary",non-elite,1988,4118,6261,8426,10652,12884,15176,17588,2130,2143,2165,2226,2232,2292,2412
51557,"Deeg, Corrine",non-elite,2157,4302,6321,8407,10473,12588,14856,17631,2145,2019,2086,2066,2115,2268,2775
51558,"Krashin, Dana E.",non-elite,1963,4005,6126,8364,10579,12985,15474,17660,2042,2121,2238,2215,2406,2489,2186
51559,"Crateau, Caroline",non-elite,1856,3716,5672,7808,10145,12646,15197,17579,1860,1956,2136,2337,2501,2551,2382
51560,"James, Tammie K.",non-elite,1913,3825,5884,8184,10341,12731,15204,17579,1912,2059,2300,2157,2390,2473,2375
51561,"Cherian, Katherine H.",non-elite,1720,3509,5463,7649,9931,12494,15031,17575,1789,1954,2186,2282,2563,2537,2544
51562,"Warren, Meredith A.",non-elite,1913,3824,5876,8184,10335,12731,15204,17579,1911,2052,2308,2151,2396,2473,2375
51563,"Mahoney, Michael J.",non-elite,1945,3934,5923,7969,10186,12662,15183,17675,1989,1989,2046,2217,2476,2521,2492
51564,"Dinieri, Linda G",non-elite,1949,3959,5999,8064,10136,12415,14969,17521,2010,2040,2065,2072,2279,2554,2552
51565,"Rudd, Timothy",non-elite,1376,2730,4115,5563,7644,14258,16200,17902,1354,1385,1448,2081,6614,1942,1702
51566,"Miceli, Michael A.",non-elite,1845,3700,5580,7772,10344,12615,15155,17572,1855,1880,2192,2572,2271,2540,2417
51567,"Brett, Jan C",non-elite,1739,3628,5674,8079,10635,13084,15450,17678,1889,2046,2405,2556,2449,2366,2228
51568,"Hartman, Hans J.",non-elite,1764,3545,5293,7110,9047,11448,14956,17506,1781,1748,1817,1937,2401,3508,2550
51569,"Mcgreevy, Tim",non-elite,1794,3638,5842,7860,10367,12846,15242,17522,1844,2204,2018,2507,2479,2396,2280
51570,"Kerch, Katy T.",non-elite,1994,4052,6088,8242,10461,12846,15227,17577,2058,2036,2154,2219,2385,2381,2350
51571,"Thompson, Larry E.",non-elite,1670,3428,5236,7156,9138,11463,14422,17459,1758,1808,1920,1982,2325,2959,3037
51572,"Olsen, Darren S.",non-elite,1787,3640,5730,7831,10028,12417,14979,17605,1853,2090,2101,2197,2389,2562,2626
51573,"Ashdown, Mark",non-elite,1871,3802,5831,7927,10199,12551,15007,17481,1931,2029,2096,2272,2352,2456,2474
51574,"Vanderweit, Ryan",non-elite,2023,4098,6133,8268,10434,12943,15497,17750,2075,2035,2135,2166,2509,2554,2253
51575,"Kilkelly, Caroline M.",non-elite,1974,4021,6129,8274,10508,12850,15202,17552,2047,2108,2145,2234,2342,2352,2350
51576,"Kuehnel, Carolyn A.",non-elite,2204,4353,6492,8700,10898,13157,15490,17756,2149,2139,2208,2198,2259,2333,2266
51577,"Muncey, Adena S.",non-elite,1879,3797,5970,8176,10365,12834,15253,17570,1918,2173,2206,2189,2469,2419,2317
51578,"Kelly, Jessica L.",non-elite,1976,3919,6037,8171,10475,12768,15201,17600,1943,2118,2134,2304,2293,2433,2399
51579,"Poole, Mary B",non-elite,1823,3661,5542,7478,9465,11552,14592,17426,1838,1881,1936,1987,2087,3040,2834
51580,"Perry, Lauren E.",non-elite,1977,3919,6037,8171,10475,12768,15200,17600,1942,2118,2134,2304,2293,2432,2400
51581,"Veillette, Mark J.",non-elite,1965,3903,5843,7834,9961,12583,15057,17628,1938,1940,1991,2127,2622,2474,2571
51582,"Levasseur, Jill A.",non-elite,1980,3975,5997,8195,10420,12783,15174,17616,1995,2022,2198,2225,2363,2391,2442
51583,"Pearless, Kristen",non-elite,1790,3807,5895,8022,10239,12553,15092,17533,2017,2088,2127,2217,2314,2539,2441
51584,"Norden, Kelly A.",non-elite,2027,4152,6295,8441,10565,12908,15271,17633,2125,2143,2146,2124,2343,2363,2362
51585,"Buciak, Mark J.",non-elite,1755,3611,5542,7532,9644,12137,14793,17660,1856,1931,1990,2112,2493,2656,2867
51586,"Roycraft, Lauryn A",non-elite,1689,3476,5535,7607,9783,12213,14827,17433,1787,2059,2072,2176,2430,2614,2606
51587,"Walsh, Michael T.",non-elite,1908,3831,5764,7873,10007,12277,14956,17586,1923,1933,2109,2134,2270,2679,2630
51588,"Mastripolito, Wendy",non-elite,1636,3428,5933,8187,10449,12930,15330,17578,1792,2505,2254,2262,2481,2400,2248
51589,"Catacchio, James",non-elite,1834,3757,5772,7970,10322,12634,15077,17647,1923,2015,2198,2352,2312,2443,2570
51590,"Kindya, Kori Y.",non-elite,2161,4388,6687,9088,11323,13388,15599,17711,2227,2299,2401,2235,2065,2211,2112
51591,"Featherstonhaugh, Maxine",non-elite,1935,4056,6233,8385,10749,13131,15446,17695,2121,2177,2152,2364,2382,2315,2249
51592,"Fennel Kelly, Katherine",non-elite,2043,4013,5977,8034,10306,12693,15231,17602,1970,1964,2057,2272,2387,2538,2371
51593,"Quesada, Anna M",non-elite,1721,3501,5365,7485,10035,12561,15200,17611,1780,1864,2120,2550,2526,2639,2411
51594,"Stoltzfus, Nancy",non-elite,1928,4021,6326,8518,10697,13035,15380,17635,2093,2305,2192,2179,2338,2345,2255
51595,"Lesieur, Christine",non-elite,1861,3856,5896,8039,10314,12775,15245,17629,1995,2040,2143,2275,2461,2470,2384
51596,"O'Brien, Laura B.",non-elite,1935,3907,6069,8199,10533,12823,15358,17687,1972,2162,2130,2334,2290,2535,2329
51597,"Hedren, Jaana",non-elite,1982,4071,6122,8202,10503,12840,15363,17661,2089,2051,2080,2301,2337,2523,2298
51598,"Noble, Anne",non-elite,1738,3731,5857,8068,10310,12642,15099,17549,1993,2126,2211,2242,2332,2457,2450
51599,"Mitchell, Christine J.",non-elite,1822,3748,5785,7957,10262,12596,15139,17622,1926,2037,2172,2305,2334,2543,2483
51600,"Canto Schwabland, James (Aaron) A.",non-elite,1952,3944,6014,8198,10548,12943,15427,17707,1992,2070,2184,2350,2395,2484,2280
51601,"Elum, Jeannette M.",non-elite,1792,3705,5722,7901,10199,12659,15203,17657,1913,2017,2179,2298,2460,2544,2454
51602,"Primeau, Jennifer N.",non-elite,1834,3713,5707,7732,9900,12211,15074,17535,1879,1994,2025,2168,2311,2863,2461
51603,"Doyle, Caroline C.",non-elite,1834,3713,5708,7732,9900,12211,15074,17535,1879,1995,2024,2168,2311,2863,2461
51604,"Powers, Ashley N.",non-elite,1670,3570,5554,7643,9833,12468,15243,17568,1900,1984,2089,2190,2635,2775,2325
51605,"Verma, Nomeet",non-elite,1616,3491,5493,7649,10119,12780,15343,17645,1875,2002,2156,2470,2661,2563,2302
51606,"Murillo, Sharlene L.",non-elite,1606,3554,5621,7692,9805,12643,15201,17657,1948,2067,2071,2113,2838,2558,2456
51607,"Brown, Lisa",non-elite,1932,3904,5934,8053,10365,12771,15274,17638,1972,2030,2119,2312,2406,2503,2364
51608,"Sloan, Margaret M.",non-elite,1922,4019,6150,8345,10585,12867,15261,17645,2097,2131,2195,2240,2282,2394,2384
51609,"Wissot, Jay H",non-elite,1842,3850,5999,8222,10461,12810,15195,17602,2008,2149,2223,2239,2349,2385,2407
51610,"Cavedo, Becky",non-elite,1825,3754,5853,8021,10263,12672,15176,17589,1929,2099,2168,2242,2409,2504,2413
51611,"Reilly, Pamela",non-elite,1997,4069,6183,8384,10610,12917,15309,17623,2072,2114,2201,2226,2307,2392,2314
51612,"Koopmann, Franz-Joseph",non-elite,1944,3907,5938,7983,10100,12410,14911,17466,1963,2031,2045,2117,2310,2501,2555
51613,"Cronin, Jillian",non-elite,1878,3855,5877,7894,10168,12498,15083,17649,1977,2022,2017,2274,2330,2585,2566
51614,"Budhu, Adrian",non-elite,1878,3880,6050,8226,10396,12800,15331,17694,2002,2170,2176,2170,2404,2531,2363
51615,"O'Connor, Greg L.",non-elite,1866,3712,5605,7668,9881,12420,15005,17549,1846,1893,2063,2213,2539,2585,2544
51616,"Wasio, Natalie",non-elite,1740,3678,6022,8132,10456,12883,15424,17716,1938,2344,2110,2324,2427,2541,2292
51617,"Magliozzi, Marc C.",non-elite,1830,3837,5813,7976,10151,12793,15199,17646,2007,1976,2163,2175,2642,2406,2447
51618,"May, Karen L.",non-elite,1882,3800,5846,7910,10108,12344,14848,17711,1918,2046,2064,2198,2236,2504,2863
51619,"Ullrich, Blaire B.",non-elite,1902,3832,5799,7923,10322,12774,15252,17719,1930,1967,2124,2399,2452,2478,2467
51620,"Severson, Andrea L",non-elite,2240,4504,6684,8920,11125,13363,15620,17787,2264,2180,2236,2205,2238,2257,2167
51621,"Schroeder, Karl",non-elite,1884,3889,5918,8068,10324,12783,15227,17622,2005,2029,2150,2256,2459,2444,2395
51622,"Roeber, James A.",non-elite,1817,3680,5588,7582,9884,12342,14977,17520,1863,1908,1994,2302,2458,2635,2543
51623,"Huffman, Patricia A.",non-elite,2120,4281,6347,8465,10677,13007,15414,17677,2161,2066,2118,2212,2330,2407,2263
51624,"Zedower, Tarrah",non-elite,1984,3978,6027,8231,10408,12721,15338,17660,1994,2049,2204,2177,2313,2617,2322
51625,"Kelly, Brooke A.",non-elite,1895,4019,6200,8423,10572,12964,15413,17802,2124,2181,2223,2149,2392,2449,2389
51626,"Bohmiller, David",non-elite,2023,4098,6133,8268,10543,12892,15383,17715,2075,2035,2135,2275,2349,2491,2332
51627,"Haugh, John C.",non-elite,2160,4291,6422,8552,10568,12865,15317,17613,2131,2131,2130,2016,2297,2452,2296
51628,"Stephenson, Kevin L.",non-elite,1976,4092,6299,8473,10688,13033,15426,17707,2116,2207,2174,2215,2345,2393,2281
51629,"Kasmarek, Daniel C.",non-elite,2034,4180,6464,8918,11460,13828,15813,17867,2146,2284,2454,2542,2368,1985,2054
51630,"Larsen, Rob",non-elite,1913,3855,5789,7779,9990,12224,15016,17705,1942,1934,1990,2211,2234,2792,2689
51631,"Lydon, Danielle J.",non-elite,1888,3783,5769,7896,10237,12742,15344,17710,1895,1986,2127,2341,2505,2602,2366
51632,"McMullen, Brooke",non-elite,1950,3941,6084,8431,11258,13413,15559,17746,1991,2143,2347,2827,2155,2146,2187
51633,"Groden, Thomas A.",non-elite,1763,3636,5641,7791,10320,12778,15346,17691,1873,2005,2150,2529,2458,2568,2345
51634,"Heald, James D.",non-elite,1888,3933,5910,8063,10468,12798,15344,17704,2045,1977,2153,2405,2330,2546,2360
51635,"Murphy, Heather L.",non-elite,1876,3781,5799,8071,10408,12825,15352,17668,1905,2018,2272,2337,2417,2527,2316
51636,"Tucker, Kendall H",non-elite,1416,2856,4342,5866,7420,9090,11103,17705,1440,1486,1524,1554,1670,2013,6602
51637,"Jacon, Lyle B",non-elite,2100,4328,6580,8765,10997,13266,15526,17728,2228,2252,2185,2232,2269,2260,2202
51638,"Craw, Veronica L",non-elite,2100,4328,6581,8765,10997,13266,15527,17728,2228,2253,2184,2232,2269,2261,2201
51639,"Harris, Ivy H.",non-elite,1915,3861,5838,7892,10099,12392,14956,17608,1946,1977,2054,2207,2293,2564,2652
51641,"Yeung, James C.",non-elite,2149,4368,6630,8863,11119,13350,15635,17742,2219,2262,2233,2256,2231,2285,2107
51642,"Ward, Jeanine",non-elite,1933,3915,5989,8244,10496,12909,15368,17765,1982,2074,2255,2252,2413,2459,2397
51643,"Randall, Susan",non-elite,2112,4282,6472,8692,10888,13220,15521,17736,2170,2190,2220,2196,2332,2301,2215
51644,"Parab, Anika",non-elite,1933,3915,5990,8244,10496,12909,15368,17765,1982,2075,2254,2252,2413,2459,2397
51645,"Brown, Barbara",non-elite,1873,3902,5975,8128,10336,12712,15200,17672,2029,2073,2153,2208,2376,2488,2472
51646,"Shin, In Chul",non-elite,1888,3686,5457,7376,9737,12706,15455,17578,1798,1771,1919,2361,2969,2749,2123
51647,"Hutzell, Karen M.",non-elite,1847,3671,5894,7834,9941,12257,14816,17597,1824,2223,1940,2107,2316,2559,2781
51648,"Noonan, Caroline M.",non-elite,1792,3711,5632,7670,9776,12447,15285,17808,1919,1921,2038,2106,2671,2838,2523
51649,"McArthur, John",non-elite,1787,3623,5529,7624,9932,12493,15068,17597,1836,1906,2095,2308,2561,2575,2529
51650,"O'Malley, Matt",non-elite,1987,4019,6086,8152,10334,12808,15261,17721,2032,2067,2066,2182,2474,2453,2460
51651,"Ford, Karisa",non-elite,1952,3929,5970,8138,10393,12872,15268,17661,1977,2041,2168,2255,2479,2396,2393
51652,"Osbahr, Maggie K.",non-elite,2476,4416,6389,8529,10891,13153,15467,17721,1940,1973,2140,2362,2262,2314,2254
51653,"Caffetti, Angiolino",non-elite,1839,3750,5708,7764,9994,12450,15046,17600,1911,1958,2056,2230,2456,2596,2554
51654,"Marino, Fred E. III",non-elite,2036,4018,5991,8053,10200,12635,15245,17702,1982,1973,2062,2147,2435,2610,2457
51655,"Hilt, Scott R.",non-elite,1979,4046,6064,8184,10405,12777,15295,17697,2067,2018,2120,2221,2372,2518,2402
51656,"Brown, Laura A.",non-elite,1899,3816,5847,8114,10508,12959,15410,17746,1917,2031,2267,2394,2451,2451,2336
51657,"McDonald, Kelley",non-elite,1957,3933,5982,8099,10317,12836,15303,17737,1976,2049,2117,2218,2519,2467,2434
51658,"Schenck, Christy",non-elite,2047,4147,6295,8457,10684,13043,15332,17680,2100,2148,2162,2227,2359,2289,2348
51659,"Lovelette, Jane B",non-elite,1811,3728,5725,7855,10072,12500,14985,17499,1917,1997,2130,2217,2428,2485,2514
51660,"Ellis, Melissa",non-elite,1869,3781,5799,7854,10124,12614,15318,17744,1912,2018,2055,2270,2490,2704,2426
51661,"Koeble, Donna C",non-elite,1845,3757,5848,8214,10617,13149,15555,17755,1912,2091,2366,2403,2532,2406,2200
51662,"Sanderson, Scott R.",non-elite,1995,4056,6194,8276,10606,12923,15358,17728,2061,2138,2082,2330,2317,2435,2370
51663,"Bonasoro, Bianca",non-elite,1828,3872,6084,8325,10627,13124,15441,17774,2044,2212,2241,2302,2497,2317,2333
51664,"Greene, Lauren E.",non-elite,1983,3976,6029,8408,10943,13343,15617,17846,1993,2053,2379,2535,2400,2274,2229
51665,"Hamilton, Jennifer",non-elite,1681,3427,5538,7841,10383,12843,15327,17809,1746,2111,2303,2542,2460,2484,2482
51666,"Congdon, Katie A.",non-elite,1813,3712,5766,8020,10413,12802,15271,17703,1899,2054,2254,2393,2389,2469,2432
51667,"Shulman, Alyssa",non-elite,1958,4068,6129,8229,10486,12839,15304,17749,2110,2061,2100,2257,2353,2465,2445
51668,"Glaser, Christopher J.",non-elite,1923,3885,5941,7979,10135,12665,15219,17745,1962,2056,2038,2156,2530,2554,2526
51669,"Bianchi, Phillip",non-elite,2113,4174,6234,8342,10531,12925,15383,17787,2061,2060,2108,2189,2394,2458,2404
51670,"Covert, Todd",non-elite,1652,3307,4968,6693,9117,11403,14356,17667,1655,1661,1725,2424,2286,2953,3311
51671,"Demoulas, Telemachus",non-elite,2048,4151,6408,8581,10790,12988,15507,17815,2103,2257,2173,2209,2198,2519,2308
51672,"Lancia, Anthony J. Jr.",non-elite,1672,3541,5484,7583,9865,12587,15308,17735,1869,1943,2099,2282,2722,2721,2427
51673,"Reichardt, Veronica",non-elite,1868,4047,6382,8713,10969,13262,15605,17788,2179,2335,2331,2256,2293,2343,2183
51674,"Rose, Amy L.",non-elite,1648,3478,5533,8183,10507,13009,15678,17813,1830,2055,2650,2324,2502,2669,2135
51675,"Keelan, Kelly A.",non-elite,1797,3661,5598,7724,10080,12554,15223,17735,1864,1937,2126,2356,2474,2669,2512
51676,"Attinson, Beverly M.",non-elite,1974,4132,6322,8584,10847,13186,15520,17783,2158,2190,2262,2263,2339,2334,2263
51677,"Ippersiel, Luc A.",non-elite,1982,4069,6118,8228,10445,12877,15419,17784,2087,2049,2110,2217,2432,2542,2365
51678,"Corey, Daniel F. Jr.",non-elite,1969,3972,5996,8080,10305,12649,15091,17619,2003,2024,2084,2225,2344,2442,2528
51679,"Ryan, Sam",non-elite,1948,4105,6223,8451,10685,12979,15336,17756,2157,2118,2228,2234,2294,2357,2420
51680,"Bianchi, Felicia",non-elite,1915,3875,5874,7928,10122,12532,15082,17648,1960,1999,2054,2194,2410,2550,2566
51681,"McCarthy, Elizabeth A.",non-elite,1932,3888,5896,7893,10228,12524,15054,17673,1956,2008,1997,2335,2296,2530,2619
51682,"Spivey, Jessica E.",non-elite,1979,4066,6211,8300,10487,13013,15423,17758,2087,2145,2089,2187,2526,2410,2335
51683,"Graham, Erin M.",non-elite,1929,3967,6084,8533,10663,12999,15452,17745,2038,2117,2449,2130,2336,2453,2293
51684,"Koruda, Emily J.",non-elite,1909,3945,6079,8288,10564,13008,15501,17778,2036,2134,2209,2276,2444,2493,2277
51685,"Maddrey, Julia M.",non-elite,1999,4041,6122,8254,10473,12838,15250,17746,2042,2081,2132,2219,2365,2412,2496
51686,"Gamst, Lawrence R.",non-elite,1990,3975,5970,8110,10476,12895,15562,17849,1985,1995,2140,2366,2419,2667,2287
51687,"Johnston, Amy E.",non-elite,1828,3913,6004,7966,10105,12402,14979,17612,2085,2091,1962,2139,2297,2577,2633
51688,"Sorge, Jean-Benoit",non-elite,2019,3992,5799,8659,10858,13118,15482,17807,1973,1807,2860,2199,2260,2364,2325
51689,"Racine, Richard C.",non-elite,1838,3579,5438,7884,10265,12884,15404,17779,1741,1859,2446,2381,2619,2520,2375
51690,"Dillinger, Sylvia",non-elite,1993,3993,6022,8099,10220,13313,15508,17812,2000,2029,2077,2121,3093,2195,2304
51691,"Zeutenhorst, Lauren",non-elite,1956,3929,6090,8393,10715,13116,15641,17854,1973,2161,2303,2322,2401,2525,2213
51692,"Amster, Michael B.",non-elite,1765,3559,5422,7445,9766,12340,15251,17748,1794,1863,2023,2321,2574,2911,2497
51693,"Owen, Elizabeth A.",non-elite,1929,3982,6028,8253,10632,12960,15373,17827,2053,2046,2225,2379,2328,2413,2454
51694,"Thomason, Shelley M.",non-elite,1915,3867,5811,7832,10015,12546,15191,17726,1952,1944,2021,2183,2531,2645,2535
51695,"Veselik, Jill J.",non-elite,1838,3755,5744,7872,10223,12715,15387,17803,1917,1989,2128,2351,2492,2672,2416
51696,"Vellucci, Teresa M.",non-elite,1894,4018,6199,8422,10571,12963,15411,17809,2124,2181,2223,2149,2392,2448,2398
51697,"Tetel, Carly",non-elite,1903,3816,5936,8097,10342,12764,15434,17808,1913,2120,2161,2245,2422,2670,2374
51698,"Pino, Lauren R.",non-elite,2024,4086,6128,8317,10601,12885,15372,17755,2062,2042,2189,2284,2284,2487,2383
51699,"O'Donnell, Andrew W.",non-elite,1844,3730,5662,7651,10100,12733,15335,17723,1886,1932,1989,2449,2633,2602,2388
51700,"Szapiro, Kate E.",non-elite,2196,4299,6363,8519,10895,13249,15614,17873,2103,2064,2156,2376,2354,2365,2259
51701,"Maloney, Kaitlyn E.",non-elite,1966,3931,6203,8453,10736,13123,15563,17821,1965,2272,2250,2283,2387,2440,2258
51702,"Ravens, Amanda L.",non-elite,1956,3998,6176,8411,10730,13053,15386,17744,2042,2178,2235,2319,2323,2333,2358
51703,"Pronske, Keith L.",non-elite,1902,3970,6095,8279,10519,12892,15447,17826,2068,2125,2184,2240,2373,2555,2379
51704,"Pronske, Tamara L.",non-elite,1903,3970,6095,8279,10520,12893,15446,17827,2067,2125,2184,2241,2373,2553,2381
51705,"Garrett, Wendy E.",non-elite,2137,4253,6399,8617,10858,13280,15691,17910,2116,2146,2218,2241,2422,2411,2219
51706,"Shepard, Robyn A.",non-elite,2042,4140,6205,8360,10550,12874,15360,17798,2098,2065,2155,2190,2324,2486,2438
51707,"Tolen, Dave",non-elite,1593,3243,5056,7199,9663,12310,15115,17693,1650,1813,2143,2464,2647,2805,2578
51708,"Weintraub, Greg",non-elite,1669,3400,5551,7746,9846,12925,15566,17832,1731,2151,2195,2100,3079,2641,2266
51709,"Snyder, Susan J.",non-elite,1919,3983,6203,8371,10692,12984,15517,17866,2064,2220,2168,2321,2292,2533,2349
51710,"Waring, Chris",non-elite,1515,3215,5214,7247,9596,12160,15003,17709,1700,1999,2033,2349,2564,2843,2706
51711,"Wright, John S.",non-elite,1387,2833,4377,6052,7946,10084,12378,17363,1446,1544,1675,1894,2138,2294,4985
51712,"Wright, Taylor G.",non-elite,1388,2833,4377,6053,7945,10085,12377,17363,1445,1544,1676,1892,2140,2292,4986
51713,"McNamee, Phil J.",non-elite,1823,3677,5557,7498,9553,12017,14340,17372,1854,1880,1941,2055,2464,2323,3032
51714,"Walker, Tammy D.",non-elite,1782,3837,5864,8132,10261,12634,15058,17742,2055,2027,2268,2129,2373,2424,2684
51715,"Li, Chun",non-elite,1789,3769,5762,8115,10353,12785,15346,17741,1980,1993,2353,2238,2432,2561,2395
51716,"Sabbagh, Jennifer",non-elite,1893,3867,5940,8114,10375,12800,15363,17853,1974,2073,2174,2261,2425,2563,2490
51717,"Nelson, Brett M.",non-elite,1932,3818,5850,7812,9838,12381,14895,17847,1886,2032,1962,2026,2543,2514,2952
51718,"Schmidt, Jean",non-elite,1930,4010,6115,8286,10669,12922,15420,17833,2080,2105,2171,2383,2253,2498,2413
51719,"Black, Jennifer H",non-elite,1931,4010,6116,8285,10668,12923,15421,17834,2079,2106,2169,2383,2255,2498,2413
51720,"Bashor, Mari W",non-elite,1974,4025,6122,8285,10562,12949,15433,17778,2051,2097,2163,2277,2387,2484,2345
51721,"Mah, Deveda",non-elite,1865,3929,6036,8177,10388,12795,15297,17739,2064,2107,2141,2211,2407,2502,2442
51722,"Medeiros, Mariana R.",non-elite,1742,3581,5719,7820,10252,12829,15508,17835,1839,2138,2101,2432,2577,2679,2327
51723,"Himlin, Bob",non-elite,1486,3044,4778,6583,8446,10575,12792,17717,1558,1734,1805,1863,2129,2217,4925
51724,"Singer, Douglas",non-elite,2077,4225,6427,8615,10795,13159,15590,17830,2148,2202,2188,2180,2364,2431,2240
51725,"Direnzo, Jennifer",non-elite,1907,3916,6008,8136,10392,12780,15249,17777,2009,2092,2128,2256,2388,2469,2528
51726,"Minkin, Dawn",non-elite,2002,4129,6179,8405,10731,13023,15271,17520,2127,2050,2226,2326,2292,2248,2249
51727,"Rasmussen, Shaina",non-elite,1939,3914,5992,8176,10463,12817,15255,17736,1975,2078,2184,2287,2354,2438,2481
51728,"Berkeley, Chase P.",non-elite,2085,4268,6369,8464,10649,12987,15405,17826,2183,2101,2095,2185,2338,2418,2421
51729,"Lerma, Krysten D.",non-elite,1806,3709,5644,7666,9823,12237,14870,17714,1903,1935,2022,2157,2414,2633,2844
51730,"Meeks, Tammy D",non-elite,1669,3436,5435,7573,9779,12025,14767,17692,1767,1999,2138,2206,2246,2742,2925
51731,"Luca, Robert L. Jr.",non-elite,1917,3782,5655,7635,10149,12911,15197,17903,1865,1873,1980,2514,2762,2286,2706
51732,"Lopez, Marvin J.",non-elite,1798,3520,5189,6892,8753,11443,15460,17841,1722,1669,1703,1861,2690,4017,2381
51733,"Lopez, Robert M.",non-elite,1798,3520,5189,6893,8753,11443,15460,17841,1722,1669,1704,1860,2690,4017,2381
51734,"Brown, Maria D",non-elite,1623,3332,5320,7285,9354,11763,14573,17818,1709,1988,1965,2069,2409,2810,3245
51735,"Rogers, Katherine J.",non-elite,2227,4414,6472,8619,10904,13413,15711,17883,2187,2058,2147,2285,2509,2298,2172
51736,"Holleman, Leigh",non-elite,1618,3131,4707,6337,7960,9678,14806,17807,1513,1576,1630,1623,1718,5128,3001
51737,"Fattman, Ryan",non-elite,2024,4216,6364,8642,10994,13471,15777,17878,2192,2148,2278,2352,2477,2306,2101
51738,"Shea, John W.",non-elite,1807,3623,5394,7394,9638,12770,15211,17894,1816,1771,2000,2244,3132,2441,2683
51739,"Honda, Kikuji",non-elite,1640,3346,5122,7058,9190,11503,14476,17761,1706,1776,1936,2132,2313,2973,3285
51740,"Kearney, Michael W.",non-elite,1880,3714,5581,7573,9821,12558,15388,17894,1834,1867,1992,2248,2737,2830,2506
51741,"Rothfuss, Ellen",non-elite,2126,4144,6404,8645,10858,13188,15502,17807,2018,2260,2241,2213,2330,2314,2305
51742,"Bradley, Steve",non-elite,2085,4097,6149,8260,10495,12880,15345,17761,2012,2052,2111,2235,2385,2465,2416
51743,"Zimdahl, Patricia A",non-elite,1757,3657,5707,7903,10295,12754,15334,17783,1900,2050,2196,2392,2459,2580,2449
51744,"Eaton, Nancy",non-elite,1746,3586,5535,7643,10070,12516,15358,17826,1840,1949,2108,2427,2446,2842,2468
51745,"Tymchak, Pam",non-elite,1841,3746,5707,7815,9919,12368,15044,17718,1905,1961,2108,2104,2449,2676,2674
51746,"Dimmig, Robert L",non-elite,1841,3746,5708,7815,9909,12369,15045,17719,1905,1962,2107,2094,2460,2676,2674
51747,"Quirk, Lawrence J.",non-elite,1785,3455,5180,7283,9546,11971,14969,17666,1670,1725,2103,2263,2425,2998,2697
51748,"Isenberg, James A.",non-elite,1801,3687,5632,7708,10017,12590,15142,17729,1886,1945,2076,2309,2573,2552,2587
51749,"Goldberg, Ellen S.",non-elite,2049,4125,6325,8531,10792,13303,15662,17962,2076,2200,2206,2261,2511,2359,2300
51750,"An, Kimberly",non-elite,1800,3671,5685,7841,10092,13120,15621,17936,1871,2014,2156,2251,3028,2501,2315
51751,"Burns, Deborah E.",non-elite,1804,3754,5827,7913,10151,12756,15260,17787,1950,2073,2086,2238,2605,2504,2527
51752,"McQuaide, Bill",non-elite,1978,3986,6000,8055,10337,12665,15173,17826,2008,2014,2055,2282,2328,2508,2653
51753,"Smith, Lisa E.",non-elite,1741,3653,5825,7848,10074,12670,15245,17783,1912,2172,2023,2226,2596,2575,2538
51754,"Switzer, Brian D.",non-elite,1742,3654,5826,7848,10074,12671,15245,17783,1912,2172,2022,2226,2597,2574,2538
51755,"Fulfer, Clay",non-elite,1623,3427,5393,7484,9907,12576,15256,17753,1804,1966,2091,2423,2669,2680,2497
51756,"Marcum, Michael R.",non-elite,1515,2982,4519,6283,9491,12248,15272,17787,1467,1537,1764,3208,2757,3024,2515
51757,"Wayerski, Lisa",non-elite,1608,4048,6000,7889,9797,12146,15334,17758,2440,1952,1889,1908,2349,3188,2424
51758,"Bagdigian, Rebecca R.",non-elite,1916,3906,6038,8315,10651,13012,15494,17843,1990,2132,2277,2336,2361,2482,2349
51759,"Gilbert, Robin R",non-elite,1732,3805,5876,8053,10372,12846,15303,17852,2073,2071,2177,2319,2474,2457,2549
51761,"McNamee, Therese A.",non-elite,1949,3903,6010,8150,10601,12938,15497,17845,1954,2107,2140,2451,2337,2559,2348
51762,"Shoob, Alex",non-elite,1914,3975,6218,8331,10498,12823,15332,17742,2061,2243,2113,2167,2325,2509,2410
51763,"Hennessey, Christine M.",non-elite,2024,4055,6413,8717,10873,13236,15533,17862,2031,2358,2304,2156,2363,2297,2329
51764,"Scribi, Lauren H.",non-elite,2039,4117,6170,8269,10498,12837,15294,17892,2078,2053,2099,2229,2339,2457,2598
51765,"King, Jennifer",non-elite,2106,4235,6355,8496,10657,13011,15459,17847,2129,2120,2141,2161,2354,2448,2388
51766,"Du Sautoy, Jason",non-elite,1912,3871,5841,7994,10333,13136,15512,17839,1959,1970,2153,2339,2803,2376,2327
51767,"Thomas, Gretchen",non-elite,1484,2986,4532,6144,7840,13206,15577,18047,1502,1546,1612,1696,5366,2371,2470
51768,"Konopka, Jill E.",non-elite,1734,3662,5801,8047,10460,13089,15362,17808,1928,2139,2246,2413,2629,2273,2446
51769,"Curran, John J.",non-elite,1873,3821,5808,7851,10181,12395,15081,17680,1948,1987,2043,2330,2214,2686,2599
51770,"Curran, Cheryl",non-elite,1872,3820,5809,7852,10181,12396,15081,17680,1948,1989,2043,2329,2215,2685,2599
51771,"Wilson, Louise F.",non-elite,1689,3539,5454,7454,9624,12044,14664,17516,1850,1915,2000,2170,2420,2620,2852
51772,"Novikoff, Gracie",non-elite,2094,4259,6368,8431,10695,13019,15523,17922,2165,2109,2063,2264,2324,2504,2399
51773,"Reilly, Jennifer",non-elite,2053,4024,6036,8094,10264,12724,15388,17824,1971,2012,2058,2170,2460,2664,2436
51774,"Rosati, Hasarun",non-elite,1713,3677,5635,7727,9935,12426,15042,17710,1964,1958,2092,2208,2491,2616,2668
51775,"Bentley, Dan W",non-elite,1715,3517,5521,7691,9875,12380,15039,17671,1802,2004,2170,2184,2505,2659,2632
51776,"Melly, Peter F.",non-elite,2009,3967,6075,8248,10543,13044,15550,17913,1958,2108,2173,2295,2501,2506,2363
51777,"Bentley, Mary E",non-elite,1715,3517,5522,7690,9875,12380,15040,17671,1802,2005,2168,2185,2505,2660,2631
51778,"Melly, Meaghan",non-elite,2010,3967,6075,8248,10543,13045,15551,17914,1957,2108,2173,2295,2502,2506,2363
51779,"Lutz, Marisa H.",non-elite,1886,3929,5963,8147,10449,12916,15395,17781,2043,2034,2184,2302,2467,2479,2386
51780,"Matthews, Alison",non-elite,1858,3795,5746,7844,10100,12973,15524,17978,1937,1951,2098,2256,2873,2551,2454
51781,"Kacin, Alexa",non-elite,1849,3826,5979,8265,10731,13193,15592,17889,1977,2153,2286,2466,2462,2399,2297
51782,"Safar, Noelle J.",non-elite,1924,3834,5827,7848,10031,12224,14831,17939,1910,1993,2021,2183,2193,2607,3108
51783,"Baker, James A.",non-elite,1901,3828,5827,7780,9940,12369,14863,17646,1927,1999,1953,2160,2429,2494,2783
51784,"Baker, David",non-elite,2084,4085,6129,8227,10462,12931,15381,17871,2001,2044,2098,2235,2469,2450,2490
51785,"Greene, Benjamin J.",non-elite,1953,3890,5808,7752,10005,12748,15383,17907,1937,1918,1944,2253,2743,2635,2524
51786,"Giambusso, Bella",non-elite,2036,4151,6291,8505,10759,13207,15674,17984,2115,2140,2214,2254,2448,2467,2310
51787,"Phillips, Shannon T.",non-elite,2024,4055,6414,8888,11188,13510,15794,17971,2031,2359,2474,2300,2322,2284,2177
51788,"Tanaka, Hiromi",non-elite,1898,3956,6130,8380,10747,13076,15456,17853,2058,2174,2250,2367,2329,2380,2397
51789,"Adomelis, John A",non-elite,1839,3791,5898,7944,10008,12169,14548,17585,1952,2107,2046,2064,2161,2379,3037
51790,"Blyth, Tom P.",non-elite,1694,3471,5437,7604,9810,12204,14645,17441,1777,1966,2167,2206,2394,2441,2796
51791,"Goldman, Aaron M.",non-elite,2035,4158,6180,8246,10267,12728,15321,17922,2123,2022,2066,2021,2461,2593,2601
51792,"Lamarche, Christopher",non-elite,1904,3764,5635,7648,10049,12770,15449,17964,1860,1871,2013,2401,2721,2679,2515
51793,"Prisco, Michael",non-elite,1934,3834,5811,7949,10328,12769,15305,17823,1900,1977,2138,2379,2441,2536,2518
51794,"Parisi, Megan",non-elite,1976,3986,6073,8232,10542,12930,15413,17823,2010,2087,2159,2310,2388,2483,2410
51795,"Ahmed, Will",non-elite,1688,3331,5123,6922,9645,12398,15278,17859,1643,1792,1799,2723,2753,2880,2581
51796,"Cafarelli, Joseph A.",non-elite,1832,3684,5643,7725,9985,12521,15191,17752,1852,1959,2082,2260,2536,2670,2561
51797,"Ruiz, Monica M.",non-elite,1940,3916,6054,8194,10645,12982,15541,17888,1976,2138,2140,2451,2337,2559,2347
51798,"Peter, Odele",non-elite,1669,3426,5187,7117,9470,11977,14727,17590,1757,1761,1930,2353,2507,2750,2863
51799,"Chandler, Leigh S.",non-elite,1669,3426,5187,7117,9470,11977,14727,17590,1757,1761,1930,2353,2507,2750,2863
51800,"Ferguson, Nichole M",non-elite,2051,4176,6238,8366,10567,12925,15369,17826,2125,2062,2128,2201,2358,2444,2457
51801,"Coll, Lauren M.",non-elite,2104,4242,6419,8653,10940,13220,15629,17958,2138,2177,2234,2287,2280,2409,2329
51802,"Newman, Paul C. Jr.",non-elite,1940,3975,5982,8099,10360,12934,15482,17878,2035,2007,2117,2261,2574,2548,2396
51803,"O'Sullivan, Colette",non-elite,1840,3778,5777,8179,10564,13046,15660,17931,1938,1999,2402,2385,2482,2614,2271
51804,"Kelley, Jennifer L.",non-elite,2010,4013,6183,8424,10780,13027,15630,18033,2003,2170,2241,2356,2247,2603,2403
51805,"Carrillo Godino, Jose Maria",non-elite,1847,3750,5671,7656,9711,12489,15108,17775,1903,1921,1985,2055,2778,2619,2667
51806,"Pancirolli, Luca",non-elite,1686,3363,5051,6791,8795,11247,14369,17581,1677,1688,1740,2004,2452,3122,3212
51807,"Snead, Tom",non-elite,1830,3721,5720,7957,10242,12749,15415,17811,1891,1999,2237,2285,2507,2666,2396
51808,"Matheney, Travis",non-elite,1812,3640,5809,7925,10153,12754,15498,17931,1828,2169,2116,2228,2601,2744,2433
51809,"LeBlanc, Robert J. Jr.",non-elite,1789,3672,5665,7995,10501,13056,15536,18000,1883,1993,2330,2506,2555,2480,2464
51810,"Kono, Michimasa",non-elite,1642,3307,5005,6799,8672,10780,14007,17561,1665,1698,1794,1873,2108,3227,3554
51811,"Pace, Jason",non-elite,1905,3834,5822,7897,10169,12627,15273,17931,1929,1988,2075,2272,2458,2646,2658
51812,"Jannetti, John M.",non-elite,2014,4162,6320,8602,11017,13365,15781,18007,2148,2158,2282,2415,2348,2416,2226
51813,"Goto, Shinichi",non-elite,1790,3584,5434,7346,9584,11792,15721,18100,1794,1850,1912,2238,2208,3929,2379
51814,"Kellner, Jacquelyn A",non-elite,2048,4144,6279,8483,10709,13065,15539,17893,2096,2135,2204,2226,2356,2474,2354
51815,"Marm, Joe",non-elite,1747,3518,5373,7369,9474,11919,14813,17707,1771,1855,1996,2105,2445,2894,2894
51816,"O'Callaghan, Christopher E.",non-elite,1787,3682,5627,7613,9883,12686,15315,17797,1895,1945,1986,2270,2803,2629,2482
51817,"Tell, Noor",non-elite,2066,4182,6305,8494,10747,13160,15517,17945,2116,2123,2189,2253,2413,2357,2428
51818,"Pickett, Olivia",non-elite,1762,3449,5184,7066,9297,12147,15024,17764,1687,1735,1882,2231,2850,2877,2740
51819,"Jasinski, Laura J.",non-elite,1945,3944,6016,8208,10486,12996,15500,17940,1999,2072,2192,2278,2510,2504,2440
51820,"Pinkham, Brian F.",non-elite,2339,4562,6868,9140,11461,13714,16024,18134,2223,2306,2272,2321,2253,2310,2110
51821,"Wallace, Eileen",non-elite,2052,4248,6341,8499,10714,13082,15576,17908,2196,2093,2158,2215,2368,2494,2332
51822,"Park, Han Sik",non-elite,1780,3880,6103,8329,10587,12978,15379,17920,2100,2223,2226,2258,2391,2401,2541
51823,"Zemla, Mary Ann",non-elite,1831,3860,6146,8500,10861,13159,15569,17995,2029,2286,2354,2361,2298,2410,2426
51824,"Matthes, Timm-Uwe",non-elite,1573,3210,4928,6809,9066,11726,14719,17676,1637,1718,1881,2257,2660,2993,2957
51825,"Dibble, Lauren W.",non-elite,2186,4421,6743,8967,11211,13533,15791,18056,2235,2322,2224,2244,2322,2258,2265
51826,"Dorrington, Nadine",non-elite,2166,4311,6446,8574,10777,13174,15676,17957,2145,2135,2128,2203,2397,2502,2281
51827,"McCormick, Tim",non-elite,1820,3691,5730,8969,11110,13522,15769,18036,1871,2039,3239,2141,2412,2247,2267
51828,"Yang, Soon",non-elite,1680,3483,5270,7386,9650,12246,15023,17779,1803,1787,2116,2264,2596,2777,2756
51829,"Revanna, Krupakar",non-elite,1881,4194,6704,9202,11479,13640,16032,18068,2313,2510,2498,2277,2161,2392,2036
51830,"Schultz, Dave",non-elite,1585,3321,5296,7451,9925,12882,15683,17991,1736,1975,2155,2474,2957,2801,2308
51831,"Ludwig, Christopher R.",non-elite,1821,3684,5676,7864,10228,12669,15279,17825,1863,1992,2188,2364,2441,2610,2546
51832,"Flaws, Mary R",non-elite,1667,3349,5164,7102,9154,12084,14891,17713,1682,1815,1938,2052,2930,2807,2822
51833,"Sutherland, Tracey E.",non-elite,1793,3735,6051,8462,10729,12996,15603,17938,1942,2316,2411,2267,2267,2607,2335
51834,"Goethel, Gisela",non-elite,1919,3950,6112,8331,10548,12954,15312,17822,2031,2162,2219,2217,2406,2358,2510
51835,"Skarupa, Melissa",non-elite,1934,4117,6490,8743,10951,13351,15694,17971,2183,2373,2253,2208,2400,2343,2277
51836,"O'Reilly, Marie B.",non-elite,1980,4084,6237,8393,10770,13064,15536,17902,2104,2153,2156,2377,2294,2472,2366
51837,"Santa Lucia, Daniel L.",non-elite,1956,3856,5880,8029,10321,12850,15454,17935,1900,2024,2149,2292,2529,2604,2481
51838,"Lee, Okhee",non-elite,1602,3233,5001,6874,10693,12749,15176,17847,1631,1768,1873,3819,2056,2427,2671
51839,"O'Meara, Marc C.",non-elite,1938,4054,6203,8728,10959,13161,15432,18012,2116,2149,2525,2231,2202,2271,2580
51840,"Garland, Regina",non-elite,1669,3412,5573,7761,10152,12541,15128,17935,1743,2161,2188,2391,2389,2587,2807
51841,"Purpura, Christine",non-elite,1758,3592,5642,8928,10940,13392,15682,17979,1834,2050,3286,2012,2452,2290,2297
51842,"Ruxton, Chelsea L.",non-elite,1706,3528,5593,7997,10058,12819,15559,17976,1822,2065,2404,2061,2761,2740,2417
51843,"Macnair, Michael E.",non-elite,2033,4154,6307,8555,10808,13210,15677,18007,2121,2153,2248,2253,2402,2467,2330
51844,"Oleksa, Jerry S.",non-elite,1740,3633,5668,7816,10094,12572,15324,17900,1893,2035,2148,2278,2478,2752,2576
51845,"Klovning, Atle",non-elite,2373,4356,6432,8538,10775,13124,15480,17852,1983,2076,2106,2237,2349,2356,2372
51847,"Slater, Lynn",non-elite,1705,3649,5676,7827,10025,12568,15378,17997,1944,2027,2151,2198,2543,2810,2619
51848,"Legg, Debbi D",non-elite,1706,3649,5676,7828,10026,12568,15378,17997,1943,2027,2152,2198,2542,2810,2619
51849,"Scuderi, Christopher M.",non-elite,1705,3527,5412,7430,9765,12513,15560,17976,1822,1885,2018,2335,2748,3047,2416
51850,"Wipper, Brittni",non-elite,1778,3580,5587,7689,10052,12883,15583,18024,1802,2007,2102,2363,2831,2700,2441
51851,"Hamilton, Sheila",non-elite,2017,4036,6079,8251,10655,13046,15475,18027,2019,2043,2172,2404,2391,2429,2552
51852,"Cunio, Thomas",non-elite,2067,4164,6353,8492,10722,13123,15542,17946,2097,2189,2139,2230,2401,2419,2404
51853,"O'Connor, Keith P.",non-elite,1945,3922,5840,7831,10108,12650,15312,17963,1977,1918,1991,2277,2542,2662,2651
51854,"O'Neill, Nicole",non-elite,2080,4130,6246,8382,10609,13298,15703,17988,2050,2116,2136,2227,2689,2405,2285
51855,"Casey, William",non-elite,1871,3795,5785,7959,10351,12735,15347,17919,1924,1990,2174,2392,2384,2612,2572
51856,"Ziolkowski, Matthew",non-elite,1987,4037,6270,8577,10922,13273,15671,18021,2050,2233,2307,2345,2351,2398,2350
51857,"Baron, Erin M.",non-elite,1911,3917,5952,8094,10470,12957,15592,18007,2006,2035,2142,2376,2487,2635,2415
51858,"Hammond, Michael",non-elite,1395,2798,4228,5928,8070,10324,13719,17786,1403,1430,1700,2142,2254,3395,4067
51859,"Cox, Matthew A.",non-elite,1985,4027,6066,8247,10491,12910,15504,18008,2042,2039,2181,2244,2419,2594,2504
51860,"McCleary, Jared A.",non-elite,1924,3769,5611,7522,9416,11721,15193,17928,1845,1842,1911,1894,2305,3472,2735
51861,"Williams, Heidi R.",non-elite,1735,3513,5525,7569,9891,12344,15302,17893,1778,2012,2044,2322,2453,2958,2591
51862,"Johnson, Joshua A.",non-elite,1819,3813,6062,8409,10819,13147,15641,18019,1994,2249,2347,2410,2328,2494,2378
51863,"Benson, Thomas J",non-elite,1897,4106,6122,8209,10471,13192,15743,18025,2209,2016,2087,2262,2721,2551,2282
51864,"Benson, Hope",non-elite,1897,4106,6121,8210,10471,13193,15743,18025,2209,2015,2089,2261,2722,2550,2282
51865,"Salrin, Jessica L.",non-elite,1937,3913,5950,8111,10448,12982,15432,18046,1976,2037,2161,2337,2534,2450,2614
51866,"Ashbaugh, Cristina C.",non-elite,1685,3440,5630,8044,10430,13034,15696,18107,1755,2190,2414,2386,2604,2662,2411
51867,"Forsyth, Wesley",non-elite,1744,3536,5428,7667,9967,12606,15176,17961,1792,1892,2239,2300,2639,2570,2785
51868,"O'Brien, Joseph M.",non-elite,1901,3754,5582,7661,9940,12439,15383,17934,1853,1828,2079,2279,2499,2944,2551
51869,"Moll, Nadene",non-elite,1976,4112,6213,8476,10961,13325,15652,17995,2136,2101,2263,2485,2364,2327,2343
51870,"Newhall, Meaghan E.",non-elite,1868,3826,6119,8267,10574,12950,15506,17942,1958,2293,2148,2307,2376,2556,2436
51871,"Dorrington, Michael",non-elite,2166,4311,6446,8574,10777,13176,15676,17956,2145,2135,2128,2203,2399,2500,2280
51872,"Wileman, Paul",non-elite,1809,3742,5883,8155,10538,13076,15558,17993,1933,2141,2272,2383,2538,2482,2435
51873,"Ventura, Amy L.",non-elite,1973,3918,5838,7899,10333,12783,15332,17926,1945,1920,2061,2434,2450,2549,2594
51874,"Brokmiller, Agata",non-elite,1963,3960,5998,8175,10439,12924,15466,17926,1997,2038,2177,2264,2485,2542,2460
51875,"Strom, George F.",non-elite,2113,4192,6312,8496,10807,13204,15706,18005,2079,2120,2184,2311,2397,2502,2299
51876,"Clarkson, Emily T.",non-elite,1645,3311,5010,6672,8828,11340,14387,17615,1666,1699,1662,2156,2512,3047,3228
51877,"Quiroz, Iris",non-elite,1893,3867,5924,8370,10688,13207,15699,17976,1974,2057,2446,2318,2519,2492,2277
51878,"Cronin, Brian S.",non-elite,1888,3972,6179,8324,10743,13158,15615,18054,2084,2207,2145,2419,2415,2457,2439
51879,"Getchell, Branden A.",non-elite,1880,3793,5739,7827,10084,12586,15233,17892,1913,1946,2088,2257,2502,2647,2659
51880,"Morrissey, Michael R.",non-elite,1982,4151,6363,8809,11313,13545,15811,18118,2169,2212,2446,2504,2232,2266,2307
51881,"Persons, Virginia",non-elite,1770,3660,5727,7928,10224,12889,15466,17958,1890,2067,2201,2296,2665,2577,2492
51882,"Longley, Jean V",non-elite,1771,3660,5727,7928,10224,12890,15468,17959,1889,2067,2201,2296,2666,2578,2491
51883,"Elkins, Cordy",non-elite,1888,3854,5831,8046,10235,12787,15554,18051,1966,1977,2215,2189,2552,2767,2497
51884,"Macken, Catherine M.",non-elite,1888,3855,5831,8046,10235,12786,15554,18050,1967,1976,2215,2189,2551,2768,2496
51885,"Lynch, Erin K.",non-elite,1991,3972,5970,8142,10668,13147,15600,18000,1981,1998,2172,2526,2479,2453,2400
51886,"Spadea, Vincent J.",non-elite,2173,4274,6448,8552,10690,13136,15718,18033,2101,2174,2104,2138,2446,2582,2315
51887,"Jimenez, Arnold Roy B.",non-elite,1910,3917,5903,8129,10316,12776,15459,17940,2007,1986,2226,2187,2460,2683,2481
51888,"Abdelnour, Jerry",non-elite,2174,4274,6449,8553,10691,13136,15719,18033,2100,2175,2104,2138,2445,2583,2314
51889,"Soucie, Matthew L.",non-elite,1922,3937,6239,8463,10799,13313,15941,18236,2015,2302,2224,2336,2514,2628,2295
51890,"Chaba, Khanyisile",non-elite,1940,3854,5787,7897,10239,12823,15530,18018,1914,1933,2110,2342,2584,2707,2488
51891,"Murphy, Elizabeth M.",non-elite,1896,4128,6272,8439,10673,12951,15549,18047,2232,2144,2167,2234,2278,2598,2498
51892,"Zulu, Ethel",non-elite,1955,4259,6298,8449,10899,13331,15749,18017,2304,2039,2151,2450,2432,2418,2268
51893,"Cunningham, Bree A.",non-elite,2009,4013,6183,8424,10776,13091,15638,18033,2004,2170,2241,2352,2315,2547,2395
51894,"Shapiro, Karen",non-elite,1967,4092,6235,8454,10671,13161,15734,18030,2125,2143,2219,2217,2490,2573,2296
51895,"Koenig, Erik M.",non-elite,1839,3671,5632,7694,10168,12936,15654,18101,1832,1961,2062,2474,2768,2718,2447
51896,"Heineck, Louise",non-elite,2004,4051,6239,8546,10940,13394,15753,18035,2047,2188,2307,2394,2454,2359,2282
51897,"Watkins, Sharon",non-elite,1807,3683,5646,7721,9960,12484,15173,17976,1876,1963,2075,2239,2524,2689,2803
51898,"Dodge, Lauri",non-elite,1954,4062,6263,8558,10868,13251,15615,18020,2108,2201,2295,2310,2383,2364,2405
51899,"Robitaille, Gilbert",non-elite,1764,3559,5445,7372,9445,11920,14890,18084,1795,1886,1927,2073,2475,2970,3194
51900,"Davis, Dennis M.",non-elite,1912,3809,5734,7815,10017,12508,15315,17942,1897,1925,2081,2202,2491,2807,2627
51901,"Dubeau Cotton, Erin",non-elite,1824,3766,5955,8289,10655,13143,15601,18024,1942,2189,2334,2366,2488,2458,2423
51902,"Hunt, Kate",non-elite,1781,3605,5743,8047,10468,12992,15812,18168,1824,2138,2304,2421,2524,2820,2356
51903,"Mockenhaupt, Christine",non-elite,2172,4399,6636,8986,11192,13402,15738,18073,2227,2237,2350,2206,2210,2336,2335
51904,"Prather, Alexina R.",non-elite,2087,4266,6495,8730,11041,13546,15926,18199,2179,2229,2235,2311,2505,2380,2273
51905,"Clark, Sonya K.",non-elite,1633,3268,5139,7296,9538,12110,14853,17942,1635,1871,2157,2242,2572,2743,3089
51906,"Hainsworth, Nate C.",non-elite,1914,4009,6185,8508,10816,13238,15647,18071,2095,2176,2323,2308,2422,2409,2424
51907,"Hayes, Dianne E.",non-elite,2048,4181,6421,8692,11275,14061,16060,18141,2133,2240,2271,2583,2786,1999,2081
51908,"Perschy, Shannon H.",non-elite,2024,4005,6221,8425,10663,13022,15538,18159,1981,2216,2204,2238,2359,2516,2621
51909,"Minella, Paula J.",non-elite,2024,4004,6220,8425,10665,13026,15542,18159,1980,2216,2205,2240,2361,2516,2617
51910,"Sweet, Chrissy",non-elite,2039,4135,6161,8401,10716,13176,15680,18066,2096,2026,2240,2315,2460,2504,2386
51911,"Hung, Erick K",non-elite,1419,2961,4696,6496,10632,13094,15659,18046,1542,1735,1800,4136,2462,2565,2387
51912,"Hung, Patty A.",non-elite,1850,3896,6096,8355,10631,13093,15669,18068,2046,2200,2259,2276,2462,2576,2399
51913,"Viveiros, Heather A.",non-elite,1864,3916,6096,8354,10600,13095,15523,17994,2052,2180,2258,2246,2495,2428,2471
51914,"Chenard, Nicole M.",non-elite,1934,3803,5814,8027,10505,13063,15689,18015,1869,2011,2213,2478,2558,2626,2326
51915,"Calder-Becker, Katherine",non-elite,1615,3258,5095,6949,9064,11675,14717,17894,1643,1837,1854,2115,2611,3042,3177
51916,"Herman, Lynn N.",non-elite,1947,3974,6163,8451,10770,13170,15676,18060,2027,2189,2288,2319,2400,2506,2384
51917,"Miller, Jim",non-elite,1642,3285,5022,7027,9414,11973,14932,17860,1643,1737,2005,2387,2559,2959,2928
51918,"Aiena, Cindy L.",non-elite,2120,4136,6231,8548,10965,13411,15941,18115,2016,2095,2317,2417,2446,2530,2174
51919,"Guillermo, R J",non-elite,1773,3664,5742,7979,10396,13124,15500,17955,1891,2078,2237,2417,2728,2376,2455
51920,"Lindquist, Lisa M.",non-elite,2016,4158,6337,8589,10862,13231,15712,18085,2142,2179,2252,2273,2369,2481,2373
51921,"Chambers, Dan M.",non-elite,1663,3119,4628,6221,8116,13570,15796,17970,1456,1509,1593,1895,5454,2226,2174
51922,"Langevin, Amy D.",non-elite,2031,4026,6003,8078,10361,12862,15512,18119,1995,1977,2075,2283,2501,2650,2607
51923,"Mantia, Holly J.",non-elite,1929,3898,5944,8261,10718,13129,15600,18043,1969,2046,2317,2457,2411,2471,2443
51924,"Jasmin, Eric P.",non-elite,1912,3739,5541,7494,10243,12804,15459,18037,1827,1802,1953,2749,2561,2655,2578
51925,"Porte, Stephen",non-elite,1754,3752,5820,7910,10007,12472,15013,17768,1998,2068,2090,2097,2465,2541,2755
51926,"Boden, Alexandra L.",non-elite,1975,3881,5872,8224,10628,12776,15176,18091,1906,1991,2352,2404,2148,2400,2915
51927,"DeFilippo, David",non-elite,1647,3292,4924,6638,8336,10461,12790,18220,1645,1632,1714,1698,2125,2329,5430
51928,"Tomek, Ivan",non-elite,1966,4076,6185,8424,10782,13234,15732,18084,2110,2109,2239,2358,2452,2498,2352
51929,"Silverstein, Sarah",non-elite,1915,3898,5987,8327,10701,13205,15682,18123,1983,2089,2340,2374,2504,2477,2441
51930,"Jaros, Dana",non-elite,1890,3863,5922,8059,10206,12604,15099,17961,1973,2059,2137,2147,2398,2495,2862
51931,"Reardon, Meagan",non-elite,2158,4176,6366,8713,11161,13454,15898,18086,2018,2190,2347,2448,2293,2444,2188
51932,"Shea, Elizabeth",non-elite,2158,4176,6366,8713,11161,13454,15899,18149,2018,2190,2347,2448,2293,2445,2250
51933,"Beggan, Christine C.",non-elite,2158,4176,6366,8713,11161,13454,15898,18149,2018,2190,2347,2448,2293,2444,2251
51934,"Reimer, Chris L",non-elite,1735,3511,5480,7545,9768,12317,15129,17931,1776,1969,2065,2223,2549,2812,2802
51935,"Plankl, Joze",non-elite,1968,4088,6165,8320,10638,13081,15593,18043,2120,2077,2155,2318,2443,2512,2450
51936,"Juri, Victor",non-elite,1932,3885,5939,8137,10456,12892,15481,18091,1953,2054,2198,2319,2436,2589,2610
51937,"Tressy, Rachel M.",non-elite,2144,4315,6629,8985,11178,13501,15857,18183,2171,2314,2356,2193,2323,2356,2326
51938,"Coulter, William",non-elite,1958,4057,6313,8520,10741,13203,15661,17958,2099,2256,2207,2221,2462,2458,2297
51939,"Yearwood, Steven A.",non-elite,1718,3451,5313,7348,9660,12600,15324,17948,1733,1862,2035,2312,2940,2724,2624
51940,"Mezzetti, Rachael",non-elite,1956,4148,6398,8712,11012,13471,15855,18143,2192,2250,2314,2300,2459,2384,2288
51941,"Tsumura, Miho",non-elite,1892,3890,6052,8330,10763,13319,15827,18209,1998,2162,2278,2433,2556,2508,2382
51942,"Crean, Molly E.",non-elite,2022,4088,6141,8274,10528,13069,15493,18061,2066,2053,2133,2254,2541,2424,2568
51943,"Barry, Sean",non-elite,1719,3321,4944,6607,9082,12396,15466,18121,1602,1623,1663,2475,3314,3070,2655
51944,"Smith, Mark W.",non-elite,1631,3350,5303,7659,10153,12772,15477,18015,1719,1953,2356,2494,2619,2705,2538
51945,"Lachberg, Kimberly",non-elite,2029,4034,6078,8230,10464,12884,15610,18129,2005,2044,2152,2234,2420,2726,2519
51946,"Mangan, Candice",non-elite,2029,4035,6078,8231,10466,12886,15661,18152,2006,2043,2153,2235,2420,2775,2491
51947,"Fowle, Amanda",non-elite,1748,3496,5524,7702,10356,13281,16212,18327,1748,2028,2178,2654,2925,2931,2115
51948,"Santiago, Sarah M.",non-elite,2111,4227,6313,8446,10903,13401,15887,18179,2116,2086,2133,2457,2498,2486,2292
51949,"Giordano, Nicholas A. Jr.",non-elite,2032,4071,6081,8190,10358,12696,15207,17894,2039,2010,2109,2168,2338,2511,2687
51950,"Connors, Kara M.",non-elite,2217,4412,6608,8929,11196,13604,15990,18215,2195,2196,2321,2267,2408,2386,2225
51951,"Bornstein, Hannah R.",non-elite,2123,4287,6425,8574,10805,13191,15620,18044,2164,2138,2149,2231,2386,2429,2424
51952,"Gurian, Lindsey M.",non-elite,2089,4225,6339,8557,10888,13303,15838,18194,2136,2114,2218,2331,2415,2535,2356
51953,"O'Brien, Orla M.",non-elite,2089,4225,6339,8557,10887,13303,15838,18194,2136,2114,2218,2330,2416,2535,2356
51954,"Shanley, Erin E.",non-elite,2090,4224,6335,8554,10888,13304,15805,18115,2134,2111,2219,2334,2416,2501,2310
51955,"Spelta, Amy",non-elite,2035,4162,6356,8609,11042,13420,15862,18125,2127,2194,2253,2433,2378,2442,2263
51956,"Feliciano, Ciro Jr.",non-elite,1949,4112,6258,8682,11053,13594,16050,18223,2163,2146,2424,2371,2541,2456,2173
51957,"Rutig, Matt",non-elite,1859,3673,5517,7460,9587,12324,15268,18039,1814,1844,1943,2127,2737,2944,2771
51958,"Ekberg, Kathy",non-elite,2062,4263,6447,8581,10755,13008,15720,18149,2201,2184,2134,2174,2253,2712,2429
51959,"Santangelo, Lucy C.",non-elite,1980,4061,6161,8228,10406,12822,15527,18133,2081,2100,2067,2178,2416,2705,2606
51960,"Goloboy, Lauren F.",non-elite,1859,3767,5798,8036,10647,13282,15873,18192,1908,2031,2238,2611,2635,2591,2319
51961,"Quintanilla, Guillermo A.",non-elite,1973,3965,6118,8380,10561,13209,15624,18088,1992,2153,2262,2181,2648,2415,2464
51962,"Smith, Ashton",non-elite,1976,4089,6409,8888,11274,13700,16092,18300,2113,2320,2479,2386,2426,2392,2208
51963,"Estrada, William J.",non-elite,2081,4115,6156,8297,10533,13063,15601,18079,2034,2041,2141,2236,2530,2538,2478
51964,"Manzi, Albert P. Jr.",non-elite,1715,3697,5784,7964,10216,12750,15409,18036,1982,2087,2180,2252,2534,2659,2627
51965,"Kennedy, Kathryn D",non-elite,1714,3625,5708,7891,10207,12755,15331,17981,1911,2083,2183,2316,2548,2576,2650
51966,"Spinale, Karla I.",non-elite,2115,4188,6335,8505,10825,13420,15889,18176,2073,2147,2170,2320,2595,2469,2287
51967,"Eggers, Thomas S.",non-elite,1892,3793,5788,8035,10365,12813,15454,18065,1901,1995,2247,2330,2448,2641,2611
51968,"Crawford, Jennifer K.",non-elite,2139,4221,6383,8617,10943,13409,15858,18205,2082,2162,2234,2326,2466,2449,2347
51969,"Di Geronimo, Michele",non-elite,1460,2922,4441,6013,7736,10295,13958,17642,1462,1519,1572,1723,2559,3663,3684
51970,"Lapointe, John G.",non-elite,1849,3793,5972,8193,10653,13098,15641,18130,1944,2179,2221,2460,2445,2543,2489
51971,"Higgins, Kaitlyn",non-elite,2264,4522,6649,8890,11285,13621,16008,18248,2258,2127,2241,2395,2336,2387,2240
51972,"Costa, Jenna",non-elite,2264,4523,6650,8890,11286,13622,16009,18249,2259,2127,2240,2396,2336,2387,2240
51973,"Posa, Philip",non-elite,1832,3596,5796,8365,10678,13385,15909,18180,1764,2200,2569,2313,2707,2524,2271
51974,"McWeeny, Melissa G.",non-elite,1967,4132,6403,8612,10938,13390,15841,18188,2165,2271,2209,2326,2452,2451,2347
51975,"Ruffing, Lauren E.",non-elite,1963,4056,6220,8391,10673,13125,15711,18161,2093,2164,2171,2282,2452,2586,2450
51976,"Hastie, Mike",non-elite,2058,4079,6216,8449,10851,13191,15781,18143,2021,2137,2233,2402,2340,2590,2362
51977,"Cedrone, Christopher",non-elite,1866,3844,5902,8130,10440,12892,15570,18112,1978,2058,2228,2310,2452,2678,2542
51978,"Crowley, Mark",non-elite,1867,3844,5903,8130,10440,12892,15570,18113,1977,2059,2227,2310,2452,2678,2543
51979,"Mellone, Nicholas V.",non-elite,2118,4292,6492,8616,10925,13268,15758,18118,2174,2200,2124,2309,2343,2490,2360
51980,"Blough, Amber L.",non-elite,2058,4072,6217,8450,10853,13193,15783,18144,2014,2145,2233,2403,2340,2590,2361
51981,"Jacobsen, Betsy",non-elite,1830,3774,5771,7941,10557,13115,15722,18146,1944,1997,2170,2616,2558,2607,2424
51982,"Sciannameo, Amy",non-elite,1971,4146,6248,8406,10698,13142,15617,18077,2175,2102,2158,2292,2444,2475,2460
51983,"Rizzo, Charles P.",non-elite,1884,3619,5436,7526,9900,12513,15577,18191,1735,1817,2090,2374,2613,3064,2614
51984,"Bartlett, Lori A.",non-elite,1947,4002,6149,8395,10739,13197,15715,18159,2055,2147,2246,2344,2458,2518,2444
51985,"Mcclean, Brian",non-elite,1613,3265,5227,7327,9599,12219,15129,17799,1652,1962,2100,2272,2620,2910,2670
51986,"Chatterton, Muffett S.",non-elite,2058,4211,6381,8634,10938,13394,15769,18049,2153,2170,2253,2304,2456,2375,2280
51987,"Bence, Bonnie C.",non-elite,1864,3981,6152,8370,10580,12898,15325,17835,2117,2171,2218,2210,2318,2427,2510
51988,"Suzuki, Shizuka",non-elite,2096,4260,6433,8582,10834,13284,15870,18205,2164,2173,2149,2252,2450,2586,2335
51989,"Pakstis, Sarah K.",non-elite,2120,4324,6497,8682,10999,13415,15816,18220,2204,2173,2185,2317,2416,2401,2404
51990,"Pakstis, Joshua",non-elite,2121,4324,6498,8684,11000,13416,15816,18220,2203,2174,2186,2316,2416,2400,2404
51991,"Kademian, Brittany L.",non-elite,1831,3952,5968,8165,10463,13003,15599,18174,2121,2016,2197,2298,2540,2596,2575
51992,"Carmichael, Charlene W.",non-elite,1991,4143,6372,8624,10930,13400,15891,18184,2152,2229,2252,2306,2470,2491,2293
51993,"Hammond, Varina",non-elite,2165,4334,6457,8611,10955,13486,15928,18216,2169,2123,2154,2344,2531,2442,2288
51994,"Seymour, Alan",non-elite,1957,3931,6145,8399,10687,13321,15911,18231,1974,2214,2254,2288,2634,2590,2320
51995,"DiSessa, Suzanne M.",non-elite,1774,3600,5508,7556,9792,12797,15822,18104,1826,1908,2048,2236,3005,3025,2282
51996,"Keresztes, Theresa A.",non-elite,1829,3659,5561,7475,9728,12041,15302,18098,1830,1902,1914,2253,2313,3261,2796
51997,"Starr, Linzie III",non-elite,1776,3704,5643,7816,10044,12505,15258,17939,1928,1939,2173,2228,2461,2753,2681
51998,"Reinecke, Lutz",non-elite,1999,4070,6201,8327,10530,13041,15658,18121,2071,2131,2126,2203,2511,2617,2463
51999,"Reinecke, Astrid",non-elite,1999,4070,6201,8317,10530,13041,15658,18121,2071,2131,2116,2213,2511,2617,2463
52000,"Kelly, Laurie A.",non-elite,2054,4200,6408,8691,10998,13457,15784,18223,2146,2208,2283,2307,2459,2327,2439
52001,"Masoud, Khitam M.",non-elite,2162,4390,6553,8810,11121,13462,15914,18192,2228,2163,2257,2311,2341,2452,2278
52002,"Smith, Sharlyn D.",non-elite,1988,3989,6057,8240,10487,12996,15599,18072,2001,2068,2183,2247,2509,2603,2473
52003,"LoConte, Jeffrey M.",non-elite,1912,3939,6030,8242,10538,13132,15566,18133,2027,2091,2212,2296,2594,2434,2567
52004,"Mirabella, Sal Jr.",non-elite,1889,3920,6015,8216,10550,13076,15667,18140,2031,2095,2201,2334,2526,2591,2473
52005,"Smith, Megan E.",non-elite,1943,3834,5841,8181,10449,13140,15664,18143,1891,2007,2340,2268,2691,2524,2479
52006,"McCarthy, Lauren M.",non-elite,1871,3808,5816,8239,10626,13119,15683,18194,1937,2008,2423,2387,2493,2564,2511
52007,"Kline, Lauren",non-elite,2127,4231,6295,8450,10827,13182,15551,18188,2104,2064,2155,2377,2355,2369,2637
52008,"Kiest, Craig",non-elite,1702,3619,5762,7997,10480,13163,15813,18215,1917,2143,2235,2483,2683,2650,2402
52009,"Lai, Gang",non-elite,1906,3903,5941,8073,10348,12943,15517,18170,1997,2038,2132,2275,2595,2574,2653
52010,"Snow, Jeffrey J.",non-elite,1843,3775,5888,8048,10354,12781,15382,18045,1932,2113,2160,2306,2427,2601,2663
52011,"Hesel, Morten Heede H.",non-elite,1827,3641,5510,7665,9782,12473,15204,17981,1814,1869,2155,2117,2691,2731,2777
52012,"Lyrio, Camila",non-elite,1942,3963,6064,8285,10596,13191,15787,18175,2021,2101,2221,2311,2595,2596,2388
52013,"Short, Tara B.",non-elite,2027,4022,6166,8236,10526,13072,15589,18148,1995,2144,2070,2290,2546,2517,2559
52014,"Deloughrey, Tracey J.",non-elite,2027,4023,6166,8236,10527,13073,15590,18149,1996,2143,2070,2291,2546,2517,2559
52015,"Alkhub, Mohammed",non-elite,1556,3154,4994,7224,9628,12539,15537,18240,1598,1840,2230,2404,2911,2998,2703
52016,"Parker, David",non-elite,1855,3788,5759,7861,10068,12529,15235,17977,1933,1971,2102,2207,2461,2706,2742
52017,"Polio, Andrew",non-elite,1924,3934,5890,8036,10424,12908,15470,18312,2010,1956,2146,2388,2484,2562,2842
52018,"Wright, Kathleen F.",non-elite,1912,3824,5859,8006,10805,13118,15787,18226,1912,2035,2147,2799,2313,2669,2439
52019,"Friel, Tom",non-elite,1948,3922,5886,7892,10116,12414,15994,18212,1974,1964,2006,2224,2298,3580,2218
52020,"Jaskoski, Mike",non-elite,2073,4230,6374,8580,10755,13063,15638,18213,2157,2144,2206,2175,2308,2575,2575
52021,"Smith, Richard",non-elite,1412,2844,4488,6542,8770,11374,14527,17804,1432,1644,2054,2228,2604,3153,3277
52022,"Woodman, Peggy C",non-elite,1773,3549,5369,7285,9302,11883,15173,18247,1776,1820,1916,2017,2581,3290,3074
52023,"Ward, Alissa",non-elite,1965,4343,6624,8891,11125,13558,15972,18229,2378,2281,2267,2234,2433,2414,2257
52024,"Toll, Taylor",non-elite,2019,3971,5992,8122,10616,13037,15638,18195,1952,2021,2130,2494,2421,2601,2557
52025,"Francois, Skel",non-elite,1353,2689,4041,5417,13546,14942,16691,18466,1336,1352,1376,8129,1396,1749,1775
52026,"Gabriel, Meghan",non-elite,1837,3717,5720,7980,10248,12806,15482,18291,1880,2003,2260,2268,2558,2676,2809
52027,"Guild, Peter W.",non-elite,1794,3757,5803,8013,10401,12913,15500,18088,1963,2046,2210,2388,2512,2587,2588
52028,"Lanier, Abigail F.",non-elite,2041,4152,6298,8509,10834,13487,15972,18264,2111,2146,2211,2325,2653,2485,2292
52029,"Sotomayor, Gabriela",non-elite,1772,3654,5577,7607,9682,12396,15465,18122,1882,1923,2030,2075,2714,3069,2657
52030,"Cabral, Shannon",non-elite,2023,4212,6376,8633,11062,13504,15974,18204,2189,2164,2257,2429,2442,2470,2230
52031,"Bannon, Brian P.",non-elite,1908,3831,5763,7874,10030,12497,15265,18159,1923,1932,2111,2156,2467,2768,2894
52032,"Burch, Timothy D.",non-elite,1992,4085,6239,8405,10730,13201,15922,18204,2093,2154,2166,2325,2471,2721,2282
52033,"Phillips, David J.",non-elite,1806,3779,5745,7899,10206,12908,15463,18089,1973,1966,2154,2307,2702,2555,2626
52034,"Reiss, Natalia",non-elite,1925,3997,6152,8257,10457,13023,15508,18171,2072,2155,2105,2200,2566,2485,2663
52035,"Fabisch, Ilene E.",non-elite,1983,3992,6077,8288,10582,13076,15670,18257,2009,2085,2211,2294,2494,2594,2587
52036,"Sullivan, Molly F.",non-elite,1766,3775,5933,8150,10332,12710,15634,18246,2009,2158,2217,2182,2378,2924,2612
52037,"Malone, Kathleen M.",non-elite,1864,3795,5929,8297,11138,13486,16267,18386,1931,2134,2368,2841,2348,2781,2119
52038,"McClune, Meghan",non-elite,2041,4112,6194,8324,10492,13045,15774,18262,2071,2082,2130,2168,2553,2729,2488
52039,"Takahashi, Kazumi",non-elite,1946,3870,5782,7721,9746,12421,15573,18182,1924,1912,1939,2025,2675,3152,2609
52040,"Shea, Julie M.",non-elite,2057,4188,6318,8542,10888,13315,15851,18248,2131,2130,2224,2346,2427,2536,2397
52041,"Condon, Meaghan K.",non-elite,2089,4206,6555,8834,11135,13469,15836,18219,2117,2349,2279,2301,2334,2367,2383
52042,"Vezeridis, Peter S.",non-elite,2017,3999,6004,8179,10723,13419,15904,18398,1982,2005,2175,2544,2696,2485,2494
52043,"Howard, Courtney A.",non-elite,2033,4154,6368,8694,10997,13457,15850,18252,2121,2214,2326,2303,2460,2393,2402
52044,"Winston, Samuel H.",non-elite,1982,3964,6000,8247,10629,13098,15747,18234,1982,2036,2247,2382,2469,2649,2487
52045,"Graves, Jenny A.",non-elite,2077,4148,6216,8362,10656,13043,15781,18269,2071,2068,2146,2294,2387,2738,2488
52046,"Graves, Sam",non-elite,2077,4148,6216,8362,10657,13045,15782,18269,2071,2068,2146,2295,2388,2737,2487
52047,"Pagani, Lucia",non-elite,1841,3777,5956,8298,11092,14185,16560,18425,1936,2179,2342,2794,3093,2375,1865
52048,"Laufer, Gina",non-elite,2171,4399,6636,8987,11319,13714,16067,18377,2228,2237,2351,2332,2395,2353,2310
52049,"Maxwell, Amanda L.",non-elite,2147,4409,6689,8897,11213,13524,15899,18264,2262,2280,2208,2316,2311,2375,2365
52050,"Patten, Ashlene E.",non-elite,2107,4302,6466,8656,10943,13428,15899,18335,2195,2164,2190,2287,2485,2471,2436
52051,"Corcoran-Hunt, Elizabeth S.",non-elite,1983,3980,6081,8243,10806,13183,15785,18316,1997,2101,2162,2563,2377,2602,2531
52052,"Weirick, Chad R.",non-elite,2043,4170,6213,8277,10475,12868,15514,18212,2127,2043,2064,2198,2393,2646,2698
52053,"Fredlake, Mary B",non-elite,1997,4232,6533,8955,11322,13705,16050,18315,2235,2301,2422,2367,2383,2345,2265
52054,"Kalvert, Seth J.",non-elite,2090,4083,6117,8195,10515,13082,15716,18281,1993,2034,2078,2320,2567,2634,2565
52055,"Clement, Jessica L.",non-elite,1645,3424,5343,7654,10203,12872,15600,18209,1779,1919,2311,2549,2669,2728,2609
52056,"Basile, Catherine E.",non-elite,1791,3722,5698,7814,10065,12436,16347,18605,1931,1976,2116,2251,2371,3911,2258
52057,"Eneyni, Janice",non-elite,2085,4190,6342,8555,10831,13299,15805,18283,2105,2152,2213,2276,2468,2506,2478
52058,"McGhee, Rebecca K.",non-elite,1976,4030,6205,8627,11249,13627,16028,18307,2054,2175,2422,2622,2378,2401,2279
52059,"O'Brien, Caitlin",non-elite,1934,3882,6017,8296,10673,13236,15774,18218,1948,2135,2279,2377,2563,2538,2444
52060,"Benjamin, Brian",non-elite,1706,3580,5510,7499,9927,12712,15459,18115,1874,1930,1989,2428,2785,2747,2656
52061,"Williams, Maureen E.",non-elite,1990,4078,6330,8664,10993,13460,15964,18301,2088,2252,2334,2329,2467,2504,2337
52062,"Steinberg, Bob",non-elite,1893,3847,5896,8089,10407,12862,15616,18309,1954,2049,2193,2318,2455,2754,2693
52063,"Circosta, Gary F.",non-elite,1888,3876,5941,8109,10383,12843,15489,18155,1988,2065,2168,2274,2460,2646,2666
52064,"Ferraro, Robert J.",non-elite,1967,4001,6008,8105,10279,12828,15653,18229,2034,2007,2097,2174,2549,2825,2576
52065,"Morandi, Rachel A.",non-elite,2068,4023,6228,8560,10894,13312,15783,18283,1955,2205,2332,2334,2418,2471,2500
52066,"Stieff, Dan",non-elite,1886,3960,6095,8342,10687,13197,15780,18258,2074,2135,2247,2345,2510,2583,2478
52067,"Nodelman, Jennifer",non-elite,1930,3977,5942,8173,10600,13088,15753,18267,2047,1965,2231,2427,2488,2665,2514
52068,"Lopez May, Luciano",non-elite,1796,3760,6204,8445,10903,13330,15838,18255,1964,2444,2241,2458,2427,2508,2417
52069,"Lopez-Pineda, Enrique",non-elite,1817,3778,5889,8191,10634,13177,15618,18166,1961,2111,2302,2443,2543,2441,2548
52070,"Stein, Denise",non-elite,1681,3844,5894,7992,10525,13075,15831,18298,2163,2050,2098,2533,2550,2756,2467
52071,"Gourdeau, Bobby",non-elite,1945,3859,5805,7953,10582,13233,15935,18337,1914,1946,2148,2629,2651,2702,2402
52072,"Lemelin, Samantha",non-elite,2032,4093,6169,8317,10729,13296,15691,18314,2061,2076,2148,2412,2567,2395,2623
52073,"McAuliffe, Katherine",non-elite,1762,3612,5800,7981,10395,12871,15487,18207,1850,2188,2181,2414,2476,2616,2720
52074,"Morgan, Elizabeth D.",non-elite,1954,4024,6358,8610,11135,13487,15929,18337,2070,2334,2252,2525,2352,2442,2408
52075,"Xenos, Sandy",non-elite,1931,3987,6158,8458,10824,13640,15936,18252,2056,2171,2300,2366,2816,2296,2316
52076,"Eggers, Jana",non-elite,2078,4188,6360,8581,10804,13256,15869,18293,2110,2172,2221,2223,2452,2613,2424
52077,"Eggers, Evan",non-elite,2078,4188,6360,8581,10804,13255,15869,18293,2110,2172,2221,2223,2451,2614,2424
52078,"Venuti, Denise",non-elite,2013,4265,6489,8733,10938,13521,15958,18303,2252,2224,2244,2205,2583,2437,2345
52079,"Gillen, Ariana",non-elite,2013,4265,6489,8733,10938,13521,15960,18360,2252,2224,2244,2205,2583,2439,2400
52080,"Dezak, Amanda M.",non-elite,2105,4353,6486,8755,11021,13460,15933,18327,2248,2133,2269,2266,2439,2473,2394
52081,"Barkley, Chloe C.",non-elite,1865,3787,5868,8049,10493,12916,15504,18186,1922,2081,2181,2444,2423,2588,2682
52082,"Fu, Linda L.",non-elite,2027,4110,6184,8514,10831,13336,15839,18351,2083,2074,2330,2317,2505,2503,2512
52083,"Holland, Kayla C.",non-elite,2185,4276,6327,8523,10761,13336,15947,18371,2091,2051,2196,2238,2575,2611,2424
52084,"Ciulla-Hall, Susan M.",non-elite,2042,4141,6221,8385,10638,13290,15920,18377,2099,2080,2164,2253,2652,2630,2457
52085,"Benelli, Matthew D.",non-elite,1975,4023,6059,8176,10340,12802,15463,18189,2048,2036,2117,2164,2462,2661,2726
52086,"Wilson, Gretchen E.",non-elite,1771,3511,5288,7275,9700,12571,15523,18197,1740,1777,1987,2425,2871,2952,2674
52087,"Ortisi, Rosanna",non-elite,2047,4132,6267,8694,10897,13307,15844,18321,2085,2135,2427,2203,2410,2537,2477
52088,"Roseman, Lindsey D.",non-elite,2211,4290,6370,8897,11361,13721,16029,18366,2079,2080,2527,2464,2360,2308,2337
52089,"Valente, Russell C.",non-elite,2211,4290,6370,8897,11361,13721,16030,18365,2079,2080,2527,2464,2360,2309,2335
52090,"Sprague, Kaitlyn C.",non-elite,1836,3726,5743,7950,10359,13173,15732,18366,1890,2017,2207,2409,2814,2559,2634
52091,"Keating, Michael",non-elite,2019,4005,6135,8083,10198,12865,15518,18166,1986,2130,1948,2115,2667,2653,2648
52092,"Howard, Danielle L.",non-elite,1968,4014,6152,8405,10768,13207,15649,18313,2046,2138,2253,2363,2439,2442,2664
52093,"Dunwell, Sheree M.",non-elite,2246,4394,6501,8623,10859,13180,15855,18380,2148,2107,2122,2236,2321,2675,2525
52094,"Hannan, Hayley C.",non-elite,1886,4109,6215,8476,11040,13592,16121,18382,2223,2106,2261,2564,2552,2529,2261
52095,"Guilhen, Olivier",non-elite,1630,3138,4652,6339,8390,12575,15568,18412,1508,1514,1687,2051,4185,2993,2844
52096,"Clifford, Diane E.",non-elite,2130,4249,6467,8771,11219,13801,16319,18477,2119,2218,2304,2448,2582,2518,2158
52097,"Waldron, Jennifer S.",non-elite,2193,4303,6416,8636,12878,14754,16699,18547,2110,2113,2220,4242,1876,1945,1848
52098,"Clapp, Tim H.",non-elite,1860,3726,5649,7536,9746,12067,14892,18081,1866,1923,1887,2210,2321,2825,3189
52099,"Santullo, Linda S.",non-elite,1922,3885,5925,8138,10495,13066,15670,18244,1963,2040,2213,2357,2571,2604,2574
52100,"Vos, Rita",non-elite,1920,4118,6215,8485,10776,13332,15937,18334,2198,2097,2270,2291,2556,2605,2397
52101,"Furuichi, Emily L.",non-elite,1601,3331,5325,7601,10039,13025,15719,18374,1730,1994,2276,2438,2986,2694,2655
52102,"Weil, Leon",non-elite,1868,3902,5955,8115,10217,12954,15790,18306,2034,2053,2160,2102,2737,2836,2516
52103,"Neuhardt, Bernd",non-elite,2012,4170,6372,8573,10898,13313,15784,18300,2158,2202,2201,2325,2415,2471,2516
52104,"Dillinger, Kathrin",non-elite,2012,4170,6348,8572,10898,13313,15784,18293,2158,2178,2224,2326,2415,2471,2509
52105,"Buch, Arne",non-elite,1818,3691,5602,7543,9528,12975,15785,18301,1873,1911,1941,1985,3447,2810,2516
52106,"Benchekroun, Nabil",non-elite,2042,4173,6694,8892,11454,13945,16342,18513,2131,2521,2198,2562,2491,2397,2171
52107,"Blencowe, Michael",non-elite,1645,3427,5446,7540,9694,12125,14736,17979,1782,2019,2094,2154,2431,2611,3243
52108,"Pino, Jennifer",non-elite,2122,4322,6556,8807,10985,13305,15865,18425,2200,2234,2251,2178,2320,2560,2560
52109,"Turenne, Laurie",non-elite,1978,3991,6077,8351,10768,13217,15761,18263,2013,2086,2274,2417,2449,2544,2502
52110,"Planera, Julie C.",non-elite,2058,4080,6216,8450,10852,13191,15783,18320,2022,2136,2234,2402,2339,2592,2537
52111,"Lussier, Amy",non-elite,2047,4247,6449,8715,10955,13453,15933,18310,2200,2202,2266,2240,2498,2480,2377
52112,"Du, Mingrui",non-elite,1873,3912,6034,8328,10910,13364,15880,18308,2039,2122,2294,2582,2454,2516,2428
52113,"Brown, Dale",non-elite,1770,3647,5801,8003,10352,12897,15511,18227,1877,2154,2202,2349,2545,2614,2716
52114,"Crane, Marshall",non-elite,1992,3972,5971,8142,10663,13204,15782,18262,1980,1999,2171,2521,2541,2578,2480
52115,"Cryer, Steve",non-elite,1668,3503,5315,7344,9449,12149,14957,17974,1835,1812,2029,2105,2700,2808,3017
52116,"Josephs, Mark",non-elite,1809,3741,5885,8140,10528,13121,15746,18256,1932,2144,2255,2388,2593,2625,2510
52117,"Boxter, Lori",non-elite,2165,4440,6721,9133,11514,13847,16234,18421,2275,2281,2412,2381,2333,2387,2187
52118,"Pinsonneault, Michelle T.",non-elite,1992,4116,6336,8884,11343,13852,16240,18426,2124,2220,2548,2459,2509,2388,2186
52119,"DiMucci, Joe E.",non-elite,1691,3413,5317,7498,9946,12426,15241,18036,1722,1904,2181,2448,2480,2815,2795
52120,"Karimi, Caroline",non-elite,1858,3901,6001,8181,10410,12932,15635,18352,2043,2100,2180,2229,2522,2703,2717
52121,"Otto, David",non-elite,1737,3874,6243,8462,10797,13226,15854,18339,2137,2369,2219,2335,2429,2628,2485
52122,"Masiello, Frank J. Jr.",non-elite,2004,4136,6434,8771,11196,13697,16151,18366,2132,2298,2337,2425,2501,2454,2215
52123,"Zawislak, Karen",non-elite,1658,3364,5169,7179,9916,12375,16021,18405,1706,1805,2010,2737,2459,3646,2384
52124,"Dortch, Shawn",non-elite,1658,3364,5169,7179,9917,12376,16022,18405,1706,1805,2010,2738,2459,3646,2383
52125,"Warde, Kenny M.",non-elite,1921,3970,6120,8417,10906,13273,15711,18248,2049,2150,2297,2489,2367,2438,2537
52126,"McCann, Christopher T.",non-elite,2049,4034,6145,8385,11177,13697,16124,18391,1985,2111,2240,2792,2520,2427,2267
52127,"Lussier, Kathleen E.",non-elite,2174,4427,6451,8765,11211,13458,15739,18420,2253,2024,2314,2446,2247,2281,2681
52128,"Buckley, Maire",non-elite,1792,3779,5702,7796,10038,12597,15600,18281,1987,1923,2094,2242,2559,3003,2681
52129,"Kaliannan, Kanakaraju",non-elite,2017,4125,6243,8404,10759,13272,15887,18376,2108,2118,2161,2355,2513,2615,2489
52130,"Bancroft, Mark J.",non-elite,1963,4054,6129,8411,10769,13307,15763,18218,2091,2075,2282,2358,2538,2456,2455
52131,"Camille, James",non-elite,1724,3727,5931,8255,10746,13341,15872,18368,2003,2204,2324,2491,2595,2531,2496
52132,"Radakovitz, Dilyn R.",non-elite,1817,3848,6016,8400,11242,13676,16257,18427,2031,2168,2384,2842,2434,2581,2170
52133,"Wheeler, Gordon",non-elite,2030,4104,6213,8590,10801,13297,15852,18342,2074,2109,2377,2211,2496,2555,2490
52134,"Dever, Lauren J.",non-elite,2083,4222,6377,8541,10817,13489,16110,18545,2139,2155,2164,2276,2672,2621,2435
52135,"Laedke, Paul J.",non-elite,1852,3715,5650,7656,10203,13036,15899,18342,1863,1935,2006,2547,2833,2863,2443
52136,"Bird, Dale",non-elite,1445,2926,4462,6400,8568,11512,14778,18239,1481,1536,1938,2168,2944,3266,3461
52137,"Park, Kyoungmi",non-elite,2025,4157,6372,8627,10983,13581,16098,18302,2132,2215,2255,2356,2598,2517,2204
52138,"Quinlan, Nicole",non-elite,2240,4590,6884,9147,11426,13734,16076,18401,2350,2294,2263,2279,2308,2342,2325
52139,"Page, Debbie",non-elite,2112,4273,6519,8811,11139,13541,16076,18427,2161,2246,2292,2328,2402,2535,2351
52140,"Berzok, Caitlin",non-elite,1958,4068,6209,8547,10999,13762,16297,18461,2110,2141,2338,2452,2763,2535,2164
52141,"Christopher, Michael P.",non-elite,2031,4023,6062,8200,10478,13022,15878,18388,1992,2039,2138,2278,2544,2856,2510
52142,"Pettersen, Kjell",non-elite,1764,3634,5581,7666,9899,12597,15290,18037,1870,1947,2085,2233,2698,2693,2747
52143,"Rollinson, Denise C.",non-elite,2022,4175,6341,8609,10895,13400,15996,18507,2153,2166,2268,2286,2505,2596,2511
52144,"Rork, Matthew J.",non-elite,1762,3946,6133,8420,10698,13217,15780,18325,2184,2187,2287,2278,2519,2563,2545
52145,"Mahoney, Matthew E.",non-elite,1642,3305,5006,6817,9016,12015,15313,18183,1663,1701,1811,2199,2999,3298,2870
52146,"Mack, Stephanie A.",non-elite,1868,3952,6153,8444,10988,13519,15887,18361,2084,2201,2291,2544,2531,2368,2474
52147,"Diangelis, Paul",non-elite,1942,4032,6079,8262,10442,13125,15855,18361,2090,2047,2183,2180,2683,2730,2506
52148,"Janulewicz, Alane G.",non-elite,1989,4079,6330,8664,10993,13469,15999,18448,2090,2251,2334,2329,2476,2530,2449
52149,"Colburn, Rachel",non-elite,1909,3981,6236,8558,10963,13442,16038,18434,2072,2255,2322,2405,2479,2596,2396
52150,"Zipper, Nathan M.",non-elite,2002,4013,6055,8088,10393,12948,15620,18294,2011,2042,2033,2305,2555,2672,2674
52151,"Merredew, Lydia",non-elite,1869,3997,6306,8851,11288,13729,16110,18451,2128,2309,2545,2437,2441,2381,2341
52152,"Roy, Daniel",non-elite,2014,4079,6177,8349,10631,13077,15819,18408,2065,2098,2172,2282,2446,2742,2589
52153,"Paliouras, Basilici Bessie",non-elite,2193,4365,6607,8855,11142,13645,16298,18491,2172,2242,2248,2287,2503,2653,2193
52154,"Gretzky, Kayla R.",non-elite,1995,4063,6184,8486,10832,13178,15747,18404,2068,2121,2302,2346,2346,2569,2657
52155,"Leal, Telio M. Sr.",non-elite,1886,3907,6008,8228,10541,13431,15966,18489,2021,2101,2220,2313,2890,2535,2523
52156,"Dansinger, Michael",non-elite,2105,4246,6377,8657,10900,13246,15712,18275,2141,2131,2280,2243,2346,2466,2563
52157,"Ding, Yan",non-elite,2048,4158,6639,8894,11132,13549,16111,18463,2110,2481,2255,2238,2417,2562,2352
52158,"Olson, Allison B.",non-elite,2043,4168,6431,8783,11206,13609,16193,18475,2125,2263,2352,2423,2403,2584,2282
52159,"Boyle, Michelle H.",non-elite,2028,4255,6389,8583,10888,13252,15728,18285,2227,2134,2194,2305,2364,2476,2557
52160,"Dang, Thuy N.",non-elite,2041,4145,6346,8647,11009,13412,16125,18441,2104,2201,2301,2362,2403,2713,2316
52161,"Summers, Tina A.",non-elite,2168,4420,6550,8789,11117,13512,15993,18313,2252,2130,2239,2328,2395,2481,2320
52162,"Ernsberger, William D II",non-elite,1692,3432,4978,6610,9443,12209,15134,18157,1740,1546,1632,2833,2766,2925,3023
52163,"Richard, Megan",non-elite,1953,3876,5745,7687,9773,12235,14977,18185,1923,1869,1942,2086,2462,2742,3208
52164,"Gianotti, Julie",non-elite,2098,4242,6420,8657,10935,13383,15896,18408,2144,2178,2237,2278,2448,2513,2512
52165,"Alcorn, Eric A.",non-elite,1337,2710,4513,6528,9392,12242,15175,18119,1373,1803,2015,2864,2850,2933,2944
52166,"Brown, Stephenie",non-elite,2106,4234,6360,8576,10865,13433,16093,18259,2128,2126,2216,2289,2568,2660,2166
52167,"Lee, Michele",non-elite,1822,3571,5372,7415,11170,13545,16201,18505,1749,1801,2043,3755,2375,2656,2304
52168,"Afonso, Enrique",non-elite,1367,2853,4589,6659,9449,12320,15360,18491,1486,1736,2070,2790,2871,3040,3131
52169,"Wise, Ronald S.",non-elite,1859,3701,5773,7926,10510,13067,16012,18414,1842,2072,2153,2584,2557,2945,2402
52170,"Colella, Jeffrey R.",non-elite,1847,3688,5592,7746,10095,13117,15936,18455,1841,1904,2154,2349,3022,2819,2519
52171,"White, Courtney",non-elite,1970,4050,6210,8467,10781,13270,15910,18426,2080,2160,2257,2314,2489,2640,2516
52172,"Yamamoto, Hajime",non-elite,1976,4043,6166,8556,11166,13582,16265,18456,2067,2123,2390,2610,2416,2683,2191
52173,"Hughes, Emily G.",non-elite,2057,4233,6406,8826,11093,13533,16119,18447,2176,2173,2420,2267,2440,2586,2328
52174,"Tiozzo, Angelo",non-elite,2083,4356,6713,9033,11331,13730,16115,18454,2273,2357,2320,2298,2399,2385,2339
52175,"Jishi, Reem",non-elite,1535,3071,4674,6329,8285,14720,16697,18632,1536,1603,1655,1956,6435,1977,1935
52176,"Bauer, Edda Hanna",non-elite,1977,4156,6361,8703,11026,13480,15940,18383,2179,2205,2342,2323,2454,2460,2443
52177,"Carpenter, Kenneth R",non-elite,1721,3739,5805,8056,10348,12983,15697,18345,2018,2066,2251,2292,2635,2714,2648
52178,"Olin Wright, Heather",non-elite,1735,3684,5794,7977,10586,13064,15694,18360,1949,2110,2183,2609,2478,2630,2666
52179,"Li, Jennifer J.",non-elite,1859,3759,6002,8700,11312,13669,16022,18537,1900,2243,2698,2612,2357,2353,2515
52180,"Stone, Lee M.",non-elite,1601,3223,4848,6574,8754,11443,14894,18110,1622,1625,1726,2180,2689,3451,3216
52181,"Blackert, Sarah K",non-elite,1797,3711,5796,7951,11128,14377,16551,18586,1914,2085,2155,3177,3249,2174,2035
52182,"Sullivan, Jacqueline C.",non-elite,2107,4336,6632,8943,11250,13619,16066,18467,2229,2296,2311,2307,2369,2447,2401
52183,"Loden, Joshua",non-elite,2007,3914,5998,8277,10662,13357,15986,18457,1907,2084,2279,2385,2695,2629,2471
52184,"Yepez, Luis E.",non-elite,2110,4191,6260,8336,10549,12925,15744,18379,2081,2069,2076,2213,2376,2819,2635
52185,"Andrade, Jeff C.",non-elite,1944,3924,6081,8328,10753,13299,16000,18502,1980,2157,2247,2425,2546,2701,2502
52186,"Hines, Paul K.",non-elite,1849,3777,5854,8033,10351,12723,15225,18198,1928,2077,2179,2318,2372,2502,2973
52187,"Gassen, Peter",non-elite,2033,4201,6393,8638,10968,13404,15933,18362,2168,2192,2245,2330,2436,2529,2429
52188,"Gatz, Elizabeth",non-elite,2013,4265,6489,8735,10938,13521,15960,18360,2252,2224,2246,2203,2583,2439,2400
52189,"Cuddy, James",non-elite,1844,3694,5944,7889,10512,13110,15870,18364,1850,2250,1945,2623,2598,2760,2494
52190,"Mitsui, Hiroshi",non-elite,1906,3744,5627,7607,9895,12851,15611,18430,1838,1883,1980,2288,2956,2760,2819
52191,"Medellin Perez, Jose Luis",non-elite,2023,4147,6339,8615,10939,13442,16035,18439,2124,2192,2276,2324,2503,2593,2404
52192,"Heintzelman, Lori",non-elite,2007,4051,6130,8310,10786,13368,16024,18566,2044,2079,2180,2476,2582,2656,2542
52193,"Panock, Craig N.",non-elite,2086,4197,6338,8601,10830,13230,15749,18415,2111,2141,2263,2229,2400,2519,2666
52194,"Bailey, Charlie",non-elite,1990,4024,6196,8526,10929,13390,15921,18428,2034,2172,2330,2403,2461,2531,2507
52195,"Switzer, Kathryn A.",non-elite,2048,4177,6415,8679,10936,13455,15935,18405,2129,2238,2264,2257,2519,2480,2470
52196,"Shanahan, Alec",non-elite,2049,4177,6415,8679,10936,13454,15934,18405,2128,2238,2264,2257,2518,2480,2471
52197,"Hofstetter, Michael N.",non-elite,2147,4075,6086,8135,10412,12885,15593,18290,1928,2011,2049,2277,2473,2708,2697
52198,"Palizzolo, Michael J.",non-elite,2070,4137,6245,8288,10988,13299,15688,18415,2067,2108,2043,2700,2311,2389,2727
52199,"Lagergren, Kelly A.",non-elite,2003,4125,6294,8642,10986,13473,16055,18460,2122,2169,2348,2344,2487,2582,2405
52200,"Markow, Daniel",non-elite,1591,3306,5161,7278,10486,13505,15961,18277,1715,1855,2117,3208,3019,2456,2316
52201,"Chiu, Rosa I.",non-elite,1916,3955,6166,8298,10610,13109,15920,18430,2039,2211,2132,2312,2499,2811,2510
52202,"O'Horo, Susan",non-elite,2066,4257,6342,8594,10852,13227,15930,18435,2191,2085,2252,2258,2375,2703,2505
52203,"Ackerman, Emily C.",non-elite,1971,4061,6145,8521,10912,13849,16265,18499,2090,2084,2376,2391,2937,2416,2234
52204,"Menovich, Michael J.",non-elite,1737,3684,5730,8118,10398,12710,15268,18059,1947,2046,2388,2280,2312,2558,2791
52205,"Pascua, Luigi",non-elite,2048,4121,6115,8327,10713,13241,15747,18435,2073,1994,2212,2386,2528,2506,2688
52206,"Montano, Mario F",non-elite,1685,3509,5483,7555,10057,12892,15804,18457,1824,1974,2072,2502,2835,2912,2653
52207,"Gross, Walton",non-elite,1832,4018,6094,8330,10860,13303,15787,18370,2186,2076,2236,2530,2443,2484,2583
52208,"Kofoed, Per",non-elite,2026,4019,5947,8156,10536,13056,15837,18409,1993,1928,2209,2380,2520,2781,2572
52209,"Defiglio, Maria",non-elite,2000,4147,6389,8675,11053,13467,16018,18446,2147,2242,2286,2378,2414,2551,2428
52210,"Economides, Kyriakos D.",non-elite,1919,3902,6012,8182,10801,13437,16029,18454,1983,2110,2170,2619,2636,2592,2425
52211,"Maccomascaigh, Mick",non-elite,1883,3844,5900,8160,10598,13362,15935,18486,1961,2056,2260,2438,2764,2573,2551
52212,"Fogel, Linda R.",non-elite,1802,3726,5696,7821,10193,12727,15537,18363,1924,1970,2125,2372,2534,2810,2826
52213,"Doherty, Elizabeth M.",non-elite,2144,4315,6486,8724,11008,13365,15906,18491,2171,2171,2238,2284,2357,2541,2585
52214,"Nolan, Amanda E.",non-elite,1930,3883,5893,8069,10618,13409,16134,18519,1953,2010,2176,2549,2791,2725,2385
52215,"Gotham, Stephen E. Jr.",non-elite,1782,3602,5721,7990,10329,13099,15767,18393,1820,2119,2269,2339,2770,2668,2626
52216,"Langston, Charles D.",non-elite,1851,3773,5742,7859,10233,12948,15719,18372,1922,1969,2117,2374,2715,2771,2653
52217,"Doherty, Elizabeth",non-elite,1909,4030,6122,8217,10578,13045,15796,18476,2121,2092,2095,2361,2467,2751,2680
52218,"Andruzzi, Jennifer R.",non-elite,2812,5096,7249,9424,11633,13992,16360,18558,2284,2153,2175,2209,2359,2368,2198
52219,"Rotherham, Suzanne",non-elite,2375,4724,6954,9339,11668,14234,16475,18634,2349,2230,2385,2329,2566,2241,2159
52220,"Maguire, Amy E.",non-elite,2118,4222,6409,8549,10758,13255,15887,18539,2104,2187,2140,2209,2497,2632,2652
52221,"Davis, Herschel",non-elite,2053,4247,6058,8097,10599,12860,15776,18314,2194,1811,2039,2502,2261,2916,2538
52222,"Maher, Jeffrey G.",non-elite,2075,4246,6058,8097,10598,12859,15776,18340,2171,1812,2039,2501,2261,2917,2564
52223,"Doherty Kurtz, Kathryn",non-elite,2168,4374,6710,8993,11326,13794,16263,18633,2206,2336,2283,2333,2468,2469,2370
52224,"Martin, Stephanie L.",non-elite,2168,4374,6711,8993,11327,13795,16263,18633,2206,2337,2282,2334,2468,2468,2370
52225,"O'Gara, Susie",non-elite,2212,4473,6829,9117,11403,13811,16269,18613,2261,2356,2288,2286,2408,2458,2344
52226,"Way, Adam C.",non-elite,1805,3709,5679,7760,10001,12668,15757,18414,1904,1970,2081,2241,2667,3089,2657
52227,"Butler, Christopher M.",non-elite,1936,3961,6025,8166,10589,13110,15888,18551,2025,2064,2141,2423,2521,2778,2663
52228,"Lee, Sun Ja",non-elite,2103,4186,7018,9304,11502,13795,16246,18583,2083,2832,2286,2198,2293,2451,2337
52229,"Studer, Andreas",non-elite,2042,4155,6261,8432,10672,13173,15761,18440,2113,2106,2171,2240,2501,2588,2679
52230,"O'Neil, Shannon M.",non-elite,2083,4206,6498,8866,11315,13701,16194,18604,2123,2292,2368,2449,2386,2493,2410
52231,"Foster, Sonia A.",non-elite,1667,3564,5655,7699,9997,13942,16233,18508,1897,2091,2044,2298,3945,2291,2275
52232,"Blasczyk, Robert J.",non-elite,2221,4434,6766,9287,11592,14029,16455,18631,2213,2332,2521,2305,2437,2426,2176
52233,"Stanton, Roger C.",non-elite,1745,3474,5293,7280,9593,12359,15154,18252,1729,1819,1987,2313,2766,2795,3098
52234,"Joyce, Kathleen M.",non-elite,2021,4146,6362,8700,11063,13498,16031,18575,2125,2216,2338,2363,2435,2533,2544
52235,"Daly, Barbara",non-elite,2064,4311,6559,8934,11184,13570,16059,18413,2247,2248,2375,2250,2386,2489,2354
52236,"LaConte, Melinda M.",non-elite,1922,4006,6188,8486,10784,13269,16013,18533,2084,2182,2298,2298,2485,2744,2520
52237,"Hartwell, Leah J.",non-elite,1972,4086,6096,8408,10943,13577,16341,18575,2114,2010,2312,2535,2634,2764,2234
52238,"Williams, Les",non-elite,1956,3969,6026,8192,10465,12988,16044,18644,2013,2057,2166,2273,2523,3056,2600
52239,"Rovetta Arici, Maria Paola",non-elite,1883,3932,6036,8299,10870,13492,16138,18581,2049,2104,2263,2571,2622,2646,2443
52240,"Butler, Andrew H.",non-elite,1956,3982,6291,8823,11745,14205,16535,18726,2026,2309,2532,2922,2460,2330,2191
52241,"Pontrelli, Marlene A.",non-elite,1974,4112,6309,8506,10734,13351,15822,18424,2138,2197,2197,2228,2617,2471,2602
52242,"Ripley, Stephanie",non-elite,2130,4381,6751,9065,11559,14039,16419,18702,2251,2370,2314,2494,2480,2380,2283
52243,"Dimarino, Eileen M.",non-elite,1986,4107,6328,8495,11138,13590,16106,18582,2121,2221,2167,2643,2452,2516,2476
52244,"Greenhalgh, Paul M.",non-elite,1706,3513,5403,7462,9835,12505,15343,18191,1807,1890,2059,2373,2670,2838,2848
52245,"Walker, Liz",non-elite,2011,4153,6300,8585,10949,13762,16253,18578,2142,2147,2285,2364,2813,2491,2325
52247,"Duchesney, John B.",non-elite,1981,4020,5994,8074,10214,12848,15644,18474,2039,1974,2080,2140,2634,2796,2830
52248,"Chamberlain, Kira H.",non-elite,2097,4311,6546,8800,11098,13564,16040,18518,2214,2235,2254,2298,2466,2476,2478
52249,"Roman, Karl-Heinz",non-elite,1991,4062,6253,8415,10669,13239,15791,18485,2071,2191,2162,2254,2570,2552,2694
52250,"Matton, Amelia C.",non-elite,2182,4408,6597,8893,11152,13691,16250,18665,2226,2189,2296,2259,2539,2559,2415
52251,"Booeshaghi, Heidy",non-elite,2149,4407,6717,9057,11550,13974,16366,18631,2258,2310,2340,2493,2424,2392,2265
52252,"Coppenrath, Leonard G.",non-elite,2277,4608,6894,9213,11551,13930,16330,18611,2331,2286,2319,2338,2379,2400,2281
52253,"Stata, Nicole M.",non-elite,1970,4000,6123,8278,10521,13048,15802,18463,2030,2123,2155,2243,2527,2754,2661
52254,"Horton, Kimberly P.",non-elite,1814,3707,5716,7911,10110,12636,15256,18333,1893,2009,2195,2199,2526,2620,3077
52255,"Mallios, Patricia",non-elite,2088,4204,6553,8832,11373,13734,16213,18601,2116,2349,2279,2541,2361,2479,2388
52256,"Hook, Kyle J",non-elite,1163,2404,3683,5037,14771,16131,17560,18974,1241,1279,1354,9734,1360,1429,1414
52257,"Winnie, William",non-elite,2150,4306,6491,8766,11084,13532,16070,18584,2156,2185,2275,2318,2448,2538,2514
52258,"Capshaw, Steven K.",non-elite,1774,3632,5533,7546,9721,12184,15221,18453,1858,1901,2013,2175,2463,3037,3232
52259,"Difazio, Carissa R.",non-elite,1922,4220,6450,8762,11056,13494,16193,18662,2298,2230,2312,2294,2438,2699,2469
52260,"Sun, Lu",non-elite,1883,4050,6301,8610,11177,13631,16147,18574,2167,2251,2309,2567,2454,2516,2427
52261,"Takei, Ai",non-elite,1986,4005,6037,8135,10429,12957,15792,18408,2019,2032,2098,2294,2528,2835,2616
52262,"Otoshi, Takuma",non-elite,1963,3960,6009,8142,10366,12957,15792,18407,1997,2049,2133,2224,2591,2835,2615
52263,"Doyle, Stephanie",non-elite,2033,4485,6737,9049,11453,13695,16282,18737,2452,2252,2312,2404,2242,2587,2455
52264,"Collins, Carolyn",non-elite,1889,3954,6097,8437,10943,13421,16169,18604,2065,2143,2340,2506,2478,2748,2435
52265,"Allen, Gary",non-elite,1770,3618,5588,7795,10227,12943,15702,18435,1848,1970,2207,2432,2716,2759,2733
52266,"Heintzelman, Timothy D.",non-elite,2008,4051,6130,8309,10786,13367,16037,18570,2043,2079,2179,2477,2581,2670,2533
52267,"Sullivan, Shannon",non-elite,2168,4644,7013,9565,11947,14371,16635,18697,2476,2369,2552,2382,2424,2264,2062
52268,"Desimone, Pete M.",non-elite,1957,3932,6146,8399,10688,13393,16091,18550,1975,2214,2253,2289,2705,2698,2459
52269,"Sylvester, Kelly",non-elite,2053,4130,6412,8894,11332,13641,16293,18653,2077,2282,2482,2438,2309,2652,2360
52270,"Leclerc, Alexa",non-elite,1963,3990,6204,8496,10962,13627,16424,18676,2027,2214,2292,2466,2665,2797,2252
52271,"Kitchen, Mary K",non-elite,1665,3513,5398,7644,9665,11946,14789,18513,1848,1885,2246,2021,2281,2843,3724
52272,"London, Wendy B.",non-elite,2031,4073,6114,8175,10569,13057,15923,18586,2042,2041,2061,2394,2488,2866,2663
52273,"Hamada, Pamela M.",non-elite,2087,4222,6367,8620,10979,13517,16215,18563,2135,2145,2253,2359,2538,2698,2348
52274,"Wirtanen, Robert R.",non-elite,2083,4188,6443,8833,11236,13769,16305,18623,2105,2255,2390,2403,2533,2536,2318
52275,"Cusack, Thomas F. Jr.",non-elite,1922,3937,6239,8463,10798,13312,15941,18520,2015,2302,2224,2335,2514,2629,2579
52276,"Dudley, Lisa A",non-elite,1742,3499,5202,6963,9440,11772,16253,18663,1757,1703,1761,2477,2332,4481,2410
52277,"Berberian, Diane M.",non-elite,1952,4150,6258,8705,11057,13689,16242,18593,2198,2108,2447,2352,2632,2553,2351
52278,"Whittaker, Molly L.",non-elite,1952,4151,6258,8705,11057,13689,16242,18592,2199,2107,2447,2352,2632,2553,2350
52279,"Lavin-Williams, Nicole",non-elite,2083,4320,6602,8808,11233,13703,16304,18561,2237,2282,2206,2425,2470,2601,2257
52280,"Pinkow, Griffin G.",non-elite,1877,3739,5573,7555,9963,13217,16158,18518,1862,1834,1982,2408,3254,2941,2360
52281,"Gerhart, Lance",non-elite,1932,3907,5825,7845,10233,12667,15724,18610,1975,1918,2020,2388,2434,3057,2886
52282,"Starr, Nick",non-elite,2052,4214,6432,8654,10965,13484,16249,18764,2162,2218,2222,2311,2519,2765,2515
52283,"Maczynski, Jerzy Sr.",non-elite,1945,3873,5816,7890,10119,12674,15534,18384,1928,1943,2074,2229,2555,2860,2850
52284,"Rodgers, Eric",non-elite,1829,3691,5840,8206,10605,13357,16097,18642,1862,2149,2366,2399,2752,2740,2545
52285,"Alperin, Daniel S.",non-elite,2226,4504,6750,9001,11250,13640,16090,18603,2278,2246,2251,2249,2390,2450,2513
52286,"Carten, Ellie",non-elite,1914,3815,5917,8141,10593,13384,16331,18744,1901,2102,2224,2452,2791,2947,2413
52287,"Edens, Dawn M.",non-elite,2052,4202,6424,8723,11068,13457,16091,18554,2150,2222,2299,2345,2389,2634,2463
52288,"Goskie, Jeanne",non-elite,2051,4202,6422,8726,11068,13457,16081,18549,2151,2220,2304,2342,2389,2624,2468
52289,"Gaspar, Tascha L.",non-elite,2063,4054,6023,8126,10452,13191,16075,18716,1991,1969,2103,2326,2739,2884,2641
52290,"Carroll, Brian K.",non-elite,2000,4036,6084,8343,10745,13393,16088,18590,2036,2048,2259,2402,2648,2695,2502
52291,"Cassidy, Edward",non-elite,1999,4036,6085,8343,10745,13393,16088,18591,2037,2049,2258,2402,2648,2695,2503
52292,"Kallmerten, Amy E.",non-elite,1942,4023,6174,8631,10978,13531,16106,18634,2081,2151,2457,2347,2553,2575,2528
52293,"Evans, Gina M.",non-elite,1941,3972,6197,8679,11155,13636,16181,18649,2031,2225,2482,2476,2481,2545,2468
52294,"Vakil, Araeyus H.",non-elite,1949,3966,6064,8317,10783,13403,16236,18586,2017,2098,2253,2466,2620,2833,2350
52295,"McDougall, Christopher",non-elite,1832,3717,5663,7819,9973,12213,15135,18731,1885,1946,2156,2154,2240,2922,3596
52296,"Duval, Christine",non-elite,2095,4264,6503,8819,11333,13845,16241,18590,2169,2239,2316,2514,2512,2396,2349
52297,"Cowell, Jack",non-elite,1753,3538,5352,7331,9636,12605,15802,18527,1785,1814,1979,2305,2969,3197,2725
52298,"Germann, Lesley",non-elite,1989,4097,6301,8745,11163,13752,16326,18675,2108,2204,2444,2418,2589,2574,2349
52299,"McGough, Annie C.",non-elite,2125,4385,6759,9231,11545,13855,16479,18760,2260,2374,2472,2314,2310,2624,2281
52300,"Larson, Vicky J.",non-elite,1839,3725,5785,8165,10756,13448,16321,18710,1886,2060,2380,2591,2692,2873,2389
52301,"Van Buren, Roy F.",non-elite,2177,4357,6739,9069,11455,13860,16347,18679,2180,2382,2330,2386,2405,2487,2332
52302,"Miller, Jamie",non-elite,2115,4343,6895,9126,11609,14122,16748,18812,2228,2552,2231,2483,2513,2626,2064
52303,"Herman, Craig F.",non-elite,2007,4151,6265,8579,10982,13404,15987,18524,2144,2114,2314,2403,2422,2583,2537
52304,"Martin, Brian L.",non-elite,2101,4174,6321,8501,10823,13420,16076,18622,2073,2147,2180,2322,2597,2656,2546
52305,"Murray, Michael",non-elite,1972,3973,5961,8083,10319,13140,15904,18558,2001,1988,2122,2236,2821,2764,2654
52306,"Hunt, Courtney A.",non-elite,1935,3937,6000,8158,10367,12827,15598,18524,2002,2063,2158,2209,2460,2771,2926
52307,"Verderber, Paula",non-elite,2038,4116,6170,8333,10649,13292,15919,18657,2078,2054,2163,2316,2643,2627,2738
52308,"Cuellar, Erin K.",non-elite,1892,3922,6017,8376,10758,13291,15848,18535,2030,2095,2359,2382,2533,2557,2687
52309,"Levine, Jackie H.",non-elite,1958,3974,6132,8378,10754,13315,15950,18682,2016,2158,2246,2376,2561,2635,2732
52310,"Artiga, Margarita E.",non-elite,2193,4365,6608,8855,11141,13645,16306,18706,2172,2243,2247,2286,2504,2661,2400
52311,"Kukauskas, Sean M.",non-elite,1956,3927,5916,7934,10083,12867,15756,18589,1971,1989,2018,2149,2784,2889,2833
52312,"Kowalchek, Katherine B.",non-elite,1719,3568,5564,7657,10003,12675,15949,18756,1849,1996,2093,2346,2672,3274,2807
52313,"Skutt, Kristine M.",non-elite,2147,4337,6618,9033,11399,13863,16324,18724,2190,2281,2415,2366,2464,2461,2400
52314,"Fillipps, Matthew J",non-elite,1609,3824,6134,8883,11188,13478,16193,18638,2215,2310,2749,2305,2290,2715,2445
52315,"Lindsey, Laurie A.",non-elite,2006,4393,6854,9269,11709,14115,16536,18791,2387,2461,2415,2440,2406,2421,2255
52316,"Serafyn, Jennifer A.",non-elite,1990,4152,6486,8764,11066,13546,16099,18629,2162,2334,2278,2302,2480,2553,2530
52317,"Payerle, Don E.",non-elite,1718,3732,6522,8994,11352,13959,16436,18717,2014,2790,2472,2358,2607,2477,2281
52318,"Mitchell, Edward R.",non-elite,1970,4059,6219,8500,10825,13454,16100,18644,2089,2160,2281,2325,2629,2646,2544
52319,"Tauber, Eva",non-elite,2015,4155,6385,8834,11223,13670,16228,18674,2140,2230,2449,2389,2447,2558,2446
52320,"Petr, Jiri",non-elite,1995,4098,6227,8489,10762,13306,15833,18461,2103,2129,2262,2273,2544,2527,2628
52321,"Batchelder, Sarah E.",non-elite,2007,4095,6342,8733,11281,13832,16407,18759,2088,2247,2391,2548,2551,2575,2352
52322,"Davila, Adriana",non-elite,2120,4330,6584,8904,11315,13845,16348,18775,2210,2254,2320,2411,2530,2503,2427
52323,"Hake, Diane L.",non-elite,2091,4132,6264,8388,10699,13177,15787,18493,2041,2132,2124,2311,2478,2610,2706
52324,"Radmand, Arian J.",non-elite,2091,4132,6264,8388,10699,13178,15787,18493,2041,2132,2124,2311,2479,2609,2706
52325,"Esposito, Louis V.",non-elite,2008,4150,6265,8579,10981,13463,16087,18554,2142,2115,2314,2402,2482,2624,2467
52326,"Clifford, Nickolas M.",non-elite,2080,4183,6369,8633,10975,13511,16167,18685,2103,2186,2264,2342,2536,2656,2518
52327,"Keady, Mary S.",non-elite,2036,4168,6331,8564,10833,13229,16125,18697,2132,2163,2233,2269,2396,2896,2572
52328,"Keady, Michael E.",non-elite,2036,4168,6331,8563,10833,13231,16126,18697,2132,2163,2232,2270,2398,2895,2571
52329,"Reinfeld, Timothy L.",non-elite,2352,4464,6609,8936,11098,13445,16129,18697,2112,2145,2327,2162,2347,2684,2568
52330,"Mahoney, Caitlyn",non-elite,2052,4251,6549,8877,11266,13688,16235,18701,2199,2298,2328,2389,2422,2547,2466
52331,"Raftery, Brendan P.",non-elite,1952,3884,5878,7899,10044,12632,15392,18506,1932,1994,2021,2145,2588,2760,3114
52332,"Moroney, Mary Ellen",non-elite,2130,4284,6394,8603,10952,13466,16219,18652,2154,2110,2209,2349,2514,2753,2433
52333,"Carlson, Jeanine",non-elite,2047,4424,6703,9003,11340,14039,16457,18750,2377,2279,2300,2337,2699,2418,2293
52334,"Lombardi, Adriene",non-elite,2102,4267,6482,8745,11020,14082,16538,18861,2165,2215,2263,2275,3062,2456,2323
52335,"Blanchard, Courtney E.",non-elite,1910,4033,6193,8594,11021,13568,16160,18707,2123,2160,2401,2427,2547,2592,2547
52336,"Fischer, Maryann",non-elite,2063,4137,6361,8676,11205,13673,16371,18747,2074,2224,2315,2529,2468,2698,2376
52337,"Fischer, Dale",non-elite,2064,4138,6361,8675,11205,13673,16371,18748,2074,2223,2314,2530,2468,2698,2377
52338,"Begezda, Stephen M",non-elite,1654,3495,5630,7862,10209,12846,15605,18513,1841,2135,2232,2347,2637,2759,2908
52339,"Flanagan, Aileen",non-elite,2174,4399,6525,8711,11012,13466,16041,18717,2225,2126,2186,2301,2454,2575,2676
52340,"Nakanishi, Hiroshi",non-elite,2271,4563,6803,9064,11404,13882,16386,18730,2292,2240,2261,2340,2478,2504,2344
52341,"Nie, Lifeng",non-elite,1914,3911,6034,8363,11527,14072,16577,18874,1997,2123,2329,3164,2545,2505,2297
52342,"Regan, Laura",non-elite,2031,4102,6231,8386,10717,13272,16208,18828,2071,2129,2155,2331,2555,2936,2620
52343,"Giannandrea, Sara",non-elite,1936,4098,6261,8650,11290,13980,16556,18754,2162,2163,2389,2640,2690,2576,2198
52344,"Wisnewski, Francia E.",non-elite,1996,4186,6423,8778,11134,13584,16261,18766,2190,2237,2355,2356,2450,2677,2505
52345,"Gregorcyk, Alicia A",non-elite,1751,3660,5857,8319,11875,14213,16618,18884,1909,2197,2462,3556,2338,2405,2266
52346,"Cahoon, Marcia",non-elite,3350,5231,7223,9480,11668,13995,16729,18880,1881,1992,2257,2188,2327,2734,2151
52347,"O'Hanlon, Michael",non-elite,1961,4170,6349,8603,11075,13489,16094,18697,2209,2179,2254,2472,2414,2605,2603
52348,"Doffman, Nicholas",non-elite,2063,4158,6309,8573,10978,13568,16255,18763,2095,2151,2264,2405,2590,2687,2508
52349,"Norton-Russell, Helene",non-elite,2060,4148,6714,9072,11788,14093,16471,18913,2088,2566,2358,2716,2305,2378,2442
52350,"Handt, Larry",non-elite,2145,4324,6549,8836,11155,13658,16266,18755,2179,2225,2287,2319,2503,2608,2489
52351,"Cote, Robert H. Sr.",non-elite,2064,4197,6377,8746,11083,13545,16097,18740,2133,2180,2369,2337,2462,2552,2643
52352,"Gao, Peng",non-elite,2067,4260,6455,8775,11185,13725,16203,18786,2193,2195,2320,2410,2540,2478,2583
52354,"Tobey, Scott",non-elite,1932,3845,5975,8327,10817,13590,16161,18734,1913,2130,2352,2490,2773,2571,2573
52355,"Kopka, Jose",non-elite,1835,3743,5686,7643,9640,12029,14242,18352,1908,1943,1957,1997,2389,2213,4110
52356,"Sullivan, Christopher P.",non-elite,2023,4023,6066,8296,10812,13383,16004,18723,2000,2043,2230,2516,2571,2621,2719
52357,"Anderson, Dwayne",non-elite,1802,3701,5719,7952,10508,13413,16122,18731,1899,2018,2233,2556,2905,2709,2609
52358,"O'Connor, Maura E.",non-elite,1982,4064,6163,8398,10743,13644,16160,18787,2082,2099,2235,2345,2901,2516,2627
52359,"Lux, Laura",non-elite,1933,4112,6294,8587,10993,13548,16148,18697,2179,2182,2293,2406,2555,2600,2549
52360,"Riordan, Jenn",non-elite,1898,3963,6124,8457,10807,13445,16249,18773,2065,2161,2333,2350,2638,2804,2524
52361,"Labrie, Sarah",non-elite,1866,3807,5816,7979,10452,13287,16233,18780,1941,2009,2163,2473,2835,2946,2547
52362,"Kerr, Michelle A.",non-elite,2063,4120,6186,8638,11123,13698,16284,18792,2057,2066,2452,2485,2575,2586,2508
52363,"Rhinehart, Shannon",non-elite,1922,3796,5770,8009,10423,13528,16418,18868,1874,1974,2239,2414,3105,2890,2450
52364,"Butler, Jim",non-elite,1990,3988,6135,8311,10588,13153,15976,18704,1998,2147,2176,2277,2565,2823,2728
52365,"Faiella, J P",non-elite,2156,4296,6468,8779,11204,13817,16297,18806,2140,2172,2311,2425,2613,2480,2509
52366,"Rasmussen, Emily L.",non-elite,2147,4409,6694,8929,11260,13602,16095,18670,2262,2285,2235,2331,2342,2493,2575
52367,"Rubin, Leah R.",non-elite,1872,3718,5601,7795,10653,14533,17034,19054,1846,1883,2194,2858,3880,2501,2020
52368,"Chase, Sharon A.",non-elite,1941,3996,6112,8445,11331,13971,16621,18957,2055,2116,2333,2886,2640,2650,2336
52369,"Ocasio, Denisse",non-elite,2042,4103,6200,8615,10942,13505,16241,18792,2061,2097,2415,2327,2563,2736,2551
52370,"Strong, Cynthia S.",non-elite,1895,3959,6214,8656,11151,13709,16362,18872,2064,2255,2442,2495,2558,2653,2510
52371,"Fujishiro, Ikumi",non-elite,2111,4359,6710,9058,11378,13893,16257,18767,2248,2351,2348,2320,2515,2364,2510
52372,"Council, Cordell",non-elite,1995,3806,5922,8237,10579,13253,15956,18679,1811,2116,2315,2342,2674,2703,2723
52373,"Petersson, Ann",non-elite,1929,3966,6322,8913,11359,13853,16451,18767,2037,2356,2591,2446,2494,2598,2316
52374,"Grimes, Lorri",non-elite,1952,3930,6012,8242,10522,13096,15784,18793,1978,2082,2230,2280,2574,2688,3009
52375,"Geraghty, Meaghan K.",non-elite,1901,3975,6176,8607,10942,13449,16027,18709,2074,2201,2431,2335,2507,2578,2682
52376,"Calonder, Mary Jo",non-elite,1600,3296,5056,7116,10450,13239,15961,18733,1696,1760,2060,3334,2789,2722,2772
52377,"Fiset, Jeremy J.",non-elite,2179,4372,6540,8675,10867,13120,15502,18047,2193,2168,2135,2192,2253,2382,2545
52378,"Cruysbergs, Rudy",non-elite,2151,4408,6746,9155,11573,14095,16526,18835,2257,2338,2409,2418,2522,2431,2309
52379,"Marcelis, Nadine",non-elite,2163,4355,6750,9165,11574,14095,16517,18834,2192,2395,2415,2409,2521,2422,2317
52380,"Beach, Bennett",non-elite,1814,3905,6177,8432,10771,13307,16000,18816,2091,2272,2255,2339,2536,2693,2816
52381,"Riordan, Gillian V.",non-elite,1914,3815,5942,8147,10604,13509,16342,18825,1901,2127,2205,2457,2905,2833,2483
52382,"Midden, Ryan E.",non-elite,1909,4188,6347,8737,11299,13811,16324,18954,2279,2159,2390,2562,2512,2513,2630
52383,"Cashman, Julie",non-elite,2002,4131,6283,8614,11044,13676,16381,18831,2129,2152,2331,2430,2632,2705,2450
52384,"Abdolmohammadi, Yasi",non-elite,2184,4535,6815,9108,11438,13855,16377,18932,2351,2280,2293,2330,2417,2522,2555
52385,"Peledge, Justin P.",non-elite,1971,3936,6165,8922,11519,14111,16581,18979,1965,2229,2757,2597,2592,2470,2398
52386,"Irwin, Kara G.",non-elite,1821,3675,5599,9537,11856,14105,16524,18972,1854,1924,3938,2319,2249,2419,2448
52387,"McCrave, Patrick J.",non-elite,2099,4430,6820,9151,11742,14168,16581,18979,2331,2390,2331,2591,2426,2413,2398
52388,"Zimmer, John",non-elite,1989,4079,6272,8469,10814,13615,16510,18925,2090,2193,2197,2345,2801,2895,2415
52389,"Cusolito, Peter C.",non-elite,1861,3902,5992,8167,10505,13180,16569,18888,2041,2090,2175,2338,2675,3389,2319
52390,"Ackerman, Jody",non-elite,1908,3888,5952,8313,10948,13559,16249,18846,1980,2064,2361,2635,2611,2690,2597
52391,"Brouillard, Jamie A.",non-elite,2091,4330,6646,9026,11424,13834,16373,18881,2239,2316,2380,2398,2410,2539,2508
52392,"Kikuchi, Shigeki",non-elite,2009,4197,6338,8576,10991,13730,16474,18974,2188,2141,2238,2415,2739,2744,2500
52393,"Kikuchi, Naomi",non-elite,2009,4197,6340,8577,10991,13731,16475,18974,2188,2143,2237,2414,2740,2744,2499
52394,"Myers, Haley",non-elite,1826,3633,5536,7391,10410,13093,15995,18976,1807,1903,1855,3019,2683,2902,2981
52395,"Hopwood, Elizabeth A.",non-elite,2050,4122,6251,8532,10846,13387,16196,18903,2072,2129,2281,2314,2541,2809,2707
52396,"Ugaz, Eduardo G.",non-elite,1806,3792,5897,8128,10486,13038,15992,18668,1986,2105,2231,2358,2552,2954,2676
52397,"Barton, Terra",non-elite,1912,3850,5882,8062,10643,13131,16241,18869,1938,2032,2180,2581,2488,3110,2628
52398,"Spaulding, Bailey",non-elite,2058,4119,6185,8714,11064,13687,16320,18879,2061,2066,2529,2350,2623,2633,2559
52399,"Spaulding, Abigail B.",non-elite,2058,4118,6185,8714,11064,13687,16320,18879,2060,2067,2529,2350,2623,2633,2559
52400,"Varnado, Karli A.",non-elite,1990,4157,6418,8820,11306,13874,16455,18905,2167,2261,2402,2486,2568,2581,2450
52401,"Bergin, Heather",non-elite,1852,3926,5946,8012,10245,13178,15596,17819,2074,2020,2066,2233,2933,2418,2223
52402,"Cervantesgranados, Roberto",non-elite,1865,3860,5915,8117,10755,14219,16731,19002,1995,2055,2202,2638,3464,2512,2271
52403,"Bergin, Matt D.",non-elite,1853,3925,5946,8012,10245,13208,15786,18636,2072,2021,2066,2233,2963,2578,2850
52404,"Cho, Sharon I.",non-elite,2104,4240,6371,8658,11073,13599,16139,18881,2136,2131,2287,2415,2526,2540,2742
52405,"Bourke, Lynne M.",non-elite,1902,3985,6401,8704,11048,13562,16189,18764,2083,2416,2303,2344,2514,2627,2575
52406,"Collado Torres, Francisco",non-elite,1764,3501,5271,7225,9775,12743,15678,18666,1737,1770,1954,2550,2968,2935,2988
52407,"Heskel, Christy",non-elite,2031,4285,6719,9104,11469,13909,16434,18921,2254,2434,2385,2365,2440,2525,2487
52408,"Copeland-Parker, Anthony L.",non-elite,2151,4386,6678,8971,11265,13758,16264,18853,2235,2292,2293,2294,2493,2506,2589
52409,"An, Young Min",non-elite,1899,3880,5997,8571,11304,13965,16689,19022,1981,2117,2574,2733,2661,2724,2333
52410,"Shimizu, Ayako",non-elite,1899,3881,5997,8571,11304,13965,16689,19022,1982,2116,2574,2733,2661,2724,2333
52411,"Medeiros, Teresa M.",non-elite,1883,3833,5989,8322,10943,13537,16271,18944,1950,2156,2333,2621,2594,2734,2673
52412,"McDonough, Sarah E.",non-elite,1875,3855,6066,8469,11010,13870,16479,18874,1980,2211,2403,2541,2860,2609,2395
52413,"Gold, Kimberly W.",non-elite,2075,4219,6411,8641,11095,13668,16355,18908,2144,2192,2230,2454,2573,2687,2553
52414,"Desrochers, Sylvie",non-elite,2034,4407,6871,9405,11889,14326,16761,19005,2373,2464,2534,2484,2437,2435,2244
52415,"Fieseler, Cathy",non-elite,2143,4396,6695,9058,11468,13985,16525,18955,2253,2299,2363,2410,2517,2540,2430
52416,"Swansey, Laurie A.",non-elite,2010,4084,6254,8628,11197,13690,16419,18866,2074,2170,2374,2569,2493,2729,2447
52417,"Natoli, Christine",non-elite,1965,4074,6303,8660,11086,13694,16308,18885,2109,2229,2357,2426,2608,2614,2577
52418,"Sullivan, Emily K.",non-elite,1916,3843,5847,7998,10462,13127,16116,18675,1927,2004,2151,2464,2665,2989,2559
52419,"Burt, Heather",non-elite,1994,4191,6341,8737,11080,13623,16399,18971,2197,2150,2396,2343,2543,2776,2572
52420,"Short, Philo S.",non-elite,1959,4281,6687,8997,11426,13874,16492,19068,2322,2406,2310,2429,2448,2618,2576
52421,"Dural, Melis",non-elite,2028,4167,6643,9023,11549,14295,16689,19055,2139,2476,2380,2526,2746,2394,2366
52422,"Carroll, Benjamin D.",non-elite,2098,4263,6663,9314,11942,14661,17117,19129,2165,2400,2651,2628,2719,2456,2012
52423,"Perantoni, John",non-elite,1915,3906,5971,8244,10740,13493,16378,18968,1991,2065,2273,2496,2753,2885,2590
52424,"Lavin, Joanne E.",non-elite,2288,4713,6996,9303,11647,14184,16700,19049,2425,2283,2307,2344,2537,2516,2349
52425,"McNeely, Jaclyn L.",non-elite,2047,4058,6339,8789,11586,14122,16640,19061,2011,2281,2450,2797,2536,2518,2421
52426,"Zediker, Wally R. III",non-elite,2050,4257,6486,8797,11131,13779,16386,18951,2207,2229,2311,2334,2648,2607,2565
52427,"Hoopingarner, Jenna",non-elite,2040,3991,6064,8445,10866,13583,16498,19055,1951,2073,2381,2421,2717,2915,2557
52428,"Craig, Casey R.",non-elite,1947,4011,6198,8508,10974,13484,16267,18972,2064,2187,2310,2466,2510,2783,2705
52429,"Barrs, Lindsay S.",non-elite,2155,4281,6396,8568,10871,13275,16054,18701,2126,2115,2172,2303,2404,2779,2647
52431,"Honickman, Mauri E.",non-elite,1944,3921,6569,8903,11172,13760,16513,19060,1977,2648,2334,2269,2588,2753,2547
52432,"Gladstone, Miriam",non-elite,1945,3921,6569,8903,11172,13760,16513,19060,1976,2648,2334,2269,2588,2753,2547
52433,"Guerin, Donnalee",non-elite,2133,4285,6401,8601,10960,13578,16265,18901,2152,2116,2200,2359,2618,2687,2636
52434,"Karas, Tina M.",non-elite,2132,4284,6401,8600,10959,13577,16265,18901,2152,2117,2199,2359,2618,2688,2636
52435,"Chang, David",non-elite,1915,3870,5903,8051,10428,13185,16121,18858,1955,2033,2148,2377,2757,2936,2737
52436,"Andersen, Jorgen K.",non-elite,1950,3948,6031,8215,10547,13243,16175,18974,1998,2083,2184,2332,2696,2932,2799
52437,"Eriksson, Christina",non-elite,2089,4287,6556,8965,11440,14012,16566,19014,2198,2269,2409,2475,2572,2554,2448
52438,"Cappuccio, Christiana",non-elite,2058,4106,6406,8832,11554,14198,16659,19059,2048,2300,2426,2722,2644,2461,2400
52439,"Veator, Sarah",non-elite,2208,4467,6721,9132,11508,13927,16461,19004,2259,2254,2411,2376,2419,2534,2543
52440,"Paterson, Marian J.",non-elite,2051,4237,6470,8803,11209,13798,16490,18993,2186,2233,2333,2406,2589,2692,2503
52441,"Myers, Ken",non-elite,1925,3813,5727,7721,9845,12798,15772,18769,1888,1914,1994,2124,2953,2974,2997
52442,"Frieze, Tamar S.",non-elite,2083,4222,6377,8541,10766,13205,15796,18809,2139,2155,2164,2225,2439,2591,3013
52443,"England, Kara M.",non-elite,2086,4172,6571,8896,11300,14022,16682,19204,2086,2399,2325,2404,2722,2660,2522
52444,"Benson, Peter L.",non-elite,1982,4020,5995,8074,10499,13351,16261,19011,2038,1975,2079,2425,2852,2910,2750
52445,"Baner, Laura E.",non-elite,2037,4210,6486,8809,11244,14085,16643,19087,2173,2276,2323,2435,2841,2558,2444
52446,"Foley, Robin M.",non-elite,2057,4304,6661,9003,11328,13849,16424,19026,2247,2357,2342,2325,2521,2575,2602
52447,"Hoffman, Jennifer",non-elite,2038,4210,6486,8809,11244,14086,16644,19087,2172,2276,2323,2435,2842,2558,2443
52448,"Condon, Dennis M.",non-elite,2002,3933,5923,8110,10406,13495,16403,18903,1931,1990,2187,2296,3089,2908,2500
52449,"Morales, Michael G.",non-elite,1779,3653,5565,7910,10585,13426,16138,18957,1874,1912,2345,2675,2841,2712,2819
52450,"Kennedy, Enda",non-elite,2162,4367,6597,8953,11312,13881,16507,19012,2205,2230,2356,2359,2569,2626,2505
52451,"Rosamilia, Peter",non-elite,2072,4121,6196,8461,10823,13470,16461,19032,2049,2075,2265,2362,2647,2991,2571
52452,"Hutton, Grant",non-elite,1979,4034,6196,8539,11016,13679,16446,19046,2055,2162,2343,2477,2663,2767,2600
52453,"Richmond, Lisa M.",non-elite,2086,4228,6393,8619,11270,14008,16702,19253,2142,2165,2226,2651,2738,2694,2551
52454,"Titus, Laurin",non-elite,2154,4451,6726,9054,11388,13875,16559,19055,2297,2275,2328,2334,2487,2684,2496
52455,"Jaffe, Lynn L",non-elite,2085,4238,6477,8853,11295,13921,16527,19009,2153,2239,2376,2442,2626,2606,2482
52456,"Mahoney, Linda",non-elite,1652,3318,5175,7453,9770,12359,15589,18774,1666,1857,2278,2317,2589,3230,3185
52457,"Campbell, Mitchell J.D.",non-elite,2022,4113,6156,8163,10354,12786,15736,19161,2091,2043,2007,2191,2432,2950,3425
52458,"Smith, Doug J.",non-elite,2015,4016,6025,8096,10329,12860,15756,18619,2001,2009,2071,2233,2531,2896,2863
52459,"Weston, Orson R.",non-elite,2016,4016,6025,8096,10328,12861,15757,18619,2000,2009,2071,2232,2533,2896,2862
52460,"Rechs, Randy",non-elite,2016,4016,6025,8098,10329,12861,15757,18620,2000,2009,2073,2231,2532,2896,2863
52461,"Mixer, Lynne M.",non-elite,1870,3933,6186,8465,10846,13419,16298,18934,2063,2253,2279,2381,2573,2879,2636
52462,"Tran-Adams, Van",non-elite,2193,4365,6607,8856,11142,13644,16306,18913,2172,2242,2249,2286,2502,2662,2607
52463,"Treacy, Jean T.",non-elite,1880,4089,6466,8872,11334,13947,16609,19041,2209,2377,2406,2462,2613,2662,2432
52464,"Graham, Chet",non-elite,1745,3744,6057,8442,10989,13717,16534,19164,1999,2313,2385,2547,2728,2817,2630
52465,"Yerxa, Jenny",non-elite,1947,3931,5951,8067,10375,12950,16735,19085,1984,2020,2116,2308,2575,3785,2350
52466,"Myers, Glenn P.",non-elite,1900,4020,6159,8505,10876,13836,16331,18999,2120,2139,2346,2371,2960,2495,2668
52467,"Dasilva, Marcelo",non-elite,1930,4140,6349,8661,11162,13948,16565,19034,2210,2209,2312,2501,2786,2617,2469
52468,"Carr, Wallace W",non-elite,2143,4413,6750,9163,11563,14138,16745,19096,2270,2337,2413,2400,2575,2607,2351
52469,"Carbone, Julianna M.",non-elite,2119,4392,6675,9041,11445,14032,16577,19061,2273,2283,2366,2404,2587,2545,2484
52470,"Tierney, Heather A.",non-elite,1878,4053,6285,8628,11126,13727,16386,18994,2175,2232,2343,2498,2601,2659,2608
52471,"Maxfield, Mark",non-elite,2248,4552,7000,9300,11739,14155,16611,19038,2304,2448,2300,2439,2416,2456,2427
52472,"Lofthouse, Tawnya F.",non-elite,2367,4494,6688,9001,11454,13958,16614,19067,2127,2194,2313,2453,2504,2656,2453
52473,"Hudson, Richard M.",non-elite,2166,4611,6795,8915,11169,13558,16150,18879,2445,2184,2120,2254,2389,2592,2729
52474,"Henry, Marykate",non-elite,2127,4300,6596,8938,11259,13967,17021,19262,2173,2296,2342,2321,2708,3054,2241
52475,"Chojnacki, Kimberly A",non-elite,1676,3411,5400,7530,10187,13218,16314,19029,1735,1989,2130,2657,3031,3096,2715
52476,"Gaizauskas, Ivar",non-elite,1773,3774,6117,8357,10801,13471,16252,18877,2001,2343,2240,2444,2670,2781,2625
52477,"Dimartino, Danielle",non-elite,2194,4481,6820,9158,11608,14200,16706,19132,2287,2339,2338,2450,2592,2506,2426
52478,"Medeiros, Anne",non-elite,2063,4321,6548,8995,11570,14153,16841,19137,2258,2227,2447,2575,2583,2688,2296
52479,"McLaughlin, Ryan S.",non-elite,2040,4167,6378,8689,11035,13627,16341,18951,2127,2211,2311,2346,2592,2714,2610
52480,"Hendrickson, Cherie",non-elite,1988,4082,6169,8329,10572,13152,16190,18962,2094,2087,2160,2243,2580,3038,2772
52481,"Roersma, Susan J.",non-elite,2023,4217,6555,8937,11420,13925,16535,18972,2194,2338,2382,2483,2505,2610,2437
52482,"Rippy, Jeremy",non-elite,2040,4219,6446,8813,11409,13958,16665,19134,2179,2227,2367,2596,2549,2707,2469
52483,"Day, Michelle M.",non-elite,1748,3635,5613,7776,10102,13039,16073,18987,1887,1978,2163,2326,2937,3034,2914
52484,"Ganley, Bryan S.",non-elite,1830,3812,5939,8177,10680,13321,16315,19009,1982,2127,2238,2503,2641,2994,2694
52485,"McCann, Michael K.",non-elite,1845,3797,5935,8304,10930,13779,16544,19141,1952,2138,2369,2626,2849,2765,2597
52486,"Fallon, James C.",non-elite,1905,3888,6012,8224,10617,13332,16121,18870,1983,2124,2212,2393,2715,2789,2749
52487,"Carroll, Tracey L.",non-elite,2012,4129,6359,8765,11155,13739,16324,18954,2117,2230,2406,2390,2584,2585,2630
52488,"Jeffers, Christina M.",non-elite,1838,3794,6507,8857,11204,13939,16570,19149,1956,2713,2350,2347,2735,2631,2579
52489,"Cotrone, Michael J.",non-elite,1835,3874,6158,8575,11043,13859,16600,19065,2039,2284,2417,2468,2816,2741,2465
52490,"Kelleher, Daniel",non-elite,2130,4304,6431,8793,11394,13835,16497,19104,2174,2127,2362,2601,2441,2662,2607
52491,"Mamary, Mary Catherine",non-elite,1957,4222,6493,8827,11212,13715,16443,19016,2265,2271,2334,2385,2503,2728,2573
52492,"Brennan, Derek J.",non-elite,1817,3580,5330,7228,10354,12583,14805,19054,1763,1750,1898,3126,2229,2222,4249
52493,"Gershman, Mark P.",non-elite,2083,4253,6471,8810,11253,13828,16507,19019,2170,2218,2339,2443,2575,2679,2512
52494,"Alberto, Lourdes Cisne E.",non-elite,2195,4482,6636,8861,11328,13784,16435,19017,2287,2154,2225,2467,2456,2651,2582
52495,"Conner, Steve P.",non-elite,1750,3571,5514,7679,10112,12886,15903,18863,1821,1943,2165,2433,2774,3017,2960
52496,"Mckeon, Jessica L.",non-elite,1975,4091,6324,8670,11181,13726,16527,19095,2116,2233,2346,2511,2545,2801,2568
52497,"McGarvey, Laurie K.",non-elite,2247,4437,6807,9195,11605,14317,16791,19207,2190,2370,2388,2410,2712,2474,2416
52498,"Delviscovo, Peter",non-elite,1961,4017,6199,8695,11154,13957,16533,19113,2056,2182,2496,2459,2803,2576,2580
52499,"Timmins, Maurice",non-elite,2319,4640,6983,9366,11746,14319,16912,19146,2321,2343,2383,2380,2573,2593,2234
52500,"Blalock, Richard W.",non-elite,1976,4024,6205,8448,10840,13304,15939,18907,2048,2181,2243,2392,2464,2635,2968
52501,"Thornton, Kalen B.",non-elite,1916,3896,6020,8134,10381,13089,16316,18936,1980,2124,2114,2247,2708,3227,2620
52502,"Gleeson, Fiona",non-elite,2082,4285,6655,8943,11289,13756,16373,19016,2203,2370,2288,2346,2467,2617,2643
52503,"Serrin, Mike A",non-elite,1581,3200,4977,7023,9237,11730,16809,19189,1619,1777,2046,2214,2493,5079,2380
52504,"LoPriore, Michael V.",non-elite,1977,4004,6170,8506,10871,13479,16319,18997,2027,2166,2336,2365,2608,2840,2678
52505,"Hosner, Tom",non-elite,2006,4254,6515,8896,11338,13927,16608,19087,2248,2261,2381,2442,2589,2681,2479
52506,"Lux, Paul",non-elite,2153,4417,6707,9079,11463,13967,16514,19067,2264,2290,2372,2384,2504,2547,2553
52507,"Lux, Benjamin",non-elite,2151,4418,6706,9079,11458,13968,16514,19068,2267,2288,2373,2379,2510,2546,2554
52508,"Wessmann, Sarah",non-elite,2034,4180,6464,8918,11461,13873,16565,19129,2146,2284,2454,2543,2412,2692,2564
52509,"Devita, Juliana",non-elite,2044,4262,6545,8921,11429,14257,16862,19184,2218,2283,2376,2508,2828,2605,2322
52510,"Dontcho, Danielle",non-elite,2268,4497,6760,9087,11506,14157,16720,19194,2229,2263,2327,2419,2651,2563,2474
52511,"Freeman, Haley",non-elite,2268,4497,6760,9087,11506,14157,16720,19194,2229,2263,2327,2419,2651,2563,2474
52512,"Aikins, Laurie",non-elite,2019,4149,6338,8608,10871,13293,15952,18708,2130,2189,2270,2263,2422,2659,2756
52513,"Griffiths, Michael P.",non-elite,1880,3787,5719,7725,9815,12037,16198,19155,1907,1932,2006,2090,2222,4161,2957
52514,"Kim, Mu Jo",non-elite,2137,4318,6710,9199,11624,14128,16655,19114,2181,2392,2489,2425,2504,2527,2459
52515,"McCaffrey, Meg F.",non-elite,2053,4344,6614,9110,11559,14044,16713,19102,2291,2270,2496,2449,2485,2669,2389
52516,"Maider, Alexandra",non-elite,2273,4533,6830,9116,11540,14015,16628,19118,2260,2297,2286,2424,2475,2613,2490
52517,"Lindqvist, Peder",non-elite,2087,4249,6369,8613,10892,13377,16120,18913,2162,2120,2244,2279,2485,2743,2793
52518,"Haberle, Fred J. III",non-elite,1757,3836,6169,8556,11079,13757,16541,19161,2079,2333,2387,2523,2678,2784,2620
52519,"Reuter, Thomas",non-elite,1870,3868,5812,7781,10416,13254,16104,18941,1998,1944,1969,2635,2838,2850,2837
52520,"Smith, Anna M.",non-elite,2148,4517,6885,9278,11799,14271,16848,19143,2369,2368,2393,2521,2472,2577,2295
52521,"Silvestri, Kevin T.",non-elite,1908,3767,5594,7565,9880,12835,15733,18800,1859,1827,1971,2315,2955,2898,3067
52522,"Burke, Cathy",non-elite,2299,4608,6918,9250,11566,14114,16598,19087,2309,2310,2332,2316,2548,2484,2489
52523,"Sharon, Izhar",non-elite,2154,4283,6438,8766,11194,13741,16474,19129,2129,2155,2328,2428,2547,2733,2655
52524,"Senise, Kathleen",non-elite,1953,3874,5915,8167,10758,13512,16400,19084,1921,2041,2252,2591,2754,2888,2684
52525,"Ryan, Stephanie J.",non-elite,2051,4262,6494,8884,11538,14131,16706,19124,2211,2232,2390,2654,2593,2575,2418
52526,"Hoffman, David",non-elite,2025,4349,6617,8977,11371,13923,16598,19122,2324,2268,2360,2394,2552,2675,2524
52527,"Orsino, Katherine J.",non-elite,2204,4578,6941,9223,11635,14093,16739,19187,2374,2363,2282,2412,2458,2646,2448
52528,"Winger, Kristen",non-elite,2233,4582,6982,9411,11836,14302,16817,19172,2349,2400,2429,2425,2466,2515,2355
52529,"Bellantoni, Joseph",non-elite,1993,4015,6057,8357,10782,13359,16237,18982,2022,2042,2300,2425,2577,2878,2745
52530,"Otsubo, Keiko",non-elite,2094,4207,6313,8583,10896,13594,16453,18977,2113,2106,2270,2313,2698,2859,2524
52531,"Armitage, Morgan L.",non-elite,2318,4480,6652,9033,11464,14031,16549,19196,2162,2172,2381,2431,2567,2518,2647
52532,"Mielnik, Adrienne",non-elite,1502,3035,4894,7241,10019,13017,16042,19415,1533,1859,2347,2778,2998,3025,3373
52533,"Samia, John R.",non-elite,1848,3800,5700,7687,10272,13273,16357,19132,1952,1900,1987,2585,3001,3084,2775
52534,"Goetzler, Julie",non-elite,2283,4609,6919,9250,11675,14155,16719,19225,2326,2310,2331,2425,2480,2564,2506
52535,"Lane, Richard M. Jr.",non-elite,2090,4198,6525,9020,11413,13899,16568,19170,2108,2327,2495,2393,2486,2669,2602
52536,"Ledford, Rebecca L.",non-elite,2067,4396,6693,9118,11451,14128,16663,19224,2329,2297,2425,2333,2677,2535,2561
52537,"Ruvinsky, Tanya",non-elite,2284,4610,6921,9252,11676,14156,16716,19224,2326,2311,2331,2424,2480,2560,2508
52538,"Kearney, Steve",non-elite,1786,3625,5497,7415,9380,11635,14100,16586,1839,1872,1918,1965,2255,2465,2486
52539,"Apollo-Schubert, Winnifred",non-elite,1786,3708,5739,7968,10367,13759,16801,19192,1922,2031,2229,2399,3392,3042,2391
52540,"O'Donnell, Marlene",non-elite,2139,4435,6787,8894,11381,13868,16423,19140,2296,2352,2107,2487,2487,2555,2717
52541,"Andersson, Birgitta",non-elite,1967,4212,6837,9148,11607,14187,16724,19156,2245,2625,2311,2459,2580,2537,2432
52542,"Ray, Laura M.",non-elite,2131,4250,6468,8770,11219,13801,16789,19134,2119,2218,2302,2449,2582,2988,2345
52543,"Kearney, Martha",non-elite,1984,4124,6475,8801,11120,14059,16645,19118,2140,2351,2326,2319,2939,2586,2473
52544,"Mans, Adam K",non-elite,1532,3280,5284,7392,10030,12418,15562,18862,1748,2004,2108,2638,2388,3144,3300
52545,"Najarian, Stephen",non-elite,2083,4353,6597,8828,11466,14139,16603,19208,2270,2244,2231,2638,2673,2464,2605
52546,"Sumner, Charles L.",non-elite,2083,4353,6598,8826,11466,14139,16630,19230,2270,2245,2228,2640,2673,2491,2600
52547,"Reece-Pate, Paula Miki",non-elite,1950,4222,6755,9080,11420,14007,16693,19165,2272,2533,2325,2340,2587,2686,2472
52548,"Burns, Michael E.",non-elite,1949,4222,6755,9079,11419,14006,16692,19165,2273,2533,2324,2340,2587,2686,2473
52549,"Wickstrom, Andriette Y.",non-elite,1760,3563,5462,7615,10044,13060,16187,19007,1803,1899,2153,2429,3016,3127,2820
52550,"Broudo, Maida",non-elite,2117,4387,6656,9151,11585,14122,16715,19243,2270,2269,2495,2434,2537,2593,2528
52551,"Serra, Giulio",non-elite,1986,4034,6143,8466,10961,13664,16473,19074,2048,2109,2323,2495,2703,2809,2601
52552,"Kleinau, Robert C.",non-elite,1956,3950,5919,7986,10122,12401,15103,19285,1994,1969,2067,2136,2279,2702,4182
52553,"Binkewicz, Peter J.",non-elite,1853,3805,5806,7729,9714,11915,15006,18861,1952,2001,1923,1985,2201,3091,3855
52554,"Semmes, Shawn C.",non-elite,2102,4299,6659,8974,11304,14131,16708,19292,2197,2360,2315,2330,2827,2577,2584
52555,"Martinez, Melissa",non-elite,2016,4144,6238,8436,10717,13169,16092,18885,2128,2094,2198,2281,2452,2923,2793
52556,"Sadler, Jennifer",non-elite,2164,4436,6729,8936,11365,13841,16401,19075,2272,2293,2207,2429,2476,2560,2674
52557,"Sadler, Elizabeth",non-elite,2164,4436,6730,8936,11365,13842,16399,19075,2272,2294,2206,2429,2477,2557,2676
52558,"Dodge, Jake R.",non-elite,1974,4216,6348,8585,11026,13950,16588,19211,2242,2132,2237,2441,2924,2638,2623
52559,"Kiewicz-Brooks, Jeannie D.",non-elite,2015,4299,6641,9046,11531,14077,16680,19142,2284,2342,2405,2485,2546,2603,2462
52560,"Walls, Jessica A.",non-elite,2050,4122,6260,8604,11126,13739,16403,19069,2072,2138,2344,2522,2613,2664,2666
52561,"Bowker, Beth E.",non-elite,1587,3403,5873,8714,11254,13904,16636,19224,1816,2470,2841,2540,2650,2732,2588
52562,"Cushing, Michael B.",non-elite,1996,3961,6044,8146,10653,13413,16569,19099,1965,2083,2102,2507,2760,3156,2530
52563,"Damiano, Jamie L.",non-elite,1983,3977,6030,8409,10944,13567,16405,19064,1994,2053,2379,2535,2623,2838,2659
52564,"Foley, Benjamin P.",non-elite,2052,4227,6356,8544,10947,13618,16727,19311,2175,2129,2188,2403,2671,3109,2584
52565,"Catinazzo, Bob",non-elite,1973,4089,6099,8411,10946,13570,16408,19067,2116,2010,2312,2535,2624,2838,2659
52566,"Tavares, Katherine C.",non-elite,2183,4514,6555,8738,11128,13854,16486,19183,2331,2041,2183,2390,2726,2632,2697
52567,"Duran, Jennifer",non-elite,2067,4313,6663,9053,11408,13952,16578,19144,2246,2350,2390,2355,2544,2626,2566
52568,"Sokolowski, Michael K.",non-elite,2054,4229,6357,8548,10933,13620,16487,19185,2175,2128,2191,2385,2687,2867,2698
52569,"Labreche, Hafsa",non-elite,2054,4229,6358,8550,10933,13621,16728,19314,2175,2129,2192,2383,2688,3107,2586
52570,"Edwards, Jennifer M.",non-elite,2184,4378,6608,8906,11279,13842,16498,19153,2194,2230,2298,2373,2563,2656,2655
52571,"Jordan, Andy",non-elite,1937,4126,6354,8770,11446,14124,16876,19196,2189,2228,2416,2676,2678,2752,2320
52572,"Cusimano, Tricia K.",non-elite,1938,4125,6354,8770,11446,14124,16877,19196,2187,2229,2416,2676,2678,2753,2319
52573,"Iida, Ryota",non-elite,2156,4357,6597,8984,11320,13826,16337,19114,2201,2240,2387,2336,2506,2511,2777
52574,"Iida, Futoshi",non-elite,2160,4381,6602,8984,11344,13830,16337,19112,2221,2221,2382,2360,2486,2507,2775
52575,"Bly, Mike F.",non-elite,1880,4023,6373,8857,11489,14236,16810,19243,2143,2350,2484,2632,2747,2574,2433
52576,"O'Mahony, James",non-elite,2242,4431,6656,8987,11435,14022,16541,19207,2189,2225,2331,2448,2587,2519,2666
52577,"Ulinski, Mary E.",non-elite,2006,4181,6457,8856,11247,13820,16535,19113,2175,2276,2399,2391,2573,2715,2578
52578,"Erickson, John T.",non-elite,2064,4187,6310,8540,10820,13394,16082,19160,2123,2123,2230,2280,2574,2688,3078
52579,"Pugsley, Stephen M.",non-elite,2063,4187,6311,8541,10820,13394,16082,19160,2124,2124,2230,2279,2574,2688,3078
52580,"Cassity, Sean B.",non-elite,1855,3698,5872,8398,10965,13607,16642,19153,1843,2174,2526,2567,2642,3035,2511
52581,"Collura, Sue A.",non-elite,2003,4117,6331,8686,11151,13718,16516,19180,2114,2214,2355,2465,2567,2798,2664
52582,"Espejo, Debra L.",non-elite,2075,4196,6351,8689,11106,13834,16557,19234,2121,2155,2338,2417,2728,2723,2677
52583,"Foley, Nick",non-elite,1972,4053,6279,8690,11397,14097,16723,19263,2081,2226,2411,2707,2700,2626,2540
52584,"Galvin, Loren A.",non-elite,2062,4174,6344,8634,11061,13777,16619,19218,2112,2170,2290,2427,2716,2842,2599
52585,"Clark, John T.",non-elite,2015,4189,6327,8848,11166,13753,16539,19163,2174,2138,2521,2318,2587,2786,2624
52586,"Gifford, Robert W.",non-elite,1848,4078,6038,8308,10815,13638,16585,19415,2230,1960,2270,2507,2823,2947,2830
52587,"Menghini, Terri",non-elite,2148,4395,6703,9089,11460,13965,16512,19065,2247,2308,2386,2371,2505,2547,2553
52588,"Orifice, Thomas B.",non-elite,1995,4056,6194,8275,10605,13291,16393,19223,2061,2138,2081,2330,2686,3102,2830
52589,"Lafauci, Larissa",non-elite,2036,4264,6504,8819,11333,14038,16794,19246,2228,2240,2315,2514,2705,2756,2452
52590,"Riddle, Maggie",non-elite,1937,3906,5995,8173,10516,13267,16332,19186,1969,2089,2178,2343,2751,3065,2854
52591,"Marusevich, Eve",non-elite,1952,4096,6427,8940,11591,14053,16706,19274,2144,2331,2513,2651,2462,2653,2568
52592,"Snow, Dawn P.",non-elite,1932,4053,6510,8939,11605,14148,16776,19290,2121,2457,2429,2666,2543,2628,2514
52593,"Abernathy, Deborah L.",non-elite,2062,4118,6242,8483,10716,13371,16213,19082,2056,2124,2241,2233,2655,2842,2869
52594,"Fellers, Emily D.",non-elite,2062,4118,6242,8483,10716,13371,16213,19081,2056,2124,2241,2233,2655,2842,2868
52595,"Keith, Maura L.",non-elite,2270,4524,6761,9084,11529,14265,16840,19277,2254,2237,2323,2445,2736,2575,2437
52596,"King, Alison B.",non-elite,2270,4523,6761,9084,11528,14265,16840,19277,2253,2238,2323,2444,2737,2575,2437
52597,"Jacobson, Elaine C",non-elite,1812,3964,6156,8513,10943,13690,16633,19222,2152,2192,2357,2430,2747,2943,2589
52598,"Collins, Susan",non-elite,2055,4190,6420,8790,11200,13904,16573,19160,2135,2230,2370,2410,2704,2669,2587
52599,"Chan, Katherine W.",non-elite,1823,3902,6197,8520,11014,13762,16601,19189,2079,2295,2323,2494,2748,2839,2588
52600,"Hall, Brittany F.",non-elite,2015,4277,6708,9078,11527,14072,16688,19273,2262,2431,2370,2449,2545,2616,2585
52601,"Fried, Lauren",non-elite,2025,4320,6605,9058,11733,14494,16700,19153,2295,2285,2453,2675,2761,2206,2453
52602,"Farmer, Jeffrey S.",non-elite,1950,4040,6064,8137,10416,13029,15933,19007,2090,2024,2073,2279,2613,2904,3074
52603,"Pulfrey, Christine M M.",non-elite,2019,4024,6030,8105,10952,13608,16455,19048,2005,2006,2075,2847,2656,2847,2593
52604,"Baer, Mary Emma",non-elite,2038,4528,7114,9394,11937,14452,16905,19332,2490,2586,2280,2543,2515,2453,2427
52605,"Hill, Jonathan L.",non-elite,1850,4155,6381,8665,11336,14237,17044,19375,2305,2226,2284,2671,2901,2807,2331
52606,"Keane, Danielle F.",non-elite,1855,4007,6391,8960,11694,14413,17136,19370,2152,2384,2569,2734,2719,2723,2234
52607,"Esparza, Benjamin M.",non-elite,2413,4814,7285,9450,11783,14173,16718,19313,2401,2471,2165,2333,2390,2545,2595
52608,"Greblick, Jill",non-elite,1956,3951,5919,7986,10280,12825,15917,19200,1995,1968,2067,2294,2545,3092,3283
52609,"Gundersen, Suzanne L.",non-elite,1865,3894,6083,8456,11072,13769,16561,19222,2029,2189,2373,2616,2697,2792,2661
52610,"Robitaille, Gerald",non-elite,1298,2565,3834,5152,7423,10776,14135,18287,1267,1269,1318,2271,3353,3359,4152
52611,"Winchester, Susann",non-elite,1973,4088,6175,8512,11133,13788,16587,19237,2115,2087,2337,2621,2655,2799,2650
52612,"Worrall, John",non-elite,1857,3777,5845,8038,10300,12916,16175,19206,1920,2068,2193,2262,2616,3259,3031
52613,"Silveira, Ednize",non-elite,1977,4304,6699,9335,11664,14238,16774,19281,2327,2395,2636,2329,2574,2536,2507
52614,"Mugherini, Amy K.",non-elite,2031,4286,6924,9226,11693,14206,16810,19230,2255,2638,2302,2467,2513,2604,2420
52615,"Sullivan, Erin E.",non-elite,2011,4231,6370,8976,11207,13684,16410,19298,2220,2139,2606,2231,2477,2726,2888
52616,"Lukeman, Heather L.",non-elite,2386,4633,7030,9429,11901,14368,16909,19339,2247,2397,2399,2472,2467,2541,2430
52617,"Filiere, Brenda J.",non-elite,1849,3801,6055,8346,10860,13825,16582,19248,1952,2254,2291,2514,2965,2757,2666
52618,"Nicholls Costa, Alexa",non-elite,2018,4157,6240,8753,11174,14249,16761,19236,2139,2083,2513,2421,3075,2512,2475
52619,"Rogers, Alexandra",non-elite,2018,4157,6240,8753,11174,14249,16761,19237,2139,2083,2513,2421,3075,2512,2476
52620,"Flanagan, Patricia M.",non-elite,2204,4214,6279,8565,11084,13719,16506,19183,2010,2065,2286,2519,2635,2787,2677
52621,"Kotidis, Petros",non-elite,2208,4434,6733,9034,11451,14026,16660,19263,2226,2299,2301,2417,2575,2634,2603
52622,"Feng, Yitao",non-elite,2006,4080,6370,8832,11377,14003,16682,19348,2074,2290,2462,2545,2626,2679,2666
52623,"Mannette, Toni A.",non-elite,1932,4147,6499,8823,11190,13925,16651,19283,2215,2352,2324,2367,2735,2726,2632
52624,"Markowitz, Sandy",non-elite,1968,4096,6384,9127,11645,14153,16860,19332,2128,2288,2743,2518,2508,2707,2472
52625,"Ito, Hayashi",non-elite,1985,4099,6296,8615,11028,13702,16426,19103,2114,2197,2319,2413,2674,2724,2677
52626,"Senseney, Scott R.",non-elite,2001,4101,6284,8563,11241,13927,16721,19320,2100,2183,2279,2678,2686,2794,2599
52627,"Hunsinger, Erica",non-elite,2240,4363,6617,9125,11632,14124,17055,19386,2123,2254,2508,2507,2492,2931,2331
52628,"Hunsinger, Michael J.",non-elite,2240,4363,6617,9125,11632,14124,17055,19386,2123,2254,2508,2507,2492,2931,2331
52629,"Goddard, Natasha J.",non-elite,2002,4130,6365,8605,10987,13565,16431,19195,2128,2235,2240,2382,2578,2866,2764
52630,"Curran, Charles C. III",non-elite,2050,4021,6002,8115,10421,13307,16440,19264,1971,1981,2113,2306,2886,3133,2824
52631,"Mahoney, James S.",non-elite,2050,4136,6362,8918,11452,14055,16750,19264,2086,2226,2556,2534,2603,2695,2514
52632,"Lau, Wai Kay",non-elite,1846,3685,5625,7795,10237,13247,16229,19039,1839,1940,2170,2442,3010,2982,2810
52633,"Hayakawa, Hinako",non-elite,2047,4236,6623,9133,11599,14088,16747,19334,2189,2387,2510,2466,2489,2659,2587
52634,"Godin, Melissa A.",non-elite,2107,4302,6474,8886,11426,13930,16890,19343,2195,2172,2412,2540,2504,2960,2453
52635,"Jette, Carolyn C.",non-elite,2010,4112,6310,8681,11093,13830,16650,19354,2102,2198,2371,2412,2737,2820,2704
52636,"Poole, Ken",non-elite,1793,3721,5692,8006,10575,13427,16437,19290,1928,1971,2314,2569,2852,3010,2853
52637,"Knight, Patrick J.",non-elite,2031,4286,6535,8766,11080,13602,16436,19232,2255,2249,2231,2314,2522,2834,2796
52638,"Bauman, Mark E.",non-elite,2236,4470,6878,9312,11752,14297,16876,19357,2234,2408,2434,2440,2545,2579,2481
52639,"Marsh, Joshua A.",non-elite,2052,4142,6238,8476,10951,13693,16530,19295,2090,2096,2238,2475,2742,2837,2765
52640,"Wicker, Richmond G.",non-elite,2142,4181,6257,8528,11137,13848,16589,19295,2039,2076,2271,2609,2711,2741,2706
52641,"Pacheco, Nicole M.",non-elite,1981,4257,6799,9032,11481,14123,16700,19337,2276,2542,2233,2449,2642,2577,2637
52642,"Lovgren, Carl E",non-elite,1465,3015,4721,6526,10421,13500,15901,19160,1550,1706,1805,3895,3079,2401,3259
52643,"Jollimore, Judith L.",non-elite,2011,4154,6597,8842,11682,14334,16949,19416,2143,2443,2245,2840,2652,2615,2467
52644,"Bucala, Richard",non-elite,1687,3508,5503,7893,10442,13448,16374,19224,1821,1995,2390,2549,3006,2926,2850
52645,"Nekoroski, Lisa D.",non-elite,2079,4171,6378,8663,10785,12995,15466,19175,2092,2207,2285,2122,2210,2471,3709
52646,"Nekoroski, Stephanie A.",non-elite,1996,4078,6183,8692,11345,13911,16332,19175,2082,2105,2509,2653,2566,2421,2843
52647,"Lawrence, Jennifer",non-elite,2015,4299,6574,8846,11505,14470,17035,19507,2284,2275,2272,2659,2965,2565,2472
52648,"Giorgi, Alex",non-elite,1808,3692,5638,7690,10453,13341,16386,19244,1884,1946,2052,2763,2888,3045,2858
52649,"McDonald, Jaime M.",non-elite,1937,4128,6453,8989,11515,14162,16775,19366,2191,2325,2536,2526,2647,2613,2591
52650,"Grimes, Meaghan",non-elite,2252,4154,6329,8878,11336,13894,16586,19275,1902,2175,2549,2458,2558,2692,2689
52651,"Henson, Emily E.",non-elite,1830,3747,5904,8747,11803,14087,16634,19422,1917,2157,2843,3056,2284,2547,2788
52652,"Besse, Ashley",non-elite,1847,3788,5841,7973,10661,13598,16607,19407,1941,2053,2132,2688,2937,3009,2800
52653,"Coelho, Albert",non-elite,2164,4419,6740,9071,11423,14003,16705,19313,2255,2321,2331,2352,2580,2702,2608
52654,"Showstack, Robyn",non-elite,1992,4116,6337,8885,11343,13901,16593,19282,2124,2221,2548,2458,2558,2692,2689
52655,"Kulina, Andy S.",non-elite,1982,4132,6450,9043,11658,14245,16813,19414,2150,2318,2593,2615,2587,2568,2601
52656,"Ciffolillo, Pamela",non-elite,2025,4201,6630,9060,11630,14325,16975,19469,2176,2429,2430,2570,2695,2650,2494
52657,"Walsh, Stephen H.",non-elite,2048,4142,6362,8700,11320,13822,16627,19319,2094,2220,2338,2620,2502,2805,2692
52658,"Prado, Marcelo D.",non-elite,1935,3929,6107,8560,11082,13776,16626,19353,1994,2178,2453,2522,2694,2850,2727
52659,"Ashiqueali, Sarah A.",non-elite,1910,3944,6022,8194,10606,13991,16706,19484,2034,2078,2172,2412,3385,2715,2778
52660,"Erturk-Hasdemir, Deniz",non-elite,2090,4447,6686,9167,11653,14241,16852,19304,2357,2239,2481,2486,2588,2611,2452
52661,"Mcginn, Martina B",non-elite,1915,4010,6343,8802,11376,14179,16858,19349,2095,2333,2459,2574,2803,2679,2491
52662,"Vollemans, Lee M.",non-elite,1830,3603,5958,8577,11353,14199,16813,19499,1773,2355,2619,2776,2846,2614,2686
52663,"Ortiz, Jane C.",non-elite,2102,4509,6850,9270,11682,14281,16917,19389,2407,2341,2420,2412,2599,2636,2472
52665,"Aliberti, Gianna M.",non-elite,2131,4294,6548,8895,11616,14092,17059,19532,2163,2254,2347,2721,2476,2967,2473
52666,"Picarde, Katherine",non-elite,2131,4294,6548,8895,11616,14092,17059,19532,2163,2254,2347,2721,2476,2967,2473
52667,"Brown, Haydee",non-elite,1898,4071,6504,8844,11414,14054,16840,19404,2173,2433,2340,2570,2640,2786,2564
52668,"Agar, Courtney M.",non-elite,1942,3981,6374,8781,11649,14134,16878,19525,2039,2393,2407,2868,2485,2744,2647
52669,"Burton, Carl L",non-elite,1926,4004,6403,8794,11277,13982,16635,19324,2078,2399,2391,2483,2705,2653,2689
52671,"Biasetti, Isabel",non-elite,1926,4004,6403,8794,11277,13982,16636,19324,2078,2399,2391,2483,2705,2654,2688
52672,"King, Kathleen A.",non-elite,2079,4190,6420,8611,11007,13797,16990,19437,2111,2230,2191,2396,2790,3193,2447
52673,"Thornburg, Tom G",non-elite,2005,4107,6246,8564,10970,13638,16561,19380,2102,2139,2318,2406,2668,2923,2819
52674,"Belanger, Alaina C.",non-elite,1974,4140,6391,8672,11205,14068,16729,19421,2166,2251,2281,2533,2863,2661,2692
52675,"Bryan, Tj",non-elite,1848,3773,5668,7641,9654,12138,16826,19414,1925,1895,1973,2013,2484,4688,2588
52676,"Hippler, Kelley",non-elite,2038,4241,6566,9223,11686,14235,16847,19405,2203,2325,2657,2463,2549,2612,2558
52677,"Beaulieu, Suzanne M.",non-elite,2114,4343,6895,9126,11609,14123,16811,19391,2229,2552,2231,2483,2514,2688,2580
52678,"Dubiel, Andrew T.",non-elite,1980,4088,6247,8538,10927,13845,16548,19327,2108,2159,2291,2389,2918,2703,2779
52679,"Kmiec, Ronald",non-elite,1804,3847,6146,8755,11456,14266,16873,19423,2043,2299,2609,2701,2810,2607,2550
52680,"Burns, Lisa A.",non-elite,2083,4229,6452,9003,11488,14215,16985,19445,2146,2223,2551,2485,2727,2770,2460
52681,"Givens, Waseem",non-elite,1710,3642,5769,8198,11141,14106,16981,19453,1932,2127,2429,2943,2965,2875,2472
52682,"Zerilli, Beth A.",non-elite,2083,4230,6454,9008,11496,14218,16987,19451,2147,2224,2554,2488,2722,2769,2464
52683,"Burgess, Josalyn R.",non-elite,1964,4091,6275,8605,11733,14289,16977,19560,2127,2184,2330,3128,2556,2688,2583
52684,"Itakura, Hiroyuki",non-elite,2076,4238,6478,8871,11437,14288,17091,19448,2162,2240,2393,2566,2851,2803,2357
52685,"Caulfield, Marie B.",non-elite,1972,4104,6558,9024,11578,14479,17250,19475,2132,2454,2466,2554,2901,2771,2225
52686,"Pezzati, Patrick",non-elite,1507,3095,4772,6548,8783,12242,15755,19270,1588,1677,1776,2235,3459,3513,3515
52687,"Bedell, Margaret J",non-elite,1997,4289,6649,9050,11524,14224,16906,19454,2292,2360,2401,2474,2700,2682,2548
52688,"Lazar, Jill",non-elite,1731,3706,5933,8388,11171,14137,16607,19405,1975,2227,2455,2783,2966,2470,2798
52689,"Shields, Cindy D",non-elite,1903,3908,5961,8191,10962,13591,16268,19118,2005,2053,2230,2771,2629,2677,2850
52690,"Hill, Carrie",non-elite,1636,3300,5056,7053,9545,12482,17022,19647,1664,1756,1997,2492,2937,4540,2625
52691,"Kiguchi, Masakazu",non-elite,2322,4270,6291,8691,11034,13663,16522,19265,1948,2021,2400,2343,2629,2859,2743
52692,"Henschel, Douglas J.",non-elite,1731,3706,5933,8387,11170,14137,16606,19406,1975,2227,2454,2783,2967,2469,2800
52693,"Dunigan, William",non-elite,2002,4057,6430,8693,11170,14150,17043,19575,2055,2373,2263,2477,2980,2893,2532
52694,"Hayashi, Keiko",non-elite,1631,3334,5352,7707,10292,13298,16643,19658,1703,2018,2355,2585,3006,3345,3015
52695,"Ricciardone, Laura",non-elite,2016,4233,6544,9018,11381,14022,16712,19406,2217,2311,2474,2363,2641,2690,2694
52696,"Elorza Jimenez, Lubin De Jesus Sr.",non-elite,1669,3595,5735,8080,10765,13348,16490,19254,1926,2140,2345,2685,2583,3142,2764
52697,"Collette, Richard L. Jr.",non-elite,2076,4216,6339,8563,10961,13822,16701,19476,2140,2123,2224,2398,2861,2879,2775
52698,"Epstein, Brett",non-elite,1882,4000,6368,8921,11613,14491,17001,19609,2118,2368,2553,2692,2878,2510,2608
52699,"Novakovich, Kate",non-elite,1899,4124,6424,8925,11477,14310,16844,19392,2225,2300,2501,2552,2833,2534,2548
52700,"McCloskey, Rachel S.",non-elite,2088,4224,6340,8939,11556,14180,16927,19494,2136,2116,2599,2617,2624,2747,2567
52701,"Linde, Carl W.",non-elite,2263,4546,6905,9230,11693,14380,16968,19467,2283,2359,2325,2463,2687,2588,2499
52702,"Morrissey, Nancy L.",non-elite,2019,4359,6710,9153,11618,14204,16763,19400,2340,2351,2443,2465,2586,2559,2637
52703,"Sullivan, Danielle M.",non-elite,2163,4374,6708,8969,11468,14332,17000,19533,2211,2334,2261,2499,2864,2668,2533
52704,"Manion, Michael D.",non-elite,2101,4272,6408,8579,11128,13849,16604,19438,2171,2136,2171,2549,2721,2755,2834
52705,"Rivers, Kylie",non-elite,2084,4207,6652,9267,11716,14217,16947,19570,2123,2445,2615,2449,2501,2730,2623
52706,"Rando, Kathy A.",non-elite,2054,4131,6414,8896,11543,14217,16947,19570,2077,2283,2482,2647,2674,2730,2623
52707,"Nolan, Jane E.",non-elite,2263,4610,6881,9116,11446,14192,17201,19563,2347,2271,2235,2330,2746,3009,2362
52708,"Erlandson I, Larry",non-elite,1794,3652,5522,7564,9859,12585,15897,19191,1858,1870,2042,2295,2726,3312,3294
52709,"Larcom, Maryellyn",non-elite,2075,4402,6710,9156,11748,14429,17097,19561,2327,2308,2446,2592,2681,2668,2464
52710,"Langer, Alyssa D.",non-elite,1985,4131,6535,9182,12018,14481,17073,19507,2146,2404,2647,2836,2463,2592,2434
52711,"Daley, Heather",non-elite,2211,4571,6961,9310,11547,14212,16847,19486,2360,2390,2349,2237,2665,2635,2639
52712,"Carlston, Heidi M",non-elite,1990,4050,6439,8824,11333,14072,16726,19678,2060,2389,2385,2509,2739,2654,2952
52713,"Walsh, Nikki",non-elite,1990,4051,6440,8824,11333,14072,16726,19678,2061,2389,2384,2509,2739,2654,2952
52714,"Leux, Jean Pierre",non-elite,1856,4038,6368,8714,11213,13844,16614,19370,2182,2330,2346,2499,2631,2770,2756
52715,"Gordon, Emily J.",non-elite,2049,4203,6339,8628,11199,13854,16638,19574,2154,2136,2289,2571,2655,2784,2936
52716,"Herwig, Samantha",non-elite,1980,4105,6380,8890,11428,14480,17041,19471,2125,2275,2510,2538,3052,2561,2430
52717,"Grossi, Anthony L.",non-elite,1989,4491,6649,9031,11564,13949,16799,19511,2502,2158,2382,2533,2385,2850,2712
52718,"Larsen, Gwendolyn",non-elite,2562,5146,7738,10199,12760,15231,17538,19624,2584,2592,2461,2561,2471,2307,2086
52719,"Morgan, Kelley",non-elite,1904,4012,6331,8660,11292,14064,16910,19533,2108,2319,2329,2632,2772,2846,2623
52720,"Wetmore, Brenton S.",non-elite,1929,3982,6314,8536,10774,13302,16925,19507,2053,2332,2222,2238,2528,3623,2582
52721,"Tenney-Helfrich, Karin L.",non-elite,2051,4354,6703,9415,11913,14495,17150,19541,2303,2349,2712,2498,2582,2655,2391
52722,"Mullen, Sarah C.",non-elite,2284,4630,7034,9346,11743,14289,16964,19706,2346,2404,2312,2397,2546,2675,2742
52723,"Nemoto, Patricia H.",non-elite,2042,4348,6719,9188,11679,14298,17001,19513,2306,2371,2469,2491,2619,2703,2512
52724,"Markham, Jennifer J.",non-elite,2024,4212,6376,8635,11064,13591,16462,19482,2188,2164,2259,2429,2527,2871,3020
52725,"Prentiss, Natalie R.",non-elite,2057,4233,6507,8884,11361,14106,16734,19652,2176,2274,2377,2477,2745,2628,2918
52726,"Amirault, Cynthia A.",non-elite,1899,4098,6431,8931,11480,14092,16801,19493,2199,2333,2500,2549,2612,2709,2692
52727,"Lake, Alexis",non-elite,1725,3535,5487,7815,10090,12986,15805,19195,1810,1952,2328,2275,2896,2819,3390
52728,"Widnall, William S.",non-elite,2189,4547,7065,9406,11842,14623,17235,19569,2358,2518,2341,2436,2781,2612,2334
52729,"Lessard, Kelly A.",non-elite,1900,4223,6379,8787,11528,14014,16863,19452,2323,2156,2408,2741,2486,2849,2589
52730,"Logsdon, Kendall A.",non-elite,2186,4528,7118,9753,12310,14831,17256,19613,2342,2590,2635,2557,2521,2425,2357
52731,"Lin, Tung Cheng",non-elite,1712,3645,6475,8968,11768,14136,16738,19486,1933,2830,2493,2800,2368,2602,2748
52732,"Spiesz, Ed",non-elite,2264,4522,6649,8888,11250,13695,17320,19674,2258,2127,2239,2362,2445,3625,2354
52733,"Domestico, Vincent M.",non-elite,2015,4175,6508,8992,11998,14631,17117,19649,2160,2333,2484,3006,2633,2486,2532
52734,"Scalia, Sarah J.",non-elite,2018,4215,6410,8700,11257,14038,16719,19590,2197,2195,2290,2557,2781,2681,2871
52735,"Perlo, Sarah",non-elite,1949,3853,5742,7774,10407,13127,16539,19227,1904,1889,2032,2633,2720,3412,2688
52736,"Gamere, Patrick J.",non-elite,2069,4434,6696,9092,11569,14573,17164,19637,2365,2262,2396,2477,3004,2591,2473
52737,"Lynch, Judy",non-elite,2023,4195,6578,8994,11509,14149,17096,19546,2172,2383,2416,2515,2640,2947,2450
52738,"Mulcahy, Lauren R.",non-elite,2203,4387,6658,9067,11726,14298,17203,19607,2184,2271,2409,2659,2572,2905,2404
52739,"Fraser, Ronald P. Jr.",non-elite,2116,4269,6459,8902,11395,14060,16974,19651,2153,2190,2443,2493,2665,2914,2677
52740,"Reichmann, Daniel",non-elite,1521,3209,5077,7292,9316,12370,15884,19398,1688,1868,2215,2024,3054,3514,3514
52741,"McLaughlin, Emily S.",non-elite,2115,4353,6668,9091,11592,14322,16993,19596,2238,2315,2423,2501,2730,2671,2603
52742,"Burke, Michael K.",non-elite,2166,4410,6694,8940,11262,14163,16828,19521,2244,2284,2246,2322,2901,2665,2693
52743,"Parker, Megan",non-elite,1942,4210,6568,9026,11574,14272,16979,19586,2268,2358,2458,2548,2698,2707,2607
52744,"Bolt, Sarah E.",non-elite,2272,4475,6779,9106,11595,14165,16854,19537,2203,2304,2327,2489,2570,2689,2683
52745,"Bolt, Margaret",non-elite,2273,4476,6779,9106,11595,14165,16856,19537,2203,2303,2327,2489,2570,2691,2681
52746,"Warner, Dontai",non-elite,1838,3847,6030,8526,10927,13599,16770,19523,2009,2183,2496,2401,2672,3171,2753
52747,"Williams, Thomas R.",non-elite,1840,3823,6118,8384,11068,14183,17126,19699,1983,2295,2266,2684,3115,2943,2573
52748,"Bedard, Joanne P.",non-elite,2204,4484,6719,9036,12002,14407,17150,19490,2280,2235,2317,2966,2405,2743,2340
52749,"McKinnon, Mary Kate K.",non-elite,2115,4353,6668,9092,11592,14322,16993,19597,2238,2315,2424,2500,2730,2671,2604
52750,"Luthman, Linda J.",non-elite,2204,4484,6719,9036,12002,14408,17151,19491,2280,2235,2317,2966,2406,2743,2340
52751,"Ihnen, Daniel J.",non-elite,1953,3963,5954,8083,10256,12685,16630,19500,2010,1991,2129,2173,2429,3945,2870
52752,"Solomon, Trudy S.",non-elite,1959,4224,6573,9046,11531,14127,16955,19630,2265,2349,2473,2485,2596,2828,2675
52753,"Farrell, Veronica A.",non-elite,1866,3775,5862,8275,10822,13624,16612,19590,1909,2087,2413,2547,2802,2988,2978
52754,"Mackin, Riley E.",non-elite,2174,4397,7097,9279,11726,14345,17055,19618,2223,2700,2182,2447,2619,2710,2563
52755,"Healy, Fiona A.",non-elite,2068,4295,6543,8897,11373,14024,16809,19604,2227,2248,2354,2476,2651,2785,2795
52756,"Dever, Sarah N.",non-elite,1935,4066,6099,8237,10869,13489,16179,19537,2131,2033,2138,2632,2620,2690,3358
52757,"King, William B.",non-elite,1963,3884,5867,8214,10764,13566,16739,19623,1921,1983,2347,2550,2802,3173,2884
52758,"Souza, David J. Jr.",non-elite,1935,4066,6099,8237,10869,13489,16179,19537,2131,2033,2138,2632,2620,2690,3358
52759,"Murray, Bernell D.",non-elite,1973,3895,5847,8145,10827,13971,16916,19524,1922,1952,2298,2682,3144,2945,2608
52760,"McCauley, Kathryn",non-elite,1980,4019,6175,8279,10445,13013,17305,19652,2039,2156,2104,2166,2568,4292,2347
52761,"Eom, Jaegil",non-elite,1917,3962,6121,8497,11081,14070,16912,19572,2045,2159,2376,2584,2989,2842,2660
52762,"Beiers, Katherine",non-elite,2184,4433,6685,9050,11456,14089,16847,19471,2249,2252,2365,2406,2633,2758,2624
52763,"Lannon, Kimberly A.",non-elite,2014,4196,6521,8955,11587,14374,17067,19576,2182,2325,2434,2632,2787,2693,2509
52764,"Driscoll, Laura C.",non-elite,1983,4380,6755,9480,11850,14301,17059,19602,2397,2375,2725,2370,2451,2758,2543
52765,"Church, Meghan M.",non-elite,1983,4380,6755,9480,11850,14301,17058,19603,2397,2375,2725,2370,2451,2757,2545
52766,"Hobbs, Susi",non-elite,1990,3989,5946,7925,10353,13232,16384,19296,1999,1957,1979,2428,2879,3152,2912
52767,"Leston, Gary D.",non-elite,1960,4275,6664,9160,11775,14402,17057,19615,2315,2389,2496,2615,2627,2655,2558
52768,"Rocha, Kathleen M.",non-elite,2223,4582,6877,9322,11766,14538,17221,19725,2359,2295,2445,2444,2772,2683,2504
52769,"Connors, Meghan",non-elite,2078,4262,6634,9093,11766,14460,17119,19623,2184,2372,2459,2673,2694,2659,2504
52770,"Shanley, Michael T.",non-elite,1928,4107,6500,8998,11439,14154,16948,19690,2179,2393,2498,2441,2715,2794,2742
52771,"Deisenroth, Carrie L.",non-elite,2130,4273,6642,9168,11640,14402,17064,19558,2143,2369,2526,2472,2762,2662,2494
52772,"Kimball, Linne D.",non-elite,2048,4181,6421,8693,11296,14143,16965,19589,2133,2240,2272,2603,2847,2822,2624
52773,"Joyce, Patrick",non-elite,2048,4181,6421,8692,11296,14143,16965,19589,2133,2240,2271,2604,2847,2822,2624
52774,"Lauzon, Danielle M.",non-elite,2086,4204,6495,8904,11868,14552,17206,19610,2118,2291,2409,2964,2684,2654,2404
52775,"McCarthy, Paul J.",non-elite,1965,3936,5948,8359,10783,14003,17031,19667,1971,2012,2411,2424,3220,3028,2636
52776,"Sheehan, Kevin J.",non-elite,1884,3729,5738,7913,10332,13025,16756,19561,1845,2009,2175,2419,2693,3731,2805
52777,"Rodriguez, Frank J.",non-elite,2052,4165,6413,8885,11421,14149,17221,19772,2113,2248,2472,2536,2728,3072,2551
52778,"McGonagle, Heather M.",non-elite,1879,4009,6226,8552,11211,13991,16863,19584,2130,2217,2326,2659,2780,2872,2721
52779,"Dinger, Karen A.",non-elite,2098,4412,6704,9023,11514,14144,17100,19667,2314,2292,2319,2491,2630,2956,2567
52780,"Hightower, Erin M.",non-elite,2122,4246,6461,8954,11573,14270,16951,19612,2124,2215,2493,2619,2697,2681,2661
52781,"Somsan, Michael S.",non-elite,2094,4216,6442,8838,11584,14287,17041,19609,2122,2226,2396,2746,2703,2754,2568
52782,"Scott, Kirstin W",non-elite,2094,4216,6442,8839,11585,14287,17041,19609,2122,2226,2397,2746,2702,2754,2568
52783,"Bush, Philip H.",non-elite,1923,4055,6689,9263,11798,14475,17196,19698,2132,2634,2574,2535,2677,2721,2502
52784,"Potter, Judith E.",non-elite,2036,4183,6452,8801,11297,13953,16713,19491,2147,2269,2349,2496,2656,2760,2778
52785,"Flynn, Mackenzie",non-elite,2183,4526,6867,9310,11754,14493,17118,19707,2343,2341,2443,2444,2739,2625,2589
52786,"Feliciano, Jessyca",non-elite,2078,4308,6664,9253,11753,14426,16933,19713,2230,2356,2589,2500,2673,2507,2780
52787,"Christa, Dave",non-elite,1967,4010,6259,8526,10961,14009,16874,19604,2043,2249,2267,2435,3048,2865,2730
52788,"Gage, Sandy A.",non-elite,1908,4001,6249,8521,11044,13723,16634,19550,2093,2248,2272,2523,2679,2911,2916
52789,"Corbo, Kelly",non-elite,2165,4440,6721,9132,11579,14191,16848,19570,2275,2281,2411,2447,2612,2657,2722
52790,"Lee, Chee Seng",non-elite,2101,4259,6463,8840,11333,14072,16952,19508,2158,2204,2377,2493,2739,2880,2556
52791,"Kaminsky, Jennifer",non-elite,2225,4407,6784,9179,11687,14445,17147,19693,2182,2377,2395,2508,2758,2702,2546
52792,"Marshall, Jonathan A.",non-elite,2462,4402,6561,9029,11589,14233,17052,19715,1940,2159,2468,2560,2644,2819,2663
52793,"Sharan, Sonia",non-elite,2179,4365,6582,8985,11434,14127,16845,19568,2186,2217,2403,2449,2693,2718,2723
52794,"Twist, Clare",non-elite,2020,4180,6416,8751,11315,13959,16902,19539,2160,2236,2335,2564,2644,2943,2637
52795,"Vargas Cruz, Arturo",non-elite,1932,4041,6195,8514,11180,13866,16744,19587,2109,2154,2319,2666,2686,2878,2843
52796,"Sravanapudi, Ajay P.",non-elite,2042,4312,6599,9060,11567,14327,17204,19670,2270,2287,2461,2507,2760,2877,2466
52797,"Ethier, Nicole",non-elite,2068,4292,6542,9139,11586,14287,17019,19684,2224,2250,2597,2447,2701,2732,2665
52798,"Grazioso, Kristin M.",non-elite,2083,4313,6627,9063,11665,14395,17066,19669,2230,2314,2436,2602,2730,2671,2603
52799,"Tofflemire, Bill G.",non-elite,1812,3842,6233,8712,11284,14026,16836,19631,2030,2391,2479,2572,2742,2810,2795
52800,"Price, Jeffrey",non-elite,1966,3885,5750,7824,9969,12874,16198,19523,1919,1865,2074,2145,2905,3324,3325
52801,"Nicholson, Ed",non-elite,1761,3774,5898,8029,10704,13583,16580,19498,2013,2124,2131,2675,2879,2997,2918
52802,"Boychuck, Barrett",non-elite,1911,4025,6356,8828,11441,14317,17180,19703,2114,2331,2472,2613,2876,2863,2523
52803,"Thomas, Marquis I.",non-elite,1940,3878,5945,8296,11554,14608,17372,19800,1938,2067,2351,3258,3054,2764,2428
52804,"Halvorsen, Annie K.",non-elite,2018,4100,6207,8531,11177,14010,16886,19676,2082,2107,2324,2646,2833,2876,2790
52805,"Hetherson, Karen",non-elite,2029,4271,6610,9123,11729,14387,17061,19699,2242,2339,2513,2606,2658,2674,2638
52806,"Nixon, Ashley",non-elite,1910,3860,5865,8154,10781,14400,17356,19746,1950,2005,2289,2627,3619,2956,2390
52807,"Greely, Robert L.",non-elite,1733,3763,5940,8412,11085,13765,16675,19592,2030,2177,2472,2673,2680,2910,2917
52808,"Lilly, Ruth Ann",non-elite,1945,4327,6765,9174,11838,14357,17121,19703,2382,2438,2409,2664,2519,2764,2582
52809,"Reinhart, Scott C.",non-elite,1592,3265,4963,6720,8621,16045,18057,19972,1673,1698,1757,1901,7424,2012,1915
52810,"McDonough, Christopher B.",non-elite,1854,3700,5637,7879,11746,14534,17210,19796,1846,1937,2242,3867,2788,2676,2586
52811,"Mascow, James H",non-elite,1844,3723,5651,7968,10402,13217,16770,19723,1879,1928,2317,2434,2815,3553,2953
52812,"Cidlevich, Stephen M.",non-elite,2095,4322,6575,9033,11480,14336,17163,19779,2227,2253,2458,2447,2856,2827,2616
52813,"Doherty, Caitlin E.",non-elite,2095,4322,6576,9033,11588,14336,17164,19779,2227,2254,2457,2555,2748,2828,2615
52814,"Hamlet, Roger",non-elite,1955,3970,6092,8317,10785,13492,16470,19462,2015,2122,2225,2468,2707,2978,2992
52815,"Garcia-Miller, Anna K.",non-elite,2109,4241,6481,8689,11379,14268,17274,19734,2132,2240,2208,2690,2889,3006,2460
52816,"Matthews, Collin J.",non-elite,1952,3880,5735,7745,9981,12295,17146,19849,1928,1855,2010,2236,2314,4851,2703
52817,"Ricketts, David",non-elite,2064,4240,6575,9000,11419,14151,16895,19657,2176,2335,2425,2419,2732,2744,2762
52818,"Alicea, Sandra A.",non-elite,2119,4324,6631,9055,11675,14313,17004,19662,2205,2307,2424,2620,2638,2691,2658
52819,"Mason, Amy L.",non-elite,1949,4048,6425,8971,11614,14432,17216,19761,2099,2377,2546,2643,2818,2784,2545
52820,"Dodge, Jamie M",non-elite,1780,3794,5917,8304,10732,13390,16487,19546,2014,2123,2387,2428,2658,3097,3059
52821,"Tankersley, Rebecca",non-elite,2047,4108,6198,8367,10701,13394,16546,19629,2061,2090,2169,2334,2693,3152,3083
52822,"Miller, Charlotte B.",non-elite,2003,4352,6550,8826,11366,14127,17054,19787,2349,2198,2276,2540,2761,2927,2733
52823,"Motyka, Shannon R.",non-elite,2004,4353,6550,8826,11366,14127,17059,19787,2349,2197,2276,2540,2761,2932,2728
52824,"Gill, Susan P.",non-elite,2282,4531,6968,9439,11832,14617,17243,19824,2249,2437,2471,2393,2785,2626,2581
52825,"Platt, John D.",non-elite,1981,3965,5946,8093,11416,14261,17169,19852,1984,1981,2147,3323,2845,2908,2683
52826,"Cage, Kati R.",non-elite,2104,4251,6421,9050,11575,14392,17358,19737,2147,2170,2629,2525,2817,2966,2379
52827,"Cooper, Todd",non-elite,1821,3843,6066,8500,11666,14705,17391,19930,2022,2223,2434,3166,3039,2686,2539
52828,"Johnson, Allison A.",non-elite,2199,4657,7088,9802,12244,14933,17434,19830,2458,2431,2714,2442,2689,2501,2396
52829,"Grammel, Daniel",non-elite,2139,4284,6566,9161,11706,14478,17263,19771,2145,2282,2595,2545,2772,2785,2508
52830,"Defeo, Morris Jr.",non-elite,1925,4134,6389,8825,11394,14265,17057,19766,2209,2255,2436,2569,2871,2792,2709
52831,"Earle, Courtney E.",non-elite,2059,4071,6217,8498,11011,13585,16713,19675,2012,2146,2281,2513,2574,3128,2962
52832,"Platt, Kara A.",non-elite,2007,4331,6617,9139,11791,14497,17211,19723,2324,2286,2522,2652,2706,2714,2512
52833,"Lawn, Karen H.",non-elite,2007,4331,6617,9139,11788,14496,17211,19723,2324,2286,2522,2649,2708,2715,2512
52834,"Danner, Klaus",non-elite,1993,3993,6022,8099,10220,13499,16620,19556,2000,2029,2077,2121,3279,3121,2936
52835,"Maloney, Clyde A.",non-elite,2124,4477,6765,9142,11631,14390,17146,19766,2353,2288,2377,2489,2759,2756,2620
52836,"Mastrangelo, Frank A.",non-elite,2021,4138,6270,8541,10997,14085,17145,19800,2117,2132,2271,2456,3088,3060,2655
52837,"Sahani, Dushyant V.",non-elite,1961,4037,6169,8448,11134,13804,16643,19825,2076,2132,2279,2686,2670,2839,3182
52838,"Mack, Amy",non-elite,2046,4090,6326,8726,11515,14490,17259,19833,2044,2236,2400,2789,2975,2769,2574
52839,"Jaramillo, Julio",non-elite,1803,3928,6583,9142,11775,14456,17235,19671,2125,2655,2559,2633,2681,2779,2436
52840,"Bachta, Mark W.",non-elite,2147,4471,6696,9185,11821,14622,17368,19866,2324,2225,2489,2636,2801,2746,2498
52841,"Roth, Kelly R.",non-elite,2061,4389,6694,9076,11619,14367,17075,19685,2328,2305,2382,2543,2748,2708,2610
52842,"Gorham, Alison",non-elite,1853,3797,5878,8355,11058,13763,16728,19661,1944,2081,2477,2703,2705,2965,2933
52843,"Murphy, Meghan S.",non-elite,2026,4098,6293,8678,11171,14103,17129,19786,2072,2195,2385,2493,2932,3026,2657
52844,"Khan, Nawed W.",non-elite,1919,4309,6800,9432,12213,14722,17321,19831,2390,2491,2632,2781,2509,2599,2510
52845,"Varnadoe, James T.",non-elite,1825,3941,6338,8661,11189,14218,17207,19839,2116,2397,2323,2528,3029,2989,2632
52846,"Merchant, Noelle",non-elite,2368,4710,7064,9407,11850,14466,17099,19694,2342,2354,2343,2443,2616,2633,2595
52847,"Merchant, Michael N.",non-elite,2369,4711,7065,9407,11851,14467,17097,19694,2342,2354,2342,2444,2616,2630,2597
52848,"Mosley, Shanell A.",non-elite,2113,4271,6538,9031,11816,14601,17285,19767,2158,2267,2493,2785,2785,2684,2482
52849,"Black, Kristin E.",non-elite,2035,4322,6728,9224,11927,14599,17129,19703,2287,2406,2496,2703,2672,2530,2574
52850,"Lodi, Ruston F.",non-elite,2177,4683,7131,9503,11857,14519,17310,19821,2506,2448,2372,2354,2662,2791,2511
52851,"Porter, Billy J.",non-elite,1871,4114,6653,9272,11878,14504,17230,19768,2243,2539,2619,2606,2626,2726,2538
52852,"Kelly, Catie",non-elite,1958,3930,6294,8884,11400,14268,17026,19658,1972,2364,2590,2516,2868,2758,2632
52853,"Bauten, Birgit",non-elite,2043,4389,6745,9274,11817,14420,17103,19761,2346,2356,2529,2543,2603,2683,2658
52854,"Ono, Takashi",non-elite,1946,3945,6270,8669,11089,13835,16747,19638,1999,2325,2399,2420,2746,2912,2891
52855,"Seymour, Deeannah",non-elite,2107,4300,6597,8991,11712,14373,17254,19831,2193,2297,2394,2721,2661,2881,2577
52856,"Blankenship, Dan",non-elite,1676,3455,5245,7132,9160,11637,14395,18449,1779,1790,1887,2028,2477,2758,4054
52857,"Floramo, Kerri A.",non-elite,2116,4346,6696,9079,11488,14280,17026,19773,2230,2350,2383,2409,2792,2746,2747
52858,"Mandeville, Jody W.",non-elite,1855,3774,5696,7707,10604,13990,16901,19735,1919,1922,2011,2897,3386,2911,2834
52859,"Scanlan, Megan",non-elite,1976,4090,6410,8889,11537,14299,17066,19770,2114,2320,2479,2648,2762,2767,2704
52860,"Mckean, Jaimie",non-elite,2219,4598,7101,9578,12295,15016,17457,19862,2379,2503,2477,2717,2721,2441,2405
52861,"Starr, Woody",non-elite,1999,4114,6270,8643,11126,13970,16729,19736,2115,2156,2373,2483,2844,2759,3007
52862,"Parks, Nicole K.",non-elite,2316,4547,7003,9466,12056,14761,17322,19861,2231,2456,2463,2590,2705,2561,2539
52863,"Ojea, Nancy",non-elite,1918,4030,6404,8923,11537,14203,17232,19803,2112,2374,2519,2614,2666,3029,2571
52864,"Radin, Marjorie M.",non-elite,2052,4204,6475,8806,11326,14165,17128,19827,2152,2271,2331,2520,2839,2963,2699
52865,"Burgoyne, Daniel E.",non-elite,2133,4356,6622,9134,11765,14443,17289,19877,2223,2266,2512,2631,2678,2846,2588
52866,"Wolfe, Jacqueline S.",non-elite,2067,4308,6656,9073,11559,14327,16973,19676,2241,2348,2417,2486,2768,2646,2703
52867,"Eloy, Brandon F.",non-elite,2058,4267,6537,8882,11466,14243,16977,19810,2209,2270,2345,2584,2777,2734,2833
52868,"Donnelly, Sheri M.",non-elite,1722,3746,5802,8281,10917,14327,16664,19762,2024,2056,2479,2636,3410,2337,3098
52869,"Ding, Hui",non-elite,2075,4197,6437,8990,11592,14490,17411,19909,2122,2240,2553,2602,2898,2921,2498
52870,"Ding, Qixuan",non-elite,2364,4789,7312,9835,12486,15012,17572,19907,2425,2523,2523,2651,2526,2560,2335
52871,"Wang, Fudong",non-elite,2364,4789,7313,9835,12485,15012,17572,19906,2425,2524,2522,2650,2527,2560,2334
52872,"Jones, Jessica P.",non-elite,2024,4303,6736,9232,11846,14646,17337,19840,2279,2433,2496,2614,2800,2691,2503
52873,"Yagoda, Aaron D.",non-elite,1927,4008,6444,9277,11946,14811,17450,19887,2081,2436,2833,2669,2865,2639,2437
52874,"Nichols, Margaret",non-elite,2053,4201,6456,9060,11732,14575,17354,19980,2148,2255,2604,2672,2843,2779,2626
52875,"Peterson, Chris",non-elite,2147,4138,6185,8328,10903,13869,17041,19782,1991,2047,2143,2575,2966,3172,2741
52876,"Lieb, Kathryn",non-elite,1983,4119,6554,9136,11682,14392,17172,19789,2136,2435,2582,2546,2710,2780,2617
52877,"Murray, Brian R.",non-elite,1953,3824,5882,8356,11043,14079,17124,19807,1871,2058,2474,2687,3036,3045,2683
52878,"Avelino, Andrew L.",non-elite,1714,3555,5631,8096,10397,13296,16299,19815,1841,2076,2465,2301,2899,3003,3516
52879,"Haley, Darlene",non-elite,1936,3874,5890,8936,11285,14511,17329,19855,1938,2016,3046,2349,3226,2818,2526
52880,"Morelli, Susan",non-elite,2114,4356,6654,9111,11655,14391,17177,19812,2242,2298,2457,2544,2736,2786,2635
52881,"McCormack, Kaitlyn",non-elite,2193,4568,7062,9416,11997,14726,17304,19849,2375,2494,2354,2581,2729,2578,2545
52882,"Collins, Erin M.",non-elite,2062,4273,6586,9058,11718,14574,17241,19907,2211,2313,2472,2660,2856,2667,2666
52883,"Vamboi, James M. Jr.",non-elite,1955,4093,6314,8725,11268,13872,16761,19706,2138,2221,2411,2543,2604,2889,2945
52884,"Ward, Paula D.",non-elite,2107,4430,6834,9292,12041,14713,17374,19866,2323,2404,2458,2749,2672,2661,2492
52885,"Goldman, Caroline E.",non-elite,1998,4082,6253,8730,11246,14037,16874,19763,2084,2171,2477,2516,2791,2837,2889
52886,"Parsell, Lindsay R",non-elite,1770,3813,6091,8442,10870,13528,16625,19684,2043,2278,2351,2428,2658,3097,3059
52887,"Silk, Courtney F.",non-elite,2283,4630,7035,9346,11743,14290,16968,19888,2347,2405,2311,2397,2547,2678,2920
52888,"Goslin, Carol",non-elite,2198,4532,6881,9361,11912,14666,17357,19893,2334,2349,2480,2551,2754,2691,2536
52889,"Goodfellow, Karin E.",non-elite,2201,4582,7062,9422,12235,14881,17572,20003,2381,2480,2360,2813,2646,2691,2431
52890,"Chateaunneuf, Joelle S.",non-elite,2202,4582,7062,9422,12235,14880,17572,20003,2380,2480,2360,2813,2645,2692,2431
52891,"Freeze, Suzzanne L.",non-elite,2034,4177,6640,9384,11979,15029,17501,19976,2143,2463,2744,2595,3050,2472,2475
52892,"Kanyugi, Jennifer N.",non-elite,2034,4177,6640,9384,11979,15029,17500,19977,2143,2463,2744,2595,3050,2471,2477
52893,"Thompson, Andrew",non-elite,1911,3955,6305,8991,11646,14559,17177,19783,2044,2350,2686,2655,2913,2618,2606
52894,"Baram, Cherry",non-elite,2461,4802,7154,9645,12207,14677,17277,19857,2341,2352,2491,2562,2470,2600,2580
52895,"Brook, Steve G",non-elite,1545,3100,4728,6410,8122,10495,13906,19676,1555,1628,1682,1712,2373,3411,5770
52896,"Ronge, John",non-elite,1582,3627,5634,7943,10692,13420,16519,19594,2045,2007,2309,2749,2728,3099,3075
52897,"Trapani, Eva",non-elite,2079,4450,6834,9280,11849,14468,17106,19853,2371,2384,2446,2569,2619,2638,2747
52898,"Rosser, Michael J.",non-elite,1849,3870,6335,8790,11738,14453,17237,19936,2021,2465,2455,2948,2715,2784,2699
52899,"Perkins, Jennie",non-elite,2147,4490,6814,9143,11589,14457,17113,19790,2343,2324,2329,2446,2868,2656,2677
52900,"Callahan, Eileen M.",non-elite,2123,4412,6780,9282,11812,14451,17122,19813,2289,2368,2502,2530,2639,2671,2691
52901,"Craig, Christiana T.",non-elite,2161,4388,6687,9088,11618,14407,17503,20008,2227,2299,2401,2530,2789,3096,2505
52902,"Weidelich, Mayoli",non-elite,2339,4630,6985,9675,12428,14902,17507,20000,2291,2355,2690,2753,2474,2605,2493
52903,"Coyle, Aileen",non-elite,2340,4629,6986,9675,12429,14902,17508,20001,2289,2357,2689,2754,2473,2606,2493
52904,"Solberg, Bryon",non-elite,2501,4926,7396,9945,12360,14856,17511,19896,2425,2470,2549,2415,2496,2655,2385
52905,"Perkins, Kevin",non-elite,2033,4354,6739,9082,11540,14140,17303,19953,2321,2385,2343,2458,2600,3163,2650
52906,"Flynn Matulonis, Marie B.",non-elite,2180,4446,6876,9338,11867,14482,17375,19915,2266,2430,2462,2529,2615,2893,2540
52907,"Berquist, Gary A.",non-elite,1920,3967,6108,8332,10842,13742,16833,19771,2047,2141,2224,2510,2900,3091,2938
52908,"Caron, Pam",non-elite,2146,4518,6803,9076,11443,14285,17136,19854,2372,2285,2273,2367,2842,2851,2718
52909,"Connelly, Maureen T.",non-elite,2067,4277,6577,8893,11329,14156,17039,19953,2210,2300,2316,2436,2827,2883,2914
52910,"Horgan, Richard",non-elite,1918,3992,6237,8613,11027,13772,16977,19989,2074,2245,2376,2414,2745,3205,3012
52911,"Prindle, Mary",non-elite,2107,4663,7143,9601,12076,14757,17444,19913,2556,2480,2458,2475,2681,2687,2469
52912,"Richards, Donna",non-elite,1991,4507,7075,9516,12042,14626,17399,19962,2516,2568,2441,2526,2584,2773,2563
52913,"Miele, Lisa K.",non-elite,2111,4378,6691,9369,11945,14625,17304,19936,2267,2313,2678,2576,2680,2679,2632
52914,"Cohn, Dianne",non-elite,2126,4553,7028,9578,12179,14861,17532,19966,2427,2475,2550,2601,2682,2671,2434
52915,"Mullen, Kathleen A.",non-elite,2079,4451,6835,9281,11852,14401,17158,19854,2372,2384,2446,2571,2549,2757,2696
52916,"Dugan, Dennis M.",non-elite,1864,4189,6658,9211,11795,14701,17472,19960,2325,2469,2553,2584,2906,2771,2488
52917,"Kim, Jae Il",non-elite,1784,3666,5666,7808,10917,13322,17377,19849,1882,2000,2142,3109,2405,4055,2472
52918,"Zasik, Karen F.",non-elite,2282,4703,7026,9417,11849,14468,17217,19875,2421,2323,2391,2432,2619,2749,2658
52919,"Strickland, Maura",non-elite,1908,3658,5468,7518,9756,13481,17177,19972,1750,1810,2050,2238,3725,3696,2795
52920,"Routhier, Alana R.",non-elite,1948,3925,5947,8163,10465,13481,17177,19972,1977,2022,2216,2302,3016,3696,2795
52921,"Rogers, Maureen H.",non-elite,2393,4832,7300,9760,12332,14885,17465,19978,2439,2468,2460,2572,2553,2580,2513
52922,"Gillis, Helice A.",non-elite,2125,4532,6938,9661,12201,14898,17489,19910,2407,2406,2723,2540,2697,2591,2421
52923,"Thompson, Paige C.",non-elite,2262,4566,6871,9258,11829,14480,17078,19811,2304,2305,2387,2571,2651,2598,2733
52924,"Hough, Aaron C.",non-elite,2108,4209,6310,8853,11202,14389,17363,19990,2101,2101,2543,2349,3187,2974,2627
52925,"Bonnevie, Noelle M.",non-elite,1916,3954,6005,8936,11528,14287,17125,19910,2038,2051,2931,2592,2759,2838,2785
52926,"Mahabir, Vinda",non-elite,2151,4479,6696,8943,11404,14339,17062,19924,2328,2217,2247,2461,2935,2723,2862
52927,"McLean, Alastair",non-elite,1913,4008,6386,8942,11559,14319,17157,19873,2095,2378,2556,2617,2760,2838,2716
52928,"Phillips, Ray T.",non-elite,1831,3847,5919,8354,10885,13775,16761,19694,2016,2072,2435,2531,2890,2986,2933
52929,"Kwok, George",non-elite,2152,4480,6696,8944,11404,14339,17062,19924,2328,2216,2248,2460,2935,2723,2862
52930,"Lynch, Nora",non-elite,2186,4570,7084,9661,12127,14825,17528,19945,2384,2514,2577,2466,2698,2703,2417
52931,"Piscopo, Andrea",non-elite,2256,4596,6990,9580,12078,14866,17411,19993,2340,2394,2590,2498,2788,2545,2582
52933,"Georgiopoulos, Sotirios 'Steve' K.",non-elite,2048,4317,6583,8974,11714,14675,17418,19928,2269,2266,2391,2740,2961,2743,2510
52934,"Bernazzani, Jennifer A.",non-elite,2067,4456,6862,9585,12064,14716,17481,19964,2389,2406,2723,2479,2652,2765,2483
52935,"Cuizon, James",non-elite,2077,4106,6267,8551,11139,14326,17505,20081,2029,2161,2284,2588,3187,3179,2576
52936,"Cho, Eun Eui",non-elite,2162,4482,7048,9795,12403,14629,17421,20045,2320,2566,2747,2608,2226,2792,2624
52937,"Lim, Yoo Ra",non-elite,2162,4481,7047,9795,12402,14628,17422,20046,2319,2566,2748,2607,2226,2794,2624
52938,"Picha, Ryan M.",non-elite,2051,4195,6456,8975,11671,14424,17244,20013,2144,2261,2519,2696,2753,2820,2769
52939,"Stansel, Rachel",non-elite,2345,4693,6910,9181,11468,14009,16926,19802,2348,2217,2271,2287,2541,2917,2876
52940,"Stansel, Paul M.",non-elite,2345,4693,6911,9182,11468,14009,16927,19803,2348,2218,2271,2286,2541,2918,2876
52941,"George, Michelle",non-elite,2174,4451,6857,9414,11987,14720,17521,19967,2277,2406,2557,2573,2733,2801,2446
52942,"Dorne, Howard L.",non-elite,1980,3969,5997,8083,10323,13514,17135,19993,1989,2028,2086,2240,3191,3621,2858
52943,"Dorne, Andrew L.",non-elite,1980,3970,5997,8083,10323,13514,17135,19993,1990,2027,2086,2240,3191,3621,2858
52944,"Trang, Danh",non-elite,2188,4477,6816,9212,11691,14244,16973,19997,2289,2339,2396,2479,2553,2729,3024
52945,"Neurauter, Lloyd J.",non-elite,2249,4610,7014,9780,12430,15032,17655,20076,2361,2404,2766,2650,2602,2623,2421
52946,"Petovello, Kristy L.",non-elite,1920,4266,6591,9134,11661,14279,16856,19754,2346,2325,2543,2527,2618,2577,2898
52947,"Yuse, Patricia L.",non-elite,2157,4499,6829,9566,12313,14821,17546,20003,2342,2330,2737,2747,2508,2725,2457
52948,"Zeizel, Jeffrey H.",non-elite,2177,4478,6788,9280,11680,14425,17115,19864,2301,2310,2492,2400,2745,2690,2749
52949,"Underwood, Rhonda",non-elite,1963,4031,6198,8505,11157,14020,17262,19941,2068,2167,2307,2652,2863,3242,2679
52950,"Rosenblum, Marc A.",non-elite,2162,4251,6416,8886,11412,14332,17219,19964,2089,2165,2470,2526,2920,2887,2745
52951,"Jordan, Michele",non-elite,1933,3975,6405,8940,11797,14568,17332,20062,2042,2430,2535,2857,2771,2764,2730
52952,"Bracken, Heather",non-elite,2221,4627,7172,9671,12379,15198,17782,20148,2406,2545,2499,2708,2819,2584,2366
52953,"Reig, Jillian J.",non-elite,1998,4172,6517,9157,11977,14715,17513,20142,2174,2345,2640,2820,2738,2798,2629
52954,"Holbrook, Michael B",non-elite,1807,3818,6019,8497,11216,14043,16939,19745,2011,2201,2478,2719,2827,2896,2806
52955,"Wisseman, Bud",non-elite,2089,4413,6897,9452,12077,14756,17622,20061,2324,2484,2555,2625,2679,2866,2439
52956,"Croxton, Jim",non-elite,1919,3989,6073,8395,10751,13574,16760,19833,2070,2084,2322,2356,2823,3186,3073
52957,"Simmons, Stephanie",non-elite,1970,4272,6634,9204,11850,14600,17420,20093,2302,2362,2570,2646,2750,2820,2673
52958,"Dunphy, Mairead E.",non-elite,2015,4241,6687,9208,12010,14800,17594,20078,2226,2446,2521,2802,2790,2794,2484
52959,"Mince, Christine J.",non-elite,1888,3887,6005,8320,10941,13826,17136,20012,1999,2118,2315,2621,2885,3310,2876
52960,"Aldrich, Dave",non-elite,2554,4955,7259,9730,12150,14905,17693,20111,2401,2304,2471,2420,2755,2788,2418
52961,"Gibbons, Ronald",non-elite,1651,3543,5599,7768,10126,13290,16534,19687,1892,2056,2169,2358,3164,3244,3153
52962,"Foley, Christine",non-elite,2067,4396,6694,9118,11705,14546,17374,20032,2329,2298,2424,2587,2841,2828,2658
52963,"Kwon, Nicole Y",non-elite,1566,3951,6469,9351,12189,15520,18219,20353,2385,2518,2882,2838,3331,2699,2134
52964,"Higashijima, Reiko",non-elite,2165,4515,6994,9722,12490,15374,17842,20207,2350,2479,2728,2768,2884,2468,2365
52965,"Saaristu, Valter",non-elite,1873,3889,5980,8221,10574,13356,16519,19729,2016,2091,2241,2353,2782,3163,3210
52966,"Flick, Richard P.",non-elite,1997,4123,6458,8917,11675,14428,17385,19870,2126,2335,2459,2758,2753,2957,2485
52967,"Bryson, John",non-elite,2086,4280,6420,8727,11198,13899,16873,19904,2194,2140,2307,2471,2701,2974,3031
52968,"Bryson, Joseph M.",non-elite,2086,4280,6419,8727,11196,13899,16871,19904,2194,2139,2308,2469,2703,2972,3033
52969,"Courtney, Dan",non-elite,2050,4249,6642,9141,11639,14286,17094,19830,2199,2393,2499,2498,2647,2808,2736
52970,"Costandi, Amy",non-elite,1942,3981,6374,8745,11665,14493,17427,20077,2039,2393,2371,2920,2828,2934,2650
52971,"LeBlanc, Erica R.",non-elite,2098,4166,6382,8695,11200,13949,16868,19856,2068,2216,2313,2505,2749,2919,2988
52972,"Gates, Kate L.",non-elite,2235,4607,7056,9499,12043,14635,17404,20038,2372,2449,2443,2544,2592,2769,2634
52973,"Sanchez, Jose",non-elite,2038,4140,6254,8491,11380,14459,17312,20029,2102,2114,2237,2889,3079,2853,2717
52974,"Maglione, Alyssa J.",non-elite,2185,4237,6313,8487,11126,15005,17815,20216,2052,2076,2174,2639,3879,2810,2401
52975,"Goldman, Noah",non-elite,2189,4504,6813,9298,11829,14644,17392,20020,2315,2309,2485,2531,2815,2748,2628
52976,"Bovich, Raymond H.",non-elite,2170,4356,6624,9044,11543,14329,17125,19980,2186,2268,2420,2499,2786,2796,2855
52977,"Hutt, Roger",non-elite,2361,4851,7348,9791,12290,14942,17592,20042,2490,2497,2443,2499,2652,2650,2450
52978,"Rivera, Katherine H.",non-elite,1941,4310,6764,9266,11849,14635,17360,20049,2369,2454,2502,2583,2786,2725,2689
52979,"Tian, Tongsheng",non-elite,2080,4148,6476,9067,11981,15061,17916,20205,2068,2328,2591,2914,3080,2855,2289
52980,"Tannenbaum, Emily R.",non-elite,2311,4615,7218,9638,12164,14819,17542,20205,2304,2603,2420,2526,2655,2723,2663
52981,"Hatchett, Casey A.",non-elite,2030,4288,6849,9406,12007,14665,17410,20026,2258,2561,2557,2601,2658,2745,2616
52982,"Sullivan, Jennifer L.",non-elite,1644,3376,5229,7305,9704,12607,16255,19828,1732,1853,2076,2399,2903,3648,3573
52983,"Bradley, Elizabeth M.",non-elite,2197,4485,6871,9563,11983,14647,17617,20147,2288,2386,2692,2420,2664,2970,2530
52984,"Thomas, Elisabeth",non-elite,2081,4219,6429,8780,11446,14235,17476,20207,2138,2210,2351,2666,2789,3241,2731
52985,"Schottlandt, Dawn",non-elite,2073,4357,6727,9190,11590,14090,16821,19696,2284,2370,2463,2400,2500,2731,2875
52986,"Ruebsamen, Megan",non-elite,1940,3870,5912,8196,10691,13563,16709,19887,1930,2042,2284,2495,2872,3146,3178
52987,"Cadavid, Carolina I.",non-elite,2032,4248,6608,9137,11682,14428,17234,19980,2216,2360,2529,2545,2746,2806,2746
52988,"Smith, Colleen",non-elite,2122,4302,6519,9176,11767,14608,17610,20113,2180,2217,2657,2591,2841,3002,2503
52989,"Smith, Nancy A.",non-elite,2122,4302,6519,9176,11762,14607,17608,20113,2180,2217,2657,2586,2845,3001,2505
52990,"Boyd, Brendan A.",non-elite,2103,4233,6528,9163,11821,14668,17522,20236,2130,2295,2635,2658,2847,2854,2714
52991,"Campbell, Christopher B.",non-elite,2022,4113,6450,9235,11899,15128,17951,20301,2091,2337,2785,2664,3229,2823,2350
52992,"McCabe-Morris, Joanne",non-elite,2276,4676,7062,9565,11789,14473,17244,19999,2400,2386,2503,2224,2684,2771,2755
52993,"Collins, Ashley",non-elite,2198,4485,6904,9515,12041,14645,17486,20077,2287,2419,2611,2526,2604,2841,2591
52994,"Lappen, Jessica",non-elite,1930,4027,6258,8584,10975,13884,17025,20149,2097,2231,2326,2391,2909,3141,3124
52995,"Harris, Stephen",non-elite,2200,4528,6974,9474,12198,14837,17555,20154,2328,2446,2500,2724,2639,2718,2599
52996,"Stebbins, Jessica R.",non-elite,2028,4167,6643,9024,11549,14295,17225,20029,2139,2476,2381,2525,2746,2930,2804
52997,"Shea, Danny",non-elite,2130,4451,6917,9465,12014,14733,17438,20098,2321,2466,2548,2549,2719,2705,2660
52998,"Arnstein, Michael",non-elite,2636,5269,7911,10638,13311,15282,17137,19906,2633,2642,2727,2673,1971,1855,2769
52999,"Huang, Xinjing",non-elite,2067,4260,6583,9037,11673,14425,17440,20219,2193,2323,2454,2636,2752,3015,2779
53000,"Sun, Mimi",non-elite,2033,4318,6802,9290,11890,14710,17473,20083,2285,2484,2488,2600,2820,2763,2610
53001,"Regan, Alexis S.",non-elite,2100,4380,6857,9408,12070,14843,17578,20140,2280,2477,2551,2662,2773,2735,2562
53002,"Regan, Theresa M.",non-elite,2100,4380,6858,9408,12071,14843,17579,20141,2280,2478,2550,2663,2772,2736,2562
53003,"Rawdon, Dick",non-elite,1734,3876,6233,8752,11462,14397,17327,20069,2142,2357,2519,2710,2935,2930,2742
53004,"Hall, Ryan K.",non-elite,2004,4159,6425,8784,11440,14348,17294,20072,2155,2266,2359,2656,2908,2946,2778
53005,"Belaska, Andrew S",non-elite,1789,3626,5511,7661,9822,12307,16224,19872,1837,1885,2150,2161,2485,3917,3648
53006,"Sutti, Sheila",non-elite,2185,4564,6915,9295,11746,14585,17655,20246,2379,2351,2380,2451,2839,3070,2591
53007,"Guerin, Nancy",non-elite,2092,4371,6742,9405,11983,14733,17493,20082,2279,2371,2663,2578,2750,2760,2589
53008,"Bireley, Frank M.",non-elite,2297,4735,6973,9464,12033,14749,17485,19999,2438,2238,2491,2569,2716,2736,2514
53009,"Polio, Sarah",non-elite,1992,3935,5906,8373,11216,13892,17059,20017,1943,1971,2467,2843,2676,3167,2958
53010,"Russell, Audra J.",non-elite,2224,4613,7048,9573,12235,14917,17595,20098,2389,2435,2525,2662,2682,2678,2503
53011,"Ueda, Akifumi",non-elite,1645,3373,5309,7648,10455,13714,16732,19958,1728,1936,2339,2807,3259,3018,3226
53012,"Elliott, Gregory J.",non-elite,1874,3914,6178,8571,11129,13861,16633,19864,2040,2264,2393,2558,2732,2772,3231
53013,"Oswald, Mike",non-elite,2332,4699,7099,9359,11668,14258,17190,20005,2367,2400,2260,2309,2590,2932,2815
53014,"Luz, Lisa C.",non-elite,2095,4440,6867,9544,12093,14995,17603,20133,2345,2427,2677,2549,2902,2608,2530
53015,"Tutak, Jennifer L.",non-elite,2329,4716,7178,9681,12316,14977,17560,20236,2387,2462,2503,2635,2661,2583,2676
53016,"Abrams, Thomas H.",non-elite,2195,4380,6652,9054,11485,14227,17214,20075,2185,2272,2402,2431,2742,2987,2861
53017,"Murray, Philip T.",non-elite,2657,5651,8065,10513,12938,15386,17938,20349,2994,2414,2448,2425,2448,2552,2411
53018,"Poirier, Jeffrey J.",non-elite,2146,4462,6876,9539,12326,14984,17576,20184,2316,2414,2663,2787,2658,2592,2608
53019,"Hachem, Natalie W.",non-elite,2058,4393,6744,9232,11995,14629,17599,20251,2335,2351,2488,2763,2634,2970,2652
53020,"Blue, Johanna",non-elite,2264,4616,6981,9472,12041,14757,17492,20147,2352,2365,2491,2569,2716,2735,2655
53021,"Brown, Christopher",non-elite,1825,4129,6636,9091,11646,14475,17245,20075,2304,2507,2455,2555,2829,2770,2830
53022,"Robbins, Ryan H.",non-elite,2106,4355,6722,9125,11711,14581,17235,20076,2249,2367,2403,2586,2870,2654,2841
53023,"Xia, Hongwei",non-elite,1976,4133,6325,8874,11353,14313,17368,20113,2157,2192,2549,2479,2960,3055,2745
53024,"Collins, Kerry A.",non-elite,2052,4373,6782,9246,11778,14507,17474,20165,2321,2409,2464,2532,2729,2967,2691
53025,"Tierney, Tamara A.",non-elite,1806,3909,6259,8750,11875,14507,17474,20164,2103,2350,2491,3125,2632,2967,2690
53026,"Heller, Marla",non-elite,2145,4764,7216,9815,12847,15699,18187,20442,2619,2452,2599,3032,2852,2488,2255
53027,"Saperstein, Tracy L.",non-elite,2081,4386,6782,9240,11795,14497,17325,20089,2305,2396,2458,2555,2702,2828,2764
53028,"Lesniak, Tess M.",non-elite,2081,4386,6781,9239,11795,14495,17323,20086,2305,2395,2458,2556,2700,2828,2763
53029,"Seile, Shannon M.",non-elite,2099,4374,6750,9250,12275,14862,17699,20218,2275,2376,2500,3025,2587,2837,2519
53030,"Kearns, Stephen",non-elite,2284,4629,6964,9292,12085,14815,17623,20276,2345,2335,2328,2793,2730,2808,2653
53031,"Stratton, Sandee",non-elite,2284,4629,6964,9292,12085,14816,17624,20277,2345,2335,2328,2793,2731,2808,2653
53032,"Freedman, Anna",non-elite,2055,4412,6803,9292,11909,14666,17490,20200,2357,2391,2489,2617,2757,2824,2710
53034,"Dumais, Michaela",non-elite,2154,4540,6992,9562,12086,14854,17687,20330,2386,2452,2570,2524,2768,2833,2643
53035,"Robinson Jones, Vanessa",non-elite,2082,4386,6740,9360,11841,14579,17449,20002,2304,2354,2620,2481,2738,2870,2553
53036,"Gamper, Charles R. Jr.",non-elite,2095,4365,6675,9081,11673,14550,17490,20197,2270,2310,2406,2592,2877,2940,2707
53037,"Demichele, Melissa A.",non-elite,1969,4173,6518,9191,12164,14901,17748,20257,2204,2345,2673,2973,2737,2847,2509
53038,"Gamper, Thomas O.",non-elite,2095,4359,6656,9066,11648,14533,17463,20148,2264,2297,2410,2582,2885,2930,2685
53039,"Cormier, Brielle",non-elite,2224,4526,6852,9266,11883,14674,17372,20063,2302,2326,2414,2617,2791,2698,2691
53040,"Doyle, Stacy",non-elite,2241,4659,7081,9641,12321,14974,17631,20225,2418,2422,2560,2680,2653,2657,2594
53041,"Hoeger, Dean E.",non-elite,1999,4188,6403,8832,11553,14714,17515,20175,2189,2215,2429,2721,3161,2801,2660
53042,"Hoagland, Rachael M.",non-elite,2074,4299,6609,9151,11766,14552,17477,20195,2225,2310,2542,2615,2786,2925,2718
53043,"Seelen, Jerry K.",non-elite,1887,4161,6512,9170,11800,14544,17562,20190,2274,2351,2658,2630,2744,3018,2628
53044,"Mazzeo, Andrew R.",non-elite,1973,4144,6492,9195,11887,14903,17667,20288,2171,2348,2703,2692,3016,2764,2621
53045,"Suckney, Randy",non-elite,2038,4273,6586,9058,11718,14555,17394,20210,2235,2313,2472,2660,2837,2839,2816
53046,"Richard, Loretta R.",non-elite,2170,4461,6783,9347,12247,14987,17692,20247,2291,2322,2564,2900,2740,2705,2555
53047,"Tefft, Amanda M.",non-elite,2235,4589,6955,9472,12016,14759,17628,20221,2354,2366,2517,2544,2743,2869,2593
53048,"Fleming, Emily",non-elite,2059,4337,6780,9450,12187,15159,18247,20448,2278,2443,2670,2737,2972,3088,2201
53049,"Benoit, Thomas A.",non-elite,1857,3716,5760,8150,10655,13660,16976,20094,1859,2044,2390,2505,3005,3316,3118
53050,"Ludwig, Steven",non-elite,2016,3919,5828,7841,9938,12451,15630,19791,1903,1909,2013,2097,2513,3179,4161
53051,"Higgins, Lelia",non-elite,2111,4434,6871,9401,11971,14746,17578,20200,2323,2437,2530,2570,2775,2832,2622
53052,"Ciampa, Kathleen M.",non-elite,1934,4117,6490,9078,12108,14791,17617,20270,2183,2373,2588,3030,2683,2826,2653
53053,"Fish, Caroline B.",non-elite,1725,3600,5643,7857,10586,14711,17352,20358,1875,2043,2214,2729,4125,2641,3006
53054,"Huynh, Charles",non-elite,1897,4036,6343,8868,11522,14754,17700,20419,2139,2307,2525,2654,3232,2946,2719
53055,"Disisto, Maria A.",non-elite,1889,3836,5966,8240,11529,15281,17877,20377,1947,2130,2274,3289,3752,2596,2500
53056,"Pennell, Holly",non-elite,2221,4591,7020,9535,12131,14832,17607,20237,2370,2429,2515,2596,2701,2775,2630
53057,"Janeczak, Hannah",non-elite,2047,4058,6339,8869,11760,14649,17437,20243,2011,2281,2530,2891,2889,2788,2806
53059,"Fowler, Jalon I.",non-elite,2123,4292,6643,9242,11895,14610,17425,20183,2169,2351,2599,2653,2715,2815,2758
53060,"Woodward, Jamie L.",non-elite,1872,3848,5902,8062,10424,13291,16143,19347,1976,2054,2160,2362,2867,2852,3204
53061,"Meade, Brianna N.",non-elite,2054,4241,6461,9070,11832,15236,18062,20417,2187,2220,2609,2762,3404,2826,2355
53062,"Caouette, Jordan C.",non-elite,2244,4528,6826,9220,11673,14827,17668,20331,2284,2298,2394,2453,3154,2841,2663
53063,"Slaven, Laura",non-elite,2235,4759,7282,9729,12327,15006,17704,20322,2524,2523,2447,2598,2679,2698,2618
53064,"Treacy, Thomas S.",non-elite,2142,4427,6829,9900,12549,15150,17755,20313,2285,2402,3071,2649,2601,2605,2558
53065,"Kensky, Sarah A.",non-elite,2142,4426,6829,9900,12548,15150,17751,20313,2284,2403,3071,2648,2602,2601,2562
53066,"Shannon, Colleen M.",non-elite,2021,4213,6725,9189,11891,14800,17730,20415,2192,2512,2464,2702,2909,2930,2685
53067,"Downes, Patrick B.",non-elite,2142,4426,6830,9900,12548,15150,17755,20313,2284,2404,3070,2648,2602,2605,2558
53068,"Guth, Cheryl A",non-elite,1678,3542,5597,7635,10036,12821,16036,19838,1864,2055,2038,2401,2785,3215,3802
53069,"Hurley, Erin",non-elite,2151,4433,6796,9244,11835,14678,17627,20299,2282,2363,2448,2591,2843,2949,2672
53070,"Zhang, Xiaoqing",non-elite,2054,4515,6921,9666,12244,14940,17743,20264,2461,2406,2745,2578,2696,2803,2521
53071,"Spears, Natasha N.",non-elite,2200,4566,6967,9346,12020,14669,17445,20308,2366,2401,2379,2674,2649,2776,2863
53072,"McManmon, Suzanne F.",non-elite,1572,3037,4552,6182,7873,9740,11789,20343,1465,1515,1630,1691,1867,2049,8554
53073,"Dulac, Noel R.",non-elite,1999,4121,6371,8924,11821,14562,17470,20244,2122,2250,2553,2897,2741,2908,2774
53074,"Peyrallo Perez, Fernando",non-elite,2079,4193,6345,8553,10838,13381,16566,19929,2114,2152,2208,2285,2543,3185,3363
53075,"McLaughlin, Maureen A.",non-elite,2290,4613,6947,9403,12187,14979,17752,20322,2323,2334,2456,2784,2792,2773,2570
53076,"Marini, Lauren",non-elite,1961,4170,6349,8795,11544,14763,17726,20439,2209,2179,2446,2749,3219,2963,2713
53077,"Moschini, Rebecca",non-elite,1962,4170,6349,8795,11545,14763,17726,20439,2208,2179,2446,2750,3218,2963,2713
53078,"Therriault, Megan A.",non-elite,2211,4499,6705,8960,11675,14197,17211,20304,2288,2206,2255,2715,2522,3014,3093
53079,"Murphy, Erin",non-elite,2108,4366,6812,9320,11957,14706,17500,20307,2258,2446,2508,2637,2749,2794,2807
53080,"Chavez, Irma",non-elite,1792,3666,5803,7991,11684,14489,17366,20250,1874,2137,2188,3693,2805,2877,2884
53081,"Sink, Lindsay E.",non-elite,2108,4292,6749,9305,12088,14956,17799,20399,2184,2457,2556,2783,2868,2843,2600
53082,"D'Angelo, Beatrice E.",non-elite,2276,4676,7061,9587,12154,15135,17977,20492,2400,2385,2526,2567,2981,2842,2515
53083,"Rester, Oliver G.",non-elite,2006,4203,6472,8906,11443,14357,17540,20297,2197,2269,2434,2537,2914,3183,2757
53084,"Wind, Jay Jacob",non-elite,1628,3596,5838,8222,10767,13724,17343,20330,1968,2242,2384,2545,2957,3619,2987
53085,"Keener, Barlow",non-elite,2084,4330,6701,9234,11913,14789,17619,20334,2246,2371,2533,2679,2876,2830,2715
53086,"Mamary, Robin B.",non-elite,2046,4477,7044,9575,12198,14904,17710,20378,2431,2567,2531,2623,2706,2806,2668
53087,"Borges, Thiara M.",non-elite,2295,4859,7180,9737,12530,15204,17866,20470,2564,2321,2557,2793,2674,2662,2604
53088,"Carter, Deborah J.",non-elite,1964,4410,7093,9787,12800,15511,18199,20517,2446,2683,2694,3013,2711,2688,2318
53089,"Paul, Loray M.",non-elite,2077,4497,6941,9502,12105,14860,17627,20436,2420,2444,2561,2603,2755,2767,2809
53090,"Coker, David J.",non-elite,2501,5012,7418,9900,12498,15221,17861,20434,2511,2406,2482,2598,2723,2640,2573
53091,"Allen, Karen D.",non-elite,2400,4839,7341,9945,12556,15242,17904,20406,2439,2502,2604,2611,2686,2662,2502
53092,"Spellacy, Kim",non-elite,1931,3933,5988,8157,10514,13680,16924,20077,2002,2055,2169,2357,3166,3244,3153
53093,"Welsh, Jennifer M.",non-elite,2097,4520,6859,9416,12007,14823,17753,20457,2423,2339,2557,2591,2816,2930,2704
53094,"Rodriguez-Rennard, Stacy M.",non-elite,2036,4081,6216,8540,11369,14291,17307,20341,2045,2135,2324,2829,2922,3016,3034
53095,"Petteys, Jill",non-elite,2214,4599,6941,9367,11910,14545,17434,20316,2385,2342,2426,2543,2635,2889,2882
53096,"McDonagh, Jessica D.",non-elite,2214,4599,6942,9367,11909,14545,17435,20317,2385,2343,2425,2542,2636,2890,2882
53097,"Smith, Tracey R.",non-elite,1995,4185,6699,9367,12050,14714,17773,20396,2190,2514,2668,2683,2664,3059,2623
53098,"Wernig, Joshua",non-elite,1837,3841,6069,8651,11407,14432,17216,20096,2004,2228,2582,2756,3025,2784,2880
53099,"Ball, Carolyn M.",non-elite,2230,4600,7088,9640,12319,15037,17771,20438,2370,2488,2552,2679,2718,2734,2667
53100,"Moore, Lora K.",non-elite,2229,4600,7088,9641,12318,15038,17772,20439,2371,2488,2553,2677,2720,2734,2667
53101,"Luxtrum, Julie",non-elite,2097,4410,6792,9282,11875,14931,17792,20466,2313,2382,2490,2593,3056,2861,2674
53102,"Cully, John J.",non-elite,2032,4462,6932,9418,12014,14790,17607,20413,2430,2470,2486,2596,2776,2817,2806
53103,"Watts, Brian",non-elite,2087,4205,6345,8644,11198,14164,17775,20481,2118,2140,2299,2554,2966,3611,2706
53104,"Mahoney, Elizabeth A.",non-elite,2501,5012,7418,9901,12498,15221,17861,20435,2511,2406,2483,2597,2723,2640,2574
53105,"Lapuck, Lauren M.",non-elite,2064,4267,6617,9193,11725,14730,17646,20400,2203,2350,2576,2532,3005,2916,2754
53106,"Lapuck, Hannah M.",non-elite,2063,4267,6617,9193,11724,14729,17646,20399,2204,2350,2576,2531,3005,2917,2753
53107,"Hoppe, Kristen J.",non-elite,2050,3947,5811,8117,10462,14005,17817,20688,1897,1864,2306,2345,3543,3812,2871
53108,"Paris, Joseph S.",non-elite,1935,4014,6280,8744,11597,14778,17861,20528,2079,2266,2464,2853,3181,3083,2667
53109,"Lew, Susanna",non-elite,1902,4144,6586,9137,11838,14653,17520,20330,2242,2442,2551,2701,2815,2867,2810
53110,"Allen, Lark M.",non-elite,1902,4144,6586,9137,11839,14653,17522,20333,2242,2442,2551,2702,2814,2869,2811
53111,"Hauschild, Doerte",non-elite,2019,4383,6856,9373,11974,14758,17621,20405,2364,2473,2517,2601,2784,2863,2784
53112,"Miller, Brian H.",non-elite,2484,4959,7455,10099,12675,15414,18033,20513,2475,2496,2644,2576,2739,2619,2480
53113,"Duffy, Colleen M.",non-elite,2267,4571,6835,9227,11963,14657,17586,20395,2304,2264,2392,2736,2694,2929,2809
53114,"Morse, Marjorie",non-elite,2022,4471,7081,9630,12289,15039,17793,20411,2449,2610,2549,2659,2750,2754,2618
53115,"Happeney, Mitchell T.",non-elite,1933,3843,6003,8311,11044,14223,17391,20432,1910,2160,2308,2733,3179,3168,3041
53116,"Weber, James A.",non-elite,1948,4289,6796,9435,12158,15084,17903,20419,2341,2507,2639,2723,2926,2819,2516
53117,"Paronish, William J.",non-elite,2099,4292,6667,9220,11918,14927,17714,20415,2193,2375,2553,2698,3009,2787,2701
53118,"Johnson, Sally A.",non-elite,2066,4272,6722,9420,12015,14935,17919,20547,2206,2450,2698,2595,2920,2984,2628
53119,"Ritter, Laura",non-elite,2076,4301,6655,9224,11863,14693,17653,20417,2225,2354,2569,2639,2830,2960,2764
53120,"Ruvalcaba, Angelica M.",non-elite,2239,4477,7059,9897,12437,14987,18139,20591,2238,2582,2838,2540,2550,3152,2452
53121,"Reghitto, Lindsey A.",non-elite,1917,3818,5780,7856,10462,13082,16487,20368,1901,1962,2076,2606,2620,3405,3881
53122,"Perrin, Carter J.",non-elite,2119,4566,7019,9605,12304,15048,17840,20558,2447,2453,2586,2699,2744,2792,2718
53123,"Perrin, Hannah",non-elite,2119,4568,7020,9610,12304,15049,17853,20558,2449,2452,2590,2694,2745,2804,2705
53124,"Robinson, Rachael J.",non-elite,2178,4427,6881,9549,12241,14959,17787,20459,2249,2454,2668,2692,2718,2828,2672
53125,"Mullery, James",non-elite,1978,4173,6429,9134,11781,14676,17789,20478,2195,2256,2705,2647,2895,3113,2689
53126,"Lee, Bothwell",non-elite,2083,4277,6703,9331,12035,14791,17789,20605,2194,2426,2628,2704,2756,2998,2816
53127,"Mollica, Gabriel",non-elite,2327,4648,7061,9450,11953,14903,17595,20575,2321,2413,2389,2503,2950,2692,2980
53128,"Grobenski, Zvonimir",non-elite,2078,4242,6694,9226,11913,14757,17618,20388,2164,2452,2532,2687,2844,2861,2770
53129,"Cox, Kevin",non-elite,1962,4103,6453,8956,11539,14368,17285,20397,2141,2350,2503,2583,2829,2917,3112
53130,"Lyon, Kathleen M.",non-elite,2142,4655,7111,9682,12344,15133,17999,20604,2513,2456,2571,2662,2789,2866,2605
53131,"Gurland, Joshua D.",non-elite,1979,3986,6151,8474,11347,14320,17323,20444,2007,2165,2323,2873,2973,3003,3121
53132,"Duncan-Ricks, Elizabeth",non-elite,2241,4616,7135,9686,12397,15195,17945,20619,2375,2519,2551,2711,2798,2750,2674
53133,"Bartell, Lauren M.",non-elite,1986,4107,6328,8580,11141,13727,16597,20681,2121,2221,2252,2561,2586,2870,4084
53134,"Sargent, Pamela",non-elite,2029,4244,6409,8782,11200,13992,17968,20587,2215,2165,2373,2418,2792,3976,2619
53135,"Brown, Matt",non-elite,1870,4004,6306,8681,11384,14411,17496,20554,2134,2302,2375,2703,3027,3085,3058
53136,"Sasville, Andrew E.",non-elite,2079,4331,6919,9534,12253,15249,17921,20678,2252,2588,2615,2719,2996,2672,2757
53137,"Visocchi, Sarah",non-elite,2126,4514,7285,10062,12487,15137,18045,20634,2388,2771,2777,2425,2650,2908,2589
53138,"Spelta, Eugene W.",non-elite,2036,4361,6679,9232,11973,14899,17866,20601,2325,2318,2553,2741,2926,2967,2735
53139,"Yepez, Juan C.",non-elite,2321,4700,7064,9769,12539,15435,18082,20608,2379,2364,2705,2770,2896,2647,2526
53140,"Vangelist, Michael J.",non-elite,2286,4507,6756,9211,12004,14930,17859,20592,2221,2249,2455,2793,2926,2929,2733
53141,"Forest, Michael J.",non-elite,2283,4799,7292,9872,12437,15129,17898,20522,2516,2493,2580,2565,2692,2769,2624
53142,"Crevier, Angelique L.",non-elite,2101,4668,7134,9764,12324,15074,17961,20587,2567,2466,2630,2560,2750,2887,2626
53143,"Hennessey, Susan A.",non-elite,2224,4694,7278,9847,12545,15296,17999,20584,2470,2584,2569,2698,2751,2703,2585
53144,"Chirgwin, Tina",non-elite,2224,4694,7278,9847,12545,15296,18000,20584,2470,2584,2569,2698,2751,2704,2584
53145,"Burrows, Alexa",non-elite,2213,4587,7054,9617,12244,15057,17841,20540,2374,2467,2563,2627,2813,2784,2699
53146,"Burkey, Kristina C.",non-elite,2252,4705,6987,9380,11948,14599,17601,20440,2453,2282,2393,2568,2651,3002,2839
53147,"Bell, Elaina N.",non-elite,2228,4648,7080,9571,12398,14950,17751,20673,2420,2432,2491,2827,2552,2801,2922
53148,"Gouthro, Molly",non-elite,2227,4647,7080,9571,12397,14950,17751,20672,2420,2433,2491,2826,2553,2801,2921
53149,"Liang, Steven W.",non-elite,1987,4093,6252,8722,11574,14581,17587,20470,2106,2159,2470,2852,3007,3006,2883
53150,"Kessler, Kim",non-elite,2272,4539,6911,9404,12056,14798,17602,20467,2267,2372,2493,2652,2742,2804,2865
53151,"Mulvey, Robert W.",non-elite,1863,3882,6080,8510,11286,14269,17494,20573,2019,2198,2430,2776,2983,3225,3079
53152,"Souza, Kristen",non-elite,2211,4571,6977,9612,12414,15429,18156,20672,2360,2406,2635,2802,3015,2727,2516
53153,"Masella, Lesli-Ann D.",non-elite,2260,4550,7202,9846,12551,15469,18132,20679,2290,2652,2644,2705,2918,2663,2547
53154,"Hagerty, Heather K.",non-elite,2094,4442,6869,9415,12311,15229,18150,20564,2348,2427,2546,2896,2918,2921,2414
53155,"Magliozzi, Michelle",non-elite,1963,4536,6899,9676,12279,14981,17777,20537,2573,2363,2777,2603,2702,2796,2760
53156,"Hidalgo, Alan",non-elite,1571,3494,5515,7999,10747,15088,17914,20649,1923,2021,2484,2748,4341,2826,2735
53157,"Vieuvel, Frederique",non-elite,2173,4136,6476,9232,12026,15051,17877,20634,1963,2340,2756,2794,3025,2826,2757
53158,"Satyaprasad, Ram",non-elite,1945,3980,6195,8493,11282,14513,17461,20359,2035,2215,2298,2789,3231,2948,2898
53159,"Farren, Brenda",non-elite,1936,3889,6064,8985,11683,14789,17882,20594,1953,2175,2921,2698,3106,3093,2712
53160,"Campbell, John N.",non-elite,2322,4653,7053,9408,11988,14852,17783,20688,2331,2400,2355,2580,2864,2931,2905
53161,"Khawandanah, Mohamad",non-elite,2059,4310,6618,9167,11985,14917,17889,20656,2251,2308,2549,2818,2932,2972,2767
53162,"Proia, Maria R.",non-elite,2068,4294,6442,8717,11096,14527,17569,20573,2226,2148,2275,2379,3431,3042,3004
53163,"Kent, Meredith K.",non-elite,2190,4459,6787,9162,11717,14913,17795,20677,2269,2328,2375,2555,3196,2882,2882
53164,"Yannalfo, Kelly A.",non-elite,2173,4513,6961,9648,12303,15041,17997,20671,2340,2448,2687,2655,2738,2956,2674
53165,"Whelan, Brianna K.",non-elite,1977,4118,6631,9495,12310,15158,17971,20614,2141,2513,2864,2815,2848,2813,2643
53166,"Seale, Richard A.",non-elite,2276,4676,7061,9587,12153,15135,17977,20623,2400,2385,2526,2566,2982,2842,2646
53167,"Schaffner, Christopher",non-elite,2248,4566,6916,9530,12081,14897,17813,20594,2318,2350,2614,2551,2816,2916,2781
53168,"Bowers, Melissa",non-elite,1736,3804,6039,9346,12104,15021,18129,20784,2068,2235,3307,2758,2917,3108,2655
53169,"Shea, Kate",non-elite,2359,4820,7394,9958,12611,15303,17976,20646,2461,2574,2564,2653,2692,2673,2670
53170,"Minish, Lynne",non-elite,2138,4449,6916,9545,12192,14994,17941,20714,2311,2467,2629,2647,2802,2947,2773
53171,"Palumbo, Joseph J.",non-elite,2038,4070,6513,8956,11804,14914,17901,20749,2032,2443,2443,2848,3110,2987,2848
53172,"Vulcano, Lauren M.",non-elite,2260,4550,7202,9845,12551,15485,18132,20700,2290,2652,2643,2706,2934,2647,2568
53173,"Taranto Lupinski, Stephanie A.",non-elite,2171,4625,7086,9644,12270,15079,17889,20626,2454,2461,2558,2626,2809,2810,2737
53174,"Deeb, Denise L.",non-elite,2184,4626,7086,9645,12270,15079,17889,20626,2442,2460,2559,2625,2809,2810,2737
53175,"Ferreira, Silvino M.",non-elite,2051,4436,6857,9365,12041,14863,18004,20741,2385,2421,2508,2676,2822,3141,2737
53176,"Martone, Michael N.",non-elite,1903,3893,6138,8529,11243,14396,17563,20521,1990,2245,2391,2714,3153,3167,2958
53177,"Mitchell, Annette L.",non-elite,2239,4655,7207,9620,12479,15281,18068,20766,2416,2552,2413,2859,2802,2787,2698
53178,"Mackay, Carolynn",non-elite,2239,4655,7208,9621,12479,15281,18068,20767,2416,2553,2413,2858,2802,2787,2699
53179,"Woodward, Jeremy L.",non-elite,1872,3848,5902,8062,10424,14951,18099,20759,1976,2054,2160,2362,4527,3148,2660
53180,"Silva, Loreen M.",non-elite,2045,4515,6988,9629,12393,15168,18001,20733,2470,2473,2641,2764,2775,2833,2732
53181,"Devlin, James",non-elite,1876,3796,5703,7760,10244,14957,18105,20765,1920,1907,2057,2484,4713,3148,2660
53182,"Schneider, Melanie L.",non-elite,2083,4214,6736,9576,12250,15260,18105,20773,2131,2522,2840,2674,3010,2845,2668
53183,"Rooney, Sean A.",non-elite,1983,4032,6230,8595,11267,14653,17828,20764,2049,2198,2365,2672,3386,3175,2936
53184,"Mardenli, Francesca",non-elite,2265,4524,7120,9754,12441,15207,18049,20816,2259,2596,2634,2687,2766,2842,2767
53185,"Norcross, Jim",non-elite,1942,3907,6005,8411,11540,14503,17521,20549,1965,2098,2406,3129,2963,3018,3028
53186,"Morris, Jacob",non-elite,2167,4551,7063,9625,12337,15033,17934,20737,2384,2512,2562,2712,2696,2901,2803
53187,"Crain, Jaclyn",non-elite,1955,4080,6386,8904,11557,15647,18312,20858,2125,2306,2518,2653,4090,2665,2546
53188,"Hanson, Jonathan P.",non-elite,2176,4468,6879,9428,12095,14978,17936,20832,2292,2411,2549,2667,2883,2958,2896
53189,"Clark, Erin C.",non-elite,2038,4450,6883,9412,12146,15133,18101,20799,2412,2433,2529,2734,2987,2968,2698
53190,"Cirino, Fabiana G.",non-elite,1990,4659,7267,10175,12839,15544,18235,20932,2669,2608,2908,2664,2705,2691,2697
53191,"Cutler, Mark O.",non-elite,2032,4155,6373,9007,11842,14844,17798,20684,2123,2218,2634,2835,3002,2954,2886
53192,"Growney, Shelley M.",non-elite,1988,4214,6626,9137,12036,14801,17763,20839,2226,2412,2511,2899,2765,2962,3076
53193,"Englaro, Mihaela Ivanova",non-elite,1863,4065,6327,8775,11512,14632,17679,20724,2202,2262,2448,2737,3120,3047,3045
53194,"Huegel, Lorrie",non-elite,2194,4642,7113,9653,12291,15009,17766,20837,2448,2471,2540,2638,2718,2757,3071
53195,"Batters, Thomas",non-elite,2224,4581,6956,9468,12160,14976,18084,20801,2357,2375,2512,2692,2816,3108,2717
53196,"Wright, Trent",non-elite,1921,4131,6879,9633,12437,15326,18184,20922,2210,2748,2754,2804,2889,2858,2738
53197,"Smith, Christopher C.",non-elite,2058,4151,6244,8417,10968,13596,17863,20887,2093,2093,2173,2551,2628,4267,3024
53198,"Caesar, Candice L.",non-elite,2180,4740,7346,9921,12525,15245,18197,20919,2560,2606,2575,2604,2720,2952,2722
53199,"Reed, Stephen D.",non-elite,2324,4759,7143,9688,12329,15132,18007,20841,2435,2384,2545,2641,2803,2875,2834
53200,"Kaighin, Sandra L.",non-elite,1943,4130,6373,8808,11385,14663,17755,20818,2187,2243,2435,2577,3278,3092,3063
53201,"Fox, Susan M",non-elite,2198,4406,6706,9217,11823,15356,18165,20993,2208,2300,2511,2606,3533,2809,2828
53202,"Fuller, Jan H.",non-elite,2122,4395,6859,9314,12385,15450,18354,21139,2273,2464,2455,3071,3065,2904,2785
53203,"Benson, Jocelyn",non-elite,2274,4767,7259,9826,12380,15376,18434,21344,2493,2492,2567,2554,2996,3058,2910
53205,"Laine, Melissa R",non-elite,1780,3679,5651,7796,10718,15616,18503,21279,1899,1972,2145,2922,4898,2887,2776
53206,"Malloy, Eleanor M.",non-elite,2259,4849,7403,10056,12906,15836,18653,21382,2590,2554,2653,2850,2930,2817,2729
53207,"Pierce, Randy L.",non-elite,1890,3790,5799,8114,11113,14842,17908,21516,1900,2009,2315,2999,3729,3066,3608
53208,"Vorvick, Philip N.",non-elite,1983,4025,6133,8278,10575,13990,17321,21039,2042,2108,2145,2297,3415,3331,3718
53209,"Young, John D.",non-elite,2200,4569,7018,9605,12495,15654,18670,21485,2369,2449,2587,2890,3159,3016,2815
53210,"Kimble, Veronica",non-elite,2089,4444,6954,9358,13093,15898,18775,21659,2355,2510,2404,3735,2805,2877,2884
53211,"Lehew, Bob",non-elite,2061,4267,6680,9342,11970,15066,18241,21468,2206,2413,2662,2628,3096,3175,3227
53212,"Booth, Molly",non-elite,1785,3775,5879,8069,11111,14707,17921,21878,1990,2104,2190,3042,3596,3214,3957
53213,"Carling, Richard J.",non-elite,2219,4644,7196,9820,12593,15533,18769,21909,2425,2552,2624,2773,2940,3236,3140
53214,"Luckett, Kelly M.",non-elite,2485,5091,7783,10610,13338,16283,19263,22208,2606,2692,2827,2728,2945,2980,2945
53215,"Ebina, Hiroshi",non-elite,1887,4003,6295,9061,12077,15449,18832,22153,2116,2292,2766,3016,3372,3383,3321
53216,"Coffman, Steven D.",non-elite,1911,4109,6841,9599,12961,16285,19739,22738,2198,2732,2758,3362,3324,3454,2999
53217,"Leroy, Stefan",non-elite,2338,5063,7897,10903,13880,17019,20013,22986,2725,2834,3006,2977,3139,2994,2973
53218,"Kelly, Amanda K.",non-elite,2339,5064,7898,10905,13881,17020,20014,22986,2725,2834,3007,2976,3139,2994,2972
53219,"Smith, Denise J.",non-elite,2417,4860,7527,10504,13310,17093,20166,23642,2443,2667,2977,2806,3783,3073,3476
53220,"Gomez, Raymond",non-elite,2538,5270,8084,10970,13930,17052,20349,23543,2732,2814,2886,2960,3122,3297,3194
53221,"Rigsby, Scott",non-elite,1829,3875,5977,9144,13292,16399,20543,24127,2046,2102,3167,4148,3107,4144,3584
53222,"Foulds, Rhonda L.",non-elite,2270,4870,7498,10773,14116,17533,20743,23816,2600,2628,3275,3343,3417,3210,3073
53223,"Hall, Steven J",non-elite,1258,2501,3749,5014,6300,7641,9081,24860,1243,1248,1265,1286,1341,1440,15779
53225,"Marseilles, Jami E.",non-elite,2824,5522,8930,12508,16053,19452,23361,26715,2698,3408,3578,3545,3399,3909,3354
53226,"Ganem, William J.",non-elite,2542,5389,8629,12294,15953,19767,24124,28461,2847,3240,3665,3659,3814,4357,4337
53227,"Farler, Daryl R.",non-elite,2158,4509,7089,10155,14835,19679,24591,28752,2351,2580,3066,4680,4844,4912,4161
